-49.471268 173.873337 58.891033 12.933106 137.853607 65.849869 -27.077463 167.886734 86.698410 18.956703 97.962418 82.484261                  0 
-49.266331 174.179428 58.649570 13.007689 137.796844 65.779610 -27.089613 167.690979 86.442902 18.922726 97.984589 82.640503                 18 
-49.007160 174.559708 58.390762 13.045049 137.680618 65.713615 -27.069738 167.558121 86.167702 18.749500 97.941566 82.818016                 36 
-48.681210 174.791382 58.189617 13.226214 137.633865 65.718658 -26.885862 167.560425 85.967262 18.794090 98.008186 83.128380                 54 
-48.543579 175.058746 58.032829 13.367249 137.672470 65.803604 -26.999578 167.428406 85.881462 19.005730 98.183868 83.499687                 72 
-48.359776 175.439621 58.005318 13.588584 137.768066 65.876358 -27.002386 167.333282 85.887337 19.379084 98.416710 83.827248                 90 
-48.166286 175.873108 58.082726 13.705825 137.769104 66.030159 -26.965998 167.326004 86.030479 19.518076 98.519943 84.196480                108 
-48.006207 176.517288 58.041283 13.667729 137.720078 65.988380 -26.963949 167.381454 86.031403 19.401564 98.530571 84.307739                126 
-47.693668 177.125519 57.847759 13.639759 137.622437 66.174965 -26.874054 167.675476 85.979988 19.086489 98.576538 84.884430                144 
-47.442123 177.671432 57.670643 13.644777 137.580154 66.301994 -26.858797 167.833618 85.968216 18.919615 98.654259 85.308418                162 
-46.929951 178.756424 57.472736 13.896626 137.733765 66.489258 -26.645441 168.094910 85.982101 19.159225 99.007538 85.902596                180 
-46.454460 179.807495 57.269245 14.104963 137.860840 66.644165 -26.476036 168.283966 85.997566 19.359570 99.303177 86.392326                198 
-45.898922 181.207962 56.970161 14.274302 137.967392 66.753815 -26.307568 168.446457 86.001915 19.529161 99.540733 86.755615                217 
-45.054920 183.379959 56.626900 14.350578 138.235703 66.893852 -26.081331 168.897400 86.003235 19.395123 99.909264 87.140587                235 
-43.733753 185.914917 56.121502 14.291489 138.009537 66.912682 -25.750643 169.063095 85.898918 18.867315 99.748253 87.392670                253 
-42.250069 187.837021 56.209652 14.255227 137.135941 66.172401 -25.174603 168.477051 85.926437 18.191324 98.431305 85.939857                271 
-43.451931 186.560394 55.215080 13.303549 135.479492 64.285538 -26.373552 166.232391 85.010704 17.874882 96.708496 83.784424                289 
-43.268581 186.640030 54.840755 13.002398 134.647049 63.430828 -26.679544 165.494171 85.213699 17.425037 95.725006 82.661240                307 
-38.197929 191.708420 56.273552 12.366757 133.151978 59.274868 -22.800875 166.705856 85.339478 13.871728 93.094856 76.521790                325 
-33.275700 193.046432 59.039509 12.712543 130.250717 56.795033 -19.486237 164.347687 87.056084 12.411386 89.322281 71.929939                343 
-34.431583 191.530579 60.028076 13.416254 129.784882 56.601864 -20.271721 162.050415 89.021812 14.912973 88.722931 71.297752                361 
-34.123032 192.254822 59.460564 13.608154 130.005569 56.596283 -20.888716 162.039368 89.722900 15.396555 89.080971 71.638664                379 
-24.386969 184.725235 66.189896 17.944807 119.651192 53.156738 -10.598304 150.760986 93.121674 18.626011 77.601410 64.803421                397 
-25.427427 186.759293 66.181824 17.371300 121.738670 53.462357 -11.463826 152.778564 93.722801 18.731380 79.827164 65.539993                415 
-13.235429 168.539413 65.183266 -6.675644 129.711166 71.344185 -7.797139 163.388611 18.205479 33.818279 123.930412 86.546768                433 
8.690669 162.842377 56.326057 -8.822862 138.364120 74.790321 -21.980825 144.226532 9.345707 26.570724 114.121254 82.782257                452 
8.189956 164.046158 55.416828 -10.342823 140.621536 74.771797 -26.062002 145.657867 9.435587 24.313913 115.222130 82.392471                470 
-34.982853 166.200958 32.324070 5.126409 155.724533 72.772568 -23.530151 145.823074 14.916605 26.211061 121.180275 89.095100                488 
-37.097683 164.572571 31.796839 3.239345 153.572113 71.878044 -25.466196 144.752548 13.877080 24.734325 118.878311 87.324699                506 
-37.534691 167.608780 31.579086 2.446263 154.706741 71.316902 -26.764624 147.166550 13.374477 22.836281 119.232010 86.485435                524 
-37.727200 169.714066 31.510921 2.042207 154.689087 70.514481 -27.926012 148.537445 12.783928 21.584194 118.512863 85.132439                542 
-36.900749 172.739288 32.232178 2.446934 151.338547 68.553055 -29.912659 151.489853 11.784472 19.011377 112.703728 80.269012                560 
-36.405472 174.431366 32.968266 2.403638 149.893784 67.909554 -30.844135 152.978027 11.719940 17.367676 110.255165 78.357101                578 
-35.915924 175.294312 33.739784 2.743603 148.716141 67.498581 -31.362690 153.558060 11.942410 16.844172 108.541412 77.061981                596 
-35.592205 176.229065 34.240738 2.940997 148.249359 67.325691 -31.605867 153.981354 12.125181 16.564383 107.811264 76.461220                614 
-34.805096 176.908966 34.579056 3.204476 147.326675 67.114914 -31.510895 154.220383 12.153998 16.028605 106.541367 75.855324                633 
-33.431740 177.042282 35.726719 3.603577 145.090637 67.313156 -30.823837 154.564789 12.560596 15.273048 103.724426 74.859901                650 
-35.596848 171.223495 34.103580 4.042479 149.838943 70.725380 -27.165331 149.044220 13.527630 22.231722 111.973770 82.543762                668 
-35.240551 172.479813 34.451126 4.988373 150.166092 70.315407 -26.920994 149.722214 13.562346 23.332037 112.249336 81.722572                686 
-31.669445 171.846268 34.366611 7.548810 146.826065 70.115753 -25.145990 147.194794 13.841870 23.385965 108.032333 82.302795                705 
-27.486109 173.127579 34.550541 10.671940 145.153336 69.643738 -22.837664 147.424881 13.892731 24.096863 105.466560 81.851318                723 
-24.772108 173.041595 33.782497 13.198496 144.785538 69.121910 -19.977522 146.719681 13.083667 26.265869 105.145813 81.858864                741 
-24.215330 180.431854 30.410328 14.227374 152.443863 65.676392 -17.536366 154.333176 8.526483 28.475813 113.039619 77.865761                759 
-21.067497 188.808228 27.212456 18.041910 161.436981 62.489311 -13.407208 161.766983 4.579718 32.736065 122.409485 75.343498                777 
-16.670465 191.951691 22.767912 20.395475 163.859558 59.823669 -7.863600 163.784134 -0.364956 33.375412 124.655052 73.924095                795 
-13.885606 195.944916 17.562405 21.127022 166.822861 55.946613 -3.496860 167.288193 -6.456813 32.702499 127.301994 70.382782                813 
-10.707321 199.597824 11.488282 22.239910 168.539398 50.424599 1.569072 171.082886 -13.982161 32.577938 128.400070 64.072037                831 
-7.266898 203.122879 1.728393 21.875351 171.107773 43.160107 7.444985 173.837585 -23.471464 30.161272 130.736923 57.506939                849 
1.606346 230.316299 15.003000 37.521149 150.495529 30.591316 -6.197216 185.143143 62.238762 54.898155 114.678520 48.465195                867 
1.326459 235.437515 5.873437 33.548218 154.575516 23.961739 -11.460093 190.490082 52.314884 48.419430 118.246162 43.022663                885 
1.219011 236.814926 -3.156808 32.904446 156.199142 16.885887 -14.349340 191.540115 42.366039 46.860275 119.985138 36.837688                903 
-0.144632 238.687820 -15.359920 32.370708 159.211990 7.721674 -17.952385 193.021942 29.533154 46.087727 123.697166 29.048534                921 
-1.869398 239.739319 -28.822504 31.692427 162.008423 -1.616973 -21.728201 193.898193 15.980920 45.378941 127.668015 21.571590                940 
-2.410616 237.685669 -37.690407 33.105118 161.863434 -7.698287 -23.022448 190.950989 7.123971 47.485565 128.724075 16.781889                958 
-5.056605 236.222794 -49.716389 33.180000 163.428345 -15.817551 -25.905069 188.737030 -3.967026 48.649796 132.208801 10.456363                976 
-8.911577 232.203262 -61.572079 33.325466 163.661179 -23.815350 -28.856878 183.258911 -14.751334 50.474346 134.941772 4.209740                994 
-12.781098 227.908264 -73.257462 33.454987 164.531113 -31.421114 -31.299494 177.853561 -24.016020 52.407333 138.950577 -1.575876               1012 
-16.214527 222.014114 -83.648178 33.277359 164.298279 -37.591297 -33.049709 171.933044 -31.383406 53.674492 142.218536 -5.956893               1030 
-18.481771 216.010986 -92.005898 33.330044 163.504623 -42.424648 -33.819111 166.137634 -37.161659 54.666798 144.618027 -9.374185               1048 
-20.957479 210.016174 -100.374290 30.719257 159.671600 -48.469875 -36.345844 161.924683 -42.503780 52.504894 142.752930 -14.655111               1066 
-23.837767 204.954254 -106.997513 30.945322 158.988724 -54.220116 -36.130035 157.829193 -46.708950 54.196636 144.516510 -20.246229               1084 
-26.246975 199.941925 -111.604652 30.526587 158.796127 -56.985077 -36.376907 154.774475 -48.951473 54.545399 146.997452 -22.515066               1102 
-30.254288 193.099335 -115.291283 29.544756 157.473663 -60.029812 -36.676350 147.343445 -52.161087 54.402351 148.220566 -25.377630               1120 
-33.358093 186.018784 -119.327522 27.897612 155.761978 -62.512501 -37.374199 140.912369 -54.971355 53.001713 149.311142 -27.406025               1138 
-33.936390 184.217026 -121.728073 27.142435 155.226639 -64.097466 -37.218578 136.548477 -58.683193 51.714741 149.243744 -28.534842               1156 
-36.246796 180.979706 -124.414078 25.314945 153.118317 -66.751373 -37.832989 130.736893 -63.060081 49.683773 147.313095 -31.019686               1175 
-37.294918 178.621063 -125.783188 24.584824 151.948151 -68.017128 -38.500042 129.571442 -64.200462 49.026447 146.184311 -32.328491               1193 
-39.342373 171.314713 -128.186630 23.671005 150.754013 -69.210381 -38.392605 126.138084 -64.151283 48.340031 147.802414 -33.335308               1211 
-41.913406 163.408569 -134.009293 20.849106 148.719391 -73.148491 -40.448578 122.477081 -68.184990 44.897919 148.113190 -36.739964               1229 
-43.544979 155.049255 -135.018768 19.716269 147.312988 -73.452553 -40.671028 119.429924 -66.946182 43.651348 149.805634 -37.049366               1247 
-44.409805 151.928070 -134.936722 19.406027 146.414307 -73.773048 -40.765652 118.303375 -66.680321 43.483028 149.523560 -37.511166               1265 
-44.619122 151.086777 -135.737961 19.019127 144.940582 -74.583649 -41.299255 116.911156 -68.956215 42.802704 146.762115 -38.041656               1283 
-44.482967 150.066437 -136.340576 18.959063 143.778717 -75.021904 -41.262161 115.530495 -70.459930 42.472015 144.948715 -38.278660               1301 
-49.273647 130.414764 -138.608505 15.900175 142.092087 -80.223595 -39.309162 106.164490 -70.921883 39.759548 150.413162 -44.645741               1319 
-47.035728 127.133575 -142.127121 16.543653 141.459976 -82.647415 -38.522125 105.690170 -74.597343 39.354691 150.603516 -46.587101               1337 
-48.152912 129.564926 -142.264557 16.205370 141.779068 -83.152725 -38.185574 106.443161 -76.492615 39.465687 149.711060 -47.092567               1355 
-53.238010 124.007729 -141.567642 13.049195 141.696732 -86.089058 -39.932224 107.184029 -75.475288 37.466351 152.984314 -51.727940               1373 
-59.183788 121.497101 -136.644333 10.602402 142.814041 -87.073639 -39.208500 107.137436 -72.831009 37.177811 155.791061 -54.985668               1391 
-64.959808 119.304001 -132.634628 5.556774 144.729660 -86.240013 -38.195915 102.436386 -73.227898 32.883766 157.727753 -54.798344               1410 
-70.821815 117.767479 -127.995934 0.460641 147.746048 -85.747360 -35.986778 100.385849 -74.014351 28.919409 161.481735 -55.652134               1428 
-38.805897 99.600861 -102.287315 -0.627630 148.270889 -84.198105 -36.949177 100.686661 -78.766029 27.936455 158.090103 -52.702553               1446 
-35.529507 95.953003 -98.044579 -4.174312 149.358292 -83.490868 -41.004364 102.378601 -81.462051 24.333351 156.776657 -51.294987               1464 
-36.211510 96.494400 -98.150368 -6.201456 149.807449 -79.354141 -40.236244 101.467545 -81.892464 24.338171 154.160812 -48.488743               1482 
-38.846840 93.216888 -94.289345 -5.179237 140.482986 -66.770813 -39.894733 94.489487 -77.894257 28.437077 137.171158 -39.143490               1500 
-42.653343 92.474854 -94.676582 -6.545193 135.387115 -63.266319 -42.029423 91.711983 -78.882774 28.623802 128.127777 -38.472416               1518 
-47.590343 95.996178 -117.896446 -19.503195 135.124283 -75.305237 -47.832432 92.392143 -102.905983 13.969119 126.514381 -48.663776               1536 
-62.551590 102.844498 -116.252876 -29.913343 138.460434 -73.809082 -60.713917 98.051056 -102.006882 6.556602 128.100281 -52.201126               1554 
999.000000 999.000000 999.000000 999.000000 999.000000 999.000000 999.000000 999.000000 999.000000 999.000000 999.000000 999.000000             1572.0 
999.000000 999.000000 999.000000 999.000000 999.000000 999.000000 999.000000 999.000000 999.000000 999.000000 999.000000 999.000000             1590.0 
999.000000 999.000000 999.000000 999.000000 999.000000 999.000000 999.000000 999.000000 999.000000 999.000000 999.000000 999.000000             1608.0 
999.000000 999.000000 999.000000 999.000000 999.000000 999.000000 999.000000 999.000000 999.000000 999.000000 999.000000 999.000000             1626.0 
999.000000 999.000000 999.000000 999.000000 999.000000 999.000000 999.000000 999.000000 999.000000 999.000000 999.000000 999.000000             1645.0 
999.000000 999.000000 999.000000 999.000000 999.000000 999.000000 999.000000 999.000000 999.000000 999.000000 999.000000 999.000000             1663.0 
999.000000 999.000000 999.000000 999.000000 999.000000 999.000000 999.000000 999.000000 999.000000 999.000000 999.000000 999.000000             1681.0 
999.000000 999.000000 999.000000 999.000000 999.000000 999.000000 999.000000 999.000000 999.000000 999.000000 999.000000 999.000000             1699.0 
999.000000 999.000000 999.000000 999.000000 999.000000 999.000000 999.000000 999.000000 999.000000 999.000000 999.000000 999.000000             1717.0 
999.000000 999.000000 999.000000 999.000000 999.000000 999.000000 999.000000 999.000000 999.000000 999.000000 999.000000 999.000000             1735.0 
999.000000 999.000000 999.000000 999.000000 999.000000 999.000000 999.000000 999.000000 999.000000 999.000000 999.000000 999.000000             1753.0 
999.000000 999.000000 999.000000 999.000000 999.000000 999.000000 999.000000 999.000000 999.000000 999.000000 999.000000 999.000000             1771.0 
999.000000 999.000000 999.000000 999.000000 999.000000 999.000000 999.000000 999.000000 999.000000 999.000000 999.000000 999.000000             1789.0 
999.000000 999.000000 999.000000 999.000000 999.000000 999.000000 999.000000 999.000000 999.000000 999.000000 999.000000 999.000000             1807.0 
999.000000 999.000000 999.000000 999.000000 999.000000 999.000000 999.000000 999.000000 999.000000 999.000000 999.000000 999.000000             1825.0 
999.000000 999.000000 999.000000 999.000000 999.000000 999.000000 999.000000 999.000000 999.000000 999.000000 999.000000 999.000000             1843.0 
999.000000 999.000000 999.000000 999.000000 999.000000 999.000000 999.000000 999.000000 999.000000 999.000000 999.000000 999.000000             1861.0 
999.000000 999.000000 999.000000 999.000000 999.000000 999.000000 999.000000 999.000000 999.000000 999.000000 999.000000 999.000000             1880.0 
999.000000 999.000000 999.000000 999.000000 999.000000 999.000000 999.000000 999.000000 999.000000 999.000000 999.000000 999.000000             1897.0 
999.000000 999.000000 999.000000 999.000000 999.000000 999.000000 999.000000 999.000000 999.000000 999.000000 999.000000 999.000000             1916.0 
999.000000 999.000000 999.000000 999.000000 999.000000 999.000000 999.000000 999.000000 999.000000 999.000000 999.000000 999.000000             1934.0 
999.000000 999.000000 999.000000 999.000000 999.000000 999.000000 999.000000 999.000000 999.000000 999.000000 999.000000 999.000000             1952.0 
999.000000 999.000000 999.000000 999.000000 999.000000 999.000000 999.000000 999.000000 999.000000 999.000000 999.000000 999.000000             1970.0 
999.000000 999.000000 999.000000 999.000000 999.000000 999.000000 999.000000 999.000000 999.000000 999.000000 999.000000 999.000000             1988.0 
999.000000 999.000000 999.000000 999.000000 999.000000 999.000000 999.000000 999.000000 999.000000 999.000000 999.000000 999.000000             2006.0 
999.000000 999.000000 999.000000 999.000000 999.000000 999.000000 999.000000 999.000000 999.000000 999.000000 999.000000 999.000000             2024.0 
999.000000 999.000000 999.000000 999.000000 999.000000 999.000000 999.000000 999.000000 999.000000 999.000000 999.000000 999.000000             2042.0 
999.000000 999.000000 999.000000 999.000000 999.000000 999.000000 999.000000 999.000000 999.000000 999.000000 999.000000 999.000000             2060.0 
999.000000 999.000000 999.000000 999.000000 999.000000 999.000000 999.000000 999.000000 999.000000 999.000000 999.000000 999.000000             2078.0 
999.000000 999.000000 999.000000 999.000000 999.000000 999.000000 999.000000 999.000000 999.000000 999.000000 999.000000 999.000000             2096.0 
999.000000 999.000000 999.000000 999.000000 999.000000 999.000000 999.000000 999.000000 999.000000 999.000000 999.000000 999.000000             2115.0 
999.000000 999.000000 999.000000 999.000000 999.000000 999.000000 999.000000 999.000000 999.000000 999.000000 999.000000 999.000000             2133.0 
999.000000 999.000000 999.000000 999.000000 999.000000 999.000000 999.000000 999.000000 999.000000 999.000000 999.000000 999.000000             2151.0 
999.000000 999.000000 999.000000 999.000000 999.000000 999.000000 999.000000 999.000000 999.000000 999.000000 999.000000 999.000000             2169.0 
999.000000 999.000000 999.000000 999.000000 999.000000 999.000000 999.000000 999.000000 999.000000 999.000000 999.000000 999.000000             2187.0 
999.000000 999.000000 999.000000 999.000000 999.000000 999.000000 999.000000 999.000000 999.000000 999.000000 999.000000 999.000000             2205.0 
999.000000 999.000000 999.000000 999.000000 999.000000 999.000000 999.000000 999.000000 999.000000 999.000000 999.000000 999.000000             2223.0 
999.000000 999.000000 999.000000 999.000000 999.000000 999.000000 999.000000 999.000000 999.000000 999.000000 999.000000 999.000000             2241.0 
999.000000 999.000000 999.000000 999.000000 999.000000 999.000000 999.000000 999.000000 999.000000 999.000000 999.000000 999.000000             2259.0 
-189.881729 168.716080 -82.946671 -104.930077 158.041885 -49.387009 -161.491562 116.124786 -35.086090 -64.859512 146.585068 -28.756512               2277 
-190.029343 174.809967 -82.528328 -104.754951 166.641266 -49.261795 -161.369797 128.217941 -31.673386 -64.592285 156.601669 -28.079416               2295 
-187.007202 181.502029 -76.469452 -99.776482 179.214294 -47.908134 -154.979645 145.407135 -20.708296 -58.314129 172.727921 -27.874990               2313 
-184.979889 186.830017 -67.736732 -95.960739 186.207626 -45.462120 -147.841278 155.665161 -18.083841 -53.164066 180.775040 -28.099564               2331 
-182.493439 190.482208 -58.427559 -92.390732 190.224228 -41.627144 -143.021027 165.780426 -10.412503 -48.697624 185.421494 -26.449112               2350 
-176.187286 193.980453 -44.606781 -85.289703 193.732788 -33.889019 -134.019821 175.161667 1.996591 -40.713894 189.491196 -21.337828               2368 
-173.007858 196.549316 -33.383018 -81.806541 194.777710 -27.090107 -129.035706 180.214920 11.597846 -36.740517 190.110153 -16.611837               2386 
-169.308105 194.642227 -24.156776 -78.023903 193.105789 -21.614103 -123.527016 182.464951 19.814716 -32.540569 189.040421 -12.823984               2404 
-159.126755 202.426941 -12.036582 -68.220924 196.900543 -15.399496 -110.786499 199.346283 29.357445 -22.412907 191.986252 -9.074795               2422 
-150.814865 202.859467 0.366000 -60.400894 195.060623 -5.798865 -100.943565 204.882278 38.349380 -14.590023 188.794998 -0.835731               2440 
-145.111786 201.656204 6.630928 -54.978577 190.408691 4.533725 -96.291939 202.796814 46.213383 -9.874531 181.148727 11.045630               2458 
-136.645355 196.240173 16.474787 -46.469856 187.544678 11.034801 -84.094170 207.549957 52.704460 -0.936580 179.348633 15.732906               2476 
-123.845490 196.321976 20.064051 -33.925022 185.306976 18.695189 -69.907066 212.252823 56.496853 11.019314 175.356201 25.291784               2494 
-111.484299 204.192230 20.557066 -23.543507 183.895050 26.094273 -59.321075 211.521820 62.014313 19.174520 168.108749 35.501175               2512 
-103.045029 203.396500 25.831516 -16.005585 180.893600 32.093151 -51.127064 208.454269 67.729424 25.807913 162.927429 41.652168               2530 
-98.193382 198.912949 29.623365 -11.170588 178.008759 36.314625 -45.902443 206.621216 70.590317 30.389374 159.788818 46.479759               2548 
-94.143089 193.488373 34.548000 -6.970073 174.979431 39.984673 -41.001652 204.332855 73.644051 34.550564 156.640778 50.096909               2566 
-89.202362 193.175980 35.809185 -3.101486 172.355682 43.928513 -36.513351 204.344604 75.372009 37.013882 152.137924 55.950424               2585 
-80.065086 194.159729 38.458817 4.428066 169.123169 48.434807 -28.205105 202.027557 79.282776 42.662670 145.984070 61.288773               2603 
-71.199760 194.312531 41.073376 11.289187 164.568771 53.189728 -21.460705 197.656693 83.112129 47.397804 138.663315 66.886536               2621 
-62.953911 193.659698 43.245209 17.580929 160.347214 57.789700 -16.328083 193.056442 86.125847 51.685879 132.405319 72.575836               2639 
-56.406158 193.573120 47.648724 22.151260 156.337616 61.797371 -12.085894 188.446014 90.358925 54.230659 125.859947 76.099503               2657 
-55.650730 189.782990 49.952957 23.398397 154.193634 64.282265 -13.038060 184.385834 92.305504 55.568367 123.881470 78.731911               2675 
-55.106216 186.485916 51.253120 24.337944 152.356003 66.178856 -13.844453 181.343781 93.574059 56.647324 122.423935 81.102066               2693 
-54.739437 182.175186 53.889854 25.468773 149.925552 68.449524 -13.908838 177.756180 95.975868 58.346760 120.630997 83.395897               2711 
-55.430504 177.800751 55.881107 25.666912 148.032089 70.470856 -15.075326 174.561829 98.089722 59.288849 119.721542 85.656555               2729 
-55.632298 175.579712 57.345901 25.854120 146.975403 71.850365 -15.930429 172.450439 99.829384 59.787350 119.057213 87.070007               2747 
-55.346561 173.839691 59.034378 26.310421 145.835129 73.293167 -16.441704 170.008957 101.523666 60.337860 117.958946 88.378883               2765 
-54.766136 172.109146 60.750904 27.036285 144.598785 74.752701 -17.226007 166.426529 102.769028 61.147514 116.750160 89.699432               2784 
-54.968563 170.061356 61.844620 27.190889 143.714340 75.690178 -18.756994 161.724350 102.341026 61.620304 116.210609 90.545708               2801 
-55.117519 168.847961 63.484215 27.255663 142.940140 76.619835 -19.408459 156.632538 101.328102 61.872665 115.441948 91.043419               2820 
-55.246513 168.325424 64.524246 27.223259 142.603241 77.195534 -19.890482 153.235443 100.233894 61.913376 115.086952 91.407372               2838 
-54.575428 169.420914 66.559845 27.548603 142.240707 78.200058 -19.721037 151.022705 100.070045 61.857769 114.008118 91.923355               2856 
-54.176693 169.620438 68.081184 27.932314 142.188644 79.040123 -19.511055 149.173676 99.951584 62.215614 113.804222 92.512543               2874 
-53.891575 169.572311 68.942764 28.196505 142.059006 79.686401 -19.346989 147.655884 99.645500 62.441902 113.612946 93.125198               2892 
-53.661617 169.593567 69.379196 28.373753 141.954865 80.054703 -19.370646 146.685486 99.376228 62.548927 113.454193 93.556396               2910 
-53.241032 169.564331 69.732353 28.674557 141.571747 80.272049 -19.203871 145.694977 99.093018 62.713684 112.908813 93.773941               2928 
-52.692738 170.038147 70.037544 28.936632 141.184555 80.351723 -19.009356 145.316345 98.959152 62.677952 112.157875 93.823959               2946 
-52.071579 170.622147 70.356209 29.260159 140.914352 80.482948 -18.714560 145.028030 98.841492 62.702736 111.564377 93.999580               2964 
-51.231251 171.094528 70.418617 29.727312 140.391907 80.464005 -18.328671 144.545303 98.529694 62.799820 110.659172 94.054459               2982 
-49.616112 172.527115 70.189949 30.448971 139.570663 80.158379 -17.655384 144.732513 98.105179 62.676434 108.979195 93.872574               3000 
-44.199711 175.174286 69.614738 33.211552 136.532639 80.029518 -14.655309 145.171082 97.812973 63.073677 103.795387 94.138130               3018 
-39.358730 176.802322 69.312820 36.114338 134.501221 79.653687 -11.504506 145.283508 97.504532 64.355385 100.330704 93.701683               3036 
-36.940807 176.347992 68.491692 37.968288 133.205109 79.368637 -9.726788 144.951294 97.329262 65.758820 98.892174 93.957512               3054 
-35.729252 176.257446 68.065659 38.815762 132.564606 79.180641 -9.010249 144.767670 97.139366 66.304031 98.098297 93.979164               3072 
-35.825966 176.585403 68.174118 38.684021 132.781586 79.024559 -9.286696 145.038483 97.214935 66.150345 98.258141 93.730309               3091 
-35.734051 176.668839 68.367126 38.723602 132.766785 78.959023 -9.344867 145.100388 97.254601 66.120865 98.149300 93.572258               3109 
-35.528316 176.774460 68.565582 38.893101 132.809448 78.940163 -9.286154 145.310196 97.398308 66.245598 98.149460 93.536530               3127 
-35.323101 176.910538 68.858101 39.076096 132.899765 78.914070 -9.219991 145.600418 97.622330 66.390663 98.180527 93.440430               3145 
-35.022720 177.109634 69.296967 39.327442 132.987915 78.970284 -9.041809 145.837250 97.910759 66.585014 98.163750 93.351814               3163 
-35.247704 177.508652 69.885208 39.146393 133.426163 79.166588 -9.186804 146.332245 98.317223 66.441666 98.595016 93.459457               3181 
-30.214893 178.042725 71.235298 42.208267 130.858917 80.654335 -5.792327 145.688354 99.577736 67.890221 94.792015 94.872025               3199 
-30.813253 178.374313 71.722961 41.886543 131.586182 80.609261 -6.257395 146.102661 99.679710 67.756607 95.569099 94.610580               3217 
-32.138439 178.956223 72.034523 41.057304 132.985947 80.776215 -7.434207 146.892914 99.607872 67.301826 97.285202 94.890358               3235 
-34.227642 179.313156 73.127144 39.855103 134.688507 81.041580 -8.795657 147.685883 100.098953 66.855492 99.485184 94.978256               3253 
-35.043011 179.687225 73.523651 39.240849 135.378403 81.044083 -9.525225 148.024139 99.982407 66.405090 100.257477 94.869827               3271 
-35.637356 180.189774 74.225647 38.770428 136.034821 81.156685 -10.086793 148.265594 99.943642 66.050621 100.908371 94.737930               3289 
-35.784534 180.351181 74.506996 38.597561 136.151077 81.185127 -10.370229 148.182602 99.723358 65.837051 100.936981 94.620316               3307 
-35.644085 180.600845 74.603195 38.587852 136.179092 81.265144 -10.454772 148.165359 99.477501 65.681206 100.853333 94.702713               3326 
-35.380962 180.917465 74.749886 38.640499 136.177460 81.431358 -10.525298 147.988129 99.148979 65.535011 100.699753 94.868034               3344 
-34.410641 181.284454 75.067268 39.037262 135.567017 81.270309 -9.983438 147.867935 99.122940 65.466721 99.620682 94.380264               3362 
-34.317047 181.521698 74.762421 38.975952 135.594574 81.077736 -10.152730 148.109482 98.968719 65.266006 99.586098 94.297028               3380 
-34.090916 181.692551 74.716873 39.036415 135.527039 81.063332 -10.178242 148.261276 99.029404 65.166756 99.399666 94.274887               3398 
-33.561691 182.010178 74.693954 39.171051 135.234375 80.966034 -10.014741 148.366333 98.934021 64.959114 98.821609 94.066162               3416 
-33.561977 182.183823 74.799911 39.110081 135.318710 80.979111 -10.073218 148.478073 98.941704 64.831955 98.832703 94.005363               3434 
-33.541920 182.448853 74.949608 39.038765 135.436478 80.959999 -10.105879 148.651932 98.966492 64.678307 98.854095 93.877823               3452 
-33.197071 183.592590 75.337479 38.878937 135.779587 80.977798 -10.183558 149.182297 98.890884 64.109009 98.812065 93.602066               3470 
-32.907787 184.624359 75.484688 38.696171 136.099243 80.937668 -10.502724 150.220154 99.145035 63.547890 98.828598 93.420364               3488 
-32.787395 184.861557 75.488815 38.674252 136.134232 80.894279 -10.769259 150.622116 99.288582 63.400452 98.765823 93.333870               3506 
-30.744890 186.298721 75.085922 39.109047 135.336319 80.783089 -10.137009 152.025269 99.598007 62.566765 97.188530 93.313393               3525 
-30.234562 187.159119 75.368866 39.034805 135.372955 80.667725 -10.101505 153.402405 100.644226 62.048447 96.865990 92.919769               3543 
-30.271040 187.966217 75.407700 38.758514 135.832306 80.316269 -10.111877 155.066956 101.637421 61.647930 97.230583 92.502701               3561 
-29.600256 188.352753 74.546425 38.900024 135.554779 79.670593 -9.767051 155.862244 101.468803 61.399559 96.787910 92.057190               3579 
-31.193697 188.276093 72.358688 37.867390 136.355499 78.689987 -10.697910 157.360977 100.559662 60.917984 98.378151 92.434723               3597 
-34.690121 186.247299 68.286186 35.735420 136.439880 76.278801 -12.445167 158.772400 98.805923 60.175812 100.297562 92.369995               3615 
-37.252785 184.995865 69.153519 33.005558 134.364685 71.115257 -12.044380 158.847656 98.980209 58.614140 98.389343 85.692703               3633 
-38.166080 184.614075 67.753212 33.090862 135.516724 71.591614 -12.737207 160.143616 99.201416 59.210838 100.327812 87.148415               3651 
-38.655144 184.640076 66.409203 32.986481 136.249878 71.697754 -13.178947 161.443909 99.058205 59.292812 101.606331 88.139420               3669 
-38.904186 184.220078 65.995911 32.955814 136.197281 71.594627 -13.325840 161.532349 99.057503 59.393227 101.745880 88.228661               3687 
-39.265011 183.648041 65.628654 32.944859 136.189056 71.469276 -13.461503 161.636215 99.241875 59.597664 101.962730 88.223770               3705 
-39.389328 183.318741 65.128242 32.970413 136.152100 71.410599 -13.579908 161.718735 99.083961 59.677959 102.081528 88.393814               3723 
-37.493401 180.736404 63.837601 33.446976 131.230835 67.854958 -9.724333 160.592621 98.440216 59.632900 96.436310 84.169510               3741 
-35.501251 181.669434 64.477562 33.671326 129.676193 67.034332 -6.111175 162.859619 99.474861 59.244835 94.461472 83.418633               3759 
-35.601013 181.917816 64.702225 33.684570 130.123001 67.346313 -6.100398 163.424347 99.697014 59.316166 95.012306 83.862579               3778 
-35.499878 182.143005 64.960381 33.620495 130.161484 67.536659 -5.908783 163.799789 99.876549 59.170654 95.030762 84.136322               3796 
-34.475887 182.617767 65.510994 33.214420 128.757828 65.913414 -3.888877 164.052155 99.365967 58.455780 93.162987 81.988472               3814 
-32.994968 182.004440 67.599655 33.151482 126.362122 64.650948 -1.806446 162.027069 100.141823 57.919147 89.799469 79.220169               3832 
-32.848648 181.474762 67.483055 33.327049 125.880951 64.716301 -3.034642 160.214417 99.566620 58.339935 89.656830 79.706131               3850 
-22.979937 153.755936 86.454933 30.267771 118.782700 61.453693 -1.723291 158.769119 95.236191 54.365391 83.332787 79.485199               3868 
-20.962521 148.413315 91.522209 29.348986 115.340935 59.352005 -1.373496 157.067307 94.641975 54.005600 80.987801 78.702461               3886 
-21.320425 148.409454 91.799034 29.517012 114.694183 59.158939 -1.805908 156.267746 95.672333 54.997456 81.210602 78.961052               3904 
-21.089106 148.093140 91.150467 29.567011 113.707756 58.751686 -1.852141 155.967804 95.130409 55.875904 81.319740 79.279358               3922 
-20.917110 147.867737 90.770363 29.643839 113.145515 58.460239 -2.218272 155.321625 94.942459 56.488300 81.432533 79.345367               3940 
-20.439285 147.802353 90.786469 29.919455 112.562813 58.265614 -2.426621 154.134109 95.236603 57.235249 81.313240 79.237938               3958 
-20.369267 148.009750 90.697151 30.100079 112.180946 58.138069 -2.554486 153.383011 95.555428 57.725922 81.233734 79.152565               3976 
-19.886148 147.774902 91.376312 32.704472 114.324799 58.915462 -2.180475 153.046341 97.218369 60.719292 83.426842 79.482727               3994 
-17.767965 146.590012 91.251984 35.766136 113.563499 59.335957 0.009033 151.578522 97.936737 63.439030 82.366814 79.915184               4012 
-17.761715 146.721008 91.973824 35.825089 114.268929 59.115002 0.284810 151.524551 99.267403 63.544415 82.551643 78.817276               4031 
-17.995890 146.990112 92.207504 35.835667 114.540245 59.022018 0.331554 151.301422 99.934853 63.548130 82.558372 78.301697               4049 
-17.631704 147.629852 92.584152 35.372292 113.375175 58.982498 1.192578 151.534393 99.892128 63.752174 82.115654 78.474831               4067 
-17.776834 147.640900 92.988045 34.905701 112.338287 59.140377 1.463959 151.226059 100.118889 63.866264 81.643028 78.675308               4085 
