-55.750221 182.690567 18.462833 -2.962445 214.447540 75.676842 -12.567198 181.896942 20.408274 40.686764 215.164688 96.338539                  0 
-56.405689 186.155869 21.064510 3.531369 210.531799 74.625854 -13.171039 182.669235 17.880392 48.480286 206.045151 91.717911                  8 
-55.748596 188.034912 22.575726 7.489818 208.963058 73.461792 -12.750984 184.723892 15.498847 52.888016 201.864685 88.337608                 18 
-54.888725 190.232727 22.542267 9.706247 207.610443 72.836693 -12.056470 189.121384 12.783151 55.532036 199.389542 85.685333                 27 
-53.739639 192.312119 20.252625 10.579494 206.956680 71.458138 -11.070314 191.848846 10.041150 56.115982 197.166870 84.235512                 36 
-51.773918 194.287567 17.283756 11.816693 208.238113 69.321434 -9.317539 193.926086 7.285560 56.963566 197.452179 82.666733                 45 
-50.815918 196.120682 13.346191 12.284331 208.935944 66.082397 -8.560541 196.560349 3.330712 57.295132 197.535324 79.376282                 54 
-51.190296 194.842087 6.558324 10.054087 214.707031 59.106628 -9.153842 196.686218 -2.949172 55.144646 205.971527 74.046707                 63 
-49.817947 196.314117 1.473685 11.145533 215.247513 54.544720 -7.931870 197.008148 -7.589268 55.590527 204.902679 70.365608                 72 
-47.817841 197.565994 -1.957286 13.244722 214.270859 51.641182 -6.159169 198.561050 -11.213531 57.441677 202.517624 67.170647                 81 
-46.653065 198.878265 -8.067180 12.755116 216.670761 46.864929 -5.172400 198.985367 -15.976509 55.967228 204.121857 64.412331                 90 
-45.247963 199.807159 -13.472958 13.188888 218.809799 41.953735 -4.188113 199.787186 -20.693136 55.865723 205.931793 60.541859                 99 
-43.299896 200.021255 -19.056658 13.762539 219.146988 37.657322 -2.610591 200.496750 -25.359390 56.026924 206.011200 56.992435                108 
-41.269516 200.684158 -23.481550 15.416392 218.455933 34.034935 -0.857885 201.103745 -29.335546 57.336639 204.393250 53.467052                117 
-38.652493 201.810776 -28.477262 17.257498 217.441895 30.430168 1.595835 201.694550 -33.439564 58.471245 202.018951 50.335785                126 
-38.530869 201.657990 -35.901497 15.656424 217.122513 24.682098 1.692110 201.284698 -39.505161 56.041439 201.310547 45.935467                135 
-38.693169 198.853607 -45.480263 11.439707 217.411804 17.707050 1.304865 201.493118 -47.070927 51.822124 204.117340 40.624096                144 
-37.263966 197.289764 -51.935860 9.969572 217.363617 13.040150 2.329166 201.549286 -51.962257 50.036926 205.379333 37.199154                153 
-35.321754 196.334747 -58.302029 9.107985 216.345261 8.694783 3.801299 201.487686 -56.580585 48.557884 204.776764 34.043327                163 
-34.326664 195.645218 -64.053398 8.119012 215.440323 4.333267 4.374634 201.372421 -61.062153 47.129829 204.132828 30.466957                171 
-32.597618 194.740402 -68.908974 8.124922 213.793533 0.803458 5.668410 201.013275 -64.769569 46.820568 202.598557 27.449148                180 
-30.486008 193.604660 -72.466270 9.131643 211.961441 -1.799174 7.436028 199.895004 -67.370140 47.508469 200.641312 25.251656                189 
-29.225496 193.599609 -76.746094 9.728170 206.642853 -4.426107 8.440296 198.878159 -70.489548 47.637882 193.054337 22.236214                198 
-67.902557 195.674973 -65.774292 8.323082 206.845901 -18.984812 -44.014065 168.163544 -19.619484 45.515503 201.898575 11.427709                207 
-67.695755 195.644592 -66.507881 8.188092 205.772079 -18.752808 -44.299274 167.547760 -20.539345 45.014969 200.201324 11.994896                216 
-68.166542 195.041565 -68.940041 7.063226 203.709442 -19.800097 -45.914684 166.473282 -22.822613 43.228451 197.394180 11.582500                226 
-68.983482 194.426376 -72.255089 5.961569 202.221527 -22.478134 -47.595951 166.053818 -25.722778 41.677135 195.585831 9.350144                234 
-69.520439 192.590958 -75.657356 5.067619 201.138321 -25.373770 -48.543720 165.316132 -28.421671 40.406208 195.058746 6.982011                244 
-70.205933 190.723038 -78.767448 4.354756 200.502014 -28.575470 -49.445099 164.955185 -30.601246 39.559269 195.289825 4.076466                253 
-70.701469 188.445175 -81.426796 3.715970 199.702789 -31.224533 -49.951866 164.020737 -32.525658 38.790550 195.459854 1.706375                262 
-71.967171 189.207260 -85.944611 2.739383 199.422913 -36.638500 -53.118584 165.092957 -37.399788 37.741463 191.276230 -4.371500                271 
-72.422371 187.719452 -88.996529 2.287767 198.726990 -39.830711 -53.879318 163.195190 -40.961967 37.255661 188.585205 -8.096440                280 
-72.168770 185.677094 -90.721603 2.313700 197.772797 -41.459728 -53.720554 161.148911 -42.887566 37.217644 187.114883 -9.824352                289 
-72.219666 183.880066 -92.308983 2.157970 196.800064 -42.898006 -53.635132 159.170105 -44.410484 36.982986 186.242996 -11.142062                298 
-72.479408 181.889877 -94.175537 1.777037 195.903915 -44.766365 -53.693142 157.302582 -45.817638 36.517143 185.983902 -12.713410                307 
-72.689484 179.696701 -96.306671 1.234944 194.942657 -46.629910 -53.838703 155.369217 -47.397316 35.777985 185.758240 -14.147634                316 
-73.150429 177.123337 -98.307968 0.698315 194.178986 -48.884445 -53.997192 153.717514 -48.595078 35.195770 186.145050 -16.050701                325 
-73.377419 174.946152 -99.766380 0.386195 193.157532 -50.482861 -53.990505 151.982819 -49.607979 34.847511 185.818237 -17.449148                334 
-73.488190 173.177551 -101.045753 0.103990 192.312241 -51.731316 -54.008858 150.565552 -50.497723 34.422909 185.543274 -18.428669                343 
-73.501831 171.871902 -102.125198 0.001976 191.462692 -52.690460 -54.064617 149.486984 -51.214485 34.104408 185.059723 -19.094339                352 
-73.629395 169.326538 -103.068657 -0.320802 190.672501 -53.944042 -53.707298 147.720322 -51.856281 33.825985 185.244827 -20.221487                361 
-73.764160 168.274551 -103.650284 -0.483422 190.150208 -54.569599 -53.538624 146.704117 -52.347862 33.597580 185.071671 -20.726324                370 
-73.739937 166.557587 -104.401360 -0.641735 189.393219 -55.334251 -53.239170 145.352173 -52.875965 33.317154 184.932831 -21.281759                379 
-73.762161 165.286743 -105.119469 -0.746901 188.797668 -56.034992 -52.914810 144.280914 -53.454178 33.070805 184.850525 -21.779245                388 
-73.096008 161.303497 -103.823311 -0.321639 186.181351 -57.259403 -53.050480 142.011414 -54.715225 33.893387 181.162308 -23.542721                397 
-72.535767 157.617783 -104.520477 -0.942101 185.437485 -58.410351 -53.467175 141.016129 -55.592102 32.702435 181.462082 -23.987759                406 
-72.527321 157.058029 -105.227455 -1.223780 185.122498 -58.816456 -53.525665 140.537415 -56.526611 32.047726 181.258728 -24.020603                416 
-72.829323 155.328247 -106.872612 -1.993851 184.107925 -60.181644 -54.079327 139.477356 -58.219913 30.674292 180.764694 -24.765707                424 
-73.498352 153.644089 -108.265114 -2.726009 183.075729 -61.790569 -54.594753 138.427979 -60.013844 29.525841 180.152344 -25.958384                433 
-73.995903 153.703049 -109.592598 -3.090920 182.428940 -62.762272 -55.283070 138.214371 -61.585999 28.733736 179.181854 -26.577730                442 
-75.046852 145.783936 -109.416832 -3.913441 179.401413 -66.157524 -55.086655 135.371201 -60.760860 27.373985 180.651016 -29.385132                451 
-75.929688 146.379074 -110.504364 -4.272450 179.134979 -67.291618 -55.297649 135.211761 -62.421509 26.862839 180.098099 -30.381735                460 
-75.918259 145.096909 -111.314514 -4.697261 178.845703 -67.941887 -54.998375 134.138138 -63.365410 26.168064 180.350815 -30.823965                469 
-76.686104 145.661438 -112.250061 -5.241556 178.639587 -68.446823 -55.271038 133.539307 -64.848915 25.725508 179.393631 -31.390842                478 
-77.120285 146.331879 -112.699684 -5.343108 178.510605 -68.598900 -55.340664 133.359070 -65.639374 25.595490 178.779236 -31.512451                488 
-75.738869 142.139542 -113.363007 -4.990980 177.548523 -69.708054 -54.545753 132.248276 -65.158890 24.785177 180.738251 -31.815052                497 
-76.863358 144.220535 -114.088829 -5.240500 177.604752 -70.049553 -54.871887 132.461166 -66.649750 24.739840 179.509506 -32.231247                506 
-77.268883 144.946289 -114.217529 -5.224361 177.484604 -70.056747 -54.823372 132.386230 -67.173973 24.759321 178.943146 -32.221249                515 
-77.838768 146.449677 -114.684738 -5.196148 177.438538 -70.157478 -54.974327 132.576080 -68.007454 24.810385 178.084198 -32.317493                524 
-78.077927 147.610718 -115.336937 -4.948978 177.033981 -70.273201 -55.055576 132.541412 -68.805229 24.973885 176.951553 -32.361607                533 
-78.345695 146.497437 -115.076569 -5.101204 176.477448 -70.536690 -54.651474 131.448074 -68.862244 25.053579 176.632294 -32.809536                542 
-77.315521 142.681137 -115.421837 -5.107538 175.960907 -71.501968 -53.873703 130.280380 -68.350113 24.450771 178.507889 -33.390388                551 
-76.821136 139.773407 -115.379616 -5.235106 175.513062 -72.335449 -53.352753 129.409653 -67.942505 23.955118 179.888611 -34.106419                560 
-76.265808 137.912521 -115.850471 -5.411064 175.223587 -72.971642 -53.023888 128.727692 -68.330162 23.362940 180.569748 -34.550964                569 
-75.877335 136.814896 -116.197906 -5.469634 175.038589 -73.390793 -52.767155 128.344818 -68.635300 23.051764 180.974396 -34.868469                578 
-75.412132 135.727875 -116.846695 -5.559840 174.863266 -73.994476 -52.591179 128.011383 -69.280365 22.614073 181.348068 -35.305317                587 
-74.769051 134.652863 -117.377838 -5.546618 174.702805 -74.364182 -52.385880 127.794968 -69.754700 22.213383 181.772812 -35.478828                596 
-74.809311 125.136238 -116.707176 -4.495614 167.564850 -77.960449 -55.030724 126.081902 -67.772537 21.925592 180.016968 -39.495686                605 
-73.533813 125.356628 -118.846626 -3.645583 166.895813 -78.390274 -54.735783 126.018723 -69.728867 22.030930 178.954178 -39.300819                614 
-72.536270 124.540627 -118.680748 -2.559706 165.865417 -78.084976 -54.132423 125.883293 -69.580338 22.787291 178.346481 -38.913227                623 
-74.903473 117.805099 -115.261047 -3.300268 161.400330 -80.157669 -55.787140 124.598511 -67.118248 22.619081 177.911346 -42.898483                632 
-74.381645 115.931763 -116.565239 -3.452959 161.096634 -81.872910 -54.500324 122.827492 -68.624054 22.540358 178.131073 -44.901985                641 
-74.066689 116.249855 -117.478889 -3.434203 161.277023 -81.778229 -54.166698 122.563980 -69.149330 22.452072 178.050400 -44.613350                650 
-73.517365 116.066307 -117.833855 -3.328936 161.402420 -81.637756 -53.713959 122.196625 -69.568138 22.411188 178.045181 -44.312992                659 
-72.814812 116.039116 -117.977448 -3.114762 161.660004 -81.243126 -52.919476 121.619591 -69.886337 22.577904 177.912720 -43.714352                668 
-71.318405 116.270493 -119.004494 -2.451128 162.053604 -80.949181 -52.033813 121.465286 -70.816772 22.760643 177.950027 -42.944660                678 
-70.040306 116.242950 -119.595177 -1.900906 162.142883 -80.431854 -51.223808 121.011215 -71.374008 22.951502 177.644882 -42.029781                687 
-68.632690 116.236382 -120.382484 -1.163156 162.148041 -80.113144 -50.282318 120.555321 -72.049530 23.322723 177.271683 -41.326668                696 
-68.038612 116.376190 -119.997078 -0.588535 162.092361 -79.761208 -49.804119 120.515045 -72.105263 23.943501 176.836517 -40.857967                704 
-67.758423 116.597588 -120.598618 -0.358772 161.855408 -79.795448 -49.839870 120.466896 -72.681526 24.055962 176.245392 -40.686340                714 
-67.483765 115.028008 -120.160599 -0.189711 160.972260 -80.036980 -49.815784 119.853630 -72.487793 24.110334 175.986252 -41.091362                722 
-67.632393 114.803223 -120.083336 -0.182456 160.699249 -80.215706 -49.840530 119.643211 -72.665421 24.276300 175.605347 -41.328030                732 
-67.485374 115.219841 -121.273026 -0.057177 160.442795 -80.494865 -50.078846 119.727661 -73.574097 24.172146 175.046112 -41.349541                741 
-67.380424 115.778214 -121.918030 0.107234 160.498566 -80.600990 -50.130516 119.986717 -74.116196 24.266644 174.808655 -41.304455                750 
-67.425568 116.697136 -122.320724 0.189073 160.706955 -80.436661 -50.088600 120.177055 -74.514915 24.411907 174.406754 -40.962070                759 
-67.284508 117.100029 -122.870033 0.357425 160.707748 -80.495743 -50.089188 120.348587 -74.899902 24.452820 174.255081 -40.890751                768 
-67.608223 118.566513 -123.798462 0.245094 161.093323 -80.552895 -50.271027 120.730942 -75.694565 24.416290 173.815887 -40.721218                777 
-67.831490 119.497490 -124.604362 0.138731 161.357498 -80.684891 -50.388428 120.974243 -76.200714 24.324747 173.700424 -40.742905                786 
-68.234032 120.269798 -125.613785 -0.271247 161.706772 -81.104073 -50.654781 121.114716 -76.978577 23.924278 173.725891 -41.069202                795 
-68.716972 121.352661 -126.388054 -0.472006 162.070602 -81.415886 -50.863182 121.486832 -77.465805 23.892618 173.720520 -41.374435                804 
-69.319565 124.566841 -129.718536 -0.793851 162.716217 -82.626350 -52.047962 123.188171 -79.939621 23.254482 173.320023 -42.105850                813 
-69.143318 125.644806 -131.943649 -1.083227 163.213333 -83.615364 -52.513386 123.860336 -81.750328 22.487881 173.559540 -42.749332                822 
-69.005898 124.405983 -130.257614 -1.028211 163.376221 -83.959930 -52.475876 124.028358 -82.050804 22.431585 173.931793 -43.083393                831 
-69.296623 126.561172 -129.911697 -0.834523 164.276474 -84.146179 -52.916824 125.672325 -83.441254 22.638641 173.377396 -42.928982                840 
-69.924057 128.780624 -130.311768 -1.242287 165.452835 -84.452858 -53.743378 127.354713 -84.731461 22.161083 173.462036 -42.970230                849 
-69.326584 127.551765 -130.992584 -1.389469 165.713089 -85.336235 -54.692272 128.685349 -85.151405 20.856430 175.676437 -43.640606                858 
-69.152039 129.401520 -132.158310 -2.182630 168.184189 -85.661713 -55.772499 131.377029 -86.211952 19.242464 178.523514 -43.629139                869 
-69.099762 128.848572 -131.953857 -3.145584 169.470230 -85.613449 -56.189579 131.697250 -86.079056 17.950724 180.503555 -43.591015                877 
-70.351135 132.011139 -133.270966 -4.481137 171.309525 -85.723663 -58.027473 134.021805 -87.365128 16.516270 181.124298 -43.350887                885 
-72.380791 134.712769 -133.833435 -5.948510 172.878510 -86.178032 -60.890755 137.427948 -87.968353 14.974553 182.508347 -43.726116                894 
-75.768890 141.518448 -134.370865 -7.617720 175.060471 -85.952438 -63.811691 141.551346 -89.169785 14.152579 181.333603 -43.298302                904 
-78.087997 150.099182 -135.882706 -8.635004 177.057602 -85.388016 -66.432449 146.291489 -90.982140 13.369261 178.925293 -42.434578                912 
-81.160591 157.557693 -135.554199 -10.202217 178.811493 -84.647415 -69.267960 150.318344 -91.470131 12.383253 176.732483 -42.006500                922 
-83.453766 159.995789 -133.901077 -11.642550 180.341354 -84.035179 -71.483063 153.077026 -90.144974 11.146661 178.111603 -41.510445                931 
-88.039246 161.353119 -132.945831 -15.849372 182.179703 -84.336967 -75.488800 154.110199 -90.257927 7.492775 179.248383 -42.156109                940 
-92.613205 162.122803 -131.321594 -19.727365 183.712021 -84.532120 -79.159897 154.730423 -89.651665 4.562039 180.291794 -42.926830                948 
-95.880104 162.853607 -129.434860 -22.785112 184.918442 -83.690407 -82.212891 155.425842 -88.600281 1.979005 180.897415 -42.420036                958 
-99.879158 169.219818 -124.463974 -25.161333 187.705933 -80.566200 -84.847626 158.764465 -86.068382 1.113271 179.700211 -40.839294                967 
-108.188576 171.963165 -115.515770 -32.902699 191.217285 -73.958527 -92.837753 162.398926 -78.567345 -6.009221 182.930908 -34.706135                994 
-109.371872 172.482849 -114.210602 -34.715279 191.897964 -72.901199 -94.874817 163.520905 -78.433647 -8.273742 182.893005 -33.500320               1003 
-113.252533 176.476257 -112.013023 -37.720394 192.213943 -71.811203 -98.855049 165.741577 -78.078033 -10.917494 179.806671 -33.596840               1012 
-114.886024 171.976135 -106.642845 -40.017754 192.163284 -70.560036 -100.985222 164.402893 -75.567978 -12.286883 180.143600 -32.887772               1021 
-114.814880 165.388992 -99.415253 -42.172665 191.803391 -69.460609 -103.003479 163.096024 -73.240234 -13.893915 180.669876 -31.923552               1030 
-116.870941 164.237976 -96.713890 -44.935669 191.890182 -68.523010 -106.460716 164.007294 -72.080223 -17.081642 180.752472 -30.670956               1039 
-117.456520 159.063889 -93.411682 -46.859383 190.794281 -67.220192 -107.889862 161.360580 -69.480209 -19.164978 182.551208 -28.519480               1048 
-120.043091 158.518997 -92.202263 -49.930916 190.846420 -65.722046 -111.207535 161.385605 -68.109612 -22.617949 182.871262 -26.695494               1057 
-123.808403 157.840698 -90.764839 -53.396942 190.227554 -65.175682 -115.047440 161.307053 -66.666824 -26.157797 183.049500 -25.943319               1066 
-128.004807 157.432098 -89.279442 -57.076500 189.667404 -64.965164 -118.823997 160.800705 -65.295319 -29.081251 182.306824 -26.303020               1075 
-132.555756 157.153305 -88.826698 -61.054775 188.616196 -65.025948 -123.231842 160.577728 -64.813164 -33.046783 181.272903 -26.369745               1084 
-136.910339 156.820908 -87.553703 -64.840164 187.856247 -64.872856 -127.249947 160.266739 -63.636131 -36.394894 180.529465 -26.534128               1093 
-141.402939 159.359772 -86.430557 -67.621193 187.124420 -64.891052 -130.782837 161.337845 -62.689442 -38.583500 177.980225 -27.396130               1102 
-145.135056 160.729706 -83.550232 -69.943687 186.349014 -64.278229 -132.801056 160.734573 -60.742027 -39.851570 175.990921 -27.948524               1111 
-148.644196 155.458542 -81.612778 -74.160217 184.304764 -64.177818 -135.437958 155.677872 -59.338722 -43.107914 175.898422 -28.153364               1121 
-151.506027 157.379700 -81.099464 -76.171387 184.038681 -63.784645 -137.885910 156.627853 -59.089085 -45.312683 174.744095 -27.812096               1130 
-153.452194 159.052734 -80.929909 -77.511757 183.902710 -63.380039 -139.408905 157.309143 -59.125488 -47.105713 174.244659 -27.118931               1139 
-155.189148 156.546829 -79.094933 -79.296967 182.434662 -62.703667 -140.428589 154.711487 -57.639118 -48.536114 173.994720 -26.437834               1149 
-156.272385 155.592682 -77.886559 -80.328751 181.660599 -62.076775 -141.202194 153.700348 -56.679817 -49.422760 173.583344 -25.851767               1156 
-158.378815 152.506821 -76.964249 -83.079117 180.664581 -61.735409 -143.232162 151.456436 -55.823803 -52.101089 174.245499 -25.241152               1165 
-159.887604 150.757126 -76.137497 -84.924454 179.981369 -61.322006 -144.677689 150.258469 -55.090652 -54.050945 174.749893 -24.550665               1174 
-161.000656 150.759827 -75.731674 -85.876183 179.631042 -61.098385 -145.671768 150.274353 -54.885067 -54.989544 174.327530 -24.348400               1183 
-162.188416 150.106949 -75.191589 -87.154068 179.151230 -60.491104 -146.780426 149.878967 -54.570812 -56.343334 174.002090 -23.655544               1192 
-162.461349 147.691666 -75.132736 -88.138206 178.444977 -60.344585 -147.184418 148.409119 -54.598507 -57.607597 174.640533 -23.114466               1202 
-162.821167 147.272629 -75.051979 -88.705322 178.216553 -59.895149 -147.565674 148.124146 -54.758850 -58.432655 174.508835 -22.445292               1211 
-163.476807 148.711792 -75.058250 -89.030762 178.437973 -59.291027 -148.421188 149.549850 -54.851528 -59.086365 174.043488 -21.652016               1220 
-164.177582 151.316330 -75.690071 -89.066833 178.415497 -58.437378 -149.276199 151.252731 -55.398972 -59.741192 172.345474 -20.544964               1229 
-164.358139 152.291977 -74.379906 -88.305031 176.981400 -57.716030 -149.031708 151.479950 -54.516659 -58.828552 169.798050 -20.136648               1238 
-165.896103 148.230377 -72.382721 -90.296486 175.584778 -58.045673 -149.804123 148.308914 -53.251587 -59.977211 170.579636 -20.784924               1247 
-168.144455 142.193848 -69.863113 -94.319588 175.251587 -58.725796 -151.000885 143.816422 -51.902790 -62.750629 173.766251 -22.203638               1256 
-169.062820 142.075928 -70.049492 -95.378647 175.458878 -59.034401 -151.885437 144.076797 -52.277603 -64.077866 174.732559 -22.259315               1265 
-169.369461 141.539200 -69.911362 -95.957939 175.480331 -58.867512 -152.005997 143.925278 -52.644238 -64.730202 175.091476 -22.025276               1274 
-169.342285 139.225906 -70.673180 -96.983009 175.008499 -58.617378 -152.756714 143.230484 -53.394634 -66.579292 175.930374 -21.101549               1283 
-168.336609 134.271774 -70.277267 -98.435287 174.608200 -58.164177 -152.342911 141.031509 -54.063549 -68.473549 177.902084 -20.426689               1292 
-168.050476 132.485901 -71.056137 -99.432793 174.653931 -57.944523 -153.915054 142.389206 -55.012550 -69.886810 178.391159 -19.921619               1301 
-167.869507 131.536972 -71.487625 -99.979202 174.678970 -57.824203 -155.152695 143.950928 -55.719242 -70.668907 178.645859 -19.642481               1310 
-167.754776 130.989578 -71.739159 -100.301018 174.693726 -57.753338 -155.844467 144.735443 -56.110607 -71.131950 178.791351 -19.477390               1319 
-169.184769 132.866974 -72.741882 -100.829597 174.855606 -57.924652 -157.330719 146.754242 -56.962791 -71.630180 177.651016 -19.554703               1328 
-154.934357 128.949738 -54.242218 -104.591118 172.210495 -58.201153 -159.276169 140.905991 -54.774475 -73.711868 176.565018 -21.320490               1337 
-148.729416 127.668388 -46.597984 -106.943604 170.953796 -58.607117 -160.691483 138.236893 -53.849072 -75.364639 176.403275 -22.472017               1346 
-146.701889 127.999245 -44.192184 -107.589478 170.820602 -58.734322 -161.392685 138.211487 -53.870014 -75.940781 176.350189 -22.672472               1355 
-145.750931 127.742706 -43.163261 -107.911072 170.567001 -58.574192 -161.693237 137.913391 -53.770538 -76.179970 175.998718 -22.569925               1364 
-145.457397 126.852989 -42.754112 -108.439827 169.979782 -58.258633 -162.090698 137.068756 -53.739120 -76.704918 175.264740 -22.235888               1373 
-145.883713 128.579544 -39.867264 -107.904228 169.808014 -57.528488 -160.901047 138.715332 -52.140060 -74.365829 173.749893 -22.998636               1382 
-147.085464 131.245392 -36.370766 -106.713585 168.857880 -56.374874 -158.951813 140.632050 -51.191235 -71.667137 170.591644 -23.187313               1391 
-148.430786 137.853500 -32.585999 -102.461212 165.540146 -56.223232 -158.073196 147.635635 -48.477379 -66.132683 161.392929 -24.668333               1400 
-148.251190 142.774551 -31.180893 -99.708832 164.156143 -56.078842 -155.926483 150.725922 -48.137684 -63.636143 156.033707 -25.006979               1411 
-148.687027 143.848511 -32.185848 -98.816628 163.160049 -56.063122 -154.865372 149.721527 -49.842010 -63.693901 152.842743 -24.557241               1419 
-148.743927 143.845978 -32.253250 -98.571793 162.462265 -55.981297 -152.757629 145.156265 -51.346302 -63.714409 151.596756 -24.365204               1427 
-146.652145 149.085571 -32.026901 -93.594208 154.816406 -56.029793 -149.730453 145.888794 -51.305443 -61.826714 142.462723 -21.811571               1437 
-147.294846 147.076294 -34.449829 -94.192627 153.415710 -58.152615 -150.112366 142.203796 -53.321964 -62.472954 144.513672 -22.835632               1446 
-147.875778 146.573502 -35.444630 -94.387962 152.662064 -58.288414 -150.558807 141.408127 -54.128963 -63.306416 143.604630 -22.447468               1455 
-147.919861 145.747513 -34.979515 -94.693832 152.781448 -58.122307 -151.337128 141.231430 -52.979454 -63.275223 144.216385 -22.454615               1464 
-148.356659 143.528610 -34.976273 -95.468468 153.047821 -57.970413 -151.838577 139.391785 -52.904297 -63.726906 144.766190 -22.522406               1473 
-148.628265 142.332169 -34.117123 -96.408150 153.446030 -57.878418 -152.537674 138.758347 -52.010323 -63.826347 144.744446 -23.304121               1482 
-152.674225 141.078979 -35.052113 -100.934914 155.928787 -57.837181 -155.886185 138.089401 -53.721214 -67.676239 143.185745 -25.215891               1491 
-155.486771 142.231934 -34.206375 -103.930847 157.138672 -57.400635 -158.199356 138.453842 -53.550865 -70.248070 143.063904 -25.777157               1500 
-155.558685 140.142776 -32.991798 -104.503441 156.788544 -56.140617 -157.701935 135.935242 -52.885677 -70.266144 143.038986 -24.972839               1509 
-155.791458 140.504501 -33.650177 -104.325584 156.068085 -56.667809 -157.863922 135.986740 -53.360691 -70.486191 142.508545 -24.986458               1518 
-156.390884 138.802277 -35.170147 -104.676682 154.982559 -57.207603 -158.141357 134.457474 -54.802498 -71.248032 141.832718 -24.923233               1527 
-156.870224 135.089737 -35.691452 -105.588837 153.250107 -57.212036 -158.354370 130.853653 -55.248825 -71.967163 141.358398 -24.641439               1536 
-157.137772 132.917603 -36.026711 -106.129074 152.224045 -57.214661 -158.672531 129.057816 -55.366440 -72.429077 141.076279 -24.462395               1545 
-166.087097 138.867645 -38.078583 -112.277473 155.878113 -58.340279 -165.904755 135.462891 -56.779266 -78.594627 139.893158 -27.638157               1554 
-171.882187 141.840668 -39.041473 -116.180809 157.544830 -58.754101 -170.406448 138.691040 -57.201424 -82.568092 139.063904 -29.405951               1563 
-177.962631 143.167175 -40.393097 -120.563545 158.223801 -59.718075 -174.840652 139.563522 -57.531158 -86.535828 139.149094 -31.240999               1572 
-181.610367 137.962830 -45.308376 -123.228035 158.143188 -58.850262 -176.341110 136.487885 -61.929989 -89.327003 137.101471 -31.635572               1581 
-183.617035 137.537537 -46.583900 -124.647446 158.428696 -58.575012 -177.385208 136.705261 -63.153278 -90.757172 136.672897 -31.914036               1590 
-185.359833 136.731277 -47.017395 -126.106758 158.101746 -58.283798 -178.537308 136.317307 -63.634289 -92.102295 136.079071 -31.989855               1599 
-186.072647 136.440704 -47.860851 -126.548828 158.056503 -58.429409 -179.855087 138.449692 -63.169052 -92.580544 135.870468 -32.226192               1608 
-187.996613 133.357483 -48.352577 -128.496475 155.306412 -59.383377 -182.338501 136.737839 -62.800743 -94.229813 134.047577 -32.802727               1618 
-189.077515 131.734512 -48.636852 -129.537720 153.836182 -59.893379 -183.637268 135.745468 -62.662838 -95.114403 133.075073 -33.122398               1626 
-188.630142 129.960587 -49.378162 -129.195404 153.040833 -59.861198 -183.186508 134.566483 -63.020847 -94.687447 132.698959 -32.878193               1635 
-188.825058 132.332336 -49.771534 -128.492722 153.774567 -59.149128 -183.118378 137.322861 -63.037693 -94.871567 131.849396 -32.286919               1644 
-189.077286 134.023422 -49.822163 -128.114944 154.309219 -58.239983 -183.149582 139.364868 -62.752377 -95.172791 131.095505 -31.620214               1654 
-189.532562 146.601166 -54.399403 -125.810081 158.136856 -58.205826 -182.397949 152.258469 -66.034378 -98.085258 127.628204 -33.041759               1663 
-189.094986 150.793732 -56.702171 -124.741180 159.394577 -57.875687 -181.522354 156.770538 -67.387337 -99.276978 126.109131 -33.868881               1672 
-187.969559 151.858627 -57.152245 -123.417702 159.423264 -57.354145 -180.606232 158.068207 -66.881828 -98.797073 125.631874 -33.174816               1681 
-189.097748 154.920609 -59.913208 -124.425064 161.753738 -58.475693 -181.814301 161.341370 -68.750755 -100.747513 127.582458 -33.891747               1690 
-189.468246 154.590302 -60.783947 -124.824677 161.887665 -58.403606 -182.368530 161.284088 -69.011528 -101.189781 127.708656 -33.789364               1699 
-189.025223 153.566513 -60.106365 -124.386276 161.322815 -57.839096 -182.139191 160.292053 -68.102081 -100.485664 127.649445 -32.788387               1708 
-188.985214 150.497360 -59.587597 -124.476662 159.584808 -57.384384 -182.351395 157.329422 -67.414642 -99.886063 126.720329 -31.930481               1717 
-188.770981 148.550369 -59.721027 -124.357521 158.498856 -57.336273 -182.290009 155.459671 -67.371078 -99.410065 126.161949 -31.556004               1726 
-188.553101 147.011932 -60.036263 -124.209549 157.575394 -57.451084 -182.177597 153.959061 -67.542923 -99.050285 125.684959 -31.322845               1735 
-187.181793 145.736908 -57.630104 -122.821251 156.613007 -56.189465 -180.907211 152.368851 -65.442368 -97.212303 125.812263 -29.204842               1744 
-186.516968 143.983185 -55.702316 -122.077400 154.653915 -56.172253 -180.357513 150.001328 -64.032455 -96.043449 125.622040 -27.675640               1753 
-185.544601 142.119995 -55.115913 -120.930450 151.717224 -56.948578 -179.348221 147.311234 -63.936096 -95.065002 124.800339 -26.303303               1763 
-185.119812 141.339401 -54.819569 -120.428467 150.431931 -57.288349 -178.912872 146.150635 -63.827232 -94.579048 124.509239 -25.784470               1771 
-184.876755 141.192825 -54.671562 -120.155540 150.224930 -57.262844 -178.866180 146.184937 -63.436161 -94.278336 124.547546 -25.581377               1780 
-185.123703 143.402924 -54.694614 -120.384514 152.630157 -56.700062 -179.258041 148.910141 -62.999687 -94.580238 125.991554 -25.761452               1789 
-185.222687 142.751907 -54.793430 -120.535088 152.504868 -56.680271 -179.519089 148.521591 -62.856041 -94.528091 125.857788 -25.919212               1798 
-188.653214 150.760040 -60.011814 -122.096489 159.806274 -56.187180 -180.844925 156.102737 -65.107254 -96.804886 129.378815 -28.489189               1808 
-189.734695 155.367874 -60.497379 -121.887230 163.940872 -54.944740 -180.675034 159.998505 -64.005730 -96.108559 132.123199 -29.336748               1816 
-192.142426 157.257919 -59.303818 -123.153046 163.806168 -56.993080 -182.473877 160.899567 -62.818165 -96.817780 132.788086 -30.973751               1825 
-191.915237 158.290680 -56.411755 -122.317490 163.002014 -56.916279 -181.952179 161.418884 -59.953148 -95.492836 131.412201 -32.113152               1834 
-191.185974 160.149933 -53.482780 -121.270264 162.664154 -56.838520 -180.962219 162.888275 -57.288502 -94.279778 130.195251 -33.387333               1843 
-190.662521 151.167587 -53.599010 -121.149094 160.487991 -57.750641 -180.509171 154.547897 -57.639366 -90.885498 133.424576 -31.590372               1853 
-187.429825 134.458832 -52.020298 -120.870316 155.865662 -60.425316 -178.098846 139.266327 -56.739613 -85.839920 140.504364 -30.936747               1861 
-184.829849 122.026604 -46.791061 -121.981422 150.932434 -60.701221 -176.679596 128.210938 -52.078320 -84.502579 144.884476 -30.844360               1870 
-179.233368 112.345688 -41.211594 -121.448769 148.118042 -60.631279 -172.751404 120.067619 -46.937244 -82.135277 149.423340 -32.605953               1879 
-173.197205 104.579399 -40.149940 -120.667824 147.851166 -59.600986 -168.259491 113.860794 -45.333496 -80.691994 152.497940 -32.898659               1888 
-171.863998 103.378609 -41.076935 -120.745651 148.787384 -59.724613 -167.490005 113.343544 -45.783672 -80.665649 153.911972 -33.266998               1897 
-157.793579 109.191193 -34.250877 -120.376656 150.461334 -59.148891 -166.126251 114.275162 -43.908649 -79.807350 156.596039 -33.670074               1907 
-156.491196 122.015244 -34.832661 -121.322624 158.684280 -60.120850 -170.924103 127.266411 -46.533627 -80.244247 158.882721 -34.720036               1916 
-153.065613 129.102036 -30.445141 -119.762207 164.193283 -57.028374 -169.386703 134.792984 -44.502979 -77.889687 161.924896 -33.065487               1925 
-148.501801 133.153763 -26.843765 -117.676453 168.200974 -53.186947 -166.480148 139.428848 -43.046616 -74.992081 163.284958 -31.129053               1934 
-136.988159 131.329651 -22.255878 -113.603653 168.985046 -48.556358 -158.711777 135.862717 -39.372463 -69.517731 166.363998 -29.005524               1943 
-128.786865 130.592026 -22.052830 -111.031563 170.330780 -46.330620 -153.033646 133.386185 -40.255257 -66.755478 169.845688 -27.041582               1952 
-123.480621 132.725601 -23.667320 -107.883263 173.524658 -44.983284 -148.958771 135.466171 -43.207531 -64.059364 172.520493 -24.706917               1961 
-119.435783 134.884155 -24.653502 -105.033913 175.996094 -44.188896 -145.615906 137.623398 -45.321968 -61.627995 174.466507 -23.064035               1970 
-116.592880 136.995209 -25.642632 -102.835670 178.549850 -43.432201 -142.762863 139.875092 -47.511044 -60.068562 176.704437 -21.066111               1979 
-110.534683 137.767044 -24.194296 -100.364891 181.197128 -38.916512 -137.763809 140.527527 -45.489883 -56.947197 180.342041 -17.777779               1988 
-107.821579 141.772079 -25.861647 -99.007530 186.197662 -37.636250 -135.141937 145.140244 -47.402561 -55.711498 185.105591 -16.260231               1997 
-114.058563 147.602417 -30.867662 -99.648232 191.729141 -36.326817 -139.169708 156.914246 -53.454582 -58.109695 182.799835 -13.359652               2006 
-115.039391 152.823364 -32.196934 -98.229034 196.176651 -34.387089 -138.885391 165.058426 -55.135521 -57.878387 183.283005 -11.186817               2015 
-113.363930 156.662308 -28.637989 -95.617813 199.461319 -30.363043 -137.239441 169.961807 -51.265953 -55.204006 184.988297 -8.228699               2025 
-109.768471 159.098282 -26.287016 -91.002892 201.350555 -26.458952 -133.901154 174.118332 -47.750851 -50.474937 184.702591 -6.136467               2033 
-102.757164 162.007355 -21.036701 -83.711235 204.080093 -21.842831 -128.440445 177.705612 -40.158684 -41.797112 186.667923 -5.329325               2042 
-96.909737 164.515701 -14.747669 -77.856979 206.462418 -17.650742 -123.141220 179.568253 -33.616051 -35.439964 189.571930 -1.896949               2051 
-92.015312 166.208862 -9.968514 -72.752716 207.895569 -14.463972 -118.400177 180.831482 -28.951878 -30.202402 191.238983 1.178992               2060 
-87.958382 167.128540 -6.480653 -68.413445 208.660461 -11.053794 -114.457596 182.081451 -25.087456 -25.800133 191.570221 3.936302               2070 
-83.890274 167.583527 -3.257103 -64.134621 209.121185 -6.672392 -110.677231 183.458862 -20.687386 -21.324341 191.161316 6.646610               2079 
-79.629898 168.945908 0.749450 -59.466442 210.219818 -3.341775 -106.475418 184.988190 -16.477442 -16.671873 191.894562 9.522269               2087 
-74.639885 169.958084 4.149342 -54.254959 211.080688 -0.324098 -101.511482 186.109131 -12.980683 -11.475608 192.545868 12.287829               2096 
-70.786476 170.792252 8.428894 -50.814018 212.060577 3.504431 -97.748528 186.479630 -9.059200 -7.908197 194.116348 16.533968               2105 
-67.626816 171.000809 11.767433 -47.853096 212.391663 7.022198 -94.632248 186.662109 -5.743758 -4.887133 194.596832 20.058430               2114 
-58.017006 169.769882 22.131893 -38.376766 211.468735 20.174664 -85.699326 186.925690 7.175515 5.058903 192.656570 29.772486               2142 
-54.814522 170.066208 24.897518 -35.077869 211.706039 22.598484 -82.648003 187.311264 10.271493 8.419902 192.763077 31.641813               2151 
-47.272034 168.036285 30.452444 -30.642187 210.775116 25.434830 -75.312706 181.649979 12.597783 13.445880 196.272583 38.798664               2160 
-42.677238 167.655289 34.495586 -27.595966 210.546753 26.919546 -70.159782 178.554321 13.808543 16.071579 199.126526 44.106674               2169 
-40.023891 169.153763 42.254807 -25.136152 210.618744 28.937660 -63.454765 173.982254 14.966204 14.692061 205.629898 55.798378               2178 
-37.999199 172.530930 51.141212 -22.535713 210.880981 30.957233 -57.437836 169.919052 20.540779 13.169380 214.188675 63.312740               2187 
-35.982323 175.003296 57.359715 -19.043106 210.674591 33.745335 -52.431438 167.970306 25.694500 13.439089 218.971344 68.512337               2197 
-32.887085 171.521439 58.578484 -16.887791 208.902161 37.037964 -49.172134 165.895264 26.534054 15.408380 216.026352 72.235641               2205 
-31.117191 172.572662 62.924263 -15.535714 208.774353 39.135799 -47.338688 164.862381 31.302826 16.719393 218.376144 73.778076               2214 
-29.429237 172.432465 65.667648 -12.913652 207.562439 40.913940 -45.311100 163.932495 34.068134 19.001049 217.803284 75.688217               2223 
-28.715637 170.652008 67.371376 -12.664233 206.659409 43.600643 -43.613491 162.259338 35.246815 18.140163 217.186951 79.278839               2232 
-25.553682 169.528717 68.122581 -10.277024 205.440811 43.705692 -42.378010 161.619781 36.827175 22.674698 215.200104 77.641121               2241 
-21.871878 168.589401 69.493004 -7.520471 204.715149 44.832439 -39.911686 160.994965 38.791199 26.750376 214.121185 77.538841               2250 
-19.912718 169.846359 72.438705 -5.079434 205.681229 47.640671 -36.071129 161.051849 41.007774 27.141546 216.732880 81.880165               2259 
-20.108067 175.261215 78.226845 -2.328672 208.635742 51.939075 -33.084496 163.723022 46.254314 26.411667 222.645676 88.138359               2269 
-18.318552 173.345474 78.312454 -0.470121 208.136139 53.939934 -31.862143 164.041168 45.890629 28.964657 219.488403 90.510323               2277 
-17.921270 170.292465 80.421753 -1.709498 206.598633 57.110027 -32.447392 162.234085 48.122025 28.838661 216.893814 93.075188               2286 
-20.359255 171.628372 84.460701 -4.524326 206.756134 59.169582 -33.591911 160.909897 52.368057 24.538855 220.475769 95.221992               2295 
-23.104805 174.124023 87.096382 -6.957466 207.808136 60.120514 -32.287514 159.589279 55.054726 17.344053 226.787155 97.294510               2304 
-23.687428 176.044464 88.159309 -6.919881 208.211411 59.793327 -31.907793 159.656128 56.692768 16.229790 229.355743 96.531364               2313 
-24.362410 178.515045 89.447197 -6.545175 208.553787 59.433613 -31.946453 160.123642 58.932510 15.889921 231.911606 95.263092               2322 
-25.013630 180.571411 91.444946 -6.098458 208.592819 60.114346 -33.622540 161.213120 61.830280 16.716866 233.097885 94.922905               2331 
-26.221008 182.729034 93.531761 -6.520130 207.305893 59.803173 -37.043266 161.990143 65.533394 17.747076 233.580780 92.259392               2340 
-26.400587 183.917938 97.221886 -5.091974 201.579910 60.199097 -41.661507 162.254120 71.926331 23.521646 228.231750 88.547165               2349 
-24.762064 183.852386 99.072380 -4.469869 198.119812 59.960358 -43.435051 162.730652 75.458481 27.771433 223.750992 85.183647               2359 
-24.148571 182.164017 100.358986 -4.562240 196.241882 60.722988 -44.585567 162.524567 76.714424 29.614717 220.049805 85.172768               2368 
-25.432316 180.351105 103.812485 -8.113174 195.800964 63.495037 -47.998848 162.613800 80.571754 28.410810 217.476608 86.491531               2377 
-29.175953 183.570282 106.911514 -11.628535 192.320709 64.598831 -52.589252 163.662033 86.215210 25.833536 215.861588 83.966164               2386 
-30.165916 184.312241 108.395508 -13.388300 190.062561 65.163216 -54.971924 164.510071 89.023140 25.436026 213.178055 82.222496               2395 
-29.437958 182.967087 108.842506 -13.586334 189.192551 65.247719 -55.169834 164.170990 89.418800 25.960602 211.517242 81.689178               2404 
-30.079914 182.671143 109.296227 -14.023505 188.199814 65.491051 -55.491142 163.475784 89.909134 25.312117 211.216263 81.479332               2413 
-30.236713 181.695816 110.558273 -13.931367 187.329651 66.282715 -55.560585 163.505386 91.122459 25.901470 209.919449 81.635864               2422 
-30.306002 181.040390 111.414146 -13.831775 186.864594 66.762497 -55.500786 163.606934 91.862167 26.355938 209.139099 81.644272               2431 
-30.662992 177.210892 114.725189 -14.947069 193.183167 71.868324 -53.706387 161.688644 92.014122 22.759853 216.760239 90.709320               2440 
-27.215513 171.757126 114.218575 -13.811576 196.360611 74.273720 -51.600704 161.714355 90.616295 25.244959 216.199707 94.612617               2450 
-26.470343 169.703186 113.845268 -13.630839 197.262543 75.431107 -51.256306 161.781403 90.216614 25.857439 215.751801 96.203598               2458 
-26.113293 168.944122 114.161476 -13.443690 197.909531 76.421669 -50.740959 161.910675 90.653877 26.103634 216.200912 97.256927               2467 
-26.167458 168.017700 114.165520 -13.700921 198.048126 77.013237 -50.877865 161.695084 90.923378 25.781317 216.331940 97.978180               2476 
-25.681128 166.841904 114.190948 -13.654415 197.651505 77.398994 -50.737202 161.243240 91.525345 26.292807 215.510895 97.842453               2485 
-25.397049 164.822159 114.016777 -13.511310 197.161301 77.987984 -50.349537 160.481049 92.158173 26.957338 214.480133 97.863098               2494 
-24.983263 163.202744 114.106079 -13.423986 196.928741 78.830780 -49.719440 159.640747 92.910011 27.255280 214.192719 98.319908               2503 
-25.157820 162.487610 113.845451 -13.189317 197.168076 79.291077 -49.542458 159.281067 93.336258 26.918463 214.970688 99.467949               2512 
-25.020750 161.399994 113.062248 -12.642510 197.383102 79.467911 -49.208248 159.046005 93.521164 27.267086 215.167297 100.049942               2521 
-23.496349 158.697067 111.324615 -10.523376 197.450806 80.330025 -47.749512 158.993698 93.550079 30.500708 212.909302 100.596565               2530 
-21.739983 155.815720 108.498055 -7.054061 198.098770 82.378654 -45.875881 160.113525 92.995628 35.652222 208.830582 102.219902               2539 
-20.361471 153.226761 105.682686 -4.717465 197.634033 83.228828 -45.261398 160.085907 94.198006 39.060307 205.343567 102.116478               2548 
-19.974094 153.071335 105.455208 -3.724489 197.752396 83.268311 -45.921993 161.201035 97.861687 40.360985 205.088150 101.580360               2557 
-20.512161 152.673523 104.914001 -3.532436 197.667648 83.135635 -46.708851 161.639465 99.600410 40.638763 204.772079 101.331940               2567 
-21.181601 152.191208 104.302872 -3.378167 197.528717 83.073105 -47.120934 161.730957 100.198692 40.785599 204.407150 101.373985               2576 
-21.618059 153.384613 104.658821 -2.927144 198.321609 82.481033 -47.710922 163.901917 102.081612 41.159916 205.607590 100.809128               2584 
-22.447109 155.134644 105.537811 -2.785180 199.220718 81.712868 -49.621929 167.937897 105.602547 41.021797 207.401596 100.332626               2594 
-23.112566 156.085968 106.132698 -2.521769 199.440735 81.311890 -51.952908 172.828949 109.761116 41.188816 207.827621 100.066040               2603 
-23.071743 156.619003 106.662277 -2.076905 199.449005 81.206108 -52.877056 175.653290 112.222084 41.684422 207.803619 99.856041               2612 
-23.155638 157.103867 106.391853 -1.189882 199.695038 81.339142 -52.905678 177.901443 113.630905 42.949867 206.577530 99.696350               2621 
-22.877262 153.652969 101.877449 1.066459 197.929611 81.646545 -51.769196 175.131760 111.735710 45.348480 201.173172 100.653267               2630 
-23.285192 153.130417 100.978172 1.083295 198.080032 82.017464 -51.894020 174.422485 111.111092 45.217030 201.099777 101.402191               2639 
-23.551020 152.408310 99.977539 1.532053 197.627014 82.011009 -51.541512 173.911697 110.814583 45.846813 199.631210 101.112289               2648 
-23.890274 151.829575 99.122032 1.566898 197.445953 82.059540 -51.554886 173.306931 110.362274 45.901745 199.009399 101.155357               2657 
-24.648531 152.457748 99.533203 1.662251 197.798035 82.348419 -52.676788 176.733795 111.802658 45.809910 199.175751 101.887085               2666 
-24.730974 152.733627 99.931229 1.708523 198.125732 82.534584 -53.279198 178.979492 113.046875 45.761078 199.803574 102.263512               2675 
-24.280600 153.302444 100.811073 1.781657 198.686890 82.637344 -53.361301 180.533386 114.016899 45.801487 201.114166 102.361351               2684 
-23.947659 153.955139 101.843208 1.722057 199.335938 82.950684 -53.547184 181.760941 114.763031 45.644268 202.518921 102.784523               2693 
-23.946384 154.699036 102.767006 1.508380 199.981583 83.238121 -54.013042 182.951721 115.137665 45.247688 203.842270 103.353821               2703 
-22.358660 156.529968 104.000626 2.129961 201.859711 83.290276 -53.456528 184.526825 115.958534 45.496708 207.564545 103.770836               2711 
-21.766449 156.927536 104.625587 2.411844 202.473312 83.858276 -53.470905 185.181686 117.336563 45.553455 208.779907 104.635712               2720 
-21.347708 157.196823 104.952316 2.575758 203.056473 84.292458 -53.388313 185.637512 118.548553 45.645103 209.680664 105.120918               2729 
-21.469044 160.112289 106.451782 2.550809 204.917328 83.254501 -54.012173 189.427185 118.069595 45.130486 213.448166 104.393799               2738 
-21.054678 159.575439 106.021324 2.881681 204.792801 83.396988 -53.514446 188.963135 118.758797 45.637451 212.917511 104.339928               2747 
-19.919214 159.224121 105.508308 3.613864 205.014053 83.451309 -52.276047 188.219467 119.276527 46.595722 212.922913 104.010582               2756 
-19.177586 158.442749 104.767204 3.927908 205.076538 83.603828 -51.110878 186.977997 120.210808 47.332718 212.522781 103.434341               2765 
-18.444817 157.852158 104.244102 4.254752 205.154800 83.689430 -49.990246 185.986938 121.021301 48.010891 212.354477 102.826775               2775 
-16.808628 157.553513 102.358810 5.047919 206.466019 84.603271 -49.789520 183.923782 119.151672 47.819714 214.321091 105.616234               2783 
-15.615231 157.119980 101.595978 5.945377 206.618454 84.727386 -48.520351 182.983231 119.203209 48.798653 214.340149 105.623459               2792 
-14.363444 155.415451 99.463303 7.107509 205.927567 85.225922 -46.634289 180.251450 119.438339 50.433434 212.316132 105.590698               2802 
-14.236583 156.631424 99.983566 7.586164 207.063431 85.002533 -46.113113 181.930023 119.731339 50.928871 213.818695 105.212662               2810 
-15.244047 163.473862 107.997505 7.777326 208.371490 81.427589 -48.770348 192.409866 117.096596 49.099426 221.705261 102.578659               2819 
-13.887735 172.661743 118.138657 7.858891 206.065521 77.260170 -50.869194 197.898651 112.073097 44.724586 232.356628 94.064095               2829 
-15.775729 178.711823 121.544624 7.409983 203.227219 75.205917 -52.056374 202.696930 109.756584 44.226479 232.145920 87.077225               2838 
-16.642698 180.123703 122.279869 7.141980 201.997345 74.696785 -52.222637 204.383408 109.377159 44.532986 230.785995 84.982674               2846 
-17.333893 182.455917 122.670044 7.317143 201.905731 74.327332 -52.565331 206.050491 107.968651 44.508881 231.297134 83.579010               2856 
-17.679609 185.141296 122.490158 7.911150 202.269608 73.661880 -52.798195 207.317017 105.688858 44.385784 232.817032 81.976295               2865 
-17.989082 187.630188 122.475494 8.798391 202.152756 73.374443 -52.538021 209.061493 103.850906 45.198349 233.021530 80.779472               2874 
-18.673977 189.886993 122.290848 9.179831 202.155731 73.076500 -52.702015 210.480530 102.089493 45.426846 233.400131 79.604485               2883 
-18.065279 192.468079 122.417549 10.814181 201.865540 73.025063 -51.380543 212.269775 100.695412 47.181217 233.229889 78.162109               2892 
-18.341961 191.724930 122.242615 10.760671 201.851715 73.008438 -51.434994 211.863739 100.846947 47.053555 233.262619 78.380188               2901 
-18.609886 191.278839 122.107582 10.756777 201.832260 73.009789 -51.433788 211.701523 100.935364 47.025604 233.256516 78.465233               2910 
-18.857433 190.877472 121.943138 10.756343 201.823273 73.009239 -51.413033 211.621017 101.031158 47.047752 233.203140 78.568977               2919 
-19.012896 190.248978 121.744659 10.770569 201.778305 73.024925 -51.337616 211.424957 101.257050 47.129768 233.035416 78.828026               2928 
-19.207853 189.370163 121.521667 10.782632 201.678467 73.065781 -51.194763 211.251617 101.628311 47.341106 232.627518 79.255135               2937 
-19.212067 188.110703 121.340889 10.879600 201.460373 73.251228 -50.855549 211.023972 102.356422 47.851959 231.766891 80.123871               2946 
-19.012560 186.909073 120.805046 11.429047 201.239349 73.279610 -50.138802 210.983673 102.695137 48.915642 230.685608 81.047897               2955 
-19.159807 186.156189 120.266357 11.721924 201.226746 73.305092 -49.779713 211.050995 102.849442 49.519402 230.092361 81.719376               2964 
-19.132971 185.421799 119.493668 12.133026 201.265778 73.168594 -49.296955 211.165970 102.852646 50.291832 229.406448 82.370857               2973 
-18.791718 184.476913 118.701988 12.628846 201.268127 72.992920 -48.551723 211.142410 103.210991 51.223785 228.560196 82.904907               2982 
-18.408646 183.117035 118.172195 12.882840 201.045074 73.164757 -47.903301 210.766388 104.231224 52.035782 227.208267 83.898239               2992 
-18.034035 182.025970 117.693207 13.002637 200.781174 73.376556 -47.468636 210.308075 105.123230 52.610928 225.936905 84.824081               3001 
-15.477744 171.015686 112.672600 15.517325 198.250137 73.809219 -44.646038 201.653854 107.349342 55.761677 219.134216 90.450157               3009 
-13.607535 165.407639 108.625755 17.304989 196.048538 73.528641 -42.331570 196.882004 108.165741 58.487350 212.917068 92.294006               3019 
-12.844576 162.748398 105.148804 17.678930 197.101776 74.511391 -41.364056 194.058380 109.861176 59.589046 209.854675 94.848038               3027 
-11.052492 162.360886 104.269157 17.450512 199.062851 75.376114 -40.870373 192.069962 111.198479 59.340408 211.629166 95.869965               3036 
-10.023479 161.513260 102.726845 17.456797 199.598648 75.761482 -40.359062 190.224274 111.727791 59.621281 210.841904 96.459763               3045 
-9.089995 161.273132 102.176346 17.558405 199.843948 76.041100 -39.929676 189.309052 112.103828 59.908012 210.413803 96.716255               3054 
-8.276482 161.102707 101.822075 17.438316 200.102859 75.935707 -39.926285 188.352417 111.728668 59.575771 211.191406 96.772034               3064 
-7.766217 162.419540 101.465157 16.949209 201.256668 74.718445 -40.509968 188.908615 110.079155 58.499676 214.088684 95.732048               3072 
-7.383883 161.839020 100.570534 17.049578 201.163986 74.482887 -40.434898 187.944778 109.416107 58.479176 213.850922 95.820732               3081 
-7.164875 161.529968 100.097046 17.103468 201.114227 74.356415 -40.389420 187.434723 109.034203 58.469536 213.719193 95.865395               3091 
-6.736421 161.224747 99.515038 17.337372 201.079224 74.073799 -40.209949 186.865936 108.393486 58.541775 213.799591 95.823807               3100 
-6.606324 161.660355 99.620171 17.176039 201.291656 73.612373 -40.459431 187.094711 107.737999 58.094139 214.818481 95.416206               3109 
-6.514987 161.973846 99.701416 17.063585 201.439728 73.290749 -40.630333 187.258987 107.280670 57.779991 215.525681 95.118111               3118 
-6.450839 162.047150 99.682152 16.967102 201.490021 73.128654 -40.714874 187.227081 107.061821 57.603699 215.805740 94.955261               3127 
-6.330597 161.935074 99.668892 16.968260 201.455521 73.143753 -40.658531 187.044006 107.071083 57.599987 215.801300 94.959671               3136 
