-28.205843 172.030228 93.993507 36.258312 115.472992 81.657608 -19.127581 131.442734 111.550392 51.699535 71.610832 82.111778                  0 
-28.275127 171.954803 94.010941 36.262432 115.407326 81.740654 -19.182920 131.174545 111.360199 51.831093 71.590218 82.192612                 18 
-28.371185 171.856064 94.005486 36.251720 115.350502 81.817688 -19.250301 130.940002 111.199135 51.937241 71.575119 82.272835                 36 
-28.836891 171.672470 93.441841 36.112823 115.349693 82.098686 -19.559116 130.918655 111.117775 52.059357 71.677200 83.072510                 54 
-29.459126 171.480759 92.752502 35.943886 115.457108 82.398758 -19.951445 130.900070 111.004868 52.264702 71.940697 83.973564                 72 
-29.636803 171.166336 92.414711 36.277569 115.565224 82.591759 -19.895308 130.482758 110.875114 53.066502 72.235359 84.375374                 90 
-30.373230 171.509155 91.937881 35.919575 116.054001 82.928200 -20.441006 130.650269 110.839432 53.183308 72.935234 85.222061                108 
-30.516626 171.820770 91.682602 35.730400 116.093719 83.026070 -20.753601 130.522217 110.565186 53.102928 73.022545 85.391655                126 
-30.443745 172.158295 91.594360 35.664452 116.093491 83.048630 -20.845568 130.432861 110.397804 53.075542 73.036964 85.397217                144 
-30.439161 172.278183 91.482285 35.595119 116.041672 83.038284 -20.942459 130.324753 110.232315 53.005756 72.982323 85.338013                162 
-30.384838 172.342453 91.503372 35.582050 115.999557 83.018448 -20.913116 130.268036 110.177437 52.978207 72.930832 85.251289                180 
-30.347193 172.390930 91.546417 35.576488 115.976509 83.020668 -20.883764 130.208954 110.125710 52.972149 72.904007 85.183350                198 
-30.320631 172.419662 91.584198 35.571560 115.956100 83.022636 -20.853052 130.156738 110.076065 52.966846 72.880371 85.123184                217 
-30.297817 172.431656 91.621414 35.579315 115.941353 83.017349 -20.810358 130.095215 110.020218 52.987152 72.867691 85.055367                235 
-29.350719 172.416779 92.721092 35.401222 114.901588 82.523094 -20.389820 129.601624 110.288422 52.052402 71.496216 83.635933                253 
-29.468992 172.417282 92.835518 35.572121 115.201820 82.826332 -20.205587 129.703552 110.548988 52.452576 71.887909 84.043480                271 
-29.523966 172.377213 92.701897 35.544548 115.176956 82.836517 -20.214790 129.658951 110.443840 52.444794 71.871002 84.062363                289 
-29.397520 172.141144 92.764046 35.463234 114.760292 82.675461 -20.291565 129.222992 110.166611 52.181450 71.375267 83.551491                307 
-29.204140 172.045959 92.887978 35.457401 114.525436 82.445984 -20.267725 128.928589 109.905968 52.012180 71.071564 82.922287                325 
-27.785131 172.563019 94.364723 35.022789 113.519417 81.727089 -19.743549 128.922394 110.393921 50.318695 69.610069 80.998230                343 
-27.698875 172.269501 93.838654 35.044930 113.226753 81.445770 -19.623009 128.770035 110.051773 50.249176 69.285309 80.733810                361 
-27.657953 172.176651 93.729012 35.181908 113.266518 81.551506 -19.477512 128.756348 110.022102 50.433105 69.341003 80.860924                379 
-27.694660 172.049149 93.451401 35.240166 113.270866 81.626770 -19.440235 128.754379 109.853775 50.510155 69.350914 81.001251                397 
-27.679726 171.970093 93.331604 35.251240 113.206017 81.616196 -19.369888 128.709763 109.737190 50.518410 69.284698 81.017670                415 
-27.628510 171.954224 93.330833 35.297688 113.218353 81.638687 -19.239525 128.713287 109.657761 50.566959 69.297905 81.030167                433 
-27.596008 171.922791 93.310760 35.208313 113.075974 81.588676 -19.256823 128.604584 109.402496 50.390800 69.126518 80.907219                451 
-27.582529 171.918594 93.290955 35.225227 113.076042 81.637405 -19.134909 128.633316 109.401596 50.431900 69.133797 81.035011                469 
-27.596357 171.898270 93.311592 35.214455 113.070992 81.663414 -19.065796 128.601730 109.296494 50.445496 69.137024 81.073418                488 
-27.615063 171.859482 93.307823 35.236343 113.078674 81.712700 -18.916918 128.631607 109.438538 50.537914 69.167686 81.250092                506 
-27.661541 171.795105 93.280624 35.275944 113.088310 81.800453 -18.749086 128.595322 109.397659 50.692852 69.216148 81.519287                524 
-27.543404 171.936371 93.298134 35.545780 113.193993 82.837914 -18.108515 128.952484 109.560738 51.272545 69.443817 83.895004                542 
-27.551943 171.946091 93.340225 35.519989 113.198013 82.815002 -18.160965 128.671097 108.863022 51.245907 69.446045 83.808701                560 
-27.625589 171.776932 93.494423 35.446491 113.056290 82.740875 -18.229130 128.356812 108.832909 51.208595 69.313431 83.543755                578 
-27.992287 171.312927 93.466911 35.262619 112.776764 82.658913 -18.520712 127.745834 108.655876 51.195366 69.093376 83.318878                596 
-27.884398 171.328278 93.715912 35.290863 112.737320 82.737099 -18.385664 127.703194 108.857628 51.208805 69.047630 83.334457                614 
-28.031446 171.157990 93.661659 35.265377 112.687775 82.714661 -18.368055 127.509613 108.829453 51.328033 69.051941 83.371758                632 
-28.028723 171.206665 93.702019 35.239887 112.691643 82.748085 -18.330069 127.460144 108.883392 51.352894 69.074516 83.414612                650 
-28.012772 171.306427 93.700768 35.193752 112.692924 82.760719 -18.328007 127.421654 108.928047 51.354507 69.093803 83.448608                668 
-28.008560 171.381104 93.697685 35.152725 112.694069 82.771957 -18.322123 127.380630 108.936333 51.355988 69.111023 83.478668                686 
-28.304878 171.159027 93.742195 35.258450 112.821358 83.208214 -18.226519 127.296127 109.368919 51.834023 69.386055 84.281487                705 
-28.539158 171.042526 93.774117 35.316860 112.947945 83.523201 -18.200769 127.177559 109.618309 52.186882 69.631920 84.808105                723 
-28.468342 171.150925 93.760262 35.309479 112.942497 83.514412 -18.117271 127.134613 109.619858 52.183613 69.627365 84.775291                741 
-28.303135 171.505524 94.138680 35.517799 113.350601 83.710648 -17.638302 127.462616 110.161316 52.521641 70.086365 84.976288                759 
-28.056160 171.897842 94.267273 35.887196 113.857536 83.822296 -16.881947 128.011230 110.785370 53.068302 70.667778 85.229652                777 
-27.599487 172.554047 94.400002 35.922302 114.074409 83.789513 -16.217396 128.821106 111.471024 52.812832 70.767174 85.101082                795 
-26.717657 173.180817 94.217857 36.381142 114.323204 83.099571 -15.040419 129.585159 111.822327 53.065395 70.933075 84.307426                813 
-25.377586 174.866180 94.065018 37.181698 115.477539 82.721901 -13.522524 131.474289 112.333832 53.532082 71.961136 83.952454                831 
-23.767704 177.884628 93.005661 38.232670 117.817841 82.144348 -11.643093 135.013016 112.709648 54.265827 74.203926 83.958626                849 
-21.693163 181.360321 91.120674 39.580189 120.452934 80.816544 -9.068495 139.303711 112.811844 55.213543 76.731750 83.382332                867 
-20.260578 184.890533 88.088860 40.852760 123.733421 78.320351 -7.210464 143.432236 111.072617 56.391464 80.006149 81.320549                885 
-17.805307 188.178589 84.190010 42.874809 126.289459 76.557617 -5.005928 147.482056 109.103462 57.937298 82.478401 80.587418                903 
-13.409809 191.079666 78.662582 46.339592 127.895798 75.738297 -2.417779 151.119370 106.139938 60.223274 83.871521 81.362602                921 
-16.185629 199.384491 69.102623 45.856579 138.418167 71.159630 -4.545284 161.415009 99.280319 61.072731 95.215157 79.190483                939 
-16.703411 205.728348 62.682224 46.020679 145.519730 65.527451 -4.669515 168.312943 93.532227 61.634254 102.511360 73.835449                958 
-15.895092 212.575058 57.534016 45.868881 151.367081 59.572086 -4.638048 174.399902 87.715836 60.733669 107.946083 67.067520                976 
-15.018265 218.681366 53.268734 45.576660 156.303604 53.456921 -4.975464 178.968002 81.763481 59.493011 112.291084 59.092480                994 
-15.403342 224.833939 46.521210 44.687260 161.986984 46.668106 -6.290217 184.434204 73.988068 58.131031 117.749756 51.653976               1012 
-16.472067 228.010895 36.531815 44.654385 166.278152 39.589565 -7.535034 188.223694 64.567703 58.681675 122.367302 45.721401               1030 
-18.768259 230.368347 26.856346 43.623928 170.171387 32.264252 -10.116469 190.651688 54.493454 58.366920 126.544228 38.732773               1048 
-22.064039 232.327957 13.629230 42.012615 174.748535 23.494507 -13.316731 193.917297 42.323727 57.779785 131.771759 31.674992               1066 
-24.635386 233.522720 2.440936 40.162483 177.713806 15.196421 -15.716282 196.601593 31.884186 56.286034 135.204529 24.969826               1084 
-28.368809 228.845093 -11.405588 41.145504 181.570343 8.602493 -17.641745 194.418640 20.128754 61.166496 141.634796 21.519083               1102 
-30.643074 229.999512 -25.092833 38.404114 184.204147 -0.598847 -21.046259 196.406189 7.504447 58.245178 144.941055 14.476571               1120 
-32.401146 229.252640 -37.305676 36.957527 186.789429 -8.212219 -23.347977 196.172607 -4.136905 57.433182 148.737686 8.973242               1138 
-34.575638 227.676346 -49.832081 34.697056 188.278961 -16.639698 -26.231382 194.559387 -16.493528 55.604557 151.318237 2.315744               1156 
-36.030575 224.270584 -63.095665 33.016617 189.131302 -25.132469 -28.888084 191.919342 -27.993151 54.296368 153.978714 -3.361065               1175 
-35.828583 215.230515 -74.318993 32.463047 184.884323 -29.478355 -29.353346 179.748611 -31.961229 58.070438 156.078461 -3.458934               1193 
-34.881161 212.807678 -85.173874 32.579494 185.802353 -35.124428 -29.035126 177.861420 -36.624111 59.637848 161.729919 -5.954395               1211 
-35.428493 207.943176 -94.857430 31.682039 185.461304 -41.449299 -29.659365 174.930786 -43.204922 59.254227 164.858429 -10.179149               1229 
-35.395626 203.239166 -102.876106 30.811098 184.070480 -46.713326 -30.128202 171.101715 -49.751228 58.281200 165.646729 -14.025628               1247 
-35.390324 198.509506 -109.571541 29.940981 182.628632 -51.171490 -30.349464 166.358231 -55.865402 57.303120 165.908371 -17.492517               1265 
-35.602501 192.119659 -115.756683 29.322510 180.810623 -55.681072 -30.328541 161.508896 -60.677494 56.768993 166.574219 -20.945759               1283 
-36.018887 185.767365 -119.820419 29.012577 178.227081 -59.162743 -30.182081 156.658401 -63.613937 56.723953 166.060471 -23.855806               1301 
-36.272076 181.578110 -122.621063 28.765741 177.086044 -61.483253 -30.014746 153.604355 -65.299591 56.618694 166.828781 -25.684813               1319 
-36.456253 177.776093 -124.760262 28.558325 174.396530 -63.336578 -30.313412 150.544876 -66.494202 56.301514 165.249298 -27.154119               1337 
-38.180164 171.796967 -127.363602 27.691944 172.248962 -66.457321 -30.470404 146.147110 -67.470390 56.121593 165.920181 -30.205034               1355 
-38.752872 167.342560 -131.248917 26.016502 168.654465 -68.800606 -30.883284 139.729919 -71.045944 53.974880 163.393631 -32.015018               1373 
-40.305401 163.789825 -133.288986 24.328243 166.697678 -70.541718 -30.990311 134.691452 -73.279793 52.443142 162.382065 -33.752388               1391 
-41.465378 158.685776 -135.521942 22.997931 164.732468 -72.629196 -31.774023 131.570435 -74.048912 51.002419 162.569702 -35.567116               1410 
-55.467072 140.896439 -138.043396 15.888005 156.387131 -84.832108 -39.500614 127.119591 -73.093338 47.676247 161.087250 -51.217484               1428 
-55.462040 142.947571 -141.802872 15.404052 154.962036 -86.894791 -40.558838 128.034927 -76.202003 46.585014 158.870575 -52.616554               1446 
-61.693626 130.438995 -140.802109 11.210302 151.375793 -91.306160 -40.995617 121.040619 -74.911064 43.956394 160.630997 -59.611343               1464 
-64.087517 130.254211 -140.675430 10.016439 150.164871 -92.264023 -40.697540 119.647041 -74.496193 43.549103 159.878616 -61.543831               1482 
-64.981003 130.976563 -140.415253 9.434665 150.031784 -91.897881 -38.607479 116.369118 -74.959549 43.273933 159.534698 -61.449146               1500 
-63.825314 131.694199 -141.163513 10.465277 150.080200 -91.865570 -36.673279 116.443214 -74.141640 44.366230 160.474701 -61.778915               1518 
-63.590763 132.682785 -142.274078 10.422244 150.017944 -91.899345 -35.634354 115.435837 -74.593834 44.264122 160.532486 -61.787910               1536 
-63.718163 133.994019 -143.272583 10.064116 149.791321 -91.886818 -35.489239 115.096512 -75.227577 43.840759 159.969162 -61.587040               1554 
-63.271477 134.932877 -144.517990 9.914217 150.055695 -92.019409 -35.440865 115.128853 -76.265289 43.369202 160.026657 -61.296928               1572 
-65.516342 133.243668 -148.751343 6.868154 148.937073 -95.292061 -38.830193 114.904884 -79.567345 39.884808 159.403519 -64.261742               1590 
-65.526848 132.170425 -153.588547 4.957069 149.512695 -98.112236 -40.119621 114.317123 -83.801125 36.852394 160.755966 -66.193535               1608 
-61.438072 124.932953 -157.299301 6.211633 147.788269 -100.292847 -38.702461 113.009926 -85.339027 36.479359 162.093292 -68.016571               1626 
-57.011509 126.729240 -161.827301 8.407186 148.868820 -101.987404 -38.193985 115.989746 -88.584579 37.484364 163.060287 -68.586105               1644 
-52.895813 133.010529 -166.792252 10.580048 150.889771 -103.507462 -38.269146 120.558914 -92.815819 38.732357 163.174973 -68.592590               1662 
-51.457932 136.102615 -170.138901 11.739685 153.157227 -106.324333 -37.048950 122.685104 -96.232025 39.773773 165.039810 -71.175781               1681 
-45.375477 140.632553 -177.741440 13.805936 156.303131 -109.805473 -35.060715 125.173958 -103.253601 39.746643 167.523499 -72.877029               1699 
-44.127281 136.070801 -179.719589 14.717436 157.418457 -113.029518 -34.188759 127.227547 -103.885971 40.640556 171.831558 -77.213585               1717 
-35.092148 136.259964 -187.955948 16.931976 158.053268 -115.935638 -32.640274 128.076385 -111.248787 39.358780 172.785370 -77.954979               1735 
-31.058399 131.409058 -190.919693 18.161518 156.790573 -118.102180 -32.642975 129.087112 -113.930420 39.257801 173.580292 -80.213150               1753 
-22.487482 144.915924 -202.897751 19.727108 158.952393 -122.955872 -31.443199 132.207932 -127.712181 37.230087 169.892410 -81.284676               1771 
-23.789263 128.812622 -200.016495 19.079578 154.528381 -123.389793 -33.509911 130.435715 -124.029228 37.162357 171.754654 -84.162315               1789 
-26.157944 118.464104 -197.165695 18.590643 151.146774 -124.358017 -36.090958 132.683502 -122.725883 38.092010 172.259842 -87.800369               1807 
-21.541876 114.684784 -198.081482 19.554142 148.993317 -123.876640 -35.691792 132.671860 -125.316734 37.440975 171.025879 -87.037079               1825 
-18.604177 105.872444 -199.272278 18.479517 148.209839 -127.123917 -36.540100 131.341858 -130.462189 34.282810 174.135941 -91.901474               1843 
-17.711012 68.385132 -177.183197 14.372025 134.797745 -123.018906 -40.869465 117.996643 -126.410408 27.864899 172.075531 -98.711800               1861 
-5.208422 65.803383 -192.745026 15.214895 140.190414 -143.512512 -37.895004 123.907196 -160.171204 23.958752 180.939697 -122.883232               1880 
-0.731298 64.766724 -196.795120 15.612041 141.188828 -149.176239 -35.679424 124.550568 -170.766129 22.758469 182.775024 -129.630295               1897 
0.021408 64.583145 -197.451202 15.682224 141.365265 -150.177124 -35.182697 124.676575 -172.867233 22.580708 183.093658 -130.846313               1916 
-0.629807 63.407993 -198.359009 14.895851 139.489182 -149.915588 -35.782112 123.317154 -173.492218 21.786512 180.923920 -129.960449               1934 
2.134624 64.325157 -200.826080 15.229380 138.720428 -149.148529 -35.367905 120.653793 -171.582443 20.523598 179.455963 -127.351418               1952 
-14.994221 63.017391 -187.720245 13.415067 130.863327 -133.249542 -41.746788 118.889999 -148.087936 25.988758 168.779892 -109.442757               1970 
999.000000 999.000000 999.000000 999.000000 999.000000 999.000000 999.000000 999.000000 999.000000 999.000000 999.000000 999.000000             1988.0 
999.000000 999.000000 999.000000 999.000000 999.000000 999.000000 999.000000 999.000000 999.000000 999.000000 999.000000 999.000000             2006.0 
999.000000 999.000000 999.000000 999.000000 999.000000 999.000000 999.000000 999.000000 999.000000 999.000000 999.000000 999.000000             2024.0 
999.000000 999.000000 999.000000 999.000000 999.000000 999.000000 999.000000 999.000000 999.000000 999.000000 999.000000 999.000000             2042.0 
999.000000 999.000000 999.000000 999.000000 999.000000 999.000000 999.000000 999.000000 999.000000 999.000000 999.000000 999.000000             2060.0 
999.000000 999.000000 999.000000 999.000000 999.000000 999.000000 999.000000 999.000000 999.000000 999.000000 999.000000 999.000000             2078.0 
999.000000 999.000000 999.000000 999.000000 999.000000 999.000000 999.000000 999.000000 999.000000 999.000000 999.000000 999.000000             2096.0 
999.000000 999.000000 999.000000 999.000000 999.000000 999.000000 999.000000 999.000000 999.000000 999.000000 999.000000 999.000000             2114.0 
999.000000 999.000000 999.000000 999.000000 999.000000 999.000000 999.000000 999.000000 999.000000 999.000000 999.000000 999.000000             2132.0 
999.000000 999.000000 999.000000 999.000000 999.000000 999.000000 999.000000 999.000000 999.000000 999.000000 999.000000 999.000000             2151.0 
999.000000 999.000000 999.000000 999.000000 999.000000 999.000000 999.000000 999.000000 999.000000 999.000000 999.000000 999.000000             2169.0 
999.000000 999.000000 999.000000 999.000000 999.000000 999.000000 999.000000 999.000000 999.000000 999.000000 999.000000 999.000000             2187.0 
999.000000 999.000000 999.000000 999.000000 999.000000 999.000000 999.000000 999.000000 999.000000 999.000000 999.000000 999.000000             2205.0 
999.000000 999.000000 999.000000 999.000000 999.000000 999.000000 999.000000 999.000000 999.000000 999.000000 999.000000 999.000000             2223.0 
999.000000 999.000000 999.000000 999.000000 999.000000 999.000000 999.000000 999.000000 999.000000 999.000000 999.000000 999.000000             2241.0 
999.000000 999.000000 999.000000 999.000000 999.000000 999.000000 999.000000 999.000000 999.000000 999.000000 999.000000 999.000000             2259.0 
999.000000 999.000000 999.000000 999.000000 999.000000 999.000000 999.000000 999.000000 999.000000 999.000000 999.000000 999.000000             2277.0 
999.000000 999.000000 999.000000 999.000000 999.000000 999.000000 999.000000 999.000000 999.000000 999.000000 999.000000 999.000000             2295.0 
999.000000 999.000000 999.000000 999.000000 999.000000 999.000000 999.000000 999.000000 999.000000 999.000000 999.000000 999.000000             2313.0 
999.000000 999.000000 999.000000 999.000000 999.000000 999.000000 999.000000 999.000000 999.000000 999.000000 999.000000 999.000000             2331.0 
999.000000 999.000000 999.000000 999.000000 999.000000 999.000000 999.000000 999.000000 999.000000 999.000000 999.000000 999.000000             2350.0 
999.000000 999.000000 999.000000 999.000000 999.000000 999.000000 999.000000 999.000000 999.000000 999.000000 999.000000 999.000000             2368.0 
999.000000 999.000000 999.000000 999.000000 999.000000 999.000000 999.000000 999.000000 999.000000 999.000000 999.000000 999.000000             2386.0 
999.000000 999.000000 999.000000 999.000000 999.000000 999.000000 999.000000 999.000000 999.000000 999.000000 999.000000 999.000000             2404.0 
999.000000 999.000000 999.000000 999.000000 999.000000 999.000000 999.000000 999.000000 999.000000 999.000000 999.000000 999.000000             2422.0 
999.000000 999.000000 999.000000 999.000000 999.000000 999.000000 999.000000 999.000000 999.000000 999.000000 999.000000 999.000000             2440.0 
999.000000 999.000000 999.000000 999.000000 999.000000 999.000000 999.000000 999.000000 999.000000 999.000000 999.000000 999.000000             2458.0 
999.000000 999.000000 999.000000 999.000000 999.000000 999.000000 999.000000 999.000000 999.000000 999.000000 999.000000 999.000000             2476.0 
999.000000 999.000000 999.000000 999.000000 999.000000 999.000000 999.000000 999.000000 999.000000 999.000000 999.000000 999.000000             2494.0 
999.000000 999.000000 999.000000 999.000000 999.000000 999.000000 999.000000 999.000000 999.000000 999.000000 999.000000 999.000000             2512.0 
999.000000 999.000000 999.000000 999.000000 999.000000 999.000000 999.000000 999.000000 999.000000 999.000000 999.000000 999.000000             2530.0 
999.000000 999.000000 999.000000 999.000000 999.000000 999.000000 999.000000 999.000000 999.000000 999.000000 999.000000 999.000000             2549.0 
999.000000 999.000000 999.000000 999.000000 999.000000 999.000000 999.000000 999.000000 999.000000 999.000000 999.000000 999.000000             2566.0 
999.000000 999.000000 999.000000 999.000000 999.000000 999.000000 999.000000 999.000000 999.000000 999.000000 999.000000 999.000000             2584.0 
999.000000 999.000000 999.000000 999.000000 999.000000 999.000000 999.000000 999.000000 999.000000 999.000000 999.000000 999.000000             2602.0 
999.000000 999.000000 999.000000 999.000000 999.000000 999.000000 999.000000 999.000000 999.000000 999.000000 999.000000 999.000000             2621.0 
999.000000 999.000000 999.000000 999.000000 999.000000 999.000000 999.000000 999.000000 999.000000 999.000000 999.000000 999.000000             2639.0 
999.000000 999.000000 999.000000 999.000000 999.000000 999.000000 999.000000 999.000000 999.000000 999.000000 999.000000 999.000000             2657.0 
999.000000 999.000000 999.000000 999.000000 999.000000 999.000000 999.000000 999.000000 999.000000 999.000000 999.000000 999.000000             2675.0 
999.000000 999.000000 999.000000 999.000000 999.000000 999.000000 999.000000 999.000000 999.000000 999.000000 999.000000 999.000000             2693.0 
999.000000 999.000000 999.000000 999.000000 999.000000 999.000000 999.000000 999.000000 999.000000 999.000000 999.000000 999.000000             2711.0 
999.000000 999.000000 999.000000 999.000000 999.000000 999.000000 999.000000 999.000000 999.000000 999.000000 999.000000 999.000000             2729.0 
999.000000 999.000000 999.000000 999.000000 999.000000 999.000000 999.000000 999.000000 999.000000 999.000000 999.000000 999.000000             2747.0 
999.000000 999.000000 999.000000 999.000000 999.000000 999.000000 999.000000 999.000000 999.000000 999.000000 999.000000 999.000000             2765.0 
999.000000 999.000000 999.000000 999.000000 999.000000 999.000000 999.000000 999.000000 999.000000 999.000000 999.000000 999.000000             2783.0 
999.000000 999.000000 999.000000 999.000000 999.000000 999.000000 999.000000 999.000000 999.000000 999.000000 999.000000 999.000000             2801.0 
999.000000 999.000000 999.000000 999.000000 999.000000 999.000000 999.000000 999.000000 999.000000 999.000000 999.000000 999.000000             2820.0 
999.000000 999.000000 999.000000 999.000000 999.000000 999.000000 999.000000 999.000000 999.000000 999.000000 999.000000 999.000000             2837.0 
999.000000 999.000000 999.000000 999.000000 999.000000 999.000000 999.000000 999.000000 999.000000 999.000000 999.000000 999.000000             2856.0 
999.000000 999.000000 999.000000 999.000000 999.000000 999.000000 999.000000 999.000000 999.000000 999.000000 999.000000 999.000000             2874.0 
999.000000 999.000000 999.000000 999.000000 999.000000 999.000000 999.000000 999.000000 999.000000 999.000000 999.000000 999.000000             2892.0 
999.000000 999.000000 999.000000 999.000000 999.000000 999.000000 999.000000 999.000000 999.000000 999.000000 999.000000 999.000000             2910.0 
999.000000 999.000000 999.000000 999.000000 999.000000 999.000000 999.000000 999.000000 999.000000 999.000000 999.000000 999.000000             2928.0 
999.000000 999.000000 999.000000 999.000000 999.000000 999.000000 999.000000 999.000000 999.000000 999.000000 999.000000 999.000000             2946.0 
999.000000 999.000000 999.000000 999.000000 999.000000 999.000000 999.000000 999.000000 999.000000 999.000000 999.000000 999.000000             2964.0 
999.000000 999.000000 999.000000 999.000000 999.000000 999.000000 999.000000 999.000000 999.000000 999.000000 999.000000 999.000000             2982.0 
999.000000 999.000000 999.000000 999.000000 999.000000 999.000000 999.000000 999.000000 999.000000 999.000000 999.000000 999.000000             3000.0 
999.000000 999.000000 999.000000 999.000000 999.000000 999.000000 999.000000 999.000000 999.000000 999.000000 999.000000 999.000000             3018.0 
999.000000 999.000000 999.000000 999.000000 999.000000 999.000000 999.000000 999.000000 999.000000 999.000000 999.000000 999.000000             3036.0 
999.000000 999.000000 999.000000 999.000000 999.000000 999.000000 999.000000 999.000000 999.000000 999.000000 999.000000 999.000000             3054.0 
999.000000 999.000000 999.000000 999.000000 999.000000 999.000000 999.000000 999.000000 999.000000 999.000000 999.000000 999.000000             3072.0 
999.000000 999.000000 999.000000 999.000000 999.000000 999.000000 999.000000 999.000000 999.000000 999.000000 999.000000 999.000000             3091.0 
999.000000 999.000000 999.000000 999.000000 999.000000 999.000000 999.000000 999.000000 999.000000 999.000000 999.000000 999.000000             3109.0 
999.000000 999.000000 999.000000 999.000000 999.000000 999.000000 999.000000 999.000000 999.000000 999.000000 999.000000 999.000000             3127.0 
6.743238 136.116791 65.448456 27.446636 141.664764 106.927505 6.827327 151.601929 46.622875 57.173660 106.847954 115.089668               3145 
6.299401 136.172836 65.018654 27.269594 141.555481 106.832634 6.462982 152.034195 46.827457 56.877838 106.551460 114.617050               3163 
5.793166 136.076614 64.513664 27.164179 141.697144 106.664406 5.745603 152.127701 47.206036 56.699936 106.571945 114.173470               3181 
5.595422 135.651749 64.137138 27.138477 141.712601 106.632652 4.968999 151.526428 48.126827 56.615681 106.511292 114.014343               3199 
5.433280 135.555878 63.936375 27.080036 141.684402 106.618591 4.504822 151.275314 48.662754 56.471245 106.379120 113.844955               3217 
5.202552 135.873367 63.615143 27.051945 141.604034 106.396065 4.150621 151.630722 48.847065 56.266804 106.065292 113.179634               3235 
4.544833 136.790421 63.132526 26.742788 141.592026 105.946991 3.398030 152.635437 49.042557 55.600113 105.610970 111.875290               3253 
3.921438 137.518311 62.646244 26.483355 141.920197 105.400246 2.426917 153.022354 49.210506 55.113220 105.679283 110.827415               3271 
3.607668 137.904755 62.179104 26.282516 142.024765 104.979836 1.807505 152.888550 49.379803 54.706059 105.586037 110.161362               3289 
3.257313 138.197311 61.764233 26.210281 142.291962 104.475403 1.218910 152.712372 49.419117 54.379204 105.643692 109.568794               3307 
2.109439 138.327728 61.149242 25.854584 143.064865 103.360756 -0.303247 152.464615 48.996891 53.964233 106.361961 108.387779               3326 
2.220915 138.150345 60.920517 25.943411 143.140976 103.081085 -0.378398 152.190094 48.972878 53.979828 106.385651 108.134026               3344 
2.093250 138.056656 60.824966 25.959795 143.099960 102.893707 -0.881752 151.363373 49.720684 53.909225 106.258759 107.800964               3362 
2.043712 137.989456 60.338654 25.918049 142.588333 102.432762 -1.146451 150.675522 50.228249 53.613201 105.504997 106.941872               3380 
1.938372 137.783722 60.111034 25.860582 142.449982 102.107140 -1.491462 149.820633 51.005630 53.588932 105.365524 106.397682               3398 
2.109464 137.612579 59.865143 25.903748 142.344177 101.830238 -1.575320 148.713226 52.112930 53.649822 105.252457 105.939575               3416 
2.382456 137.370087 59.657925 25.994320 142.224411 101.579247 -1.537432 147.801620 52.972771 53.754066 105.122780 105.502510               3434 
2.441643 138.862076 59.335266 26.640471 140.549805 101.114471 -1.432733 149.212982 54.136501 52.950214 102.229164 102.475510               3452 
2.476589 139.251007 59.158924 26.727383 139.987900 100.895439 -1.434084 149.723709 54.441399 52.679939 101.403313 101.366180               3470 
2.541573 139.356842 59.055771 26.763973 139.722641 100.782654 -1.444012 149.869476 54.643398 52.552464 101.025414 100.857254               3488 
2.493692 139.354065 58.960945 26.667219 139.815262 100.689346 -1.570027 149.906204 54.657219 52.448479 101.113197 100.745255               3506 
2.516064 139.173981 58.932659 26.635960 139.916565 100.633919 -1.694559 149.860046 54.681866 52.438339 101.228622 100.715607               3524 
2.709079 138.783813 58.910450 26.609978 139.894730 100.616447 -1.633027 149.677078 54.755047 52.320778 101.146263 100.810745               3543 
2.776421 138.438019 58.832863 26.782534 139.653809 100.441849 -1.561457 149.180878 55.000500 52.275578 100.761429 100.560928               3561 
2.766922 138.081436 58.841949 26.912086 139.470428 100.353821 -1.465036 147.949661 55.749825 52.203331 100.446716 100.525124               3579 
2.539469 137.413376 58.778328 26.633488 139.461044 100.186913 -1.393444 147.029465 55.958809 51.944920 100.453773 100.726585               3597 
2.346312 136.678940 58.753143 26.449110 139.423477 99.993950 -0.272244 145.544922 56.626617 51.856449 100.484467 100.858322               3615 
2.077585 135.152649 58.632954 26.450922 138.605560 99.514366 0.362159 143.946976 56.676220 51.510399 99.453339 100.800079               3633 
1.707301 134.471344 58.708511 26.149944 138.700806 99.279213 0.467599 143.183182 56.929153 51.289207 99.610748 100.863976               3651 
1.395854 133.914276 58.630249 26.013056 138.406799 98.910049 0.479926 142.590622 57.086143 51.023506 99.232536 100.453331               3669 
1.249245 133.156876 58.573643 25.987141 137.904816 98.553856 0.595648 141.886475 57.138039 50.695885 98.542999 100.182312               3687 
1.624638 132.016678 58.415379 25.806135 137.634842 98.131508 0.997870 141.313751 57.002872 50.537975 98.302788 100.094101               3705 
1.910264 130.959000 58.556046 25.681721 137.577240 97.960876 1.951971 141.426804 57.017998 50.544701 98.349197 100.310364               3723 
1.950323 129.938904 58.964710 25.966949 136.768051 97.915161 3.077791 141.492126 57.107914 50.001892 97.038284 100.443764               3741 
3.581080 126.110115 59.191631 28.025879 132.676056 97.860229 6.637762 138.739349 56.895065 49.689117 91.683128 101.439545               3759 
4.255085 125.567047 59.127567 28.470177 132.209457 97.897629 8.314044 139.008926 56.714214 49.424103 90.905792 102.076950               3777 
4.237490 125.038528 59.118034 28.261726 132.565018 97.777367 8.430593 139.027664 56.588154 49.493389 91.471893 102.583450               3796 
4.223531 124.522820 59.139572 28.043564 132.937134 97.651505 8.313408 138.851074 56.520267 49.569160 92.078896 103.108658               3814 
4.274190 124.038170 59.231720 27.911676 132.928314 97.681389 8.466249 138.802170 56.576653 49.554958 92.185081 103.519539               3832 
4.285403 122.760780 59.530052 28.362862 131.583282 97.719925 9.123305 138.157715 56.904247 49.564800 90.614822 103.601303               3850 
4.153413 122.222130 59.453854 28.441053 131.402374 97.380806 9.140171 138.274597 56.949142 49.715725 90.488388 103.377510               3868 
3.984033 121.699097 59.587383 28.464830 130.847717 97.289528 9.138791 138.527756 57.199932 49.630592 89.842178 103.041283               3886 
3.376610 121.952904 60.068188 27.983078 131.420837 97.456779 8.418935 139.439926 57.579494 49.461933 90.550423 103.006149               3904 
3.110464 121.756302 60.314487 27.681479 130.843857 97.734337 8.658230 140.157883 57.807064 48.908085 89.795906 102.932785               3922 
3.039427 121.151840 60.380615 27.766249 130.477051 97.551811 9.116181 140.741211 57.766090 49.146935 89.500519 102.681831               3940 
3.143770 120.477509 60.661774 27.869663 130.318527 97.665604 9.678691 140.950409 57.785297 49.316906 89.436584 103.252068               3958 
3.307216 119.944290 60.868423 27.935459 130.371201 97.735802 10.074177 141.153473 57.718361 49.591236 89.662590 103.766029               3976 
