-30.211739 136.129059 91.155113 39.564514 131.191757 80.181206 -5.621827 129.281570 98.781952 65.087181 92.303917 84.424019                  0 
-30.158047 136.431000 91.397423 39.443520 130.946426 79.802330 -5.433237 129.407547 98.896057 64.675842 91.823906 83.600929                  9 
-30.101547 136.705215 91.533195 39.359344 130.787888 79.510956 -5.219477 129.605682 99.045769 64.362701 91.491699 83.019951                 18 
-30.057289 136.891479 91.597183 39.298416 130.668732 79.296295 -5.012423 129.798737 99.215569 64.131821 91.246460 82.591492                 27 
-30.015955 137.011093 91.638443 39.250202 130.567337 79.132233 -4.806305 129.950607 99.387756 63.950928 91.048302 82.261360                 36 
-29.969698 137.089951 91.669403 39.214668 130.492615 79.011314 -4.588763 130.108856 99.601341 63.816902 90.902725 82.018326                 45 
-30.025869 137.099991 91.520889 39.147629 130.605835 79.101204 -4.593326 130.288345 99.678680 63.810265 91.071640 82.337578                 54 
-30.066431 137.087311 91.355354 39.094208 130.723068 79.228577 -4.630873 130.441101 99.719864 63.822170 91.251587 82.721733                 63 
-30.364323 137.007050 90.859261 38.909302 131.261261 79.503922 -4.958758 130.739899 99.584183 63.990868 92.074379 83.623894                 72 
-30.497324 136.952469 90.532135 38.798149 131.632507 79.616150 -5.141579 130.896729 99.444679 64.078735 92.599548 83.974144                 81 
-30.541452 136.888367 90.325935 38.725327 131.875702 79.689674 -5.236988 130.997223 99.357918 64.134293 92.944099 84.204697                 90 
-30.519451 136.800049 90.191566 38.673344 132.049332 79.742157 -5.292521 131.067001 99.301643 64.172981 93.190285 84.369789                 99 
-30.449297 136.723343 90.127823 38.645393 132.128098 79.788399 -5.307143 131.104034 99.283218 64.176697 93.298439 84.487556                108 
-30.516108 136.521454 89.944214 38.511353 132.425797 79.947090 -5.477201 131.194275 99.227791 64.247177 93.764671 84.912605                117 
-30.455339 135.694016 89.813293 38.508717 132.277618 80.055008 -5.464737 130.644012 99.107376 64.555733 93.849312 85.201813                126 
-30.378586 135.502289 89.577393 38.520817 132.408875 80.234222 -5.492736 130.664886 98.967690 64.687576 94.120636 85.800461                135 
-30.091501 135.649170 89.747536 38.603619 131.571121 79.841599 -5.255405 130.176300 98.800362 64.120544 92.718056 84.423866                144 
-29.884109 135.987228 90.022072 38.613823 131.000076 79.470619 -5.071158 129.974258 98.748344 63.557758 91.690712 83.245018                153 
-29.773302 136.307266 90.205093 38.545986 130.540970 79.144936 -4.983785 129.772842 98.610115 62.976566 90.847939 82.191513                162 
-29.749807 136.503082 90.405472 38.476418 130.630371 79.036324 -4.940749 129.913437 98.679398 62.860222 90.899750 81.965370                171 
-29.724752 136.665909 90.573433 38.417694 130.705841 78.944641 -4.898679 130.010727 98.715515 62.761337 90.943428 81.774750                180 
-29.683428 136.713593 90.620392 38.416374 130.696777 78.939728 -4.872733 130.044601 98.742538 62.733021 90.918556 81.779732                189 
-29.570662 136.436081 90.736557 38.465477 130.510025 78.792091 -4.733177 129.747101 98.727753 62.835110 90.751419 81.446533                198 
-29.753668 136.266312 90.923149 38.241840 131.008530 78.602699 -4.818732 129.879990 98.794678 63.042706 91.519371 81.284943                207 
-29.892639 136.119034 91.084877 38.053867 131.427567 78.443512 -4.874814 129.998184 98.867844 63.215343 92.168449 81.144211                217 
-29.964827 136.014633 91.196281 37.928303 131.707458 78.337181 -4.892892 130.084778 98.942978 63.329636 92.603790 81.047714                226 
-29.878357 135.220505 91.459900 37.942089 131.181686 78.333199 -4.774711 129.290344 99.030228 63.452824 92.126709 80.696121                235 
-29.291416 135.909393 92.094734 38.189243 130.156342 78.045738 -4.259401 129.357864 99.327202 62.740719 90.473999 80.097000                244 
-29.114702 136.375916 92.248779 38.197983 129.881134 77.895393 -4.104785 129.546387 99.417358 62.322803 89.928635 79.756104                253 
-29.074089 136.507111 92.284233 38.179337 129.891876 77.870872 -4.013752 129.696045 99.542595 62.244305 89.901665 79.696190                262 
-29.034182 136.636200 92.312996 38.158066 129.873962 77.839760 -3.892546 129.872116 99.714745 62.142021 89.833221 79.623367                271 
-29.001085 136.749405 92.338364 38.135170 129.837769 77.810318 -3.753936 130.062332 99.923698 62.028519 89.740799 79.545914                280 
-28.962967 136.905655 92.348755 38.098190 129.711945 77.746735 -3.581622 130.277176 100.197113 61.809494 89.502205 79.366310                289 
-28.913198 137.059860 92.356995 38.074612 129.578476 77.682396 -3.421610 130.448441 100.431458 61.600861 89.255470 79.179863                298 
-28.882755 137.257660 92.390495 38.029278 129.496948 77.647156 -3.291563 130.649307 100.677589 61.385326 89.071457 79.042458                307 
-28.874916 137.330399 92.407280 37.998962 129.516693 77.650574 -3.179276 130.798508 100.893555 61.328728 89.074356 78.996613                316 
-28.932640 137.460281 92.449921 37.899681 129.605698 77.650726 -3.169781 130.957733 101.064545 61.192139 89.138435 78.889053                325 
-28.985041 137.566330 92.485878 37.814476 129.682098 77.650856 -3.176909 131.070831 101.181801 61.074928 89.193703 78.796661                334 
-29.041399 137.670181 92.516571 37.729908 129.764328 77.653915 -3.202129 131.167114 101.271477 60.962978 89.257858 78.712677                343 
-29.122694 137.789780 92.544395 37.620827 129.886337 77.650764 -3.270207 131.261612 101.322968 60.838226 89.368256 78.604309                352 
-29.183569 137.882385 92.566101 37.534218 129.983200 77.648262 -3.335337 131.309219 101.331085 60.739223 89.456146 78.518234                361 
-29.164299 137.807098 92.593140 37.525051 129.965195 77.628731 -3.315113 131.156433 101.251762 60.766804 89.458282 78.454636                370 
-29.338621 137.735245 92.712685 37.385288 130.357269 77.766960 -3.445424 131.213196 101.335838 60.908581 90.013351 78.600601                379 
-29.672260 137.599823 92.733841 37.161213 130.987793 78.022743 -3.721698 131.375595 101.430885 61.162640 90.930344 79.024307                389 
-29.874849 137.509277 92.749001 37.015911 131.396667 78.188599 -3.911613 131.299316 101.256668 61.324860 91.528000 79.300575                397 
-29.998522 137.444321 92.759911 36.916313 131.676926 78.302292 -4.124835 130.902481 100.634827 61.434864 91.939041 79.490623                406 
-29.806768 137.599472 92.806511 37.023220 131.334320 78.269218 -4.049690 130.542877 100.232285 61.223278 91.397995 79.326912                416 
-29.702250 137.737717 92.814957 37.070061 131.257828 78.230431 -4.018117 130.461868 100.027786 61.130276 91.235550 79.227798                424 
-29.617180 137.834991 92.822128 37.103992 131.202423 78.202339 -3.999400 130.416199 99.900589 61.062672 91.118217 79.156044                434 
-29.248037 137.788254 92.831352 37.303074 130.475037 77.839043 -3.713584 129.972733 99.679703 60.787548 90.103157 78.351471                443 
-29.167952 137.765259 92.899155 37.316437 130.394623 77.744949 -3.655819 129.890961 99.663345 60.730762 89.980125 78.075615                452 
-29.112404 137.757965 92.970779 37.316414 130.432388 77.715530 -3.612546 129.926666 99.703415 60.738571 90.022026 77.992973                461 
-29.304855 138.365906 93.440109 37.058617 131.145538 77.949081 -3.774730 130.578873 100.107765 60.507881 90.750008 78.020592                469 
-29.187435 138.223129 93.642624 37.091145 130.934341 77.863327 -3.615753 130.385757 100.239372 60.520699 90.527481 77.746384                479 
-28.799984 138.966156 94.207245 37.154903 130.597229 77.686340 -3.253661 130.706131 100.593910 59.910896 89.810226 77.179131                488 
-28.881819 139.674789 94.693062 37.006767 131.425140 77.880699 -3.258639 131.400482 101.042793 59.887512 90.710884 77.179482                497 
-28.875816 140.308014 94.798363 36.944130 131.776566 77.925362 -3.307056 131.799423 101.106438 59.638950 90.963211 76.983521                506 
-29.072790 141.068222 94.594490 36.789711 132.401199 78.015602 -3.536005 132.494598 101.055618 59.391384 91.535248 77.115791                515 
-28.634708 142.438782 94.445602 37.259201 133.260956 78.342735 -3.101649 133.876801 101.300789 59.703823 92.299370 78.101433                524 
-28.524296 145.260818 94.196854 37.694069 137.071838 79.003120 -2.906963 137.069931 101.505539 60.802792 96.480637 79.114876                533 
-28.437387 147.171066 92.429337 37.935719 137.889679 78.744492 -2.507578 139.657166 101.629532 60.639717 97.113251 80.610764                542 
-26.672155 147.345825 90.606316 39.315399 135.750732 76.974091 -0.000242 140.201614 102.469330 60.404648 94.090820 78.143387                551 
-25.748062 149.698303 90.335930 40.123764 137.324249 76.976639 1.670261 143.578842 104.406799 60.781094 95.461731 78.549881                560 
-23.873608 153.316284 89.165367 41.755108 139.458939 76.178909 3.868972 147.465378 105.209076 61.489323 97.160309 77.927734                570 
-22.685131 156.087769 86.509102 43.143066 141.626160 75.404877 5.101810 151.124817 105.568848 62.546452 99.220566 78.040298                578 
-21.129959 156.364822 83.992508 44.621578 141.064499 73.677406 6.838201 152.242538 105.736076 63.442883 98.405693 76.444405                587 
-20.118256 159.961319 80.761833 45.305870 142.490891 71.988022 7.681728 156.251282 104.610077 62.763603 99.344887 75.902367                596 
-18.979372 163.039261 77.049599 46.454880 144.706528 70.419067 8.450992 160.486755 102.662460 63.395100 101.557556 76.152016                605 
-17.394758 166.052002 73.205307 47.835594 146.525131 68.358658 9.623919 164.270691 100.153938 63.948536 103.273109 75.521584                614 
-15.385765 170.128265 69.112518 49.614662 149.570847 66.105072 11.253182 169.556335 97.114143 65.009041 106.438400 75.285309                623 
-14.234828 174.761963 63.850075 50.424717 153.005676 63.038300 12.066970 175.795837 93.112328 64.899315 110.142883 74.654617                633 
-13.395875 178.024719 58.858421 51.188747 156.090988 60.297405 12.463796 181.340576 90.201355 65.249771 113.624664 73.735062                641 
-12.198536 181.562317 55.049904 52.375160 159.612778 56.595650 13.964359 186.376007 87.912048 66.424377 117.220276 70.276543                651 
-11.992621 183.519455 49.692898 52.928661 162.759613 52.558891 13.363292 189.495102 83.568459 67.492348 120.705597 66.737381                659 
-11.326875 186.785019 44.061207 53.299934 165.325623 49.065529 12.930818 192.850052 78.698318 67.094742 123.300507 64.074341                668 
-10.647243 188.034393 38.829769 53.883060 166.737625 45.982594 12.239826 194.389023 74.050430 67.389069 124.869308 61.676659                677 
-10.288597 190.315994 33.052273 53.956707 168.608597 41.929684 10.708089 195.207184 68.789406 66.910164 126.184601 56.561287                687 
-9.438139 193.350494 26.547577 54.076820 170.483002 38.383057 9.190416 197.540970 62.261532 65.817589 127.906746 53.584671                696 
-9.648685 194.859863 21.244802 53.900360 172.587250 34.549248 7.427146 199.195984 56.002598 65.825325 130.359085 50.557041                705 
-9.936764 196.487900 16.135736 53.589993 174.835373 30.877754 5.590932 200.632538 49.772682 65.663696 132.885910 47.495220                714 
-10.950369 199.019150 9.653667 52.505333 177.843018 26.224556 2.860613 202.372681 42.285866 64.766174 136.146042 43.333168                723 
-11.781798 200.737930 4.256447 51.732101 179.939453 22.045010 0.722890 202.990555 35.637760 64.333221 138.487671 39.498737                732 
-12.812541 202.481506 -1.083138 50.725803 181.719040 17.859718 -1.365452 203.344208 29.058208 63.548229 140.525330 35.757641                741 
-14.738223 203.633835 -6.850122 49.197750 183.742203 13.288720 -4.186006 203.103180 22.393322 62.956154 143.109497 31.764671                750 
-16.374388 204.552322 -11.774554 48.153072 185.260513 8.739382 -6.188550 202.619720 16.789238 62.930069 145.127853 27.519197                759 
-17.815422 204.508835 -17.311556 47.102669 186.097214 4.297025 -8.143629 201.460083 10.980704 62.755081 146.553848 23.610119                768 
-19.641916 204.917282 -23.101061 45.484470 187.312134 -0.124771 -10.638366 200.439713 4.944507 61.907734 148.121231 19.266491                777 
-20.612045 205.330032 -28.633341 43.992455 185.715332 -4.325633 -12.386140 199.094055 -0.580687 59.607449 146.186890 15.048189                786 
-22.717617 204.336395 -35.325081 42.302940 186.612732 -9.283828 -14.979255 197.396271 -7.009427 59.150757 147.972717 10.835135                795 
-24.950546 202.946533 -42.553970 40.302891 187.909149 -14.132071 -17.823168 195.483292 -13.844486 58.485218 150.464951 7.057689                804 
-27.001772 201.878708 -49.156258 38.481350 188.746796 -19.007074 -20.275784 193.504822 -20.147829 57.752678 152.291428 2.931350                813 
-28.869709 200.089233 -55.179245 36.902130 189.240051 -23.447500 -22.334949 191.106064 -25.710440 57.323055 154.066925 -0.479948                822 
-30.815615 197.896225 -61.249130 35.143734 189.038101 -27.613850 -24.474833 187.803574 -31.087339 56.620789 155.266525 -3.533001                831 
-32.315529 196.765091 -67.687103 33.509975 188.580765 -31.784582 -26.636570 184.979950 -36.618690 55.424744 155.796768 -6.752130                840 
-34.037968 195.554626 -74.560181 31.281763 187.730286 -36.232941 -29.477068 182.218018 -42.582146 53.193584 155.632904 -10.323448                849 
-35.766201 194.071930 -81.244179 29.055712 186.769775 -40.759056 -32.423428 179.138306 -48.407223 51.000561 155.335236 -14.076388                858 
-37.348576 191.266861 -87.311707 26.983398 185.895828 -44.765438 -35.036728 175.484665 -53.466301 49.117912 155.759705 -16.773502                867 
-38.885677 188.709106 -92.966301 25.379618 184.478485 -48.943787 -37.175453 171.622650 -58.089676 47.761639 155.429504 -20.015022                877 
-40.086700 186.662582 -96.931419 24.745943 183.755203 -51.954838 -38.640320 168.408493 -60.285038 47.746433 156.248276 -22.021280                885 
-40.868271 178.471222 -102.223587 24.513773 181.217606 -55.725536 -38.782612 160.038452 -62.802860 49.098362 157.629913 -23.774164                912 
-41.364014 176.416977 -103.512581 24.274853 180.415207 -56.886288 -39.002934 158.212997 -63.352402 49.151970 157.841415 -24.432871                922 
-42.603439 173.562500 -106.206947 23.153570 179.710953 -59.397350 -39.985722 155.962616 -65.139145 48.416531 158.584244 -26.274603                931 
-43.759846 169.028687 -110.470863 20.979921 178.546143 -62.239521 -40.872208 151.417984 -68.874382 46.666794 159.072998 -28.436377                940 
-43.605797 162.324463 -115.252113 17.828400 176.379517 -63.164482 -39.859707 142.175812 -74.047928 44.299881 158.485474 -29.094913                949 
-45.791264 161.600906 -116.853958 16.966957 174.935730 -65.743835 -42.569122 142.928879 -74.433968 42.877945 157.546234 -30.989010                958 
-46.455379 157.490509 -118.167137 16.321613 174.240677 -67.420967 -42.138622 139.789963 -74.629181 42.880505 159.212097 -32.059422                967 
-47.245991 155.440765 -120.002678 15.579257 173.383133 -68.795990 -41.796799 136.922119 -75.740265 42.570988 159.585297 -33.260967                976 
-47.791080 154.478180 -122.039299 15.062181 172.214767 -69.695763 -41.059185 133.812866 -77.270081 42.380310 159.022568 -34.180176                985 
-47.841022 151.602615 -124.199829 14.631841 170.291733 -70.830811 -39.830776 129.532776 -78.884125 42.199497 158.282913 -35.088898                994 
-47.900440 150.117081 -125.733063 14.114909 169.585739 -71.368828 -39.363384 127.487854 -79.636353 41.400738 158.766678 -35.035606               1003 
-50.150139 149.654190 -126.385101 13.563714 168.444626 -73.337219 -41.966839 128.502060 -78.985222 40.624832 158.381699 -36.620670               1012 
-50.992790 147.436157 -127.346245 13.171967 167.234131 -74.580391 -42.083202 126.651276 -78.906898 40.293587 158.692703 -37.524574               1021 
-50.940445 145.858398 -128.556702 13.066523 166.690445 -75.440300 -41.310448 124.866341 -79.735649 40.116062 159.182114 -38.109097               1030 
-52.945648 145.753754 -130.388657 11.789172 165.171875 -77.450584 -44.318439 125.566734 -81.052383 38.287777 157.578964 -39.743248               1039 
-54.078194 144.753189 -131.944489 10.949649 163.892654 -79.116829 -45.853199 125.210464 -82.294769 37.143814 156.594482 -41.139549               1048 
-54.810452 144.271347 -132.638123 10.711264 162.939026 -80.013031 -46.719093 125.117218 -82.740875 36.697559 155.906021 -41.843395               1057 
-42.713558 119.322769 -136.327408 13.514544 156.055695 -82.275375 -42.929424 116.655212 -82.287254 32.720768 162.397400 -40.173412               1066 
-48.206703 124.261353 -139.514359 11.431857 155.856277 -85.676750 -47.448132 120.336182 -85.605232 31.558222 160.323639 -43.764412               1075 
-53.187027 121.233231 -139.808731 10.117889 150.739151 -88.888580 -49.942249 118.004913 -86.209702 31.833130 155.445389 -47.803658               1084 
-56.948570 119.644135 -139.218582 9.070643 148.451614 -91.401306 -50.369900 115.800377 -86.422447 32.605534 153.198563 -51.335773               1093 
-59.096214 125.914909 -140.208237 8.172097 150.701736 -91.752556 -50.120201 116.754883 -88.783447 32.567322 152.289932 -51.952778               1102 
-60.951412 127.793846 -139.910782 7.355391 151.035751 -92.059181 -49.591209 115.885895 -89.819107 32.557800 151.381989 -52.735012               1111 
-62.392555 128.392151 -139.695648 6.584129 150.956268 -92.409576 -49.076057 114.723267 -90.821678 32.357109 150.671356 -53.456478               1120 
-63.293037 129.155533 -140.439835 5.946456 151.258362 -93.255753 -48.603073 113.890160 -92.579605 32.093819 150.301559 -54.563744               1129 
-62.896442 130.508041 -140.653961 6.262381 151.633698 -92.850395 -47.656548 113.752304 -93.555283 32.353928 149.834244 -54.150723               1139 
-63.049194 131.104492 -140.104736 6.565532 151.368332 -92.436325 -46.985435 113.584015 -93.738319 32.676620 149.229691 -53.767101               1147 
-62.779045 132.123566 -140.466141 6.861465 151.641281 -92.380714 -46.164124 113.589462 -94.814438 32.823761 148.983444 -53.643566               1156 
-62.743809 131.801102 -140.535309 6.867445 151.661697 -92.434929 -45.505451 113.005775 -95.293968 32.821957 149.102966 -53.685894               1165 
-62.697105 131.342789 -140.547943 6.907427 151.664261 -92.537521 -44.810837 112.394119 -95.666252 32.904224 149.276489 -53.805927               1174 
-62.299252 130.500443 -140.902115 7.058048 151.715881 -92.842232 -43.750000 111.480110 -96.343002 33.073120 149.602509 -54.106956               1184 
-62.062851 128.439713 -140.642990 7.168126 151.338013 -93.108833 -42.571934 109.951721 -96.273094 33.377769 150.045334 -54.468765               1193 
-61.443104 125.944160 -140.586273 7.519138 150.886993 -93.637848 -40.999722 108.350998 -96.261536 33.792233 150.772781 -55.019417               1202 
-62.099697 124.549133 -139.791260 7.952801 150.556763 -95.032547 -40.917908 109.103294 -95.354668 34.600235 152.100769 -56.702377               1211 
-61.593529 126.582863 -137.134094 9.627273 152.303375 -94.035645 -38.861774 110.989098 -93.809311 37.192310 153.687485 -56.353756               1220 
-61.526672 132.325348 -137.818085 10.567380 154.261078 -94.039207 -38.273804 113.850082 -96.135155 38.494190 152.970016 -56.621326               1229 
-61.698399 133.164551 -137.237091 10.875873 154.524170 -93.928940 -37.738293 114.304070 -96.299850 39.102074 152.876572 -56.750469               1238 
-61.033939 134.727585 -136.959793 11.810672 155.147186 -93.615082 -36.610088 115.296898 -96.678482 40.064365 152.996918 -56.483200               1247 
-59.177162 142.484634 -135.323486 14.622279 157.872665 -91.484802 -34.791641 120.049042 -96.682358 42.918983 152.792862 -54.672249               1256 
-57.352112 143.296967 -134.791397 16.567619 158.860733 -91.187439 -32.781662 121.375252 -96.019501 44.746460 154.304199 -54.216339               1265 
-54.780651 146.850571 -134.533707 19.271828 160.205643 -90.396866 -31.108450 124.467819 -95.599190 46.925404 155.030563 -53.111885               1274 
-52.635479 148.196182 -136.798004 21.117107 162.246017 -92.349815 -29.415485 126.874428 -97.209801 48.371590 157.930084 -54.663776               1283 
-51.289196 148.648941 -136.655579 22.445515 163.095230 -92.280640 -28.088053 128.227859 -97.138947 49.613377 159.233566 -54.482941               1292 
-49.902054 150.827927 -137.476288 23.697554 164.511902 -92.615273 -26.915014 130.455811 -98.609238 50.715038 160.046158 -54.776348               1301 
-49.126839 151.050323 -137.181824 24.616669 164.913666 -92.592331 -25.886845 131.373230 -98.819290 51.745796 160.587891 -54.817074               1310 
-46.073475 153.898209 -138.007507 26.975712 167.411850 -92.165405 -22.936716 133.842850 -100.313652 53.723866 162.333801 -54.212521               1319 
-43.735027 163.757050 -137.395889 28.806444 172.877945 -89.683105 -20.348555 139.877121 -102.417778 55.412704 163.717468 -52.402222               1328 
-37.633331 172.266052 -137.362900 33.455189 174.673843 -86.724991 -16.417917 145.002380 -103.662399 58.282772 161.653198 -49.365582               1338 
-33.590752 177.033707 -136.472092 36.753895 175.853394 -84.749458 -13.552004 148.192078 -103.504700 60.651844 160.927124 -47.496727               1346 
-26.188208 188.887054 -137.482101 41.178085 178.837585 -82.826454 -9.639000 155.425507 -106.361984 62.186260 159.272491 -45.981709               1356 
-19.592697 192.586899 -137.535629 45.735146 180.552170 -80.833054 -4.965901 158.067368 -106.139374 65.074203 160.240845 -43.481716               1364 
-14.495995 194.649521 -135.648071 50.189602 181.908737 -78.355194 -1.118518 159.777985 -103.693687 68.887627 161.541290 -40.709179               1373 
-9.458906 195.946136 -133.633270 54.657959 183.125320 -75.711723 2.994768 160.806076 -101.207222 72.929863 162.794434 -37.837406               1383 
-8.651732 191.409622 -132.001511 57.803715 183.912857 -75.797714 5.474319 158.922623 -97.427368 77.791176 166.826187 -37.194363               1392 
-4.198840 191.899979 -130.289566 62.355751 185.407333 -74.068184 9.755855 160.128220 -94.895691 82.317947 169.201904 -35.073750               1401 
-1.842694 189.215851 -128.062851 65.614632 185.903107 -72.636444 12.980380 159.179565 -91.513130 86.321678 171.660767 -33.265827               1410 
2.811635 191.558533 -126.674049 69.593384 186.653748 -70.542854 16.914677 160.764893 -90.461105 89.695702 171.564102 -31.174454               1419 
6.406606 191.088608 -125.697830 72.934731 187.207169 -69.178070 20.536995 160.746246 -89.122414 92.935349 172.646332 -29.559525               1428 
10.621610 192.789078 -125.379021 76.251297 188.041977 -67.875458 24.149118 161.894836 -89.060577 95.623894 172.871262 -28.173777               1437 
14.948818 193.880432 -124.503548 79.538940 188.080124 -65.921738 27.783989 162.344208 -88.533310 98.203430 172.167603 -26.171265               1446 
19.167225 194.782974 -124.312256 82.546539 187.452759 -64.583290 30.678665 162.890152 -88.228394 100.137535 171.043564 -24.546217               1455 
23.771122 195.717270 -123.118317 86.019958 187.032410 -62.383499 34.298012 163.321609 -87.205757 102.724327 169.999268 -22.227457               1464 
28.641777 197.327148 -123.870552 89.063469 187.231445 -61.523815 37.752060 164.422394 -88.048744 104.433975 169.560318 -21.111561               1473 
34.095158 197.127472 -124.983994 92.576599 187.326416 -60.761913 41.796211 164.633377 -88.519341 106.611679 170.017822 -19.711935               1482 
36.190861 192.284363 -124.455566 95.477531 186.215759 -60.505493 44.319263 162.081345 -86.368057 110.075836 171.215469 -18.749628               1491 
38.144695 190.639847 -124.393036 97.835274 185.672287 -60.718639 46.212753 161.680466 -85.599472 112.563156 171.688919 -18.656464               1500 
40.197250 186.247482 -122.812805 99.951126 185.653961 -59.219193 49.395870 159.330536 -83.801414 115.185226 173.152939 -16.871607               1509 
40.760529 180.691132 -120.304146 101.589439 185.334137 -58.427868 51.503754 156.812714 -81.201134 117.960991 174.932098 -15.937377               1518 
42.337273 179.695175 -118.418098 103.629456 185.425690 -57.872921 53.300968 157.211761 -80.239410 120.341179 175.031418 -15.513163               1527 
45.919010 178.267929 -117.106491 106.431023 184.984482 -56.600624 56.442406 156.821411 -79.693176 122.790367 174.322800 -14.169835               1536 
49.193672 175.491318 -114.366768 109.458244 183.697952 -54.482349 59.430511 155.596695 -77.399063 125.777504 173.341660 -11.960582               1545 
52.545429 171.952103 -113.369911 111.520836 182.256058 -53.180599 62.565533 153.182541 -77.033081 127.532455 171.965302 -10.526173               1554 
54.675987 170.372681 -112.479507 113.174332 180.863022 -52.485374 64.289818 152.263275 -76.927101 128.995789 170.012314 -9.898812               1563 
54.737717 166.110992 -109.802155 114.202003 178.893936 -51.867523 64.777786 150.189545 -74.484276 130.647995 169.432495 -9.186358               1572 
57.063419 162.210815 -109.604942 115.271515 177.381241 -51.566490 66.713409 147.737610 -74.615211 131.373550 168.533493 -8.623349               1581 
59.745968 157.371185 -111.129204 115.624268 174.991791 -52.015881 68.439209 144.180862 -76.282883 130.695404 166.740173 -8.582675               1590 
62.483547 152.925598 -110.557205 117.037392 173.135086 -51.629505 71.220688 140.741196 -76.395882 132.239014 165.110291 -8.199277               1599 
64.374130 148.730118 -109.516838 118.364220 170.734940 -51.287720 72.927223 137.730347 -75.897911 133.653931 163.119797 -7.814671               1608 
68.782127 141.922104 -110.972961 118.723495 167.562302 -51.124226 76.629066 131.797211 -77.722954 132.995392 160.440445 -7.223614               1617 
71.366425 135.869293 -110.021797 119.416573 165.132507 -50.780941 80.268112 126.709183 -77.398369 133.783829 159.138443 -6.743176               1626 
73.566040 133.819672 -111.135674 120.372444 163.338089 -51.375771 82.735153 124.554199 -79.019287 134.134201 157.067017 -7.183471               1636 
74.972366 131.184616 -111.886543 121.093826 161.619003 -52.442417 84.778938 122.063309 -80.413498 135.040604 155.269012 -8.319445               1644 
74.162758 124.662041 -110.574905 120.522812 157.091492 -52.736599 83.730553 116.981850 -79.126282 134.098099 152.423584 -8.288944               1653 
74.054039 122.913795 -109.663719 121.428726 155.725967 -53.388184 83.439636 116.125885 -78.744301 134.976456 151.657028 -8.873306               1663 
75.070015 120.384903 -108.870132 122.502663 154.713074 -54.067776 84.522804 114.604057 -78.553490 136.214630 151.442307 -9.537383               1672 
75.443085 114.538147 -107.024475 122.588860 152.081665 -54.593895 86.144699 109.843903 -77.451271 137.304657 150.233383 -10.302805               1681 
76.127304 112.312569 -105.486420 123.068497 150.053253 -54.034325 86.840805 107.999458 -77.276497 137.570755 147.822464 -9.690447               1690 
77.331940 107.922325 -104.058884 122.977386 147.581802 -54.036560 88.132721 104.430374 -77.338036 137.484711 145.565674 -9.684062               1699 
77.925156 105.966072 -103.170807 123.071518 146.092346 -53.670013 88.586983 102.758331 -77.147614 137.214294 144.086197 -9.199472               1708 
76.265121 100.370071 -101.314133 122.347939 142.350159 -54.615158 87.078850 98.363708 -75.654190 136.892319 142.236664 -10.229125               1717 
76.339722 99.358040 -100.595222 122.882149 141.603714 -54.794708 87.152084 97.633614 -75.132889 137.504532 141.944748 -10.435479               1726 
76.268806 96.241341 -99.775421 122.523758 139.862686 -55.151226 87.138214 95.100082 -74.467468 137.312500 141.171478 -10.865202               1735 
76.660690 94.019798 -99.380043 122.437515 138.699997 -55.531227 87.484550 93.308815 -74.282959 137.261536 140.623932 -11.279466               1744 
77.048599 92.918251 -99.167320 122.392303 138.229538 -55.703968 87.746086 92.452522 -74.230675 137.151123 140.460526 -11.444830               1753 
78.264305 93.458214 -100.425735 123.032852 137.710159 -55.489361 88.483910 92.455734 -75.547066 137.106430 138.872360 -10.966834               1762 
79.218925 92.594460 -100.826332 123.152473 136.367126 -54.777241 89.249275 91.162285 -76.081512 136.816879 136.676453 -10.113385               1771 
79.666100 91.036812 -100.631721 123.066429 134.909882 -54.235043 89.826630 89.377190 -75.937935 136.679474 134.953842 -9.554457               1780 
79.807121 90.362030 -100.620132 123.257881 133.784576 -53.863964 90.119553 88.328186 -75.930099 136.883743 133.404572 -9.188884               1789 
80.019028 90.272995 -100.811104 123.515694 133.180618 -53.630932 90.430588 87.867905 -76.112465 137.103973 132.354568 -8.950425               1799 
79.854004 88.260582 -100.656242 123.125656 131.887634 -53.950218 90.535950 85.994522 -75.991653 136.882721 131.462296 -9.315771               1807 
79.822090 86.352188 -100.810120 122.585297 130.643448 -54.314075 90.606613 84.235817 -76.169289 136.167450 130.579178 -9.624114               1816 
79.920296 85.294861 -100.990623 122.341911 129.868698 -54.494846 90.765381 83.204681 -76.380547 135.741745 129.913925 -9.749859               1825 
79.732368 84.679741 -100.779068 122.393654 129.319443 -54.577660 90.754013 82.573265 -76.190102 135.866058 129.504654 -9.854830               1835 
79.724533 84.375992 -100.995415 122.375114 128.954346 -54.733166 90.863800 82.159546 -76.425064 135.862885 129.042572 -10.014672               1843 
80.448578 84.310738 -102.281418 122.696602 128.034561 -54.864700 91.295029 81.668320 -77.608986 135.511047 127.455803 -9.952271               1852 
80.760567 84.195396 -102.946045 122.520020 127.496178 -54.722744 91.506203 81.260292 -78.261887 135.044388 126.382790 -9.738616               1862 
79.728790 82.577835 -101.963669 122.660316 125.979294 -54.853695 90.732841 79.837959 -77.342995 135.652512 125.352997 -9.992999               1870 
79.936707 81.907562 -102.242371 122.585434 125.459572 -54.982021 90.997482 79.148849 -77.611488 135.595123 124.765434 -10.127393               1879 
80.264977 81.562714 -102.677811 122.352135 125.225121 -55.014263 91.262962 78.754730 -78.012840 135.151154 124.409828 -10.101100               1888 
80.939133 81.337296 -103.412010 122.364998 124.795303 -54.976032 91.826050 78.323952 -78.706306 134.859848 123.567825 -9.986662               1898 
81.513634 81.165047 -104.094078 122.371056 124.127556 -54.719650 92.310959 77.820892 -79.372604 134.607346 122.254242 -9.681496               1907 
82.153236 80.825752 -104.684204 122.292580 123.633301 -54.510666 92.965424 77.267769 -79.930435 134.403656 121.269287 -9.461753               1916 
82.432503 80.636467 -104.884232 122.295563 122.942627 -53.925770 93.329086 76.750549 -80.070656 134.402115 119.965668 -8.911987               1925 
82.657051 80.005043 -105.218666 122.100677 122.180412 -53.649982 93.720459 75.908684 -80.307137 134.292557 118.818069 -8.686397               1934 
82.683372 79.681343 -105.453964 121.885498 121.695747 -53.409584 93.863792 75.412086 -80.437332 134.105484 118.047653 -8.475910               1943 
82.661049 79.505165 -105.549408 121.731781 121.105309 -52.922569 93.803673 75.006638 -80.372749 133.751663 117.141754 -7.961648               1952 
82.618599 79.492531 -105.765656 121.625542 120.817665 -52.760696 93.830727 74.815895 -80.519363 133.653610 116.572411 -7.827694               1961 
82.698761 79.528259 -105.938774 121.654747 120.788643 -52.778378 93.990776 74.779922 -80.666595 133.733414 116.420555 -7.870726               1970 
82.559746 79.132874 -105.785156 121.756790 120.471756 -52.565460 94.302650 74.197945 -80.150574 133.922531 116.306274 -7.662062               1979 
82.500008 79.101952 -106.147972 121.716156 120.305374 -52.512997 94.621918 73.860306 -80.106804 133.888382 116.130440 -7.612235               1988 
82.425858 79.116470 -106.415588 121.659927 120.184532 -52.423630 94.834679 73.622192 -80.038956 133.834579 115.985817 -7.525744               1997 
81.877594 78.649490 -106.984596 121.113991 118.744148 -52.033146 93.821579 72.717911 -80.103951 132.548386 114.255791 -6.968960               2006 
82.037376 78.871185 -107.466438 121.084610 118.793800 -52.085072 94.025490 72.756554 -80.383560 132.537170 114.132538 -7.043057               2015 
82.036453 79.029411 -107.785469 121.079628 118.786560 -52.087612 94.040558 72.758896 -80.439857 132.532532 114.069099 -7.051535               2024 
81.995300 79.333717 -108.204948 121.080505 118.766663 -52.117054 94.012161 72.841095 -80.624985 132.537369 113.877625 -7.100291               2033 
81.991318 81.187141 -110.170311 121.245781 118.996178 -52.680687 93.943687 73.776962 -82.105286 132.540619 113.186447 -7.732439               2060 
82.045052 81.996353 -110.915001 121.261597 119.208427 -52.876354 94.094292 74.203758 -82.690224 132.456635 113.045067 -7.950245               2069 
82.092041 84.737457 -111.851334 121.325226 120.082474 -52.367336 94.315750 75.882141 -83.351357 132.374756 112.786331 -7.575087               2079 
82.456764 86.818031 -112.811340 121.499542 120.525604 -51.878647 94.583946 76.987076 -83.750214 132.077164 112.486237 -7.099699               2087 
82.700096 88.246864 -113.260277 121.745628 120.941193 -51.495174 94.752769 77.814125 -83.847687 132.165451 112.440399 -6.764478               2097 
83.504745 89.193497 -115.120132 121.795349 121.514709 -52.501335 94.254684 78.793449 -85.178581 131.329727 113.064171 -7.564097               2105 
83.979988 91.678009 -116.156982 122.264969 123.601135 -53.163288 92.241386 81.823669 -85.707649 131.303741 115.269997 -8.101507               2115 
84.577240 94.297577 -116.544273 122.747368 125.826889 -53.071583 88.080971 85.909561 -85.179543 131.006256 117.807144 -7.804092               2124 
84.725967 97.203178 -116.940384 122.891068 127.908493 -52.863426 83.242401 90.446220 -84.656654 130.543228 119.860352 -7.494457               2133 
87.500618 102.053513 -120.032486 122.145325 129.617310 -52.595749 80.333031 95.084496 -87.646545 127.859436 119.105331 -7.445788               2142 
89.033463 104.957268 -120.566544 122.070427 131.713470 -51.933453 80.039101 97.251244 -88.133713 127.751389 120.115768 -7.045912               2151 
86.699753 110.125732 -117.227524 123.277367 135.861191 -49.793758 75.884811 103.698570 -83.435410 129.627670 124.774872 -4.866724               2160 
84.607147 114.041893 -115.216934 123.447845 139.356064 -48.624207 72.981857 107.705795 -80.103683 130.805786 128.594833 -3.771916               2169 
83.455788 114.893311 -114.851257 122.296700 142.971191 -48.859737 72.523254 107.671089 -78.248039 131.197708 133.747345 -3.944662               2178 
80.531075 118.263359 -114.238411 121.811241 144.896774 -48.745941 70.182587 110.788559 -76.594345 131.578506 135.668213 -4.012219               2187 
76.972824 122.331940 -113.131950 121.297501 147.589584 -48.981377 66.998611 115.396057 -74.670464 132.139771 138.282410 -4.512363               2196 
73.070366 126.937218 -111.579651 120.138550 150.547531 -48.689198 63.622120 120.206863 -72.430435 132.104706 140.820389 -4.599913               2205 
69.195938 131.688980 -109.799217 118.055405 153.644135 -47.615475 60.062706 124.872520 -70.188972 130.832687 143.232452 -3.911819               2214 
65.379265 137.257584 -106.049683 116.158661 157.059113 -44.681347 57.040108 129.750458 -66.269913 129.971191 145.426300 -1.605097               2223 
62.332310 144.122604 -101.006004 114.865036 160.290802 -40.072807 54.860420 135.026001 -61.389568 129.512543 146.492172 2.078349               2232 
59.247105 151.416199 -95.795280 112.948845 163.507370 -35.001827 52.413345 140.480713 -56.689919 128.045212 147.225861 6.091766               2241 
56.183628 159.418579 -89.094307 111.425552 166.160980 -29.057558 50.228535 146.936981 -50.908752 126.840424 146.836090 10.573260               2250 
54.178513 167.915771 -81.911560 110.096024 168.644897 -22.409786 49.027431 153.297821 -45.298328 125.424477 145.715836 15.285945               2259 
51.573139 174.822052 -73.223946 108.612488 170.899902 -15.579853 47.246098 159.453156 -38.203773 124.103378 144.967438 20.046143               2269 
49.774193 182.717422 -64.734283 107.628166 173.182953 -9.093945 45.836357 165.948120 -31.261600 122.715553 144.189743 24.274244               2277 
47.233711 188.452652 -56.579475 106.087723 175.023163 -3.245258 43.831142 170.860138 -24.174911 121.022514 144.030548 28.347162               2286 
43.607380 191.400024 -48.322701 104.513351 176.915512 1.687688 41.386097 174.471512 -16.386337 120.230072 145.154633 32.116337               2295 
39.650795 193.157852 -40.578876 102.246231 178.625076 6.526731 38.602215 177.010895 -9.229757 118.837265 146.324677 35.905182               2305 
35.780701 194.151871 -33.550678 99.997810 179.886841 10.805593 35.956394 178.517807 -2.701341 117.657982 147.222839 39.140251               2314 
32.112755 195.495850 -26.535931 97.682091 180.762558 15.214564 33.348488 180.226105 3.892130 116.038139 147.635910 42.552303               2323 
28.462851 196.655914 -19.103361 95.508575 181.260803 19.713346 30.905714 181.544815 10.921068 114.651970 147.655472 45.902718               2331 
24.320580 197.407333 -11.970417 92.781738 182.169006 23.922047 28.029295 182.627014 17.498301 112.944664 148.206985 48.856136               2341 
20.850706 198.393784 -5.228442 90.384491 182.637512 28.059458 25.546738 183.906845 23.903749 111.096481 148.334122 52.058674               2350 
17.453773 199.421158 1.471150 87.865135 182.824066 32.290558 23.018148 184.741348 30.121824 109.044273 147.982574 55.076199               2359 
14.227309 199.569351 7.904714 85.559151 182.818954 36.274826 20.763266 184.888199 36.090839 107.427917 147.690491 57.940937               2368 
10.952601 199.185379 13.735043 83.112007 182.908936 40.034973 18.411306 184.894150 41.606277 105.682983 147.819656 61.034126               2377 
8.187716 199.595001 19.389608 80.986847 182.965973 43.496830 16.424528 185.171249 46.773483 104.010033 147.531479 63.396595               2386 
5.675545 199.266830 24.785471 79.064468 182.768646 47.066708 14.642406 184.727676 51.746174 102.664246 147.173798 65.980415               2395 
3.417909 198.087708 29.738760 77.299522 182.384537 50.874226 13.027463 184.120560 56.676991 101.474884 147.060593 69.567627               2405 
1.319081 197.240204 33.120640 75.596054 182.159454 53.251965 11.442336 183.460480 59.870110 100.295853 146.923950 71.419266               2413 
-1.145760 196.175674 37.550060 73.661270 181.529999 55.972534 9.704118 182.532639 63.977100 98.940559 146.349686 73.436066               2422 
-3.041498 195.503098 40.825840 71.998680 180.991180 58.427700 8.249448 182.169174 67.193352 97.495560 145.787613 75.524170               2431 
-4.771669 194.981064 44.139839 70.603851 180.528809 60.385681 7.111832 181.764526 70.273682 96.415649 145.315887 76.983070               2440 
-6.720914 194.134384 47.478706 68.975067 179.883835 62.470207 5.744521 181.176804 73.434059 95.111717 144.771210 78.768997               2449 
-8.338206 193.092804 50.932037 67.545998 178.549835 64.822037 4.545794 180.143341 76.622269 93.756905 143.278961 80.653175               2458 
-9.732265 192.366302 53.543503 66.353271 177.581757 66.309547 3.589359 179.464813 79.003342 92.664764 142.221115 81.769226               2467 
-11.262658 191.736526 56.338844 65.008484 176.737152 68.086960 2.494882 178.487808 81.236076 91.453445 141.123657 82.716217               2476 
-12.717291 190.186996 58.651783 63.861828 176.098404 69.921196 1.633124 177.116577 83.043991 90.806267 140.806854 84.418625               2486 
-13.659420 189.640259 61.268295 62.878536 174.152740 71.531364 0.965302 176.098251 85.121315 89.385651 138.282974 85.402344               2494 
-15.018357 188.810669 63.760628 61.799435 173.138962 73.126595 0.276207 174.674988 86.586067 88.490044 137.190979 86.431664               2503 
-16.778854 187.369476 65.231995 60.521320 172.545212 74.150528 -0.705516 172.915237 87.242935 87.844032 137.049393 87.386353               2513 
-18.123840 187.308899 67.424141 59.534988 172.505951 75.072914 -1.280152 172.717682 88.833389 87.207443 137.258484 88.245682               2521 
-19.781878 186.048889 69.047623 58.361309 171.833069 75.571922 -2.134521 171.411896 90.164391 86.690285 137.093292 88.697784               2530 
-20.750746 185.174225 70.298180 57.674618 170.514297 76.325928 -2.658340 169.913101 91.257355 86.193001 135.864212 89.277588               2539 
-22.352373 184.335297 71.481621 56.387257 169.166351 77.197594 -3.829266 168.276688 92.341133 85.138718 134.677368 90.063637               2548 
-23.572247 183.743256 72.454300 55.462944 168.470322 77.542465 -4.614830 167.144043 93.158363 84.553284 134.152863 90.101746               2557 
-24.262127 184.154114 74.131989 54.798248 167.323380 78.016907 -5.071815 166.404373 94.420013 83.709579 132.570038 89.764740               2566 
-24.948566 184.145569 75.326027 54.204937 166.484100 78.372734 -5.502836 165.615875 95.351830 83.144997 131.593536 89.632988               2576 
-24.454882 184.024155 77.002510 54.110874 162.970062 78.957932 -5.424702 163.983627 96.568192 81.893051 126.895576 89.372040               2585 
-24.281170 184.332092 77.979759 53.750805 160.405273 79.594933 -5.700365 162.834915 97.375496 80.608864 123.536552 89.645462               2593 
-24.972466 184.884842 78.586067 53.366928 160.905487 79.870934 -6.010567 162.745804 97.969574 80.693588 124.383614 89.924690               2603 
-25.332027 185.761917 79.286812 53.212597 161.329971 80.063217 -6.042269 162.771866 98.567459 80.913361 125.092384 90.121895               2612 
-25.842289 185.539139 79.598984 52.933887 161.393295 80.157150 -6.283185 162.180420 98.486313 80.977600 125.420776 90.216980               2621 
-26.492577 184.682404 79.898582 52.572353 161.330322 80.193954 -6.585714 161.264893 98.299683 81.072647 125.717972 90.252060               2630 
-27.551609 183.298019 80.090446 51.895630 161.213348 80.261589 -7.208499 159.952087 97.972969 80.996719 126.090042 90.319016               2639 
-28.252731 182.755219 80.361526 51.401073 161.244125 80.289803 -7.595893 159.012756 97.315674 80.845268 126.393890 90.298409               2648 
-28.626068 182.639252 80.923676 51.174824 161.149048 80.412735 -7.672780 158.053467 96.823524 80.873306 126.463043 90.238892               2657 
-29.070856 182.283951 81.450516 50.876789 160.758514 80.456512 -7.817301 156.737762 96.220192 80.830406 126.212914 89.998711               2666 
-29.391209 182.021515 81.833641 50.658794 160.472870 80.488533 -7.883784 155.598877 95.473106 80.797859 126.031944 89.822937               2675 
-29.582508 182.246658 82.381683 50.492012 160.263931 80.646439 -7.924713 154.814240 95.070007 80.713699 125.850853 89.814926               2684 
-29.842775 181.818115 82.917686 50.315414 159.965256 80.747902 -7.966775 153.923065 94.866539 80.715813 125.666191 89.751320               2693 
-30.099449 181.299728 83.222397 50.156479 159.768585 80.774124 -7.960795 153.042999 94.395149 80.749580 125.620583 89.698700               2702 
-30.423176 180.941589 83.387856 49.930794 159.747070 80.769386 -8.075150 152.508575 94.166794 80.722282 125.797104 89.766922               2711 
-30.764690 180.277313 83.319519 49.757442 159.701233 80.756180 -8.173082 151.914124 94.022743 80.832779 126.056435 89.922607               2720 
-31.114948 179.705124 83.297920 49.542355 159.610123 80.913620 -8.348939 151.254913 93.745590 80.813934 126.165855 90.146187               2729 
-31.497728 178.795944 83.065781 49.254303 159.063980 80.779549 -8.573056 150.469330 93.654716 80.708054 125.883163 90.338150               2738 
-31.640184 178.440704 83.094437 49.218594 159.147491 80.767990 -8.534798 150.181000 93.614769 80.877396 126.189301 90.419411               2747 
-31.904799 177.955185 83.285294 49.115215 159.359421 80.861687 -8.516074 149.787903 93.615692 81.084732 126.711212 90.542389               2756 
-32.259159 177.394623 83.225731 48.909939 159.562881 80.771004 -8.608768 149.520828 93.654434 81.201660 127.283905 90.619034               2766 
-32.387432 177.068909 83.231888 48.826088 159.589844 80.743958 -8.651381 149.288162 93.574257 81.247093 127.433189 90.567375               2774 
-32.378460 176.938278 83.268272 48.825237 159.604614 80.746681 -8.639416 149.220932 93.553604 81.286583 127.485153 90.558571               2783 
-32.337337 176.533905 83.430267 48.868038 159.431671 80.768547 -8.558982 148.897141 93.598686 81.412407 127.373985 90.507172               2793 
-33.051903 174.254913 82.898865 48.550133 159.832764 80.238426 -8.467993 147.819885 93.561699 82.115089 129.024628 90.530350               2801 
-33.340176 173.002045 82.521240 48.289234 159.956757 79.960823 -8.589461 147.402817 93.352371 82.209351 129.619736 90.485199               2811 
-33.446594 171.692307 82.048737 48.150940 159.929062 79.689331 -8.621753 146.937317 93.059097 82.366524 129.995209 90.409874               2820 
-33.330513 171.366943 81.606422 48.127583 159.524414 79.643143 -8.770744 146.969315 92.898148 82.186691 129.491562 90.582817               2828 
-32.986214 170.998016 81.197014 48.243671 159.142761 79.620834 -8.807598 147.126343 92.735458 82.079460 128.921722 90.733894               2838 
-32.810562 170.486343 80.831047 48.228359 159.057693 79.619972 -8.901956 147.244827 92.593689 81.998352 128.813568 90.869476               2847 
-32.547794 169.812408 80.612984 48.233189 159.054138 79.610474 -8.931405 147.416122 92.620010 81.996162 128.820084 90.908035               2856 
-32.183815 168.879410 80.295120 48.248718 159.001572 79.543556 -8.942403 147.544388 92.579399 81.996269 128.775360 90.908012               2865 
-31.861769 168.189514 79.994957 48.276924 158.976395 79.505592 -8.934810 147.665756 92.532013 82.000519 128.737137 90.906387               2874 
-31.338449 167.205292 79.837860 48.339500 158.952759 79.493202 -8.897373 147.840485 92.539764 82.012939 128.659424 90.898651               2883 
-30.777096 166.120316 79.627151 48.381531 158.937210 79.485115 -8.881616 147.967682 92.516579 82.015121 128.611420 90.921875               2892 
-30.261124 165.053909 79.476639 48.391079 158.946152 79.478020 -8.904798 148.097015 92.480240 81.984566 128.588745 90.948738               2901 
-29.249371 163.282303 79.366158 48.437344 159.099991 79.488831 -8.917583 148.506302 92.476982 81.945824 128.706802 91.112396               2910 
-28.367685 161.788055 79.276665 48.535816 159.085098 79.535049 -8.892202 148.685623 92.372185 81.932640 128.594955 91.225868               2919 
-27.772650 161.007523 79.158661 48.654545 159.201736 79.567230 -8.826092 148.956894 92.275154 81.965813 128.679077 91.416229               2928 
-27.336054 160.540115 79.069794 48.770706 159.340836 79.604492 -8.754213 149.247742 92.206627 81.999481 128.788177 91.606819               2937 
-26.412529 160.687836 79.376350 49.488018 158.369659 79.704430 -8.194849 149.421173 92.413376 82.103226 127.031197 91.358658               2946 
-26.185501 160.628632 79.323036 49.600861 158.350769 79.663383 -8.096965 149.654068 92.425163 82.115288 126.927231 91.369965               2955 
-24.712713 161.743851 79.008507 50.734196 154.874832 79.691658 -7.463401 149.611588 91.987175 81.122711 121.218307 90.892006               2964 
-24.706671 161.511505 78.871506 50.701115 155.112686 79.704697 -7.500326 149.706711 91.896584 81.165924 121.563622 91.019608               2973 
-23.588646 162.192169 79.372444 51.516541 153.291428 79.969185 -6.812820 149.825043 92.190926 80.741791 118.412781 90.506538               2982 
-23.682337 162.445984 79.142647 51.499172 154.256439 80.099205 -6.843298 150.369446 92.122353 80.986862 119.711998 91.000061               2991 
-23.586037 162.701111 79.282021 51.615658 154.355377 80.175766 -6.714786 150.634735 92.271942 81.026337 119.747009 91.081924               3000 
-23.005627 163.178894 79.598557 52.150867 153.149139 80.262779 -6.192969 150.599701 92.563301 80.868294 117.882561 90.904625               3009 
-23.356544 163.324661 79.585129 52.035164 153.424438 80.379868 -6.290815 150.562119 92.590973 80.903091 118.258423 90.947067               3019 
-24.179976 164.264954 79.907326 51.572884 155.060486 80.611961 -6.641403 151.406998 92.959595 80.964279 120.377632 91.331894               3028 
-24.270443 164.766129 80.083588 51.655373 154.897903 80.653717 -6.529749 151.348572 92.983070 80.931732 120.073372 91.228111               3036 
-24.196552 165.348831 80.556175 51.845123 154.591309 80.759201 -6.290128 151.296188 93.170578 80.908905 119.490799 91.002335               3045 
-24.701591 165.991852 80.645714 51.609608 155.396973 81.022797 -6.543552 151.529968 93.119400 80.892891 120.493393 91.313614               3055 
-25.160091 166.477783 80.882385 51.405624 156.172073 81.316597 -6.738112 151.717712 93.272591 80.958725 121.493126 91.595543               3064 
-25.203768 166.572617 80.977020 51.429798 156.127777 81.361343 -6.730244 151.614349 93.242775 80.957588 121.410088 91.582100               3073 
-25.362034 167.090378 81.001007 51.443378 156.120468 81.387299 -6.735825 151.617889 93.231239 80.923164 121.359474 91.599426               3082 
-25.559299 167.002213 80.983757 51.353638 156.353668 81.428505 -6.817207 151.602325 93.264076 80.995300 121.786285 91.827492               3091 
-25.613241 166.937836 80.991089 51.342388 156.282104 81.417130 -6.834090 151.488708 93.245720 80.995758 121.722565 91.808853               3100 
-25.659363 166.823929 81.034950 51.330818 156.142212 81.443642 -6.848379 151.335510 93.271828 80.985802 121.582787 91.831100               3109 
-25.657303 166.734039 81.082611 51.362465 156.016525 81.467636 -6.816781 151.206818 93.299026 81.015114 121.457756 91.863960               3118 
-25.635983 166.668106 81.182930 51.405743 155.877762 81.550362 -6.774943 151.067352 93.346230 81.038689 121.310654 91.975090               3127 
-25.832170 166.195602 81.312141 51.360157 156.310760 81.794930 -6.769601 150.877731 93.589821 81.401772 122.211571 92.584641               3136 
-25.753321 166.096680 81.674438 51.442760 156.016312 81.881340 -6.666292 150.690689 93.861740 81.444504 121.852028 92.575661               3145 
-25.611622 165.991135 82.100006 51.587006 155.729965 82.004852 -6.495669 150.477722 94.163879 81.558212 121.506706 92.595764               3154 
-25.190853 165.894257 82.667900 51.958885 155.110809 82.141365 -6.095968 150.208328 94.593254 81.763435 120.692047 92.567719               3163 
-24.912865 165.834091 83.117188 52.200939 154.656891 82.289909 -5.836760 150.012848 94.941628 81.875992 120.090240 92.595711               3172 
-25.127264 165.429916 83.216469 52.130722 155.121689 82.509171 -5.870981 149.834137 95.089981 82.194366 120.967178 93.059906               3181 
-24.495880 165.446381 84.193619 52.648800 154.185806 82.741852 -5.307526 149.534760 95.815491 82.388145 119.621758 92.869530               3208 
-25.391693 165.136246 83.123230 52.025856 155.631119 83.400047 -6.134197 149.735596 95.337234 82.323586 121.829918 94.409050               3253 
-25.685917 163.690460 83.373955 51.968830 155.867355 83.714096 -6.105047 148.604996 95.577271 83.001343 122.698792 94.599922               3308 
-25.581913 163.922943 83.352798 52.044441 155.683243 83.681671 -6.110817 148.686798 95.541344 82.898796 122.312904 94.456711               3344 
-25.499828 164.105927 83.335869 52.104092 155.556198 83.655708 -6.127654 148.770721 95.548271 82.825195 122.037231 94.349815               3362 
