-52.338764 95.575310 49.288857 -7.234423 162.303207 32.992283 -24.556955 117.051750 62.870853 35.015915 191.869141 40.864124                  0 
-52.246021 95.289734 49.300938 -7.460221 162.239914 32.961121 -24.486320 116.886040 62.880566 34.672585 192.001862 40.723495                 17 
-52.249561 95.242821 49.220676 -7.436827 162.228226 32.926552 -24.389748 116.846237 62.869717 34.685860 192.018707 40.634163                 36 
-52.305008 95.171555 49.322132 -7.715647 162.322571 32.961437 -24.436413 116.880608 62.967285 34.312485 192.273849 40.561317                 54 
-52.390495 95.235977 49.305393 -7.756012 162.353561 32.840828 -24.555593 116.974747 63.035480 34.282761 192.308685 40.366318                 72 
-52.394516 95.106651 49.191059 -7.875753 162.330902 32.823723 -24.664810 116.882004 63.049358 34.115761 192.345078 40.377716                 90 
-52.366840 95.063065 49.022213 -7.870815 162.318878 32.632355 -24.649536 116.853333 62.951473 34.122654 192.347427 40.118080                108 
-52.305126 94.816475 48.858158 -7.925601 162.221573 32.680759 -24.634865 116.615875 62.926285 34.022774 192.300400 40.217270                126 
-52.235622 94.536499 48.678127 -8.020277 162.116302 32.722229 -24.637589 116.357010 62.874134 33.865532 192.265442 40.325432                144 
-52.166500 94.396622 48.662674 -8.171815 162.125580 32.680450 -24.653278 116.307823 62.896236 33.628849 192.403839 40.239044                162 
-52.049625 94.212914 48.550499 -8.270032 162.069244 32.447884 -24.761936 116.266571 62.960346 33.453476 192.475998 39.916470                180 
-52.086830 94.055786 48.360039 -8.250997 161.918564 32.353432 -24.958952 116.122017 63.006954 33.489674 192.287292 39.880596                198 
-52.070480 93.710884 48.374359 -8.407643 161.686691 32.303680 -25.091576 115.869263 63.137806 33.284214 192.140320 39.757992                216 
-52.097115 93.628563 48.371708 -8.420218 161.608063 32.292080 -25.207747 115.803459 63.251545 33.288914 192.042267 39.729038                234 
-52.138229 93.574242 48.362858 -8.443020 161.556580 32.278103 -25.326338 115.762192 63.335228 33.284569 191.967285 39.707661                252 
-52.158295 93.538528 48.369896 -8.464201 161.523956 32.258080 -25.420031 115.739120 63.404926 33.280918 191.915237 39.668629                271 
-52.219055 93.492378 48.290974 -8.440819 161.419266 32.131832 -25.525080 115.672737 63.364304 33.361732 191.736450 39.522144                289 
-52.323593 93.686012 48.045765 -8.550860 161.702499 32.281807 -25.752840 115.792656 63.296368 33.255741 191.957169 39.901791                307 
-52.331127 93.912079 47.887833 -8.634858 162.025345 32.355804 -25.853737 115.978378 63.236095 33.171318 192.253769 40.081593                325 
-52.311672 93.994270 47.857552 -8.622622 162.113434 32.341702 -26.006170 116.074272 63.388798 33.202881 192.310532 40.085320                343 
-52.353046 93.886353 47.812611 -8.770114 162.099869 32.479507 -26.451500 116.022560 63.914230 33.056831 192.277878 40.289410                361 
-52.310589 93.556213 47.737129 -8.965568 161.955780 32.608250 -27.034992 115.851189 64.780952 32.803459 192.196762 40.484310                379 
-52.249355 93.243607 47.694958 -9.242385 161.889481 32.745052 -27.632275 115.723717 65.727074 32.428150 192.259109 40.647774                397 
-52.283588 93.245415 47.651585 -9.286936 161.900238 32.734478 -28.081184 115.809868 66.320702 32.400391 192.241409 40.657932                415 
-52.234871 93.036926 47.423130 -9.549995 161.950165 32.830173 -28.322588 115.612526 66.552856 32.071274 192.362793 40.826595                433 
-52.411739 93.142136 47.377701 -9.639940 161.960358 32.747173 -28.712074 115.696938 66.735672 32.067017 192.251740 40.757343                451 
-53.050362 92.983910 48.683876 -9.739963 160.919006 31.709158 -28.862495 115.714424 67.275719 32.451748 190.879654 38.298611                469 
-53.527824 92.806976 48.649460 -10.919271 161.023926 31.113556 -29.429819 115.747070 67.064812 31.121286 191.292984 37.243553                487 
-53.741703 92.263466 48.343979 -11.547348 160.798325 31.077747 -29.731119 115.158295 67.046547 30.408974 191.190735 37.174397                506 
-53.861828 91.966820 48.169777 -11.893925 160.673828 31.057987 -29.929928 114.834015 67.125137 30.015474 191.134399 37.137177                524 
-54.265903 91.495575 47.596642 -12.790231 160.601440 30.915695 -30.453024 114.328697 66.841904 28.968409 191.252853 37.072639                542 
-55.086464 91.116669 46.441860 -13.608138 160.541489 31.173668 -31.280680 113.528778 66.318863 28.161507 191.056778 37.905296                560 
-55.333256 91.219986 44.519199 -14.006209 161.204956 31.613810 -31.251471 112.816185 65.237450 27.802473 191.504761 39.040585                578 
-51.886955 114.356400 23.020294 -3.241513 174.576797 13.603621 -43.291531 136.846436 62.763729 43.928101 189.746597 29.916367                596 
-60.924961 125.328484 23.371426 -2.037785 173.633804 7.523540 -53.454254 155.346878 66.375313 46.870567 177.372208 25.277370                614 
-60.310501 128.741409 23.362232 -1.691162 175.306839 5.095431 -54.243313 160.817932 65.909561 47.237450 177.336731 23.069620                632 
-61.366749 130.978302 22.138779 -3.028837 176.991608 3.156392 -56.083603 163.459335 64.111374 45.859398 178.138031 21.317541                650 
-62.688015 132.700317 19.046835 -4.580417 179.055679 0.642570 -58.137962 165.032318 61.109898 44.168468 179.935944 19.189062                668 
-64.575958 134.014160 14.283285 -5.815875 180.137665 -2.715214 -60.244804 165.847443 56.864723 42.714352 180.263702 16.415970                686 
-67.887108 135.980057 6.232135 -7.430392 181.094604 -7.663454 -63.863964 167.188828 50.110146 40.563129 179.235580 12.692546                704 
-69.511108 137.760101 -2.699883 -8.087069 182.555084 -13.291256 -65.785866 167.425064 42.513702 39.494167 178.840454 7.766485                722 
-69.968956 137.805237 -13.153547 -8.505120 183.661758 -17.825363 -68.186195 164.918701 33.889671 38.259663 178.479263 4.700128                741 
-70.386528 137.232407 -25.386593 -8.567558 183.064133 -22.620155 -70.494469 162.522018 22.804333 37.154259 175.300903 1.263907                759 
-70.592201 137.025665 -37.677315 -8.391604 181.750992 -27.296919 -72.434830 159.359924 12.159233 36.120022 171.108063 -2.264066                777 
-70.542091 138.174942 -48.188931 -7.757202 181.485794 -32.258820 -73.868790 158.933289 2.512163 35.327690 169.185562 -5.545577                795 
-70.357880 139.012039 -58.645859 -7.038217 181.114578 -36.961750 -74.080528 156.441528 -7.204288 34.987286 167.844788 -9.051703                813 
-70.189766 139.500031 -67.837685 -5.596377 180.302551 -41.454910 -71.815315 152.125992 -16.853317 36.073368 166.996582 -13.033362                831 
-70.660057 139.716339 -77.276421 -4.760590 177.486481 -45.070133 -70.851990 146.682861 -26.271137 36.076347 163.021667 -16.013033                849 
-70.858459 139.338028 -84.872169 -3.935451 175.707596 -48.673801 -68.847610 141.775101 -33.897903 36.612465 161.884872 -18.908054                867 
-71.743126 141.279739 -91.881355 -2.872790 174.065994 -51.697388 -67.413841 138.791931 -40.744835 37.073559 159.524918 -21.464174                885 
-70.606270 140.011963 -100.957993 -1.167769 171.425568 -54.966503 -59.993011 127.126144 -50.214066 39.936951 159.275452 -25.234739                903 
-72.444939 142.562424 -105.328468 -0.335565 171.167160 -58.080593 -59.508339 128.021118 -54.048382 39.801331 159.369812 -26.918867                922 
-72.657707 141.635818 -109.195335 -0.047984 170.203064 -61.352417 -58.721474 127.315445 -58.069115 39.405495 159.214279 -29.043428                939 
-70.948967 139.430618 -110.893982 1.500413 169.995956 -63.323090 -55.853352 126.445740 -60.132965 40.592510 160.776321 -30.036346                957 
-68.795975 133.221649 -114.261002 1.761296 169.550415 -67.114655 -51.960102 122.511299 -63.560295 40.771145 164.323227 -32.878574                976 
-65.600098 124.990929 -117.924194 1.875006 168.856400 -72.215698 -46.796074 117.548004 -67.536530 40.785595 168.623520 -37.472172                994 
-63.833252 122.635269 -123.950035 2.046445 168.717331 -77.244286 -43.776886 115.523697 -73.573906 40.030499 170.592712 -41.538605               1012 
-68.800110 133.121292 -133.628830 0.320325 167.597260 -80.733429 -49.173473 118.333725 -83.347580 36.802189 163.486115 -43.674377               1030 
-71.303085 143.942917 -140.806519 -0.563323 165.085876 -82.711739 -54.265808 121.585434 -91.706566 33.890682 153.755997 -45.218323               1048 
-73.920860 149.201752 -145.068069 -1.643986 157.793625 -85.536453 -58.920975 120.846558 -98.395943 31.273846 139.852005 -49.263664               1066 
-74.948090 153.965240 -145.727554 -1.667253 155.609787 -86.755005 -60.604679 123.442825 -100.390343 29.894516 134.544601 -50.959560               1084 
-74.625633 140.704865 -149.926483 -2.486006 151.700775 -90.485802 -58.723263 115.225395 -102.110886 29.507254 135.822968 -52.465706               1102 
-74.758400 131.773819 -149.960678 -2.880583 149.914658 -91.911980 -56.235054 110.552399 -101.234230 29.799070 138.212784 -52.972183               1120 
-75.339767 128.786026 -149.752594 -2.781596 149.076492 -93.226379 -53.671700 109.008179 -101.957420 30.395456 138.848099 -54.292282               1138 
-74.966316 121.766579 -149.941589 -2.749567 147.451279 -95.145477 -50.009010 104.830360 -102.683578 31.120449 140.385452 -56.105789               1156 
-74.874084 118.622894 -149.766541 -2.768349 146.777954 -95.997223 -47.678814 103.216743 -103.184212 31.330976 141.300613 -56.902012               1174 
-74.548523 118.058464 -150.366928 -2.494148 146.642426 -96.707649 -46.114227 103.005379 -104.464035 31.593510 141.483383 -57.558998               1192 
-73.887039 119.428070 -152.022430 -2.048282 147.554672 -97.790543 -44.628071 104.009590 -106.752228 31.891954 142.079620 -58.556820               1211 
-69.868797 95.309563 -148.044876 -2.930165 140.706238 -98.809769 -32.654510 87.925560 -104.694336 33.665596 145.259430 -61.915054               1229 
-68.389297 85.861275 -143.618378 -4.127233 139.461929 -98.598572 -23.195362 83.916702 -104.079079 33.326305 149.622986 -63.739044               1247 
-66.649094 90.851517 -147.642746 -2.314993 142.260910 -99.832733 -19.791283 87.379585 -108.133904 34.540516 151.317383 -64.043732               1265 
-54.009216 79.223930 -129.488144 4.086596 145.140015 -92.743378 -4.108759 87.739105 -94.440994 41.383148 163.817490 -61.417351               1283 
-52.914688 75.285614 -127.784180 3.657177 144.094574 -94.002228 -2.478337 86.465988 -94.169609 40.962437 164.843948 -64.019188               1301 
-50.013863 73.682480 -124.993744 5.207524 145.405212 -95.205429 0.051114 87.826019 -91.839775 41.940086 168.618103 -66.342278               1319 
-50.084518 75.203064 -123.080124 6.224586 147.658768 -97.353142 0.024152 90.555763 -90.542351 43.181580 171.973068 -69.709045               1337 
-46.513306 84.474464 -127.315887 11.350817 155.376678 -100.658760 1.568048 99.154350 -91.602058 47.263077 179.281372 -71.331711               1355 
-35.321342 89.980934 -123.758492 17.382572 162.593979 -98.859818 6.288214 106.452271 -91.108826 53.347507 185.166245 -68.557709               1373 
-17.393509 89.715660 -121.148544 21.253000 166.804642 -100.326981 9.935864 109.888084 -94.270554 56.322662 188.774200 -68.567604               1391 
-4.880529 91.972046 -119.292938 23.837439 169.741241 -101.838776 10.425304 112.371742 -98.312813 59.332279 189.217560 -68.945160               1409 
4.375215 91.952316 -116.150383 25.839275 170.238007 -103.384026 11.910969 112.610435 -99.911552 61.436825 189.455582 -70.449234               1427 
25.137541 111.785690 -101.837105 29.846361 174.849854 -104.257126 14.591582 117.262474 -103.328522 65.739334 191.843796 -70.432556               1446 
38.365936 119.685043 -96.816841 36.199482 178.133820 -104.391273 22.240131 120.086754 -105.010155 69.889870 195.464722 -68.533241               1464 
44.417786 124.954582 -94.650139 41.272038 181.663986 -104.496002 26.265467 123.783737 -105.013596 75.154427 198.494446 -68.580544               1482 
47.265873 126.210289 -93.319473 44.264542 182.046585 -105.582291 28.603298 124.265877 -104.749344 77.380333 199.612915 -69.305992               1500 
50.697998 126.685921 -93.946579 46.647987 182.604645 -105.899323 31.904264 124.519539 -105.032074 79.786621 200.645126 -69.877487               1518 
49.904541 122.708824 -74.736740 51.193287 176.424408 -95.063461 30.470175 120.188721 -85.887512 84.457253 197.135208 -60.628410               1536 
41.318569 143.101181 -80.275543 58.636375 193.211807 -103.269852 32.101887 140.696320 -96.137749 91.489601 208.851929 -65.889999               1554 
51.660633 147.022552 -87.410149 67.598083 199.679550 -106.713364 50.048073 143.142242 -104.397423 93.471130 217.629837 -65.125229               1572 
58.887577 145.895065 -89.765396 73.488312 200.233536 -106.745728 60.019390 142.465500 -106.291862 96.241112 218.817963 -63.639698               1590 
62.644836 142.428070 -90.303337 75.802689 197.727921 -107.100380 64.772591 139.417801 -106.110237 97.512703 217.626404 -64.043121               1608 
67.595818 138.381500 -89.649765 79.290543 193.974030 -107.550179 70.295067 135.342056 -104.991264 100.196701 215.736069 -64.999657               1626 
70.608124 135.024017 -91.482025 81.800385 191.658203 -107.665230 74.485649 132.640152 -106.618210 101.570244 212.996307 -64.363510               1645 
75.629265 131.694946 -90.097778 84.765594 189.219574 -106.494164 80.610725 129.821198 -104.606552 103.134323 212.224808 -63.429680               1662 
77.368279 129.049011 -88.716415 85.359161 186.962509 -105.927124 82.840736 127.447327 -102.851295 103.772728 211.283157 -63.611076               1681 
80.963493 127.693954 -89.959137 88.064941 186.030136 -106.836449 87.370026 126.407829 -103.779541 104.210472 210.939651 -63.940777               1699 
81.010086 126.303314 -90.888985 87.691803 184.928757 -107.442139 87.645752 125.240791 -104.699188 103.851219 209.783066 -64.519684               1717 
78.696060 124.406128 -89.195854 86.006470 182.457581 -107.688126 84.841118 122.841385 -103.293907 104.809631 208.078094 -66.321091               1735 
74.481491 118.237198 -82.636101 81.993233 174.505890 -107.062401 79.681664 115.625984 -96.740730 105.030151 203.308884 -70.172173               1753 
71.455513 112.971420 -77.524155 78.321846 167.428741 -107.774834 76.182663 109.973305 -91.147842 104.421021 199.492462 -75.963646               1771 
68.110443 108.238602 -74.667671 77.062355 161.515625 -108.716309 73.624512 105.687614 -87.348312 104.214493 195.430878 -79.842140               1789 
65.298759 105.273125 -74.194748 76.856697 159.672760 -108.168083 72.495827 104.081551 -86.338821 104.174324 193.467606 -79.308815               1807 
68.349770 103.592476 -75.907150 78.706917 159.666794 -109.042046 77.055145 103.773956 -87.580025 102.998642 194.862701 -79.169624               1825 
71.085663 102.194969 -78.658783 80.323532 159.446228 -110.828606 81.336708 103.297249 -89.921822 101.545387 195.563324 -79.741814               1843 
72.395409 101.396873 -79.994652 80.744705 159.305542 -111.676636 84.345253 103.021675 -91.317116 100.677307 195.787354 -80.165199               1861 
70.162544 99.998062 -79.934723 79.988503 157.754166 -112.105904 83.228645 101.506401 -91.443382 101.403450 193.945587 -81.238724               1879 
68.815277 97.872917 -80.779259 79.964767 155.854141 -112.712585 82.644867 99.430313 -92.336990 102.459137 191.458374 -81.930397               1897 
68.254425 96.643303 -81.475418 80.067696 154.617325 -113.692734 82.707413 98.299049 -92.934937 102.658867 190.329956 -83.107643               1916 
68.631943 95.884979 -80.804359 80.726814 153.767593 -113.354218 84.088417 97.582298 -92.468239 103.735878 189.498260 -83.103546               1934 
69.170212 95.480858 -81.102707 80.673927 153.523743 -113.738754 86.700661 97.781540 -93.223373 104.342201 189.165298 -83.894279               1952 
68.575806 94.864807 -79.884842 80.217369 152.109650 -114.124100 87.298439 96.964905 -92.853615 105.889397 187.768936 -86.007133               1970 
70.652817 93.490799 -80.070045 80.603455 150.760468 -114.852890 89.093765 95.708229 -93.639122 107.119125 186.649963 -87.833176               1988 
70.067543 90.520554 -80.221809 79.896477 147.713455 -115.670181 88.616470 92.835197 -93.950432 107.109695 183.727295 -89.523575               2006 
69.327538 88.166862 -79.416870 81.449165 144.177811 -116.521889 88.778122 90.130554 -92.233170 107.883987 180.963287 -90.652412               2024 
69.501404 87.524330 -80.752541 82.425346 144.115494 -117.553558 89.439445 89.998245 -93.231873 109.067947 180.695786 -91.606415               2042 
66.670433 86.018837 -79.990845 84.217613 141.977341 -117.067856 88.008919 88.402618 -90.821938 110.367485 178.460251 -90.490005               2060 
60.940552 85.654427 -80.391251 85.532326 139.715332 -116.980042 83.552452 86.776268 -89.220581 111.840302 175.133911 -89.148125               2078 
62.926678 83.687088 -77.105896 88.016869 135.491928 -117.286682 85.359367 85.019867 -84.095596 111.075111 174.677765 -91.713478               2096 
67.872337 82.174538 -73.211090 88.519997 131.876709 -119.202988 87.056503 84.439713 -80.033791 108.291367 175.586334 -98.714890               2114 
68.858711 78.853027 -77.514221 88.830971 129.373245 -123.529221 83.951675 81.105324 -83.275024 107.090187 173.820724 -103.225937               2132 
69.746292 86.143494 -71.834862 89.040352 125.791862 -128.180267 83.112106 87.963333 -77.101669 103.770538 174.960236 -118.869354               2151 
67.608383 87.461395 -70.690193 88.387794 124.465767 -128.589142 81.183273 89.248215 -75.805222 103.257584 173.962418 -121.505951               2169 
65.967514 88.010406 -70.581711 88.011642 123.735603 -128.938812 79.230545 89.650978 -75.549454 102.934242 173.333511 -122.728836               2187 
66.962341 87.133430 -68.738480 86.857796 122.696655 -128.049133 78.867134 88.247833 -74.516342 104.369011 171.499863 -122.321556               2205 
69.646858 86.099129 -68.737427 86.646805 122.472740 -128.476959 80.130249 87.251701 -74.965515 104.345085 171.233658 -122.968422               2223 
70.608292 79.998909 -74.961830 87.665390 122.936554 -130.201370 80.194847 81.778419 -81.025383 105.540977 170.684036 -119.163132               2241 
68.659615 78.254440 -77.917122 87.809402 122.911301 -131.107635 71.698288 80.501328 -83.667244 105.578285 170.124817 -117.827873               2259 
68.481812 77.432564 -80.915352 88.409378 123.472954 -132.633377 65.431183 80.311913 -86.754021 106.345123 170.137482 -117.735977               2277 
68.730965 76.819855 -82.469566 88.712982 123.756470 -133.411743 61.968113 80.238640 -88.585281 106.645721 170.143051 -117.666794               2295 
68.964264 76.945305 -81.813843 88.703918 123.489998 -133.230438 59.034012 80.773376 -88.368820 106.831749 169.918060 -117.835045               2313 
69.371025 77.197899 -81.084442 88.706978 123.139694 -133.140869 57.180290 81.183182 -88.292992 106.985588 169.672485 -118.248192               2331 
70.334648 77.350815 -79.983810 89.044746 122.552353 -132.787628 55.654167 81.411171 -88.328766 107.303169 169.287598 -118.517120               2349 
70.748962 77.068542 -79.741905 89.322731 122.062988 -132.719971 54.110855 81.429604 -89.054298 107.680565 168.803543 -118.595093               2368 
70.794136 75.996719 -82.408691 90.674011 122.588448 -133.363983 53.688499 80.363930 -92.988861 107.988007 169.049469 -117.152878               2386 
70.866180 75.691475 -83.022049 91.215195 122.634972 -133.408615 53.735985 79.908440 -94.249260 108.082390 169.044708 -116.590927               2404 
70.864494 75.592552 -83.237099 91.316414 122.623634 -133.467987 53.620529 79.738205 -94.905190 108.067932 169.009201 -116.468979               2422 
71.659279 75.397583 -83.417900 91.489182 122.419716 -133.649902 54.124378 79.062332 -95.480591 107.842979 168.896378 -116.512978               2440 
71.603226 75.294052 -83.796951 91.486481 122.275742 -133.741974 53.811665 78.606445 -96.777016 107.691505 168.653870 -116.201523               2458 
71.679253 75.598083 -83.597527 91.502274 122.232727 -133.659531 53.398655 78.596321 -97.643456 107.583923 168.650742 -116.111031               2476 
71.692162 75.734161 -83.473518 91.516747 122.193306 -133.583984 53.604488 78.408745 -98.126205 107.485306 168.647766 -116.028679               2494 
71.199654 74.900581 -85.473000 91.298882 122.073662 -134.641846 53.421726 77.452179 -101.291763 106.932953 168.267120 -116.123192               2512 
71.639641 74.619766 -85.711067 90.988731 121.849762 -134.979599 53.810101 76.819397 -102.278191 106.476334 168.081848 -116.434273               2530 
71.453865 74.540146 -85.854919 90.972008 121.849350 -134.945602 54.040245 76.646210 -103.188263 106.456787 168.008163 -116.216309               2548 
71.862839 75.204803 -86.153885 89.926262 122.400978 -135.901413 55.654667 76.466820 -104.014061 104.683937 169.038010 -117.779617               2566 
71.332710 75.385826 -85.921822 88.898682 121.534363 -136.760330 57.400368 75.714378 -104.329529 103.602341 168.581238 -119.684204               2584 
70.852356 75.732628 -85.894951 89.192322 121.606049 -136.578857 57.927547 75.764809 -105.014961 103.697792 168.663254 -119.362221               2602 
70.183037 75.815506 -86.068008 89.305054 121.554482 -136.465240 57.863888 75.805367 -105.560036 104.053101 168.426895 -118.953148               2621 
69.769249 76.106956 -86.157570 89.386658 121.517159 -136.382996 57.865360 75.835739 -105.934990 104.306015 168.253830 -118.654564               2639 
69.017540 76.352753 -86.453613 89.566658 121.532906 -136.206619 57.742577 75.851486 -106.610970 104.563591 168.054520 -117.984863               2657 
68.486732 76.767212 -86.663902 89.712105 121.545631 -136.064102 57.588673 75.875282 -107.139297 104.760773 167.892136 -117.443146               2675 
68.250702 77.571655 -86.721115 89.822960 121.555328 -135.955475 57.794395 75.852333 -107.545273 104.904488 167.767654 -117.030106               2693 
68.252037 78.722260 -86.661583 89.908348 121.562805 -135.871811 58.239044 75.807724 -107.862305 105.011292 167.671402 -116.711983               2711 
68.269386 79.673248 -86.598106 89.977036 121.568810 -135.804504 58.852566 75.737022 -108.026436 105.094749 167.593781 -116.456169               2729 
68.299545 80.474403 -86.528328 90.032776 121.573692 -135.749893 58.946377 75.727524 -108.180832 105.160858 167.530670 -116.248650               2747 
68.190453 80.741776 -86.537750 90.080132 121.577835 -135.703491 58.825657 75.745293 -108.336723 105.215897 167.476959 -116.072411               2765 
67.287720 81.054512 -86.675308 89.980316 121.667786 -135.505402 58.387051 75.879929 -108.678467 105.061226 167.441666 -115.542442               2783 
66.832939 81.519745 -86.724373 89.929298 121.687271 -135.406738 58.194382 75.910568 -108.948692 105.008423 167.352417 -115.194962               2801 
66.602570 81.889839 -87.035759 89.702644 121.837891 -135.650009 58.168793 75.943230 -109.415199 104.785095 167.405136 -115.220955               2819 
66.998734 81.831818 -87.390381 89.308197 122.018463 -136.060440 58.234528 75.880608 -109.784645 104.780655 167.351349 -115.402908               2837 
66.316925 81.335640 -87.239609 89.648270 122.315399 -134.682037 57.821342 75.842140 -109.967995 105.157433 167.032623 -112.749489               2855 
65.823929 80.731339 -87.182915 90.090881 122.464447 -133.353516 57.593582 75.634979 -110.311523 105.481506 166.575226 -110.146423               2874 
65.545593 80.340317 -87.188629 90.323593 122.542816 -132.655014 57.411957 75.582771 -110.617424 105.635445 166.326004 -108.784927               2892 
65.409050 80.150528 -87.186882 90.444221 122.583435 -132.292938 57.373676 75.555771 -110.792587 105.710815 166.194580 -108.081352               2910 
68.845413 86.217697 -90.925240 92.409752 131.344681 -134.330093 59.738350 83.316460 -114.547684 108.936928 173.333008 -108.156952               2928 
69.083595 86.051697 -93.560158 93.115974 134.093109 -133.820740 59.717129 85.287025 -117.349434 110.156403 174.056946 -104.946594               2946 
69.049286 85.839142 -94.186462 93.267876 134.684250 -133.711182 59.452305 85.832481 -118.031219 110.421036 174.187927 -104.275993               2964 
69.055099 85.798828 -94.360474 93.318192 134.880066 -133.674896 59.417339 86.001137 -118.252289 110.508842 174.229507 -104.055588               2982 
69.066139 85.788261 -94.453964 93.348824 134.999283 -133.652802 59.424278 86.093987 -118.372055 110.562340 174.254395 -103.921814               3000 
69.118927 85.863052 -94.454056 93.372658 135.092056 -133.635605 59.432217 86.165298 -118.462227 110.603989 174.273544 -103.817947               3018 
69.262421 86.082550 -94.591042 93.222954 135.249130 -133.839798 59.338436 86.265602 -118.768311 110.620171 174.262161 -103.897827               3036 
69.919899 86.390594 -95.160202 93.394913 135.251923 -134.362595 59.585068 86.098335 -119.733818 110.856354 173.953110 -104.055534               3054 
69.484871 88.480232 -94.570724 94.955856 135.014099 -133.970688 59.950405 86.443398 -120.273163 111.101357 174.162216 -103.508430               3072 
67.490356 91.588440 -94.139206 96.286407 134.650192 -133.463089 59.960266 86.667679 -121.266083 109.384857 175.121552 -103.268692               3090 
67.298576 91.825500 -91.644760 96.043823 132.172104 -132.851349 59.199924 85.076355 -118.909256 109.775871 173.462296 -104.080666               3109 
65.053993 92.345078 -91.191200 95.165970 129.599258 -134.228256 57.712944 83.675934 -118.183838 108.216095 172.751373 -107.983452               3127 
65.335548 92.605759 -90.142647 95.614807 128.020386 -134.577667 58.438828 82.524948 -116.787277 107.851341 172.551849 -110.320343               3145 
61.903206 89.843544 -91.685547 95.715897 125.428528 -133.376816 57.269173 79.830429 -118.873001 105.805573 169.913742 -108.069397               3163 
62.502190 87.210815 -92.737122 95.232002 124.447624 -133.871140 56.568939 78.713745 -120.381073 106.779007 167.520523 -106.804703               3181 
63.396866 86.042969 -91.466293 94.160606 123.279816 -134.111969 55.407585 77.845673 -118.974693 107.183167 166.247452 -107.552681               3199 
63.586178 89.489807 -80.951378 91.524071 120.481117 -130.170059 50.717476 79.692574 -106.994179 109.009026 165.226547 -109.839684               3217 
61.843521 93.629990 -80.353470 92.101036 120.182961 -130.882874 50.056015 81.616333 -105.930046 108.692337 166.650803 -113.951538               3235 
60.594547 96.556389 -80.199547 92.479172 119.987549 -131.350037 49.559368 83.104515 -105.293793 108.709427 167.386612 -116.820473               3253 
59.619068 98.308815 -80.492470 92.430717 119.708008 -132.009842 49.285645 83.698921 -105.023773 107.999031 167.857239 -119.341774               3271 
58.865456 99.386482 -80.757439 92.398056 119.519562 -132.454636 49.042591 84.162140 -104.796768 107.570702 168.113876 -121.071106               3289 
57.611603 97.769218 -83.871948 93.295906 120.711876 -133.435974 46.578526 85.724617 -103.115196 106.802223 169.312164 -120.139671               3307 
58.342754 99.704063 -90.411224 100.794350 127.859024 -131.246536 49.473038 89.189758 -108.921547 108.168335 176.262650 -113.248909               3325 
58.119141 101.098526 -93.196411 102.681030 130.671738 -130.646179 49.760906 91.038651 -111.412102 107.962700 178.877304 -111.423050               3344 
56.191849 105.259674 -100.008041 104.074150 134.498856 -133.388687 48.609459 95.899986 -118.616280 109.005363 182.141510 -112.723213               3362 
54.659882 107.994209 -103.432297 104.107979 136.898346 -134.659439 47.356709 98.844482 -122.279495 108.566689 184.385132 -113.533012               3380 
54.710545 112.276222 -103.363762 105.502098 143.223511 -130.095123 49.498924 102.340340 -122.577141 104.961006 191.412720 -110.127419               3398 
48.251472 126.420197 -91.815216 102.585876 147.196915 -121.270081 42.371441 113.731232 -109.136642 106.042000 198.126968 -110.528290               3416 
47.261391 135.537766 -79.544167 98.441017 152.689774 -116.158607 40.095860 120.765526 -94.291267 101.801346 204.622208 -112.562675               3434 
56.161064 160.968964 -61.739468 100.441666 159.673798 -110.024162 46.251873 142.916687 -68.851349 105.241776 208.858932 -126.726913               3452 
60.867847 187.039703 -62.940151 102.219482 167.780228 -110.437477 52.281780 167.513550 -61.194206 101.479729 205.071167 -146.907181               3470 
56.294624 192.244507 -62.021275 100.158066 170.931625 -107.145332 48.919003 173.955719 -59.396011 98.886002 204.240097 -147.271744               3488 
69.857536 124.448250 -115.666420 87.949013 198.527985 -72.950867 76.814087 131.479156 -84.979774 91.721779 213.810181 -23.217358               3506 
44.035534 148.615524 -125.264633 84.849396 202.578186 -57.439491 60.819103 142.894730 -84.635078 98.847275 202.167358 -7.189203               3524 
33.165558 157.287033 -117.577461 83.892014 203.739761 -48.571888 41.640236 146.749527 -72.757378 103.326103 198.803375 -0.414341               3542 
26.423870 159.997040 -110.042862 81.552040 205.682755 -43.408325 28.631731 148.167801 -60.050579 104.897377 199.908447 2.882640               3560 
20.723125 167.744537 -101.265800 81.417450 206.878418 -35.245983 22.294668 151.679337 -49.627678 108.140602 196.793655 8.404580               3579 
15.153548 170.752258 -95.753670 78.627365 208.175598 -31.376343 18.261106 152.828979 -43.968639 107.522408 196.837891 10.548992               3597 
9.185483 174.998459 -84.818802 77.147446 207.796173 -22.592398 15.175416 153.187378 -33.999207 109.132027 193.377731 16.011950               3615 
3.798549 176.057892 -78.755402 74.848732 208.013168 -19.797022 10.922913 154.425980 -27.485437 108.419014 193.034210 17.214701               3633 
-0.838929 176.046631 -73.494659 72.051964 208.643845 -17.590162 6.990011 155.152374 -21.295218 107.169334 193.699554 17.971603               3651 
-5.399730 177.799362 -64.453598 71.021339 206.482071 -11.665791 3.847605 155.111191 -12.978071 107.828362 188.962585 20.884361               3669 
-10.115710 177.326416 -57.743294 66.931190 208.145554 -7.664671 -0.523902 156.937790 -5.375106 104.586273 191.523224 24.382084               3687 
-13.833789 177.258987 -50.119759 65.235031 208.053207 -3.755413 -2.217145 157.048141 1.731945 104.501724 191.072495 26.093933               3705 
-17.427622 177.128372 -42.263924 63.982258 207.205200 0.014742 -4.091761 157.774536 9.130828 104.332001 189.738937 28.086594               3723 
-20.890347 176.731293 -34.860031 62.723614 206.761398 2.546781 -5.129899 158.326920 15.706293 104.489334 189.145035 28.363230               3741 
-25.916248 173.915405 -27.529684 57.623272 208.988876 5.072862 -7.863758 159.355820 22.902462 100.975716 194.179062 30.021515               3759 
-29.766418 173.321869 -20.022545 57.171337 205.482040 5.283867 -8.981985 161.176773 27.995836 101.597260 189.140854 27.204262               3777 
-36.615871 169.563171 -13.074568 48.717430 206.950409 6.928342 -15.408575 164.226624 32.569580 94.233109 193.136185 28.345415               3796 
-37.642399 170.250259 -1.716520 50.474506 200.300079 13.350336 -14.308451 162.011917 37.904728 96.343575 180.570831 28.449543               3814 
-38.873692 170.493393 6.125784 49.503414 198.467468 17.139559 -15.204143 163.808609 42.319260 95.255363 176.416779 29.044485               3832 
-38.154221 170.067078 9.597722 49.801277 197.410126 18.364395 -15.080058 165.605637 44.509758 95.210518 174.094421 29.115189               3850 
-46.522972 168.186935 43.953766 38.630798 202.199493 23.933937 -6.013948 174.112701 89.861916 89.449043 202.991455 35.684662               3868 
-37.402306 156.323486 55.920071 45.560158 195.129745 29.188705 17.146400 154.159348 102.478790 97.257545 200.290390 33.873627               3886 
-30.519630 171.466354 35.844997 34.553734 198.883896 14.849660 -6.359080 164.302536 55.062519 84.491798 196.566345 29.749985               3904 
-28.179590 151.981522 28.099104 33.906513 204.913498 21.691572 -3.435774 148.316162 17.376801 84.534836 195.417892 29.926086               3922 
-30.742004 151.864944 26.491760 36.771259 201.888809 29.090487 -5.472804 151.505615 10.485109 86.297432 186.102020 33.464951               3940 
-33.182816 151.456772 25.299236 34.708950 201.565552 30.299452 -7.814921 152.441452 8.913125 84.049072 185.165817 34.518661               3958 
-35.988647 152.743958 26.051176 32.558956 202.253860 30.436554 -10.616257 153.551880 9.285773 81.740379 185.323395 34.404964               3976 
-35.754833 154.785202 29.773802 36.772213 198.900223 32.469048 -10.664762 153.908920 12.217640 84.614540 178.224594 34.667095               3994 
-37.217854 157.474777 32.678589 37.189545 199.236450 32.514061 -12.159365 155.374771 14.448363 84.405373 177.102417 33.910774               4012 
-38.297424 160.985428 36.759064 38.734516 199.233002 33.502998 -12.763961 157.003616 17.660263 85.074265 175.286545 34.132370               4030 
-26.320162 152.571564 43.859600 51.963428 189.203461 37.341705 -2.101021 150.294403 21.519033 97.403938 164.637344 30.070702               4049 
-26.004837 161.698746 48.675900 55.809116 191.802521 38.869576 -0.183388 154.462753 26.277443 99.891029 164.213516 34.766705               4067 
-13.784101 166.901016 45.994995 72.691162 182.415558 37.130981 11.729566 153.980560 24.332548 111.867302 148.018600 35.319660               4085 
-13.856183 171.619278 43.230137 74.628510 179.791611 37.536373 12.469367 155.432297 22.299858 111.422401 142.813187 37.613419               4103 
-15.207738 170.782166 42.904377 73.617218 179.804596 37.504551 11.971990 154.298218 22.040207 111.036774 143.463150 38.031078               4121 
-16.441534 169.368881 43.315094 72.680862 178.724106 37.359673 11.301985 152.138641 22.640667 110.536148 142.856461 38.660057               4139 
-16.868780 168.588684 43.466110 72.344292 178.508286 37.376816 11.203156 151.193909 22.973635 110.534538 143.015259 39.094810               4157 
-18.515945 164.419800 42.121552 70.639275 176.241180 37.202023 10.159623 148.358749 21.156784 109.525444 141.474014 37.759178               4175 
-20.194578 158.535004 43.653664 69.216362 168.854080 36.684990 7.549604 142.748535 21.783686 107.499908 133.480621 34.613838               4193 
-18.190191 156.106873 32.817822 72.227264 155.173309 36.701519 10.120824 144.365997 9.410400 106.546745 117.511436 25.523098               4211 
-16.583345 152.738922 25.546520 73.284958 152.542923 36.457806 13.526937 145.175400 3.251097 109.389771 117.682236 22.231901               4229 
-28.602951 135.462601 32.992794 25.288864 181.542938 29.636984 -29.411291 141.329132 31.836716 72.465935 159.598145 33.372017               4247 
-32.373314 131.718185 37.420902 9.208951 185.552292 30.006775 -42.384949 142.217407 44.117100 58.649761 169.024124 31.911272               4265 
-29.901112 126.020950 43.622303 -0.236633 186.520004 35.344868 -42.651218 135.138596 54.030396 51.147938 178.437393 31.408085               4284 
-30.558128 126.799522 40.520489 -8.266121 190.742432 36.794601 -44.352779 133.708862 52.632359 43.557720 188.784073 31.168295               4302 
-25.363714 121.118355 39.828663 -10.844987 187.069305 36.217419 -40.774746 126.441208 51.836498 41.015804 190.985901 32.177696               4320 
-24.889265 121.721642 42.039955 -12.613412 187.600281 36.979668 -41.066425 126.786697 54.721302 39.038506 192.342529 31.430647               4338 
-22.518276 120.827202 44.703785 -14.052232 185.803925 35.699905 -41.392536 125.508438 56.804665 37.599953 191.734787 31.448114               4356 
-17.739069 120.197250 50.509735 -15.025220 182.966202 35.969635 -40.054989 123.718483 62.364807 36.371574 190.709656 31.541376               4374 
-14.876893 119.858513 51.954636 -15.007883 181.601028 36.515747 -39.062035 122.327385 63.825985 36.252285 190.322372 32.328339               4392 
-13.678560 119.392387 54.941566 -17.084677 180.391586 37.178368 -38.002934 121.093567 66.975029 33.645409 191.544357 32.353935               4410 
-12.681995 119.799118 56.241207 -17.148233 180.491165 37.719887 -37.049297 121.293411 68.455246 33.381573 192.371597 32.543499               4428 
-12.342207 120.121338 57.124210 -17.956415 180.482742 37.881371 -36.745369 121.370911 69.518578 32.341492 193.155472 32.338474               4446 
-12.263297 120.299568 58.126373 -18.782688 180.273575 38.007202 -36.220776 120.261185 61.598137 31.328503 193.608322 32.327942               4464 
-11.821215 120.487862 58.907688 -18.810379 180.238281 38.319866 -34.956238 119.613358 52.898502 31.189632 193.755081 32.115360               4482 
-11.631684 120.516411 59.203442 -18.777113 180.177856 38.425152 -34.504906 119.315819 50.070694 31.183422 193.780411 32.091404               4500 
-11.567286 120.238770 59.220005 -18.841749 179.911575 38.530880 -34.352131 118.922478 49.119457 31.087755 193.633224 32.209347               4519 
-11.347371 119.998123 59.506107 -18.791933 179.642929 38.798840 -34.132622 118.614922 48.928280 31.088940 193.477051 32.340015               4537 
-10.322979 119.126045 59.925514 -18.023809 179.052597 40.045506 -33.252953 117.943016 49.498295 31.715847 192.865173 32.536816               4555 
-9.688267 118.560837 60.194778 -17.529068 178.672379 40.848469 -32.686684 117.506752 50.003922 32.103828 192.485443 32.664616               4573 
-9.119964 117.594444 59.293346 -16.853725 178.330765 41.648048 -32.038933 116.984085 49.408276 32.661045 192.219467 32.896347               4591 
-7.792216 117.750473 59.653778 -16.559399 178.670914 42.853085 -30.505415 116.952515 49.927536 32.576923 193.601791 33.693821               4609 
-7.289622 117.047798 59.304703 -16.584843 178.122009 43.286465 -29.907818 116.191116 49.386929 32.386703 193.672836 34.277554               4627 
-7.157817 116.588882 59.151402 -16.638956 177.769638 43.371830 -29.519318 115.716568 49.160667 32.223289 193.715225 34.460007               4645 
-7.218353 116.236397 59.074234 -16.673056 177.547592 43.425621 -29.274866 115.418571 49.018570 32.119022 193.741058 34.576569               4663 
-7.406744 115.918144 59.054001 -16.749815 177.367432 43.417248 -29.096773 115.194107 48.727009 31.979137 193.772934 34.611031               4681 
-7.651309 115.609734 59.042740 -16.856739 177.200562 43.346970 -29.020350 115.101173 48.201687 31.811277 193.827728 34.619850               4699 
-7.895479 115.338127 59.042076 -16.940811 177.069366 43.291714 -28.966530 115.038002 47.757626 31.678497 193.870560 34.626637               4717 
-8.165915 115.089188 59.054543 -17.005226 176.968842 43.249374 -28.907719 114.941780 47.623425 31.576288 193.903244 34.631744               4735 
-8.328002 114.914215 59.056183 -17.057013 176.888016 43.215336 -28.907278 114.869377 47.602074 31.493822 193.929413 34.635796               4754 
-7.821813 114.759422 58.814468 -16.553434 176.817841 43.120544 -28.323431 114.793449 47.345455 31.951878 193.978790 34.521877               4772 
-7.318362 114.700981 58.729366 -16.309595 176.769043 43.155895 -27.838547 114.711761 47.313362 32.088028 194.151245 34.396305               4790 
-6.952138 114.710045 58.663235 -16.159502 176.755463 43.047688 -27.441206 114.671509 47.264542 32.141037 194.344284 34.165558               4808 
-6.614785 114.732048 58.724354 -16.073586 176.711151 42.970215 -27.115187 114.849846 46.302887 32.131081 194.496063 33.958672               4826 
-6.588115 114.741936 58.801235 -16.074120 176.708435 42.946972 -27.062859 114.983376 45.727779 32.089073 194.581192 33.887573               4844 
-6.517332 114.747177 58.996777 -16.076498 176.666779 42.806042 -26.805086 114.995430 45.478775 31.999168 194.737274 33.674320               4862 
-5.884092 114.915520 59.388977 -15.604933 176.654846 42.448780 -25.985134 115.017372 45.539600 32.358746 194.918198 33.114086               4880 
-5.499370 115.100471 59.553089 -15.240893 176.678619 42.002712 -25.479650 115.089592 45.408268 32.695873 194.994110 32.632000               4898 
-5.173543 115.215790 59.720329 -14.898255 176.641617 41.622028 -25.072889 115.105392 45.336967 33.030579 194.951233 32.199413               4916 
-4.870338 115.357742 59.745831 -14.601572 176.693985 41.353554 -24.661594 115.179649 45.119678 33.319988 195.080856 32.045063               4934 
-4.633847 115.389870 59.564087 -14.492950 176.739578 41.249367 -24.297392 115.202904 44.800392 33.338734 195.348343 31.919600               4952 
-4.610251 115.344933 59.467567 -14.440936 176.710403 41.182121 -24.165504 115.180092 44.581047 33.356274 195.396332 31.829893               4970 
-4.646000 115.299301 59.470078 -14.479007 176.661728 41.164036 -24.073181 115.130486 44.481304 33.264126 195.453690 31.748287               4989 
-4.711374 115.252335 59.476643 -14.482131 176.627594 41.114105 -23.952528 115.096039 44.387466 33.208004 195.515259 31.621599               5007 
-4.701797 114.990295 59.354366 -14.540266 176.410004 41.050552 -23.818403 114.909996 44.310841 33.030174 195.552155 31.467619               5025 
-4.587733 114.813126 59.230370 -14.589256 176.226654 40.996998 -23.725058 114.845581 43.948780 32.879139 195.583069 31.338779               5043 
-4.711544 114.615074 59.066910 -14.684840 176.079269 40.964596 -23.778290 114.745216 43.788849 32.718311 195.548599 31.213322               5061 
-4.962683 114.162231 59.095852 -14.780817 175.646988 40.852417 -23.845856 114.365318 43.780876 32.575169 195.174820 30.989594               5079 
-5.141784 113.847054 59.070663 -14.874280 175.339478 40.735672 -23.923466 114.117508 43.757874 32.434315 194.931808 30.773838               5097 
-5.207678 113.608315 59.042473 -14.908116 175.098038 40.630299 -23.897053 113.921761 43.728497 32.344498 194.784286 30.588243               5115 
-5.444383 113.459641 59.181965 -14.955558 174.993088 40.728554 -24.007835 113.871872 43.880978 32.271660 194.670685 30.550980               5133 
-5.693526 113.336433 59.217552 -14.967548 174.919998 40.721527 -24.214825 114.007446 43.572227 32.267139 194.562836 30.511543               5151 
-5.747183 112.608330 59.168655 -15.087019 174.330063 40.938248 -24.107222 113.430763 43.584648 31.987219 194.247986 30.522228               5169 
-5.694438 111.826797 58.818504 -14.922896 173.758026 41.059635 -23.962242 112.897957 43.350266 32.047272 193.781540 30.379612               5187 
-5.526425 111.035263 58.933819 -14.834294 172.970688 41.067947 -23.666109 112.191795 43.286556 32.014416 193.224503 30.289181               5205 
-5.564911 110.554100 58.975479 -14.945373 172.558762 41.267036 -23.661276 111.858963 43.226566 31.785458 193.001617 30.334490               5224 
-5.707744 110.428467 58.887997 -14.940213 172.528992 41.357174 -23.773258 111.884239 43.243992 31.776026 192.975601 30.369453               5242 
-5.742807 110.386299 59.003353 -14.894021 172.499130 41.376160 -23.748905 111.902176 43.444496 31.778698 192.973694 30.256334               5260 
-4.890350 108.483803 57.932159 -13.951003 170.896500 41.254025 -22.929960 110.328918 42.574501 32.659595 191.480392 30.075636               5278 
-0.851840 107.146317 55.406391 -12.883786 169.513733 40.450325 -19.306723 108.634758 40.629593 32.475853 192.330368 28.487656               5296 
0.824761 106.808716 54.741940 -12.320777 169.099167 40.389912 -17.879871 108.157692 40.349636 32.464333 192.666977 27.738688               5314 
3.562172 105.621048 52.502396 -10.742340 167.976227 39.550865 -15.331653 106.983223 38.464340 33.428768 192.535004 26.628777               5332 
3.477631 106.764420 48.479069 -9.094805 170.016190 38.410728 -15.607153 109.307739 34.895313 35.583424 193.767258 25.724384               5350 
3.610034 107.168633 48.593460 -6.969290 170.442520 36.542786 -15.091805 109.874222 34.559639 38.597748 192.633820 24.198069               5368 
3.979959 107.627441 49.856709 -6.746758 170.564224 36.124413 -14.486945 109.929665 35.578461 38.792923 192.752350 23.673492               5386 
4.212864 107.861763 51.234329 -6.621279 170.437454 35.907005 -14.072984 109.783432 36.811203 38.859062 192.559509 23.125992               5404 
4.419538 108.046967 51.966194 -6.590282 170.396881 35.847355 -13.770503 109.736076 37.463501 38.825745 192.592834 22.966156               5422 
