-12.526553 98.991852 96.729858 36.044174 118.117920 81.216072 -14.472258 135.944977 128.059891 58.718380 71.357025 78.149857                  0 
-12.586069 99.205330 96.719177 35.974827 118.484627 81.276863 -14.906744 136.137787 127.686623 58.848446 71.811813 78.352997                 18 
-13.205772 99.849533 96.702660 35.726227 118.916023 81.526772 -15.669231 136.737045 127.227104 58.680714 72.256523 79.059898                 36 
-12.534092 99.150368 95.051361 38.307945 112.706268 79.635719 -8.389329 131.685287 129.628738 54.093761 63.968704 70.385811                 55 
-12.822066 99.540154 95.164177 38.044785 113.589409 79.816849 -9.344148 132.532791 129.139465 54.733803 64.995819 71.435776                 73 
-13.673787 101.712410 96.654846 36.663334 117.864220 81.249878 -13.065063 137.239822 128.233795 56.762924 70.024132 77.074280                 92 
-13.826350 99.549568 96.215141 35.917461 118.410927 81.676834 -15.665886 134.979401 127.718285 58.744274 71.773972 77.930634                110 
-13.929829 99.631020 96.221596 35.935436 118.370117 81.660851 -15.635860 134.956894 127.686073 58.704315 71.708717 77.866791                129 
-14.012331 99.718834 96.218056 35.986584 118.237053 81.592384 -15.438050 134.921509 127.742310 58.572426 71.498360 77.658279                147 
-14.163056 99.796890 96.137108 35.937737 118.221367 81.532333 -15.493961 134.933350 127.662498 58.484264 71.464340 77.590584                165 
-13.746169 99.170715 95.357994 37.066261 116.014107 81.119926 -14.329243 134.510620 126.603600 58.319134 68.611664 77.739647                184 
-10.891900 96.151535 95.703499 39.431206 112.891869 79.561958 -10.422257 131.646210 126.588165 60.606110 65.485260 75.775101                202 
-11.156005 98.322990 96.387604 40.156616 109.584030 78.560844 -5.263812 131.954468 128.265060 55.210026 60.205051 71.836716                221 
-10.827456 98.151863 97.051491 40.059151 109.946899 78.262329 -4.712127 131.338394 128.819107 55.285038 60.761795 70.574646                239 
-11.355362 98.193275 98.157532 39.146362 111.683357 79.373085 -6.794033 131.940201 129.251633 56.308357 63.034271 72.384872                258 
-11.184361 98.088875 98.805679 39.101673 112.613014 80.124969 -7.681926 132.253159 129.437302 57.537392 64.340469 73.801338                276 
-11.436591 98.156281 99.142883 38.627129 114.126869 80.969208 -9.616223 132.828033 129.197098 58.828087 66.442162 75.659538                295 
-11.290043 98.005646 99.048058 38.838497 113.986588 80.983490 -9.671221 132.646759 128.865021 59.099514 66.318321 75.755684                313 
-11.338113 98.065430 99.028343 38.850723 114.070290 81.079132 -9.975016 132.739731 128.550674 59.222954 66.427872 76.051643                332 
-10.621166 97.762428 98.536240 40.066868 112.637779 80.952026 -9.033248 132.302643 127.656937 59.462463 64.563683 76.177689                350 
-10.807736 99.202293 99.531311 39.747364 114.140091 81.555374 -9.579811 134.331940 127.861313 59.610222 66.160606 77.875916                369 
-10.824376 99.148102 99.469742 39.779499 114.074486 81.560974 -9.778301 134.142639 127.646233 59.647186 66.096970 77.881882                387 
-10.666711 98.085182 98.033569 40.686001 109.871330 79.858543 -6.413283 130.503006 128.005585 56.167809 60.770882 72.140862                405 
-10.694405 98.154099 98.199593 40.520794 110.408241 79.893021 -7.131441 130.564865 127.570190 56.514404 61.450733 72.312157                424 
-11.761775 100.464806 100.295311 38.482616 114.425934 80.528870 -9.352750 134.063828 128.299606 56.727898 66.036705 74.554352                442 
-11.877895 101.725204 101.558395 37.986172 115.987671 81.014740 -9.889408 135.940079 128.959015 57.050270 67.778152 76.270782                461 
-10.819961 100.330940 99.719124 39.688881 113.451355 79.964874 -9.007577 134.982971 126.442291 58.158825 64.893578 76.632301                479 
-10.169657 99.462624 98.449364 40.710892 112.105377 79.307114 -8.756466 134.427216 124.622398 59.071831 63.445694 77.023621                498 
-10.583976 101.665596 100.359627 39.916172 114.765236 80.491692 -9.473135 136.956711 126.429169 59.077209 66.384567 78.985695                516 
-11.151332 102.924637 101.131805 39.194279 116.402252 81.089325 -10.563076 138.420746 126.871536 58.971951 68.255165 80.192528                535 
-12.199500 102.474594 100.133522 38.171288 117.922943 81.599274 -13.743295 137.751007 126.027313 59.769630 70.558914 81.086456                553 
-12.491241 101.950752 99.927811 37.723564 118.197853 81.619278 -14.643794 136.944672 126.260803 60.015945 71.157898 80.990860                572 
-19.194458 113.081673 99.706284 36.258396 120.084320 80.820564 -15.376746 141.352097 126.516472 57.895954 72.761040 82.378372                590 
-25.578863 122.841530 98.051689 34.527184 122.174355 80.443954 -12.232557 145.296860 134.980270 56.930283 75.326843 84.120285                608 
-28.207891 128.537628 96.729607 34.717308 121.192284 79.628136 -10.154917 145.095673 137.435318 56.320240 73.941055 82.904930                627 
-29.671690 132.505585 95.412270 34.726048 121.573456 79.837181 -10.976626 146.588898 136.805511 55.846603 74.180038 84.066719                645 
-30.442373 137.001450 93.322708 34.827850 122.249611 79.887917 -11.931224 149.117737 135.171173 54.793320 74.491798 85.426315                664 
-30.407183 141.346161 90.795448 35.406406 122.847015 79.294220 -12.058852 151.669281 133.022202 54.293434 74.824638 86.166939                683 
-29.765282 145.218521 86.714584 36.199890 124.196404 76.754631 -11.552234 155.428818 128.925385 54.330120 76.171539 85.415436                701 
-28.580563 150.368500 80.946465 37.375305 126.807854 74.689354 -11.630702 161.692627 123.329231 54.202595 78.991852 86.545799                719 
-25.884249 156.428772 76.927979 38.828377 127.897446 72.614098 -9.390705 165.632401 119.952690 52.542702 79.202888 84.896622                738 
-22.452923 162.782593 74.359886 41.036011 130.201035 70.903099 -7.517462 166.965317 118.691795 51.970791 80.189362 80.356461                756 
-19.107140 168.972595 70.102272 43.845051 134.097214 66.183403 -5.320508 168.724182 114.967178 53.839333 83.446953 72.874329                775 
-20.950539 176.324951 62.240471 43.600468 142.600128 60.657627 -9.378142 174.044098 107.606026 55.794590 92.403358 67.114418                793 
-22.152710 178.148621 53.194199 43.064949 144.773895 54.371647 -11.789406 176.586853 98.874146 56.172440 95.101044 62.792122                812 
-20.465990 178.689133 43.932468 43.812252 143.510895 49.700081 -12.808423 177.852371 89.628128 55.365471 93.856285 60.237923                830 
-21.086704 181.641861 33.495193 43.186691 146.950394 42.559059 -15.657457 181.144516 78.808121 54.728916 97.496170 54.011559                848 
-22.543549 182.047729 20.037212 42.436371 150.627243 34.458233 -19.895737 183.802750 64.621643 55.294266 102.259315 48.787258                867 
-24.128595 181.073181 7.834147 41.835957 154.589966 27.039660 -23.999458 184.695374 51.087605 56.950317 107.758636 44.024509                885 
-25.566118 178.857941 -3.519169 40.633774 156.141891 19.272350 -27.215706 183.980423 38.080818 57.051514 110.642319 38.516830                904 
-27.007706 179.903992 -16.383226 37.485023 158.472031 11.405909 -31.706898 185.679489 24.263008 52.868519 113.222809 32.044662                922 
-28.684021 181.151855 -28.238104 33.770401 159.371170 2.897377 -35.679707 187.175476 11.744606 47.419811 113.630890 23.672924                941 
-27.905298 181.181213 -35.663879 32.822617 158.825760 -2.122516 -36.486839 187.432434 3.449684 44.890583 112.654785 18.679098                959 
-29.845381 178.252045 -46.718925 29.745527 159.053955 -9.694975 -40.409809 186.017014 -8.670092 41.860954 113.934631 13.273828                978 
-30.330893 177.662613 -57.985680 26.507553 159.446075 -16.690723 -43.661793 186.210434 -21.519171 36.821636 114.688995 7.814906                996 
-31.424809 175.854141 -66.590324 24.359318 159.709534 -23.152529 -46.400677 184.792038 -31.028673 34.604412 115.612076 2.548739               1015 
-31.292135 173.578842 -74.302559 22.485346 159.019745 -27.853521 -49.507824 181.246902 -39.998653 32.342892 115.319550 -1.335133               1033 
-32.021034 171.236984 -82.732620 20.891853 158.993271 -34.022602 -52.370697 176.722458 -49.958942 31.000383 116.218498 -6.125664               1051 
-32.297974 168.718079 -90.670731 18.614025 157.732819 -38.678020 -55.873650 171.631973 -58.699383 28.193157 115.492859 -9.796733               1070 
-33.338718 165.103134 -95.550156 17.434113 155.812302 -42.111198 -58.300289 166.247787 -63.655628 27.330269 114.535286 -11.971908               1088 
-36.080463 161.046707 -101.866829 14.354589 153.906204 -46.263519 -61.803528 160.149887 -70.055107 24.871813 113.886330 -14.673951               1107 
-38.516201 155.596085 -105.263893 13.747037 151.718811 -49.179157 -63.188919 153.393005 -72.471832 25.841387 114.072159 -15.318278               1125 
-40.415943 153.309006 -107.613983 14.016935 150.723801 -51.202400 -63.643787 148.105179 -73.445282 27.983999 114.338020 -16.690092               1144 
-42.345318 147.050385 -107.789505 15.312882 150.198364 -53.230927 -62.945595 141.233353 -72.215240 32.321041 117.362938 -16.588606               1162 
-45.343193 135.761444 -106.561470 16.025576 149.443787 -57.117161 -61.926502 132.087540 -69.794136 37.255322 123.653145 -17.189184               1181 
-45.147579 130.339478 -103.436592 17.933699 150.766403 -58.498539 -58.786243 127.891190 -67.014931 41.739304 129.945435 -17.147808               1199 
-45.240562 125.934509 -101.638229 18.684704 151.683502 -60.767761 -56.854534 124.751442 -65.436974 44.516998 134.965607 -18.776009               1218 
-46.562740 125.656487 -104.820526 17.376917 152.476273 -64.595688 -57.544434 123.875374 -68.851624 43.651211 136.538269 -22.574924               1236 
-46.163986 124.491119 -105.285568 17.600609 152.132721 -65.369141 -56.796776 122.257225 -69.574066 44.132191 136.686188 -23.326509               1255 
-46.337811 122.952850 -107.031090 16.966167 151.943451 -67.401848 -56.934715 120.903076 -71.606285 43.418365 137.570892 -24.930519               1273 
-45.449203 120.008339 -107.812714 16.782713 150.820068 -67.819595 -56.017879 117.408081 -72.598053 43.377682 137.274506 -25.166014               1291 
-46.305702 114.461868 -107.305511 15.510416 148.787048 -69.538803 -55.864914 112.484703 -72.168861 43.163132 137.844940 -26.810583               1310 
-46.043774 111.306511 -106.968224 15.327483 148.933334 -71.518272 -54.661369 110.945076 -72.565186 42.969936 141.464966 -28.041603               1328 
-47.502319 114.350960 -109.578278 14.946714 150.479126 -74.195282 -55.245495 113.639893 -75.717514 42.282867 142.737228 -30.573032               1347 
-50.040623 117.591621 -113.877693 13.911832 150.030762 -76.947838 -57.380955 116.214645 -80.246201 39.862427 141.302841 -32.670383               1365 
-51.184376 119.402580 -116.183067 13.519008 149.818802 -78.000038 -57.759800 116.807053 -82.476730 38.763897 140.774155 -33.379498               1384 
-51.775963 120.245354 -117.429008 13.359479 149.769547 -78.239433 -57.115913 116.063599 -83.540932 38.339542 140.922882 -33.430557               1402 
-53.441219 120.093269 -119.602707 11.610975 150.292160 -80.070351 -57.438995 114.102753 -85.495354 37.421143 141.389832 -35.745560               1421 
-54.744843 111.079582 -118.432907 9.219004 147.246338 -81.786118 -56.755169 105.807274 -83.976097 36.642006 142.322418 -37.810707               1439 
-55.191139 109.835922 -118.844360 8.461546 147.020142 -82.335228 -56.464664 104.219139 -84.384842 36.158577 142.720612 -38.466202               1458 
-53.939240 106.684189 -119.800301 8.424863 146.069550 -83.114128 -54.757359 101.079201 -85.413719 35.920696 143.147125 -39.005833               1476 
-53.703224 113.024078 -121.188538 10.179455 149.150833 -82.300644 -53.578678 106.158165 -86.213875 36.385052 145.969925 -37.431374               1495 
-54.225170 116.102684 -122.645844 10.647798 150.773666 -82.914696 -52.322491 107.869308 -87.449860 36.551235 147.854828 -37.852573               1513 
-54.640873 117.101204 -124.129547 10.800652 150.670654 -83.376595 -51.544132 107.814774 -88.571411 36.191120 148.158661 -37.999104               1531 
-54.213684 115.707146 -125.396118 10.638683 150.371536 -83.974220 -50.575653 106.650040 -89.386345 35.054874 149.640060 -38.002300               1550 
-53.451290 115.930206 -126.902557 10.819341 150.451126 -83.935638 -50.011585 106.643188 -90.413742 34.172462 150.237473 -37.409420               1568 
-52.382439 116.368462 -127.628944 11.013893 151.235855 -83.276901 -49.899109 107.697655 -90.468788 32.961143 152.089859 -36.078472               1587 
-55.063759 119.028450 -128.957275 8.678409 152.623276 -83.851883 -52.919441 110.159843 -91.542503 30.250931 153.164841 -36.476410               1605 
-59.498333 123.979050 -129.033417 5.872566 154.802078 -84.013573 -57.847374 115.501976 -91.253990 27.323698 155.066208 -36.580650               1624 
-67.711258 136.877945 -127.599365 1.505279 160.013763 -83.509277 -65.911324 127.183510 -89.960663 24.173954 156.901215 -36.748760               1642 
-75.893318 156.766312 -124.150650 -3.513211 167.555862 -80.381523 -73.480553 140.721420 -88.832268 20.840099 154.786362 -36.177917               1661 
-78.576973 164.853912 -117.065041 -5.816937 172.022369 -73.391006 -76.925171 147.925156 -82.296371 18.383471 156.825577 -29.876637               1679 
-83.332283 170.158112 -111.566406 -11.038778 175.242874 -67.184242 -82.973450 152.793106 -77.071144 12.688255 158.094635 -24.136961               1698 
-88.038216 171.774445 -104.621498 -15.865787 176.570007 -60.725891 -88.841179 154.484711 -69.986099 8.501552 157.552612 -18.837057               1716 
-95.663841 176.658310 -98.081535 -22.555424 178.490753 -55.914406 -96.501595 158.001022 -63.821762 2.725005 156.526047 -16.057735               1734 
-104.871696 178.072861 -93.655647 -31.449152 178.945435 -52.356083 -106.029594 159.231949 -59.113625 -5.751927 155.754272 -13.472601               1753 
-110.964355 175.634735 -88.722778 -36.140625 177.910248 -50.515511 -111.450050 158.878098 -52.889030 -9.091003 156.001190 -11.806167               1771 
-117.231277 171.431168 -82.496506 -42.731674 176.347519 -44.631477 -117.180206 153.862045 -47.393959 -14.471546 154.072220 -7.011285               1790 
-124.350273 170.334610 -78.794861 -50.938606 174.926331 -39.266857 -125.023689 150.867493 -44.493076 -22.686581 150.611572 -2.925177               1808 
-128.369675 167.704498 -73.005081 -54.192032 173.605194 -35.388023 -127.626816 147.329758 -39.470146 -24.200712 148.952988 -0.705283               1827 
-135.098877 162.554153 -69.272797 -60.471104 172.816422 -33.644619 -132.584900 142.905243 -35.567780 -28.475060 150.167725 0.610201               1845 
-141.781387 154.837402 -65.953514 -67.501190 168.879593 -31.019392 -137.975906 135.295624 -32.523006 -34.002163 147.582245 2.660581               1864 
-145.831787 153.018082 -67.710114 -72.768524 167.142441 -30.586002 -143.766418 134.908340 -33.742039 -40.967117 146.275742 4.957689               1882 
-148.324371 150.985611 -69.080856 -76.162460 166.002441 -31.005535 -147.688965 135.033203 -34.560280 -45.663288 146.125412 6.207459               1901 
-155.235123 140.724518 -71.996185 -85.983932 162.184921 -32.313885 -156.383606 128.162277 -36.302666 -56.426517 146.117508 7.413946               1919 
-157.401245 135.232330 -73.392998 -90.139175 160.035767 -32.845512 -159.846664 124.256317 -37.517216 -61.228619 145.581909 7.963416               1938 
-159.404938 128.844406 -75.129204 -94.381454 157.052277 -33.827549 -162.905487 119.010567 -39.562962 -66.012833 144.033234 7.835731               1956 
-161.245728 125.727928 -77.468773 -97.716599 154.702072 -34.828747 -166.728271 117.008049 -41.689339 -70.619438 141.957932 7.755678               1974 
-163.163528 119.296867 -78.552269 -101.628021 151.132935 -35.378193 -170.382050 112.967148 -42.878731 -76.266197 140.783310 8.891048               1993 
-164.790680 116.648643 -79.723450 -104.151611 148.821594 -35.922688 -174.126984 112.087440 -43.782307 -80.226288 139.041626 9.266184               2011 
-164.463791 112.517838 -80.109566 -105.245995 146.207642 -36.251606 -176.371201 110.217682 -43.930546 -82.654495 137.625320 9.857730               2030 
-164.961044 103.237457 -80.349876 -108.098969 141.283234 -37.499298 -178.354767 103.365669 -44.881084 -86.777557 136.079651 9.706877               2049 
-168.052246 101.204117 -80.239662 -110.521805 138.243271 -37.764534 -181.029816 100.683029 -44.851906 -88.361618 131.724945 8.888875               2067 
-168.992599 100.468735 -80.420998 -111.302734 137.209595 -37.952011 -181.897186 99.755104 -45.005722 -88.967194 130.339020 8.567036               2085 
-170.654602 100.486000 -77.891693 -111.189682 135.861160 -36.757809 -182.141068 98.738899 -42.005852 -86.978577 127.542313 8.571232               2104 
-172.376678 101.279480 -76.118584 -111.206360 134.960251 -36.102596 -183.073639 99.419640 -39.975166 -86.095352 125.639076 8.536578               2122 
-173.927261 100.656708 -74.823769 -111.834854 133.565720 -35.617840 -184.466141 99.476295 -38.586559 -86.631889 124.259064 8.972513               2141 
-176.325943 99.318016 -72.890526 -113.048317 131.434601 -34.966820 -185.821808 97.504234 -36.374321 -86.546097 121.266190 8.671906               2159 
-177.483658 98.649361 -71.914726 -113.642685 130.390747 -34.647945 -186.483322 96.538948 -35.272327 -86.515976 119.804787 8.505058               2177 
-177.846405 95.876831 -74.581879 -115.459465 129.007172 -36.103802 -188.228928 95.023552 -38.239689 -89.940857 119.945541 8.357309               2196 
-178.238220 92.906548 -77.345131 -117.625191 127.165276 -37.082256 -189.901535 92.305855 -41.373058 -93.565102 118.837074 8.325412               2214 
-177.837799 91.203438 -79.665573 -118.524101 126.166138 -38.112602 -190.596634 91.090790 -44.047722 -95.808670 118.513634 8.099420               2233 
-177.076157 90.514229 -82.121651 -119.014328 125.038521 -38.503365 -191.139801 90.566032 -46.984089 -98.040871 117.241234 8.501097               2251 
-177.612015 88.233086 -82.841988 -120.012154 123.410454 -39.149570 -191.871277 88.387344 -47.769985 -99.205597 116.003960 7.992064               2270 
-180.803268 87.914459 -75.356712 -119.597755 120.900620 -35.000366 -191.573715 85.275414 -39.144268 -94.173172 110.473274 9.214606               2288 
-181.663940 87.189392 -74.229683 -119.344582 119.530312 -35.090599 -191.481583 84.061577 -37.774075 -92.749008 108.434250 8.264397               2307 
-182.029434 86.716064 -73.787849 -119.324577 118.926941 -35.177353 -191.470596 83.406021 -37.237450 -92.245132 107.628059 7.824294               2325 
-182.398560 84.433479 -73.570381 -119.975113 118.014084 -35.694012 -191.976181 82.136314 -36.966824 -92.994774 108.055222 7.699368               2344 
-182.774567 83.281487 -73.131973 -120.433243 117.535812 -35.742622 -192.429810 81.608261 -36.504456 -93.512108 108.315735 7.850327               2362 
-183.278030 81.037498 -72.281273 -121.313568 116.962303 -35.861416 -192.892349 80.177544 -35.604710 -94.231445 109.148415 7.906203               2381 
-183.922348 80.552032 -70.385170 -121.371483 116.777649 -35.305893 -192.837463 79.792587 -33.520489 -93.414818 109.173950 7.945833               2399 
-185.217255 79.779587 -66.595047 -121.515442 116.193604 -33.876987 -192.498398 78.492836 -29.378437 -91.592987 108.330215 7.990856               2417 
-184.972855 80.061020 -68.299789 -121.685844 116.359192 -34.665600 -193.224808 79.585060 -31.251247 -92.930992 108.956680 8.094948               2436 
-184.980820 80.241539 -68.427292 -121.616348 116.269676 -34.653255 -193.332245 79.806625 -31.385344 -92.989151 108.741302 8.170918               2454 
-184.973648 81.221916 -69.984177 -121.713188 116.240211 -34.979763 -194.222458 81.254967 -33.138626 -94.267509 108.476791 8.569830               2473 
-184.977554 81.766571 -70.684021 -121.711678 116.157028 -35.076252 -194.643738 82.009415 -33.932156 -94.836487 108.195206 8.792144               2491 
-184.994812 82.589058 -71.865173 -121.749313 116.064713 -35.364582 -195.269196 83.160263 -35.268623 -95.734085 107.839203 8.971091               2510 
-185.274857 83.388313 -72.754791 -121.785530 115.212830 -35.219086 -195.945740 83.772697 -36.255978 -96.419304 105.993332 9.296734               2528 
-185.679993 83.866501 -73.268608 -121.976280 114.570763 -35.170990 -196.510651 84.031807 -36.802200 -96.907150 104.618202 9.355275               2547 
-186.371445 84.547310 -72.531174 -122.025490 113.330933 -34.019211 -196.874237 83.567856 -35.969265 -96.642601 101.619682 9.897279               2565 
-184.149597 84.379761 -72.483200 -120.040840 112.635345 -33.514908 -195.732040 85.149185 -36.451767 -96.119240 101.511681 11.364083               2584 
-182.880142 84.251251 -71.944969 -118.931717 112.298622 -33.287357 -195.194611 86.469971 -36.660084 -95.800323 101.436241 12.067356               2602 
-181.841110 84.528320 -71.341896 -117.793556 112.106262 -33.065720 -194.550400 87.784302 -36.610214 -95.139664 101.243454 12.529271               2620 
-179.771667 83.055275 -70.565094 -115.845741 111.302383 -33.104752 -192.704849 87.238213 -36.347626 -93.227600 100.886894 12.612206               2639 
-177.703064 80.796181 -69.761635 -115.075378 111.687027 -32.580124 -191.403229 86.018906 -36.224613 -92.939957 103.017441 13.733635               2657 
-176.200500 81.652603 -67.958138 -114.285110 114.326302 -31.371477 -190.533691 88.415398 -35.110035 -92.848557 107.592712 15.588461               2676 
-177.373474 89.097099 -63.652119 -112.336220 118.902306 -30.169289 -189.205963 94.592072 -29.584311 -87.776237 109.596146 14.778521               2694 
-178.487381 90.307358 -49.765930 -109.533760 120.519066 -25.866671 -184.632462 93.689636 -13.961557 -77.621948 109.757011 13.831156               2713 
-176.082657 104.968346 -61.427559 -109.056084 130.774429 -28.588961 -187.824890 113.527328 -27.954254 -86.002327 121.971390 17.249161               2731 
-175.190582 112.825699 -63.619488 -107.681183 135.579712 -29.574699 -187.508179 124.251022 -31.224506 -87.086578 127.895248 17.615492               2750 
-179.003906 130.508881 -59.513638 -107.882446 142.495255 -27.234627 -188.360794 137.696899 -24.882570 -85.317673 126.247597 16.776136               2768 
-175.381546 138.420074 -59.316051 -104.064133 150.597809 -27.344154 -184.580933 147.349533 -25.073702 -81.911491 136.393860 17.573669               2787 
-173.027573 153.687637 -55.171906 -98.170204 163.613449 -31.364489 -177.837463 174.006836 -25.208481 -74.411522 160.887375 14.876145               2805 
-170.744904 164.523788 -63.600475 -96.218353 168.421387 -37.343517 -174.300690 183.746979 -35.608006 -74.554420 165.585556 9.908309               2824 
-166.560684 174.287766 -58.380756 -91.396477 174.494812 -35.182590 -168.015549 192.634125 -32.591877 -68.695259 171.543182 11.572576               2842 
-158.371994 182.490494 -50.443470 -82.826912 179.521866 -31.081192 -158.268875 197.942474 -26.702171 -58.908577 174.657333 14.900894               2860 
-152.603058 188.072006 -37.946617 -76.432793 184.539200 -23.231754 -151.022247 203.743576 -16.337217 -50.405773 180.323242 21.656139               2879 
-144.871872 190.957687 -31.375454 -68.418175 188.519867 -20.881628 -142.338440 208.334869 -13.400143 -40.472878 189.041229 23.037518               2897 
-131.474106 193.157501 -29.230362 -57.489464 190.428574 -9.039448 -132.072083 207.770615 -10.522880 -36.418049 184.897919 38.241734               2916 
-120.366791 198.021561 -21.723204 -48.450607 192.866531 3.352590 -122.808609 209.632553 -2.215060 -31.623749 179.107925 50.656506               2934 
-109.577637 202.979492 -11.982217 -37.821560 194.987778 12.302930 -111.580757 214.131561 7.394481 -21.493612 178.336914 58.845921               2953 
-100.286369 204.614334 -1.614871 -27.963736 192.136185 18.702353 -101.296654 213.268814 18.937170 -10.647108 168.500427 61.732433               2971 
-93.016777 203.925964 3.035049 -20.124426 191.535324 21.080355 -93.039879 213.659821 23.049013 -1.698877 168.360962 63.900330               2990 
-82.917610 205.270813 18.868156 -9.326703 188.969742 29.648203 -80.813812 213.958588 41.665478 11.094187 158.515274 66.602432               3008 
-76.075798 202.526825 24.223946 -1.961850 186.864517 32.386723 -72.421318 213.231155 50.068153 19.622322 154.038269 66.543182               3027 
-69.557480 196.005188 24.685886 4.876648 182.271072 33.709297 -63.251217 213.583374 52.818478 26.807997 150.789261 68.894730               3045 
-61.965309 188.219040 24.060942 12.329755 177.224197 36.426884 -54.502682 212.469727 53.684341 33.285393 147.180573 73.418030               3064 
-55.582657 184.361328 24.309517 18.191975 173.348953 38.052586 -46.932842 212.091583 53.890469 37.656631 143.377487 75.906799               3082 
-49.835594 179.927933 25.175129 23.684767 170.036194 38.987259 -40.610523 210.563507 53.686092 42.639942 140.854675 77.707314               3100 
-45.471039 175.752319 26.900137 27.551043 165.242950 38.396461 -34.350319 208.889099 53.744549 46.062859 135.786560 77.122894               3119 
-40.139004 171.164932 29.271595 32.100277 161.143188 38.159054 -27.965637 206.939514 53.487125 50.369980 131.794281 77.081581               3137 
-34.088120 167.501114 30.800793 36.839046 158.464294 39.087914 -22.215919 205.522888 53.354053 53.592007 128.293121 78.064079               3156 
-28.684582 163.028397 32.787586 41.470863 155.289902 40.775127 -16.900438 202.688904 54.425407 57.435085 124.372726 79.496880               3174 
-25.414661 157.521683 34.743610 44.180504 149.452469 40.810200 -11.198589 200.059250 54.159447 60.047726 119.360512 80.215889               3193 
-20.502514 154.361237 37.010868 47.399490 141.470459 39.734058 -0.968088 196.073120 60.940811 60.658787 104.971748 74.405922               3211 
-16.439684 150.168884 38.771355 50.113033 139.412262 40.982578 3.967031 195.707153 61.739319 62.500504 102.664543 75.713814               3230 
-14.517806 147.039856 40.230797 50.719101 138.839264 41.127071 6.067244 196.279724 61.354813 63.135948 102.477982 76.252296               3248 
-12.684021 144.297073 41.516895 51.361202 138.447693 41.524788 7.463751 196.440323 61.359608 63.786629 102.292633 76.859245               3267 
-11.246175 142.424591 42.762012 51.539680 138.411789 41.521885 9.000949 197.104645 61.466305 64.023651 102.200317 76.777847               3285 
-8.877828 140.098648 44.680756 51.938168 138.299881 41.802612 10.559233 197.642944 61.857071 64.274536 101.958702 76.976967               3304 
-7.400212 138.765228 46.062366 51.926014 138.302414 41.808239 11.948188 198.424057 62.120716 64.242096 101.917534 76.944504               3322 
-6.584003 137.683304 47.260323 51.677773 138.212662 41.962200 12.258628 198.533539 62.099911 64.159760 101.863297 77.076675               3340 
-5.688635 134.295898 47.954594 52.286015 132.883865 42.415760 15.459718 194.520218 63.583427 63.334885 95.526260 76.947403               3359 
-5.325579 132.841141 49.342602 52.484535 130.316559 42.832352 17.825340 193.119476 65.335854 63.348736 92.669220 77.106964               3377 
-5.438410 133.015106 50.132214 52.269459 129.968765 43.293175 19.648611 193.825638 67.926369 62.876133 91.844742 77.118622               3396 
-5.591773 132.803513 51.143440 51.995300 129.705780 43.620182 20.955252 194.255493 70.706367 62.862110 91.221619 76.951607               3414 
-6.143359 132.543045 52.373817 51.324799 129.138290 44.243095 22.833069 194.516449 74.801132 62.193966 90.058571 76.873444               3433 
-6.558983 132.138672 53.354984 50.687984 128.785950 44.695221 24.830032 194.747940 79.399422 61.548248 89.078728 76.562042               3451 
-8.162182 130.800278 53.872414 48.743519 126.810616 45.076527 26.289017 190.596466 86.686981 58.076923 84.041878 73.251434               3470 
-9.169813 128.499985 56.574219 47.257835 126.854897 46.028008 27.465744 189.785950 91.613274 58.655598 83.910759 73.157242               3488 
-10.589616 122.904785 58.586681 45.624058 124.949074 48.020889 32.471123 185.645691 100.693497 59.252701 81.447052 73.159256               3507 
-12.140587 118.700241 58.345699 43.787010 123.419113 49.242153 31.731907 181.188980 106.822311 58.107895 79.015221 72.335648               3525 
-11.560982 118.169769 59.752483 43.937084 123.875084 50.373714 32.588745 182.295258 108.066620 58.892406 79.933037 73.943558               3543 
-11.246517 117.213287 60.779640 43.834370 123.687149 51.015163 32.743279 182.208557 108.900879 59.287247 79.932999 74.613586               3562 
-11.137972 116.367218 62.021252 43.679485 123.648010 51.964558 32.912624 182.510330 110.048882 59.812557 80.294388 75.845306               3580 
-11.049596 115.164413 63.017056 43.500294 122.711296 52.348518 33.510094 182.408096 109.909386 60.057037 79.775307 76.689377               3599 
-10.919797 114.250015 63.719330 43.408836 122.104820 52.773266 33.660309 182.174805 110.088127 60.237713 79.392967 77.320969               3617 
-11.013633 112.415466 63.180031 43.401596 120.579651 53.509125 35.971279 176.782593 115.091049 59.485886 76.122307 75.302299               3636 
-11.201117 110.425255 63.862411 42.754574 120.607010 54.384487 34.653366 174.880707 117.292999 60.142700 75.958824 74.738724               3654 
-11.069055 108.312019 64.329269 42.405396 120.230270 55.095596 33.305122 173.274918 118.279747 60.917744 75.604668 74.485069               3673 
-11.314900 107.541023 64.154396 41.974842 119.871910 55.479691 32.542004 171.840485 118.674881 60.389969 74.797813 73.900101               3691 
-11.273526 107.235573 64.264801 41.885891 119.924911 55.771450 32.006599 171.279770 118.794746 60.427094 74.642738 73.543663               3710 
-11.242112 107.028702 64.341354 41.825191 119.961075 55.970547 31.453295 170.938431 118.658783 60.455109 74.543495 73.298920               3728 
-11.218406 106.798607 64.356377 41.786453 119.921745 56.342709 30.783400 170.326630 118.838272 60.359913 74.291840 73.166542               3746 
-11.088992 106.093651 66.034195 41.641937 120.049431 57.807068 30.044544 170.252167 120.142555 60.971348 74.664780 74.441681               3765 
-11.017622 105.297798 67.403091 41.384201 120.129410 58.799221 29.338093 170.179504 121.124580 61.568378 75.068314 75.297691               3783 
-10.818907 104.671692 68.051704 41.388424 119.986481 59.412041 28.930470 169.631805 121.856232 61.945301 74.979774 75.595810               3802 
-10.678027 104.259819 68.264709 41.377548 119.870949 59.670647 28.412075 169.305283 121.917480 62.111290 74.875198 75.658058               3820 
-10.730125 103.723221 68.577477 41.224903 119.587273 60.078030 28.296467 168.231674 122.692680 62.084488 74.402405 75.352448               3839 
-10.680874 102.700188 69.333221 41.012550 119.076042 60.344612 28.552353 167.255600 123.341125 62.426575 73.959305 75.042328               3857 
-10.594710 101.643906 69.816254 40.718929 118.984001 60.571262 27.820187 166.682816 123.819817 63.026814 74.190521 74.924126               3876 
-10.516465 100.910278 70.146629 40.514858 118.920036 60.728779 27.214985 166.308762 124.038239 63.440701 74.362976 74.841789               3894 
-10.401078 100.066582 71.075706 40.234859 118.997551 61.413483 26.312160 165.992950 124.723473 64.015137 74.795441 75.225594               3913 
-10.408160 99.109741 71.942749 39.814690 119.052299 62.225391 24.642460 166.194778 125.066765 64.506264 75.458458 76.367722               3931 
-10.508894 98.426025 72.639229 39.413181 119.142403 63.058842 22.598776 166.568344 125.063736 64.752075 76.098969 77.732140               3950 
-10.556673 98.027824 73.056541 39.176289 119.195564 63.550579 20.483807 166.575363 124.791611 64.888527 76.483574 78.539558               3968 
-10.397547 96.697289 74.065453 38.820431 118.804993 64.093803 17.969893 166.523590 124.075638 65.504082 76.930939 79.735069               3986 
-10.545003 95.720917 74.727432 38.365723 118.390709 64.585083 15.249924 166.012848 123.286812 65.588272 77.028946 80.654922               4005 
-10.867055 96.072395 74.387527 38.307068 118.156281 64.861923 12.370336 164.506287 122.216171 64.722870 76.157700 80.623497               4023 
-10.837061 96.057709 74.443451 38.185581 118.162689 64.927383 10.575052 163.679199 121.583626 64.471237 75.967758 80.379082               4042 
-10.774017 95.796432 74.361015 37.965637 118.108276 64.991585 9.043467 162.707291 121.313751 64.173103 75.723625 80.051895               4060 
-10.697727 95.277084 74.417267 37.640179 118.031403 65.264473 7.064839 161.365356 121.152214 63.940323 75.526848 79.816734               4079 
-11.075410 95.042404 75.505562 37.202271 117.775291 66.556313 6.732557 159.279648 123.664742 63.309120 74.626396 79.467850               4097 
-11.621264 93.334114 75.761642 36.061653 117.178520 67.799408 2.008981 157.950027 122.852051 62.736568 74.684860 81.686111               4116 
-11.685122 92.560989 76.872612 35.471203 116.892250 68.851181 -0.023963 157.315521 122.793953 62.404560 74.656265 83.022224               4134 
-11.360016 91.681450 77.266380 35.197350 116.791695 69.516594 -2.613862 156.316620 121.832024 62.571266 74.962799 84.046394               4153 
-10.976850 91.054024 77.204483 35.076374 116.766792 69.675041 -5.482494 154.902740 119.672821 62.764889 75.219719 84.415787               4171 
-10.903641 90.970741 78.394135 34.912899 116.793327 70.292267 -6.259583 154.323425 119.631035 62.828724 75.294548 84.737358               4190 
-10.693365 90.117317 78.663750 34.680576 116.601036 70.370499 -8.516501 152.802490 117.328026 63.230171 75.579834 84.940475               4208 
-10.164546 89.751259 79.428986 35.338997 115.926216 70.930450 -7.434633 150.949417 118.279205 63.673923 74.226700 83.906776               4226 
-10.099312 88.976891 79.628876 35.106987 115.593414 70.974350 -8.533249 149.768936 117.381203 63.886101 74.154366 83.806763               4245 
-9.926826 88.721619 80.627769 35.053158 115.512947 71.260628 -8.596004 149.561401 117.347023 64.222565 74.328720 84.031998               4263 
-9.646805 88.518578 80.268990 35.423622 115.402618 71.652008 -9.859577 147.722229 115.803192 64.449020 73.951790 83.877312               4282 
-9.722699 88.561012 80.742943 35.333679 115.384003 71.884094 -10.948991 146.507736 114.463829 64.354515 73.789780 83.623528               4300 
-9.650532 88.412971 81.166771 35.239487 115.403831 71.984627 -12.187860 145.277267 113.114388 64.487679 73.894920 83.458786               4319 
-9.671480 88.438866 81.557045 35.232136 115.302841 72.081245 -12.948464 144.358582 112.479057 64.418678 73.669632 83.258209               4337 
-9.629728 88.485596 81.861313 35.276176 115.259567 72.150536 -13.622162 143.516296 112.029587 64.411087 73.514862 83.042686               4356 
-9.572363 88.532349 82.124695 35.333073 115.240128 72.244179 -14.144689 142.808304 111.901810 64.410103 73.377159 82.832886               4374 
-9.501883 88.419922 82.528801 35.302429 115.175331 72.301285 -14.506500 142.219742 112.026093 64.478500 73.320824 82.648262               4393 
-9.321852 88.189110 83.538780 35.172085 115.219673 72.592323 -14.719946 141.895065 112.588188 64.770363 73.645355 82.869514               4411 
-9.062090 88.026817 83.801178 35.739235 114.510994 72.629654 -13.207662 141.045654 114.007759 64.756180 72.213791 81.521568               4429 
-8.920104 88.202660 84.780304 35.954647 114.396858 73.121452 -12.539666 141.015671 115.176582 64.756310 71.860260 81.559761               4448 
-8.748710 88.453804 85.916321 36.350079 114.070763 73.762413 -11.605635 141.179993 116.338493 64.681084 71.169670 81.944916               4466 
-8.737651 88.682083 86.887306 36.424793 113.942192 74.070526 -11.285069 141.230423 117.192406 64.553070 70.880013 82.104912               4485 
-8.786506 88.889275 86.905106 36.530937 113.887474 74.028618 -11.280415 140.896164 117.609550 64.353455 70.555862 81.669395               4503 
-9.026046 89.545097 87.048477 36.471996 114.175262 74.154526 -11.411889 141.193512 117.987305 63.865143 70.535538 81.590431               4522 
-8.751535 89.845985 86.966454 36.961449 114.298218 74.473190 -11.090942 140.787888 118.600685 63.979065 70.320564 81.264153               4540 
-8.228007 89.257668 87.321136 37.468098 113.855675 75.034851 -11.288303 140.200165 118.562607 64.626083 70.036461 82.275223               4559 
-8.315113 89.327171 87.410759 37.457924 113.802299 75.152985 -11.514966 140.353546 118.424706 64.519104 69.973511 82.691719               4577 
-8.628116 90.176498 87.953468 37.267666 114.222054 75.333061 -11.549886 141.507935 118.445824 64.043571 70.295029 83.306145               4596 
-9.248371 90.732628 87.746231 36.744362 114.595955 75.554947 -13.209359 142.419037 116.955536 63.252369 70.751503 84.779495               4614 
-9.418220 91.054367 87.536949 36.548737 114.873589 75.589500 -14.464550 142.735901 115.434486 62.911564 71.125656 85.650467               4633 
-9.376660 90.984161 87.618080 36.395611 114.964790 75.741241 -15.800061 142.917007 113.718521 62.881794 71.606758 87.084343               4651 
-9.437484 90.984406 87.499298 36.281830 114.920029 75.880638 -16.650040 142.937790 112.541061 62.564407 71.616821 87.887344               4669 
-9.603777 91.226234 87.313484 36.100403 115.030632 75.995316 -17.628531 143.456482 110.911613 62.089451 71.873421 89.115051               4688 
-9.770631 91.380859 87.030830 35.994267 114.916779 76.099159 -18.164005 143.765244 109.819237 61.464996 71.636589 89.816673               4706 
-10.077988 91.671860 86.622757 35.897228 114.723145 76.261055 -18.568569 144.262955 108.623833 60.573128 71.183403 90.596100               4725 
-10.942949 93.281593 86.327065 36.102314 114.836975 78.122574 -19.492140 146.755692 105.787865 58.565598 71.146263 95.345375               4743 
-11.091771 93.990227 85.823029 36.357727 114.922913 79.074173 -19.932850 147.966217 103.766724 57.510769 71.262398 97.953033               4762 
-10.901623 94.215981 85.511520 36.645840 114.963966 79.363464 -19.911129 148.417496 102.831451 57.255848 71.325623 98.883331               4780 
