-17.052368 126.669067 90.024582 47.648743 137.711914 89.410400 -5.197523 155.845032 110.943306 70.838898 92.994484 100.106369                  0 
-16.811188 126.510040 89.981194 47.821617 137.669769 89.589958 -5.004136 155.575089 111.088150 71.074554 92.932373 100.063805                 18 
-16.688255 126.457924 89.939110 47.905792 137.637695 89.653473 -4.785388 155.449219 111.217567 71.178307 92.866951 99.939636                 36 
-16.596556 126.386948 89.875580 47.936485 137.644531 89.805702 -4.630373 155.339874 111.393616 71.249809 92.857178 99.925835                 54 
-16.521358 126.329346 89.821625 47.962326 137.650284 89.933853 -4.590592 155.222031 111.525185 71.310959 92.849953 99.914207                 72 
-16.566931 126.154480 90.217834 47.879105 137.492157 89.832817 -4.447498 155.327942 111.581047 71.324089 92.835297 100.221916                 90 
-16.543987 126.166466 90.300423 47.882942 137.490860 89.834244 -4.271203 155.461044 111.790527 71.350281 92.869911 100.326630                108 
-16.992668 125.933838 90.544243 47.098091 138.861603 90.284981 -5.462617 156.020035 111.689735 71.619446 95.077507 101.838821                126 
-17.075272 126.060295 90.271034 46.928627 139.185776 90.399963 -5.771034 156.094757 111.552444 71.548744 95.466286 101.988396                144 
-16.957928 126.369316 90.243263 47.112637 138.961334 90.643799 -5.479293 156.303833 111.571274 71.344147 95.062653 102.373016                162 
-16.613918 126.661766 90.167023 47.524704 138.707550 90.745422 -4.787187 156.543564 111.681984 71.359512 94.599854 102.503349                180 
-16.805927 126.755013 90.057831 47.191715 139.193710 91.129601 -5.332179 156.830856 111.516106 71.191872 95.306526 103.366539                198 
-16.909853 127.118462 90.039360 47.102192 139.299194 91.247536 -5.236148 157.213913 111.548691 70.922585 95.358017 103.640945                217 
-17.268553 126.936836 89.605560 46.470463 140.211853 91.218544 -6.118826 156.923920 111.390564 71.042114 96.593903 103.282715                235 
-17.227667 126.951897 89.568657 46.468418 140.172974 91.346840 -5.961968 156.671967 111.212158 71.019684 96.504288 103.268074                253 
-17.267622 127.232330 89.664505 46.456402 140.090195 91.382721 -5.778873 156.747482 111.126259 70.798409 96.300224 103.288246                271 
-17.361441 127.592552 90.186539 46.343117 140.311584 91.484528 -5.691458 157.170044 111.317329 70.658066 96.556618 103.572624                289 
-17.360512 127.652481 90.387047 46.332527 140.189194 91.501465 -5.565408 157.136398 111.495377 70.583435 96.367744 103.476830                307 
-17.365131 127.832802 90.634735 46.318787 140.098892 91.507484 -5.371649 157.265289 111.708733 70.439896 96.186356 103.411118                325 
-17.130671 127.556450 90.879059 46.529968 139.590836 91.506958 -4.991590 156.858536 111.876854 70.548912 95.582726 103.263329                343 
-17.032244 127.448875 90.892700 46.549202 139.698029 91.551857 -5.015372 156.761780 111.765457 70.717178 95.806450 103.437729                361 
-17.011988 127.416565 90.854210 46.529430 139.699005 91.607452 -4.990625 156.715698 111.730591 70.730919 95.846291 103.568352                379 
-16.954706 127.283615 90.730453 46.585690 139.424484 91.786278 -4.906457 156.555679 111.573982 70.645432 95.550873 103.954659                397 
-16.939503 127.347267 90.556229 46.580135 139.480927 91.911797 -4.927569 156.582962 111.346786 70.597878 95.636391 104.266571                415 
-16.794556 127.257675 90.442566 46.697124 139.434067 91.979996 -4.780994 156.581558 111.194069 70.715889 95.652931 104.555603                433 
-16.668444 127.171188 90.342903 46.799793 139.392960 92.039856 -4.702468 156.557327 111.040192 70.818398 95.667809 104.809113                452 
-16.567032 127.112312 90.107025 46.859558 139.481277 91.909782 -4.685340 156.582214 110.737694 70.969795 95.857559 104.852074                470 
-16.069407 127.224380 89.295937 47.201008 140.390503 91.026901 -4.388856 157.424698 110.106705 71.907097 97.214767 104.342293                488 
-15.167720 127.714462 87.828262 48.112946 141.229309 89.149948 -3.280143 158.595566 109.185120 73.340164 98.332832 102.390617                506 
-13.234128 130.174011 85.264816 50.262543 142.910599 83.535263 0.412347 161.616257 107.366508 75.754799 99.701149 95.150932                524 
-16.299414 141.839996 79.269508 47.273087 154.416443 77.212013 -2.406503 173.735352 101.220085 72.857330 111.383118 89.270813                542 
-19.554678 154.904129 70.587379 45.094509 162.615631 70.893990 -4.003565 184.415894 93.972931 67.550575 117.725914 82.403732                560 
-21.706926 160.905273 60.882805 43.381779 167.614410 61.403816 -5.967693 190.239960 82.996040 65.788521 123.201759 74.718803                578 
-22.694798 163.800858 48.735035 42.491760 171.045258 50.892437 -8.316357 192.997726 69.422081 65.318298 127.497604 66.202133                596 
-25.546610 168.376587 36.659710 39.621330 176.920624 39.279320 -12.759501 195.684067 54.773739 63.625233 134.052673 54.706154                614 
-28.035349 171.200699 21.689846 36.948425 180.453140 28.233690 -17.636019 195.789734 36.264866 60.770760 138.613159 46.502487                632 
-32.041061 171.897858 6.308438 32.665916 182.792923 14.683074 -23.530363 194.715744 18.056606 57.113075 142.591644 35.612202                650 
-34.049820 169.670883 -11.487635 29.102058 183.962143 2.027629 -28.387657 191.909698 -0.521244 53.769650 145.703568 26.103064                668 
-35.740219 166.409317 -31.611259 24.388210 185.007217 -10.736199 -33.443703 186.908737 -20.735680 49.114895 148.824890 16.305738                686 
-36.474693 163.069748 -48.302307 20.853382 185.052246 -22.387302 -37.012249 181.595001 -37.463966 45.473961 151.175629 7.579972                705 
-36.610279 158.121353 -63.673477 17.770744 183.655396 -33.734180 -40.091282 174.039948 -52.256287 42.872562 152.291901 -1.515167                723 
-35.718128 150.950012 -75.891762 15.965570 180.852478 -43.864944 -42.700775 164.040237 -63.093170 41.918621 153.199463 -9.028399                741 
-33.787827 142.297379 -86.382675 14.008244 177.642548 -53.665367 -45.246597 152.988464 -72.345261 40.623657 154.522461 -16.129826                759 
-35.664429 132.122528 -84.352631 13.978599 173.008514 -60.195690 -45.363468 141.763351 -69.992691 42.785767 159.887421 -19.577717                777 
-29.665817 115.910027 -76.892067 12.756887 169.458847 -65.770256 -39.991432 126.588318 -63.851654 43.490288 173.103943 -24.611942                795 
-32.329094 114.104591 -81.165947 8.471385 169.490601 -73.300468 -42.358002 124.562225 -67.732094 41.113049 175.261703 -33.891689                813 
-34.107288 116.817940 -84.275337 8.810586 170.404724 -75.247742 -43.941402 127.473854 -70.884857 41.012844 174.497284 -35.271492                831 
-35.443977 116.497894 -87.030296 8.779759 169.859558 -76.521004 -43.832569 126.632889 -72.126884 40.433968 174.816177 -36.206264                849 
-37.818073 116.451279 -91.039223 8.744876 168.784042 -78.300705 -44.082191 125.670082 -74.300247 39.454556 174.601593 -37.375080                867 
-39.667187 117.239876 -98.433372 7.315654 168.751282 -81.263252 -45.034058 124.612251 -80.341240 36.815922 173.396652 -39.311020                885 
-36.208424 111.586197 -96.436996 5.228939 167.375839 -83.684952 -43.207825 118.859741 -80.264786 36.242233 174.568726 -43.209366                903 
-33.085266 109.507492 -94.166664 5.345602 166.878906 -83.608078 -41.994427 117.161026 -80.034775 36.108120 174.988235 -43.114357                922 
-32.212505 108.672363 -93.116425 5.033088 166.637772 -83.771118 -41.881710 116.407684 -79.939178 35.799706 175.171402 -43.367805                940 
-30.878254 105.334000 -90.688065 4.134508 164.733063 -84.832527 -41.643200 113.601685 -79.351395 34.208614 175.823837 -44.528950                958 
-30.034803 103.913773 -89.866325 3.710613 163.952606 -85.696693 -41.897755 115.048714 -82.631157 32.648026 176.538803 -45.002110                976 
-28.977499 102.017464 -88.730537 2.820619 162.910919 -86.898842 -42.592602 115.317299 -84.836960 31.039038 177.410385 -46.336273                994 
-27.363697 101.050682 -89.495720 1.812545 162.969528 -87.602242 -42.775539 114.973595 -87.141792 29.268778 178.105362 -46.750099               1012 
-27.719042 103.226135 -93.270309 0.253263 165.423279 -87.919044 -44.374893 117.399277 -90.389694 27.926617 178.386383 -46.470535               1030 
-34.959656 113.388313 -102.890999 -3.284101 172.258865 -88.310776 -50.862846 127.926605 -97.400780 25.847055 176.728561 -46.082436               1048 
-39.008446 117.732971 -103.342293 -6.703354 175.787140 -86.962097 -54.911079 132.085373 -96.712486 23.715420 178.171265 -45.478970               1066 
-45.402138 124.445244 -105.187523 -10.697056 180.293365 -86.223129 -60.977261 138.995087 -97.436577 20.470190 179.234543 -45.243656               1084 
-54.507771 134.805069 -109.206314 -15.812634 185.909073 -85.212555 -69.876595 149.701706 -99.698601 14.925934 178.731537 -44.525227               1102 
-64.108978 140.783859 -107.662315 -23.036213 190.319992 -84.314438 -79.469421 155.911575 -96.725685 9.110491 181.466797 -45.071026               1120 
-76.862602 148.517349 -106.522881 -31.904930 194.936417 -83.941154 -91.612808 164.544968 -94.431572 0.645806 183.528122 -45.703274               1138 
-87.754036 155.521271 -109.250549 -41.337135 198.463867 -83.036232 -103.908478 166.446732 -92.885971 -8.389915 182.574112 -46.789417               1157 
-95.724648 158.095184 -104.346550 -47.712654 200.635223 -80.416275 -112.996513 168.050339 -85.881989 -14.513287 185.065887 -44.260593               1175 
-108.558998 161.627914 -99.838097 -57.477482 201.364197 -77.492462 -125.115898 171.252487 -79.580620 -23.456957 183.542206 -43.187714               1193 
-116.578789 156.802673 -94.000275 -65.504250 196.718018 -71.970367 -132.708115 164.499329 -71.896469 -29.344193 178.025131 -40.428940               1211 
-125.019638 155.225800 -90.870300 -73.471390 194.292404 -68.576134 -140.882843 162.230209 -68.131493 -36.767582 174.432953 -38.405491               1229 
-130.929352 152.263962 -92.323555 -81.099648 191.866806 -67.736328 -147.484863 157.735901 -69.551659 -43.988247 171.563095 -38.370731               1247 
-136.210785 144.934021 -92.653908 -89.963318 188.478073 -68.568527 -154.340958 150.612549 -71.154358 -52.840313 171.462311 -37.196846               1265 
-141.265030 140.133591 -91.384964 -95.674828 183.708649 -66.652069 -159.586884 144.980865 -69.699799 -57.926327 166.226212 -36.299961               1283 
-144.590805 135.400574 -90.905418 -101.682556 180.596176 -66.151489 -165.021576 141.029694 -70.953201 -65.092896 164.344254 -33.764656               1301 
-143.865631 127.873825 -87.410576 -105.013916 176.172699 -64.345512 -165.975647 132.878098 -68.366348 -67.339745 162.424057 -32.042767               1319 
-154.043869 118.735413 -85.929604 -118.144432 170.470993 -66.963501 -177.526886 124.782143 -68.429955 -81.016563 161.224014 -32.498295               1337 
-152.518173 111.466583 -82.582352 -121.815651 167.012421 -66.198112 -176.261215 115.494354 -64.585533 -82.769753 162.390747 -32.943142               1355 
-157.162064 107.433563 -80.436150 -126.892517 163.012405 -64.641922 -179.343231 109.609428 -59.920383 -84.098427 157.849121 -36.466732               1373 
-159.413818 100.653816 -82.758568 -131.659332 155.954453 -64.671783 -181.420654 99.907761 -61.084835 -86.539154 150.215775 -40.524887               1392 
-160.591309 99.981926 -79.035690 -134.019424 155.999832 -63.942356 -183.725311 100.137550 -58.038292 -88.763954 151.242706 -39.835361               1410 
-165.605392 101.708786 -78.640900 -136.352097 156.155182 -64.438538 -189.228928 103.735909 -59.760223 -91.842178 148.818039 -39.601704               1428 
-168.904633 100.117905 -78.934776 -138.800827 153.975708 -64.973824 -193.005112 103.163071 -62.199726 -95.532898 145.892151 -38.245983               1446 
-174.002533 101.523949 -81.690964 -141.646210 154.054703 -67.854599 -198.579758 106.245476 -66.052650 -99.968445 144.420593 -39.184353               1464 
-176.487839 95.175438 -85.211983 -144.591812 146.602158 -66.999275 -201.721313 99.078911 -70.399918 -104.201508 135.072418 -37.207939               1482 
-179.355347 96.302719 -87.646355 -144.266251 144.387695 -66.543999 -204.036835 100.336983 -71.911171 -103.908501 128.495453 -38.785679               1500 
-179.973740 98.798409 -84.275421 -143.145264 146.758255 -66.169884 -204.792374 105.068245 -69.463730 -104.106903 131.323608 -36.343494               1518 
-182.311722 99.136734 -83.536537 -141.930298 143.372910 -63.900494 -206.528610 106.933701 -66.405190 -102.499008 123.465767 -37.429482               1536 
-180.898758 95.381714 -80.511314 -142.626801 140.302429 -58.618210 -204.176575 99.614494 -61.190868 -99.714249 120.879036 -37.807655               1554 
-178.144028 96.949211 -82.289551 -140.146027 136.259720 -51.258072 -199.728943 94.599129 -61.231697 -94.687126 114.696678 -40.287243               1572 
-177.372116 97.345039 -82.068619 -139.468597 135.155777 -49.248253 -197.949539 94.920586 -61.857040 -93.288643 113.893913 -41.051964               1590 
-177.537872 97.648903 -82.272438 -139.638519 135.282120 -49.361004 -198.329285 95.955284 -61.906773 -93.574860 113.812553 -41.052422               1608 
-177.024155 97.927139 -82.130089 -139.925323 135.968109 -48.881344 -198.074951 96.271126 -61.672398 -93.628685 115.098137 -40.343128               1626 
-176.008469 99.356499 -82.846375 -139.806366 137.484238 -48.811977 -197.525497 97.892120 -62.833813 -93.616295 116.771889 -39.361504               1645 
-175.588623 100.212196 -82.848297 -139.651001 138.131409 -48.386570 -197.202820 99.375580 -63.166039 -93.565453 117.305153 -38.679653               1663 
-173.932449 98.919136 -82.525200 -140.140884 139.337204 -48.815868 -196.431442 99.704697 -64.303284 -94.505600 119.621605 -35.378922               1681 
-172.934418 97.370232 -82.394974 -140.495117 139.176025 -49.123554 -195.746765 99.216019 -65.367508 -95.132141 120.301605 -33.703030               1699 
-172.268921 96.346451 -82.229759 -140.729080 139.069565 -49.326782 -195.413162 99.286087 -65.711647 -95.574684 120.797241 -32.622345               1717 
-172.274948 96.126968 -82.262253 -140.613541 138.740906 -49.396996 -195.482925 99.916603 -65.988380 -95.734184 120.156502 -32.300262               1735 
-171.872375 98.122726 -82.837166 -138.510086 138.202606 -48.848492 -195.078720 102.398537 -65.866394 -94.093826 117.352325 -33.218468               1753 
-171.605896 99.863998 -83.710350 -137.574402 137.926361 -48.902538 -195.721512 104.939934 -66.132088 -94.025688 115.059372 -33.656338               1771 
-171.297409 99.727501 -84.017128 -137.627686 137.282593 -48.956280 -196.483704 104.820023 -64.803261 -93.960045 114.195610 -34.397305               1789 
-172.240540 98.452217 -81.383415 -137.890060 137.632996 -49.337582 -196.825714 105.154877 -62.328136 -93.796516 115.197815 -35.045750               1807 
-173.051941 97.473717 -79.024666 -138.118546 137.938141 -49.669624 -196.986206 105.632576 -60.289951 -93.647171 116.063148 -35.683311               1825 
-175.988571 98.899803 -77.276237 -138.233002 139.261597 -51.834564 -198.878876 109.147247 -57.814590 -94.062988 116.198212 -38.837421               1843 
-185.933167 111.395706 -76.846275 -141.384628 150.369553 -60.523014 -205.245270 127.088135 -60.145771 -100.095139 126.031410 -41.690376               1861 
-189.486618 114.817719 -80.484856 -141.781693 149.536224 -61.744202 -206.767471 129.322876 -62.054878 -101.635681 122.397003 -44.320183               1879 
-189.199356 115.657219 -79.713264 -141.675003 151.874527 -63.494591 -205.417068 129.801361 -63.442734 -100.508217 126.238411 -46.176361               1898 
-184.579239 116.046982 -75.268127 -138.283447 154.798340 -62.753727 -200.609940 130.255692 -61.420273 -95.924004 131.747131 -44.693989               1916 
-181.309906 117.759933 -69.611801 -135.236282 157.698318 -62.368244 -196.885880 132.552673 -57.171555 -91.867744 136.464828 -44.475643               1934 
-175.084854 126.017960 -58.800282 -126.840942 163.133972 -60.416382 -189.027222 142.947357 -46.803570 -83.217850 140.892792 -44.473019               1952 
-169.756195 133.505142 -53.018978 -120.712906 168.399323 -57.489349 -183.250946 151.272430 -41.616020 -77.602402 145.034058 -41.760910               1970 
-166.765472 142.400833 -48.400749 -116.744667 174.367661 -56.986347 -178.404678 158.858658 -43.888306 -74.578957 151.219727 -38.599895               1988 
-159.445221 146.844177 -41.029594 -110.234947 178.144272 -53.890644 -170.585602 160.599243 -42.871586 -68.106041 159.771439 -30.665014               2006 
-152.081482 149.774902 -36.111103 -102.584702 180.380356 -48.646854 -162.640686 161.336929 -42.173382 -62.641083 166.767288 -19.133680               2024 
-138.921844 150.409515 -24.481972 -88.205856 178.214691 -37.917320 -148.949020 162.771637 -29.403130 -47.798153 159.608200 -11.977936               2042 
-125.673775 149.494064 -14.768601 -72.957321 174.878738 -24.130608 -134.348145 162.785248 -18.066664 -34.096146 148.232040 -3.355658               2060 
-115.337967 149.999222 -4.509839 -61.744583 172.524933 -15.414910 -123.120110 163.472977 -8.620018 -23.796783 143.884048 4.371444               2078 
-107.558334 146.176880 5.803691 -55.374981 170.644714 -7.084123 -114.608116 158.094467 -1.226620 -15.663584 142.973129 10.497785               2097 
-99.554199 145.996475 12.587050 -47.410919 170.637924 0.235590 -105.580971 157.289917 3.176199 -7.787167 143.029602 18.112219               2114 
-92.683334 144.635117 19.441841 -41.380287 170.335999 6.103582 -98.482422 155.147751 8.426475 -0.929405 144.409439 24.633955               2133 
-88.737152 143.012360 25.120346 -38.953465 170.862259 10.660639 -94.940277 153.086807 13.427505 2.940737 146.927811 28.656578               2151 
-77.960785 140.128372 31.122065 -37.685715 171.475128 13.726194 -92.958931 152.169571 16.819397 5.056112 148.814194 31.374247               2169 
-71.436180 137.886581 36.036263 -38.171547 172.082794 16.238562 -91.603424 148.528259 18.777931 5.712550 154.162033 36.359890               2187 
-64.933792 137.172043 42.428699 -35.297306 172.432846 20.409533 -87.010735 145.833359 23.896427 9.612866 158.250229 41.236561               2205 
-56.215439 136.822327 50.650490 -30.120222 173.364365 27.108751 -80.026199 144.245407 32.319252 16.255598 161.521576 46.105251               2223 
-49.852142 136.634521 55.819946 -28.190681 174.269211 30.941025 -75.447334 141.488312 36.938957 19.156382 166.417038 49.607422               2241 
-45.598602 137.603897 60.057899 -26.532595 175.472672 34.265957 -72.322502 140.951797 41.001663 21.274939 169.686966 52.508781               2259 
-41.148087 139.336029 64.703247 -24.072163 177.256332 38.441719 -68.732849 141.423965 45.413239 23.936966 172.990540 56.573517               2278 
-38.134285 140.621918 68.330315 -21.944035 179.207535 42.658401 -64.227730 141.572739 46.658745 26.074764 175.700684 60.926743               2295 
-35.567501 141.508438 72.304710 -22.031191 180.515579 46.588028 -61.192848 140.169037 48.885647 25.953169 179.653748 65.258698               2313 
-33.761063 144.222458 76.449371 -21.396984 183.380798 51.205891 -58.475815 141.329117 51.154476 25.754625 184.344833 71.885147               2331 
-32.459038 145.399826 78.620064 -21.204926 184.523560 53.500778 -57.026134 141.558273 52.527637 25.664230 186.469345 74.745346               2349 
-31.134624 143.286194 82.259293 -20.591316 183.593216 59.469673 -55.415668 140.125687 55.098930 25.826008 185.082901 81.719353               2367 
-30.175230 142.765991 83.813416 -20.351074 183.228958 61.806641 -54.681774 139.614578 56.001217 25.892891 184.509354 84.427238               2386 
-27.546329 141.553513 85.542152 -18.454596 182.138184 63.997986 -52.618465 138.532043 57.638031 28.029099 183.121155 86.136986               2404 
-48.964367 149.878769 99.453911 19.522186 188.380539 76.244255 -21.295958 144.063492 84.834831 69.434296 181.809052 87.080887               2422 
-50.583393 146.944855 106.674736 29.348505 185.864777 83.547325 -12.368755 138.036255 92.282967 79.460205 176.680511 91.050819               2440 
-48.987186 144.704269 108.775246 29.384985 189.207321 85.741394 -9.208466 137.660126 95.452637 79.912880 183.218918 93.672722               2458 
-47.536560 142.582169 109.420792 29.470781 189.403809 86.340797 -7.976264 136.998062 95.975357 80.133881 184.500748 94.153976               2476 
-46.765953 141.834030 110.562050 29.259388 190.052719 87.039009 -7.039536 136.971130 97.388687 79.963142 186.490524 95.301880               2494 
-46.281353 141.862717 111.317078 29.276545 190.455887 87.090187 -9.623627 143.313751 99.248734 80.013550 187.460312 95.373802               2512 
-45.442177 140.926498 112.052551 29.655127 190.058121 87.510887 -10.253903 145.860199 98.986626 80.486450 187.164642 95.233566               2530 
-45.171623 139.731110 111.327721 29.695002 189.631317 88.129204 -10.733541 146.280731 98.671173 80.469643 186.713333 96.207344               2548 
-43.856960 136.626129 109.124184 29.396860 189.049911 88.162971 -10.943433 145.571732 97.714691 80.052094 186.927109 97.183846               2566 
-42.866268 133.368149 106.505684 28.936043 188.094421 88.006004 -11.261403 144.334854 96.372238 79.394142 186.773605 98.207542               2585 
-41.974251 131.164078 104.384438 28.232925 187.827637 87.211060 -11.553945 143.625946 95.170288 78.441330 187.608765 98.652374               2602 
-41.171616 130.246857 103.107437 28.299435 187.598511 86.662781 -11.673641 143.507278 94.289856 78.400917 187.445267 98.564613               2621 
-40.248360 129.416656 101.755165 28.294577 187.620758 85.780319 -11.595144 143.428345 93.265221 78.240768 187.912888 98.315384               2639 
-39.433548 128.657227 100.889832 28.524500 187.208649 85.039246 -11.422455 143.015228 92.580704 78.337700 187.694809 98.087013               2657 
-38.567425 128.082352 100.257027 28.703875 187.057007 84.426987 -11.186139 142.808029 91.916161 78.430008 187.737991 97.794250               2675 
-37.853184 128.197433 99.674561 28.828634 187.251801 83.420845 -11.276047 143.145081 91.426872 78.408470 188.144806 97.308891               2693 
-36.712894 128.144516 98.899040 28.650309 187.921738 82.344887 -11.204003 143.454163 90.833900 77.874695 189.749969 97.359970               2711 
-34.948730 131.871674 98.380005 29.590662 191.505844 80.052864 -10.086142 147.080933 90.391068 77.780556 195.680740 97.720352               2729 
-34.237473 133.067642 98.184380 30.809912 191.922882 80.071472 -9.606387 147.991013 90.282738 79.056648 195.223099 97.768829               2747 
-33.594627 133.784012 98.509430 31.728264 192.206665 80.359917 -9.074754 148.521118 90.595528 80.155930 194.837708 97.671013               2765 
-32.317459 135.414124 98.800995 32.356232 194.187424 79.608345 -7.989741 150.209930 90.778908 80.572258 197.953232 97.296448               2783 
-31.976267 135.930069 98.104073 32.891819 194.596634 79.420441 -7.678308 150.661194 90.260429 81.139114 197.949936 97.106293               2801 
-31.759289 135.890076 97.522041 33.366798 194.503036 79.679855 -7.453102 150.581650 89.906769 81.714302 197.198792 97.203751               2819 
-31.434855 136.163498 97.332039 33.473209 195.048813 79.727303 -7.228266 150.928604 89.832771 81.783981 197.861145 97.333984               2838 
-31.230072 135.636688 96.553612 33.539310 194.963287 80.102180 -7.133149 150.585266 89.375076 81.868454 197.458450 97.706261               2856 
-31.151283 136.525452 96.515381 33.222271 196.135422 79.898003 -7.243948 151.574051 89.404770 81.321640 199.269806 98.021515               2874 
-30.851954 137.206482 96.459740 33.414818 196.733994 79.760811 -7.172230 152.252502 89.314659 81.533798 199.750336 97.852272               2892 
-30.399769 137.369843 96.679245 33.353935 197.192535 80.097885 -7.161726 152.580811 89.521408 81.443932 200.276093 98.254959               2910 
-29.211042 141.036774 97.595024 35.244942 199.724457 80.562454 -6.039934 155.866150 90.334625 83.276733 202.279480 98.954140               2928 
-28.484335 143.121979 98.115776 36.320702 201.164810 80.826736 -5.226027 157.596252 90.546356 84.313889 203.423492 99.357468               2946 
-28.128532 143.618240 98.468842 36.558849 201.696045 81.415512 -4.898895 158.003326 90.742439 84.495094 203.903152 100.099205               2964 
-28.150991 144.125366 98.690460 36.543278 202.063202 81.779564 -4.950697 158.383987 90.849770 84.384331 204.216599 100.711868               2982 
-28.439333 144.856522 99.020866 36.139793 202.370300 82.031425 -5.733468 159.052994 91.175667 83.721573 204.549820 101.603325               3000 
-28.284466 144.947845 99.043892 36.142456 202.299789 82.263367 -5.988392 159.177856 91.210785 83.674782 204.208618 101.983139               3018 
-28.617229 144.881409 98.556923 36.019436 201.953140 82.891479 -5.337876 158.825943 88.874916 83.467407 203.072876 102.873253               3036 
-28.312075 145.143616 98.673302 35.836338 202.189392 82.851028 -4.686690 158.939575 87.313599 83.198181 203.317917 103.035614               3054 
-27.798441 145.178909 98.909782 35.632488 202.249207 83.031418 -5.107088 159.188324 87.439102 82.908089 203.274506 103.422630               3072 
-27.263901 145.016922 98.873230 35.580307 202.227524 83.072533 -5.278800 159.412521 87.170334 82.844078 203.125336 103.497154               3091 
-27.120579 144.742584 98.414246 35.520847 201.961044 83.299774 -5.994545 160.059692 86.727211 82.788788 202.324005 103.731255               3109 
-26.984789 144.616135 98.071884 35.413052 201.793991 83.465096 -6.683631 160.870728 86.454071 82.649155 201.729736 103.973190               3127 
-26.665861 144.501358 97.935066 35.279186 201.817719 83.477570 -7.067955 161.420547 86.312569 82.460953 201.726898 104.110275               3145 
-26.973722 144.557953 97.493462 34.877087 201.922119 83.744720 -7.725140 161.936996 86.061432 81.965195 201.555344 104.587250               3163 
-27.261164 144.627777 97.123070 34.598980 201.987137 83.913803 -8.199555 162.315582 85.854309 81.618340 201.397522 104.905884               3181 
-27.169312 144.734390 96.903114 34.492229 202.065811 83.798759 -8.516089 162.794556 85.622894 81.470154 201.366867 104.880058               3199 
-27.155312 144.788498 96.305923 34.643734 201.802750 83.865074 -8.860172 163.246262 85.172470 81.639145 200.348801 104.868713               3217 
-26.806074 144.741302 96.291168 34.645210 201.808990 83.860283 -9.192754 163.798004 85.271919 81.626450 200.286148 104.890717               3235 
-26.353449 144.747498 96.252838 34.666595 201.812210 83.848946 -9.514994 164.327194 85.286102 81.622925 200.119095 104.921959               3253 
-26.482487 145.372192 96.000626 34.750534 201.938339 83.750687 -9.978111 165.193466 85.121056 81.648445 199.721725 104.905075               3271 
-26.566948 145.870346 95.642014 34.894077 201.959061 83.778915 -10.363756 165.953400 84.885185 81.741745 199.070068 104.963463               3290 
-26.868237 146.486649 94.737785 35.311077 201.679352 83.900688 -10.768343 166.792343 84.361824 82.152176 197.333572 104.849693               3308 
-26.565443 148.560394 93.051056 37.939453 201.437073 84.643150 -10.036214 169.175598 84.114380 84.866966 193.552002 104.327400               3326 
