5.669209 116.628868 82.248398 44.801674 139.022751 79.552734 -17.873524 158.742798 93.845520 66.540443 96.614380 97.418259                  0 
5.132975 116.716835 82.035133 44.452534 139.351913 79.410622 -18.551741 159.143341 93.437027 66.213745 97.220177 97.892715                 18 
4.604325 116.733627 81.873604 44.178520 139.498871 79.285637 -19.047319 159.597015 93.261383 65.856476 97.551132 98.277061                 37 
4.171712 116.635139 81.722542 44.034088 139.491501 79.247475 -19.357288 159.812454 93.218819 65.615746 97.610039 98.493141                 56 
3.971744 116.107292 81.534332 44.224197 138.838089 79.077232 -19.151382 159.595398 93.052650 65.560333 96.909943 98.494263                 75 
2.889335 116.413063 80.028641 43.940285 138.096497 78.249634 -18.928688 160.244659 92.858994 64.023537 95.004356 96.414185                 94 
2.837129 116.399498 79.949623 44.241962 137.833832 78.428123 -18.611530 160.364838 93.022041 63.940388 94.490555 96.415733                113 
2.816864 116.365730 79.893784 44.440365 137.735489 78.437843 -18.512367 160.342300 92.978172 64.008354 94.311897 96.374031                131 
4.023310 116.592018 78.981148 44.109791 139.509735 77.832909 -19.433327 158.497055 93.581192 65.866249 96.359116 93.798553                150 
3.788007 115.980240 79.634552 43.822647 138.802383 77.723610 -19.403240 158.133438 93.629379 65.690170 95.904442 94.209953                169 
3.834513 115.413490 80.327545 43.807079 138.007446 77.601044 -19.095129 157.927689 93.695808 65.647263 95.316750 94.651909                188 
2.512080 116.858086 81.470482 42.468040 139.048462 77.992722 -20.198627 160.019012 93.525574 63.983402 96.727333 96.329361                207 
2.341192 116.990646 81.823990 42.285275 138.923645 78.087982 -20.226128 160.524414 93.445938 63.533348 96.666023 96.877182                226 
1.867862 117.287926 82.292458 41.677280 139.253586 78.208771 -20.806292 161.103577 93.467659 62.982143 97.253380 97.504013                245 
1.876197 117.252068 82.476074 41.625267 139.231827 78.232895 -20.821508 161.176224 93.590614 62.963097 97.281754 97.600624                264 
1.895134 117.166641 82.659256 41.646568 139.095993 78.246819 -20.765364 161.194412 93.546341 62.964493 97.235245 97.828583                282 
1.968614 117.182106 82.743622 41.657230 139.210693 78.252655 -20.816618 161.228867 93.436874 63.084095 97.496933 98.028214                301 
4.335581 117.341537 80.964836 42.108047 142.218887 78.087227 -21.263367 158.031311 96.182823 66.798851 100.338295 93.140480                320 
4.388594 117.710838 80.731194 42.314476 142.187637 78.317917 -20.897017 158.399521 95.692490 66.510048 99.998367 93.313271                339 
4.601974 117.530472 81.143951 42.923855 141.219315 78.884987 -20.029165 158.756699 95.415947 66.170464 98.692291 94.417816                358 
4.573362 117.616241 81.311821 42.855396 141.217911 78.879860 -20.018276 158.949448 95.259979 66.047791 98.753761 94.663696                377 
4.412004 117.587067 81.557938 42.803421 140.948257 78.978706 -19.948225 159.179916 95.097427 65.737556 98.482719 95.131874                396 
4.303158 117.465950 81.974190 42.876125 140.482239 79.081177 -19.714851 159.454666 94.912041 65.467171 98.066956 95.838562                414 
4.248462 117.457565 82.195007 42.786144 140.502396 79.082756 -19.768494 159.533997 94.896927 65.459618 98.222954 96.070503                433 
4.491749 116.204369 82.685394 43.531124 138.240982 78.649017 -18.356855 159.158890 94.683357 65.373299 95.817711 96.352325                452 
4.121526 116.478653 83.245895 43.162067 138.457184 78.923637 -18.743866 159.770142 94.498177 64.952599 96.355446 97.439491                471 
4.118593 116.446754 83.344978 43.158848 138.429657 78.934120 -18.720213 159.897263 94.567039 64.958122 96.382317 97.562973                490 
3.946821 116.493767 83.597076 42.886772 138.680069 79.108154 -19.164410 160.142746 94.316757 64.837990 97.000816 98.374832                509 
3.946926 116.360756 83.708412 42.895641 138.590546 79.203926 -19.202677 160.247070 94.319763 64.812012 97.009209 98.720238                528 
5.785396 117.956497 82.555321 43.494793 142.101028 79.397766 -19.084036 159.289658 97.447525 67.652214 99.933044 94.514038                547 
5.700930 117.888802 82.641953 43.461697 141.863861 79.364479 -18.983908 159.219162 97.237457 67.475769 99.633842 94.535889                565 
5.377326 118.789803 82.465469 42.040806 144.185715 79.547089 -20.537668 158.159500 99.436569 67.958542 102.217194 92.082458                584 
5.803458 119.035522 82.891655 42.186127 144.601227 80.075333 -20.181664 157.634094 100.986542 68.524506 102.513527 91.261749                603 
7.368027 118.108742 81.386108 42.611515 144.397522 79.122963 -19.656172 158.330460 103.686752 69.553978 103.020897 91.463974                622 
7.318211 117.913918 81.304634 42.522438 144.455353 79.123047 -19.674715 158.101929 103.261803 69.510155 103.103012 91.446541                641 
6.851768 117.729843 81.168694 42.496944 144.374466 79.002548 -19.349461 158.175476 103.197121 69.518684 103.056686 91.367325                660 
6.021660 117.353371 82.018448 42.017231 143.934113 78.364380 -19.056639 158.802078 101.910744 69.314468 103.429253 92.662560                679 
5.279887 117.873665 83.241653 40.654552 144.749054 76.585587 -19.787037 160.664902 99.269150 69.008148 106.365158 94.276566                698 
5.680820 118.237885 81.484238 41.761826 143.652115 73.028854 -15.279509 161.988098 100.753410 69.420135 103.407539 87.368057                716 
4.095325 125.273964 77.529678 41.278934 148.849106 68.516769 -13.729445 170.607132 96.939621 67.103752 107.416222 82.890938                735 
2.900269 133.544525 73.690498 40.739376 155.659195 63.721268 -15.678813 181.489105 84.499519 65.303162 117.190430 86.237839                754 
0.399200 142.836029 65.877525 38.760086 164.465347 56.897793 -19.330822 191.545639 69.592339 61.538059 129.243103 85.721016                773 
-1.596624 147.355530 59.615425 35.517620 169.486130 47.571503 -23.477398 195.505112 57.290527 60.023029 139.328781 80.438515                792 
-1.031799 150.711243 50.813332 34.915581 175.155716 39.912895 -24.965210 198.003891 50.701374 60.842236 144.650711 71.337006                811 
-1.239689 157.472855 36.206348 33.115372 185.960327 32.335503 -28.964928 202.046722 38.809147 58.647133 153.733047 62.331375                830 
-4.053124 158.886292 25.836174 27.862108 189.890030 20.660309 -34.404522 200.775574 27.099297 56.449841 160.447189 50.761501                848 
-8.242852 160.395096 12.740451 21.309496 193.780624 8.090870 -40.154434 198.896713 13.973814 52.540581 165.660187 36.797691                867 
-13.477048 160.629272 -4.984249 15.635871 194.796783 -5.880204 -44.873299 196.837433 -4.721524 46.235859 165.439102 22.262085                886 
-16.616478 159.613358 -20.683556 11.416003 194.848495 -18.300785 -47.868084 193.123367 -23.624802 40.993050 166.169327 11.581053                905 
-21.973904 158.091736 -36.436779 6.938270 193.043396 -31.688456 -51.361313 189.454285 -40.963512 35.398064 164.239685 -0.856535                924 
-25.268042 156.116592 -52.377567 4.466100 191.038742 -44.146267 -53.299919 184.815948 -56.520821 32.385159 162.377396 -12.693534                943 
-26.671307 151.879074 -65.952332 2.807720 187.558136 -55.458015 -53.632355 177.649750 -71.487465 29.983595 160.549530 -21.958338                962 
-27.912737 146.803528 -77.110962 1.281025 183.480972 -65.880142 -54.029015 169.013885 -83.684196 28.188828 158.823029 -30.409346                980 
-26.751780 143.433640 -84.256905 2.441287 180.815445 -71.757133 -53.041595 160.699310 -90.439415 29.039150 157.996002 -34.851192               1000 
-25.120888 135.538696 -89.350891 4.335151 174.399399 -78.133972 -51.674362 149.143372 -95.196083 30.408085 156.315216 -38.342194               1018 
-25.648983 128.962570 -92.899132 4.447890 168.819855 -84.142067 -52.047798 141.019882 -98.689537 30.288555 154.881973 -42.570240               1037 
-26.927269 120.330322 -99.977585 2.770339 161.420547 -94.078011 -54.136715 131.386902 -106.408569 27.644943 152.394806 -50.603752               1056 
-26.248442 102.627686 -94.543129 -0.150989 146.788361 -99.897491 -54.370575 109.311562 -101.701187 25.693699 152.236038 -56.393513               1075 
-25.959772 101.535332 -98.380630 0.087422 146.617615 -102.702873 -53.510979 108.156662 -104.275131 26.013695 152.502487 -59.304512               1094 
-25.906172 101.645462 -102.095207 0.169822 147.431641 -103.881477 -53.034004 108.344078 -106.741119 26.320213 151.753342 -60.433796               1113 
-25.228186 100.593109 -103.712959 1.237074 146.634338 -104.478172 -51.955452 107.434784 -107.862633 27.191235 150.641312 -60.882908               1131 
-25.075262 99.678001 -105.261116 1.811287 146.123978 -104.905014 -51.256294 106.619553 -108.854431 27.424974 150.019409 -61.098785               1150 
-22.481075 94.804886 -105.478409 3.352335 142.844147 -104.675194 -48.089443 101.141602 -108.755089 27.589943 149.067368 -60.357803               1169 
-24.428694 93.253555 -107.645058 2.915877 141.156631 -106.081200 -49.392342 100.419121 -110.190720 27.052475 147.132629 -61.674747               1188 
-25.311016 92.373077 -107.042915 3.142970 140.009506 -106.068596 -49.831226 99.885376 -109.540070 27.225143 146.538422 -61.710472               1207 
-25.380369 92.018791 -107.217690 3.389450 139.809982 -106.040695 -49.524422 99.400642 -109.566338 27.390518 146.471054 -61.658268               1226 
-24.892570 92.769592 -106.809830 4.413104 140.505463 -105.498199 -48.448978 99.988731 -109.382484 28.128351 147.287155 -60.980598               1245 
-28.425301 92.261726 -113.052132 1.644178 139.748688 -110.919525 -51.659416 99.809631 -116.033279 24.393963 146.313812 -65.868805               1263 
-28.515202 97.349228 -116.567833 1.210612 145.023239 -112.361504 -51.623837 104.530373 -118.817047 24.667034 149.454971 -67.412903               1282 
-28.570684 98.044434 -117.592239 0.922102 145.953873 -113.454208 -51.630959 104.911385 -119.680504 24.678596 150.464447 -68.671341               1301 
-27.453850 96.814842 -118.117554 1.721034 145.177155 -114.976013 -50.442654 103.496490 -120.957382 24.320850 151.556274 -69.823204               1320 
-28.189337 96.081818 -119.373085 0.539827 144.929855 -118.721558 -51.346050 102.439056 -122.331436 23.439224 153.638138 -74.112091               1339 
-24.133743 94.611061 -116.340256 0.872578 145.493149 -119.354500 -47.812908 99.062149 -119.403862 23.479149 158.857513 -75.759109               1358 
-23.050249 93.551979 -115.421822 -0.853135 145.459747 -122.120262 -47.435047 96.731331 -117.519783 23.011055 162.147690 -80.380180               1377 
-18.105240 96.666420 -117.833679 -2.115448 150.602509 -126.555107 -43.133141 97.340897 -117.601997 23.700317 170.018585 -87.225937               1396 
-14.431933 97.576263 -117.610359 -2.534913 152.114838 -129.399307 -39.718754 96.699432 -116.317635 23.509333 174.963882 -92.118744               1414 
-14.538358 99.766380 -116.694962 -3.411384 153.671844 -132.200180 -39.885624 98.915207 -114.839432 23.342581 178.935654 -97.040749               1433 
-15.459877 100.015182 -116.985977 -3.898076 153.829422 -132.910934 -40.909565 99.416687 -115.465698 22.671951 179.214767 -97.699593               1452 
-16.254496 100.254181 -117.880394 -4.398818 154.218887 -133.429016 -41.770184 99.757904 -116.684448 21.769245 179.407471 -97.778084               1471 
-14.959344 104.585487 -125.838310 -3.089301 159.307480 -138.834091 -40.533501 103.712372 -126.274193 20.357397 183.676086 -100.799316               1490 
-16.025448 101.620644 -125.110115 -3.892166 156.401917 -138.723404 -42.084412 101.031250 -125.923042 18.916626 181.330582 -100.663696               1509 
-17.658319 101.716011 -132.601227 -7.109066 157.595154 -143.828537 -44.137581 100.998421 -131.684692 17.822388 180.723358 -105.963913               1528 
-18.521477 100.897194 -132.648590 -7.869009 156.602417 -145.484070 -45.493275 100.567039 -131.222382 17.721485 180.584991 -108.603394               1546 
-18.125383 100.030075 -132.087540 -8.161460 155.784546 -145.916107 -45.687366 99.655533 -130.443420 17.289442 180.688019 -109.552803               1565 
-19.055876 99.421448 -131.292679 -8.388530 155.051514 -145.865829 -47.155071 99.562042 -130.186172 16.574308 180.305145 -109.405830               1584 
-19.775608 97.843765 -128.062134 -8.288917 152.872040 -145.187119 -48.537022 98.498001 -128.194977 15.139441 180.012665 -109.066216               1603 
-20.880384 97.852448 -127.191200 -7.549845 152.529007 -144.872910 -49.989796 99.668068 -127.767494 16.236954 179.361710 -108.756233               1622 
999.000000 999.000000 999.000000 999.000000 999.000000 999.000000 999.000000 999.000000 999.000000 999.000000 999.000000 999.000000             1641.0 
999.000000 999.000000 999.000000 999.000000 999.000000 999.000000 999.000000 999.000000 999.000000 999.000000 999.000000 999.000000             1660.0 
999.000000 999.000000 999.000000 999.000000 999.000000 999.000000 999.000000 999.000000 999.000000 999.000000 999.000000 999.000000             1678.0 
999.000000 999.000000 999.000000 999.000000 999.000000 999.000000 999.000000 999.000000 999.000000 999.000000 999.000000 999.000000             1697.0 
999.000000 999.000000 999.000000 999.000000 999.000000 999.000000 999.000000 999.000000 999.000000 999.000000 999.000000 999.000000             1716.0 
999.000000 999.000000 999.000000 999.000000 999.000000 999.000000 999.000000 999.000000 999.000000 999.000000 999.000000 999.000000             1735.0 
999.000000 999.000000 999.000000 999.000000 999.000000 999.000000 999.000000 999.000000 999.000000 999.000000 999.000000 999.000000             1754.0 
999.000000 999.000000 999.000000 999.000000 999.000000 999.000000 999.000000 999.000000 999.000000 999.000000 999.000000 999.000000             1773.0 
999.000000 999.000000 999.000000 999.000000 999.000000 999.000000 999.000000 999.000000 999.000000 999.000000 999.000000 999.000000             1792.0 
999.000000 999.000000 999.000000 999.000000 999.000000 999.000000 999.000000 999.000000 999.000000 999.000000 999.000000 999.000000             1811.0 
999.000000 999.000000 999.000000 999.000000 999.000000 999.000000 999.000000 999.000000 999.000000 999.000000 999.000000 999.000000             1829.0 
999.000000 999.000000 999.000000 999.000000 999.000000 999.000000 999.000000 999.000000 999.000000 999.000000 999.000000 999.000000             1848.0 
999.000000 999.000000 999.000000 999.000000 999.000000 999.000000 999.000000 999.000000 999.000000 999.000000 999.000000 999.000000             1867.0 
999.000000 999.000000 999.000000 999.000000 999.000000 999.000000 999.000000 999.000000 999.000000 999.000000 999.000000 999.000000             1886.0 
999.000000 999.000000 999.000000 999.000000 999.000000 999.000000 999.000000 999.000000 999.000000 999.000000 999.000000 999.000000             1905.0 
999.000000 999.000000 999.000000 999.000000 999.000000 999.000000 999.000000 999.000000 999.000000 999.000000 999.000000 999.000000             1924.0 
999.000000 999.000000 999.000000 999.000000 999.000000 999.000000 999.000000 999.000000 999.000000 999.000000 999.000000 999.000000             1943.0 
999.000000 999.000000 999.000000 999.000000 999.000000 999.000000 999.000000 999.000000 999.000000 999.000000 999.000000 999.000000             1961.0 
999.000000 999.000000 999.000000 999.000000 999.000000 999.000000 999.000000 999.000000 999.000000 999.000000 999.000000 999.000000             1980.0 
999.000000 999.000000 999.000000 999.000000 999.000000 999.000000 999.000000 999.000000 999.000000 999.000000 999.000000 999.000000             1999.0 
999.000000 999.000000 999.000000 999.000000 999.000000 999.000000 999.000000 999.000000 999.000000 999.000000 999.000000 999.000000             2018.0 
-22.008003 173.941940 -91.119232 13.658202 183.753555 -35.228466 -18.123980 155.173035 -79.674141 49.338779 153.361649 -15.392916               2037 
-19.519583 173.580643 -86.822533 12.127071 181.533997 -28.278898 -16.970633 153.702515 -74.130829 46.243587 150.394684 -6.910060               2056 
-17.748022 174.842743 -76.914223 12.702890 179.806992 -17.414463 -16.447750 153.507401 -63.342316 45.703716 147.147079 3.430122               2075 
-20.184559 175.713989 -62.965248 13.755616 178.619461 -5.243968 -18.965467 152.596832 -47.611256 47.430061 144.960480 12.737271               2094 
-19.815063 176.792099 -48.466606 16.703346 175.980194 7.728321 -18.653814 151.422958 -32.128773 50.479763 140.824570 22.338488               2112 
-21.618814 175.133408 -35.097576 18.718653 175.299423 18.427973 -19.735443 149.389572 -16.634567 52.804592 139.937668 31.766491               2131 
-22.005499 174.125244 -25.366903 19.674374 175.287338 27.107481 -19.466074 147.848145 -5.030542 54.158855 140.217346 40.189426               2150 
-25.188168 183.090897 -6.895139 23.030552 174.533844 38.863525 -23.200462 154.201294 11.943198 54.067799 134.553879 44.203163               2169 
-26.689358 180.874588 3.219006 23.901459 172.243835 46.325878 -23.801941 151.675415 22.881231 54.757587 131.972885 50.372002               2188 
-29.057346 178.974350 12.603871 23.796638 170.955902 53.030151 -24.916237 149.733948 32.779903 54.954994 130.813858 55.857540               2207 
-29.350077 178.177811 19.467299 24.185762 169.515350 58.850021 -24.985361 148.570648 39.831203 54.989594 129.057281 60.968861               2226 
-29.154049 179.823669 25.985941 24.659309 168.182068 64.205292 -24.942673 148.860825 44.914978 54.825779 127.194321 63.747383               2245 
-27.473942 180.042465 30.875151 26.378345 166.590286 68.439674 -23.689915 148.481461 49.361500 55.706432 125.022293 66.961052               2263 
-27.087166 178.814545 34.774128 27.399420 165.375351 71.417320 -22.640032 146.871063 52.753201 57.221352 124.215332 68.823898               2282 
-26.710732 176.738007 37.373974 27.917122 164.778198 74.318306 -21.401506 144.839218 55.251118 58.992973 124.556168 71.729713               2301 
-26.333542 177.476425 41.582397 28.052750 163.997543 78.359764 -21.140148 144.861252 58.216988 59.127945 123.892151 74.345909               2320 
-25.658298 176.826599 44.846645 28.981556 163.759766 81.396172 -19.975576 144.217010 60.883762 60.780426 124.296043 76.741386               2339 
-25.121628 176.412033 46.574829 29.540712 163.136505 83.015366 -19.383154 143.676880 62.268452 61.484562 123.841431 77.945000               2358 
-24.624342 174.085068 47.389656 29.953382 162.935623 84.660095 -18.011362 141.842117 63.093357 63.415710 124.854027 80.156128               2377 
-24.138105 174.053955 48.531891 30.018610 162.546494 86.304260 -17.602301 141.733688 63.612583 63.798687 124.781799 81.513138               2395 
-23.201635 174.143127 49.591438 30.471189 161.469055 87.679749 -16.840210 141.392700 63.719128 64.356796 123.904945 82.118851               2414 
-22.601177 175.055038 50.491817 30.849667 161.003784 88.408737 -16.572817 141.928177 63.868233 64.418999 123.283493 82.044693               2433 
-22.851965 176.059753 52.587894 31.142859 161.165771 89.396210 -16.529785 142.595245 64.975342 64.762154 123.772705 81.539879               2452 
-23.445972 175.960373 53.895493 31.202667 161.438202 89.878212 -16.635996 142.516891 66.073318 65.070656 124.410172 81.386757               2471 
-23.601028 176.407974 54.908916 31.330399 161.483139 90.291267 -16.805714 142.868454 66.871605 64.978439 124.379181 81.273102               2490 
-23.641836 176.547318 55.592827 31.542814 161.363907 90.467484 -16.831310 142.950165 67.419312 65.025696 124.212502 81.039276               2509 
-23.756529 176.949753 56.425156 31.784018 161.328369 90.532982 -16.918358 143.241562 67.982246 65.028481 124.138367 80.436958               2527 
-23.834732 177.231842 57.193333 31.943161 161.415512 90.820610 -17.023550 143.495895 68.785965 64.942795 124.078552 80.467041               2546 
-23.909056 177.627213 57.989059 32.277348 161.574677 90.814774 -17.069122 143.846893 69.561501 64.963516 124.094307 79.995453               2565 
-23.852024 177.672974 58.968845 32.802135 162.043121 91.188980 -16.744658 144.024643 70.699333 65.490051 124.612358 80.204468               2584 
-23.759329 177.691864 59.456890 33.174118 161.986496 91.143593 -16.608688 144.068207 71.178116 65.679703 124.478172 79.886002               2603 
-23.722031 177.752197 59.748219 33.401382 161.920715 91.027657 -16.554855 144.118729 71.423637 65.757164 124.358437 79.521133               2622 
-23.673979 177.945297 60.007389 33.521282 161.883652 91.037201 -16.581026 144.304901 71.646301 65.699715 124.221848 79.359955               2641 
-22.582094 179.094391 61.243549 34.484993 160.414520 91.018257 -16.566561 145.058319 72.264069 65.028519 121.776260 78.196434               2660 
-21.648905 179.967941 61.689972 35.399818 159.712555 90.452560 -16.365843 145.782166 72.588753 64.670357 120.291771 77.056381               2678 
-21.766527 179.940369 61.800774 35.411816 159.736969 90.341675 -16.458647 145.803497 72.809395 64.592934 120.258957 76.918945               2697 
-21.915791 179.868774 61.844814 35.347195 159.727158 90.259415 -16.593065 145.777390 72.975914 64.465683 120.193977 76.863060               2716 
-22.151728 179.455963 61.734573 35.241375 159.445541 89.978828 -16.818319 145.452362 73.125015 64.228485 119.770508 76.717606               2735 
-22.588800 178.490967 61.309444 34.960964 158.791138 89.453087 -17.243904 144.654144 73.214607 63.776993 118.860596 76.591942               2754 
-23.230465 177.904251 61.441063 34.608677 158.572174 89.244438 -17.722443 144.210419 73.667709 63.364708 118.555061 76.518761               2773 
-23.065741 177.788208 61.810993 34.653992 157.271149 89.006691 -18.102383 144.034454 73.964668 62.481907 116.711502 75.939796               2792 
-23.422421 177.686951 62.093952 34.408451 157.347153 89.186508 -18.354815 144.079605 74.382004 62.269547 116.797928 76.158081               2810 
-23.734217 177.598282 62.342304 34.193481 157.413712 89.343933 -18.566448 144.116852 74.769318 62.083817 116.873802 76.349083               2829 
-24.194597 177.194977 62.605431 33.850327 157.280807 89.556046 -18.905979 143.862259 75.274170 61.790813 116.729431 76.705521               2848 
-24.363363 177.222427 62.873631 33.747509 157.215546 89.612640 -19.050255 143.932968 75.607994 61.596817 116.642601 76.632927               2867 
-24.605692 177.076950 63.100815 33.568718 157.015594 89.660248 -19.241568 143.837646 75.930992 61.401165 116.485329 76.512115               2886 
-24.856613 176.957870 63.305489 33.372971 156.858139 89.714554 -19.445858 143.779221 76.282562 61.205975 116.378685 76.411949               2905 
-25.194096 176.593567 63.225494 33.138538 156.742020 89.594849 -19.619474 143.471329 76.405891 61.203091 116.459747 76.180656               2924 
-25.355919 176.378952 63.171116 32.890327 156.440079 89.665268 -19.829958 143.267944 76.573021 61.032631 116.241005 76.164688               2943 
-25.459816 176.274979 63.117035 32.708134 156.225662 89.699699 -20.014482 143.242538 76.797668 60.878563 116.069351 76.130646               2961 
