-44.437321 157.276947 64.373245 29.957251 165.951584 64.866440 -30.520407 161.985779 85.833382 59.146511 132.447708 74.424545                  0 
-44.389839 157.229294 64.470909 30.018263 166.087097 64.872864 -30.435513 162.002121 85.864861 59.327454 132.728821 74.572151                  8 
-44.303120 157.113159 64.637901 30.093004 166.269501 64.896973 -30.329643 162.002304 85.895035 59.565876 133.109451 74.778313                 18 
-44.205742 156.988281 64.825714 30.164431 166.456406 64.924736 -30.224485 162.001862 85.918358 59.799030 133.492935 74.978569                 27 
-44.124149 156.919724 65.029312 30.233641 166.665863 64.947121 -30.117943 162.041290 85.952843 60.025867 133.902390 75.187126                 36 
-44.081821 156.897430 65.190796 30.287081 166.810730 64.953583 -30.028824 162.061676 85.969254 60.196445 134.195755 75.325325                 45 
-44.099895 156.918579 65.293251 30.307436 166.865265 64.960854 -29.989531 162.028351 85.943939 60.280018 134.328232 75.394699                 54 
-44.134037 156.880630 65.372093 30.314739 166.827545 64.991898 -29.971186 161.885406 85.911194 60.330486 134.328827 75.421097                 63 
-44.182465 156.933029 65.414818 30.319506 166.843613 64.998962 -29.960991 161.830154 85.838379 60.366184 134.382126 75.454994                 72 
-44.268398 157.050461 65.448936 30.324211 166.859482 65.005936 -29.948362 161.791489 85.787048 60.401440 134.434814 75.488365                 81 
-44.357704 157.175995 65.479034 30.328552 166.874115 65.012360 -29.938156 161.750992 85.730270 60.433956 134.483459 75.519035                 90 
-44.423115 157.260986 65.528061 30.338121 166.898636 65.020592 -29.917215 161.700806 85.676048 60.485077 134.555481 75.554398                 99 
-44.450298 157.292282 65.569641 30.379192 166.882111 65.018150 -29.865473 161.621048 85.611885 60.567368 134.592346 75.597595                108 
-44.454891 157.358780 65.605690 30.434896 166.911270 64.969597 -29.783653 161.588303 85.331734 60.663879 134.691101 75.644279                117 
-44.448784 157.352478 65.623390 30.511221 166.852448 64.981552 -29.698753 161.449081 85.095528 60.771996 134.686996 75.730888                126 
-44.419163 157.153610 65.650223 30.603588 166.586685 65.099434 -29.624208 161.097931 84.973152 60.868576 134.429337 75.861206                135 
-44.416164 157.024658 65.665108 30.679516 166.366180 65.192741 -29.562517 160.819183 84.908180 60.947231 134.214386 75.963455                144 
-44.422756 156.939896 65.677521 30.737091 166.198959 65.263496 -29.511158 160.599335 84.792244 61.006863 134.051392 76.040993                153 
-44.463486 156.866318 65.746300 30.748177 166.096420 65.334991 -29.488455 160.380463 84.727158 61.047890 133.954422 76.044769                162 
-44.514317 156.820709 65.802666 30.751640 166.013428 65.390060 -29.472065 160.198700 84.669708 61.078808 133.877075 76.038933                171 
-44.562389 156.788132 65.856979 30.754545 165.943848 65.436218 -29.457077 160.055161 84.638046 61.104755 133.812393 76.034065                180 
-44.613968 156.781799 65.903412 30.756939 165.886475 65.474281 -29.444868 159.942200 84.625961 61.126167 133.759155 76.030060                189 
-44.669422 156.794220 65.950302 30.758997 165.837189 65.506981 -29.433273 159.845688 84.595474 61.144577 133.713470 76.026634                198 
-44.728390 156.857819 65.972176 30.763216 165.819794 65.516670 -29.422029 159.807266 84.554985 61.160263 133.704529 76.029030                208 
-44.784084 156.921829 65.994362 30.766628 165.805710 65.524513 -29.412357 159.778854 84.523438 61.172943 133.697311 76.030975                217 
-44.839512 156.984756 66.019600 30.770016 165.791748 65.532288 -29.400900 159.755890 84.495338 61.185532 133.690140 76.032913                226 
-44.896240 157.056702 66.041351 30.772955 165.779617 65.539040 -29.390039 159.738617 84.466270 61.196457 133.683929 76.034592                235 
-44.943890 157.113281 66.061386 30.775814 165.767822 65.545609 -29.378780 159.724899 84.435677 61.207085 133.677872 76.036232                244 
-44.986996 157.163116 66.080742 30.778482 165.756821 65.551735 -29.370335 159.707977 84.401237 61.216995 133.672241 76.037766                253 
-45.013062 157.209976 66.095261 30.786018 165.790588 65.542030 -29.354788 159.725998 84.362244 61.246429 133.736313 76.057121                262 
-45.014198 157.233170 66.102249 30.805544 165.841980 65.515228 -29.323380 159.750351 84.297707 61.298824 133.832169 76.070396                271 
-45.044720 157.100479 66.086258 30.791546 165.752960 65.560333 -29.338764 159.549911 84.242783 61.312790 133.745789 76.042427                280 
-45.064671 157.069458 66.085854 30.786554 165.735062 65.572632 -29.340942 159.497498 84.213829 61.323978 133.737991 76.038437                289 
-45.088913 157.057327 66.087082 30.782415 165.720215 65.582832 -29.341784 159.463242 84.185493 61.333260 133.731537 76.035149                298 
-45.108246 157.042419 66.088585 30.778763 165.707108 65.591827 -29.340916 159.437302 84.157433 61.341450 133.725876 76.032257                307 
-45.128548 157.031555 66.091263 30.775293 165.694672 65.600380 -29.335886 159.428665 84.128860 61.349236 133.720505 76.029526                316 
-45.137375 157.049179 66.068184 30.780605 165.734161 65.560455 -29.315762 159.473907 84.059761 61.378456 133.791656 76.016449                325 
-45.149601 157.082123 66.031456 30.790474 165.791214 65.492912 -29.285717 159.532990 83.969139 61.422951 133.897797 75.997261                334 
-45.180725 157.057007 66.042625 30.771467 165.774872 65.471321 -29.285242 159.519897 83.935188 61.422680 133.895309 75.963081                343 
-45.203365 157.050827 66.059860 30.747787 165.823532 65.403809 -29.274549 159.581177 83.889282 61.436401 133.987717 75.919037                352 
-45.242485 157.127258 66.106506 30.735130 165.748352 65.186798 -29.223532 159.667709 83.857880 61.404858 133.868103 75.622200                361 
-45.286961 157.161621 66.172852 30.729546 165.494385 64.955177 -29.164566 159.620712 83.837395 61.328003 133.482895 75.196213                370 
-45.305599 157.518158 66.172333 30.770365 165.396652 64.674828 -29.080265 159.954605 83.742409 61.226189 133.250443 74.919006                379 
-45.303265 157.663742 66.177963 30.824575 165.052307 64.390457 -28.953485 159.985031 83.543663 61.118874 132.688461 74.426239                388 
-45.278568 157.726807 66.198708 30.901754 164.753967 64.199844 -28.786730 159.885376 83.122475 61.090481 132.223160 74.011436                398 
-45.408154 157.690826 66.035583 30.849756 164.158615 64.138596 -28.862803 159.568710 82.806610 60.808781 131.340881 73.695435                406 
-45.274597 158.208786 66.057365 31.043072 164.122559 63.765419 -28.590860 160.086868 82.537949 60.837395 131.195770 73.461029                415 
-45.221420 158.929581 66.065254 31.149935 164.237473 63.379871 -28.419783 160.852371 82.373772 60.757259 131.217102 73.326828                424 
-45.062580 160.203415 66.256332 31.356287 164.695648 62.919392 -28.103693 162.348053 82.370422 60.733788 131.663712 73.489807                433 
-44.894859 160.466034 66.454620 31.539385 164.588043 62.682911 -27.824986 162.665268 82.446152 60.837639 131.526184 73.378960                442 
-45.081970 161.873016 65.858398 31.701403 164.605469 61.945526 -27.639774 163.293304 81.795845 60.787037 131.442261 72.904877                451 
-45.167015 164.459671 64.887833 32.093906 165.343567 60.650291 -27.149658 164.905502 80.716263 61.059849 132.344223 72.393234                460 
-45.154461 166.603455 63.472221 32.434273 166.137009 59.043789 -26.723856 166.481949 79.155533 61.323914 133.380783 71.625443                469 
-45.283535 167.892227 62.731533 32.509430 166.727661 58.272877 -26.607624 167.514008 78.348595 61.410580 134.240341 71.508339                478 
-45.229546 168.481537 62.050480 32.685799 166.466949 57.472641 -26.373356 167.661240 77.627968 61.433064 133.862549 70.755249                488 
-44.866589 169.320007 61.384426 33.056286 165.397537 56.341404 -25.822384 167.967178 76.870117 61.228954 132.326324 69.700867                497 
-44.661812 168.977325 59.816685 33.347778 165.695587 55.318764 -25.664368 168.237305 75.413780 61.799606 133.353912 69.823586                506 
-44.363380 169.104477 58.634846 33.666355 165.758911 54.253944 -25.352312 168.758606 74.259064 62.152554 133.841507 69.606339                515 
-44.256760 168.603088 57.003136 33.818081 165.454041 53.024792 -25.297703 168.536011 72.722969 62.357452 133.888321 68.993179                524 
-43.854134 168.777527 55.824390 34.187126 164.723053 51.723541 -24.845545 168.608887 71.516891 62.420383 132.981873 67.887115                533 
-43.387352 168.237396 54.090618 34.662983 163.925247 50.311794 -24.427076 168.095108 69.859390 62.735790 132.172531 66.730133                542 
-43.004734 168.007660 52.610565 35.053551 163.539825 49.049679 -24.062025 167.995697 68.461891 63.034966 131.863434 65.768723                551 
-42.494869 167.937302 51.126335 35.545254 162.819702 47.936779 -23.565578 168.117355 67.366463 63.194294 131.001236 64.936676                560 
-41.246979 167.080276 49.865208 36.702679 161.927673 46.498402 -22.143076 168.687851 67.467316 64.278717 130.136383 63.666862                569 
-40.057087 165.552765 48.297710 37.642292 161.015686 45.020859 -21.009411 169.199768 67.270302 65.100471 129.266586 62.454227                578 
-39.735985 165.041245 45.410553 37.785778 159.990753 43.363678 -20.896742 169.995422 65.832443 64.512604 127.903496 61.307041                587 
-39.214966 165.075638 42.599491 38.120106 159.329041 41.798969 -20.583847 171.084259 64.200951 64.057800 126.906403 60.289207                596 
-38.799900 164.853607 39.205246 38.335911 158.565857 39.656376 -20.447384 171.658478 61.699188 63.529312 125.822922 58.605598                605 
-38.406498 164.383774 35.533478 38.508453 157.800385 37.892632 -20.595049 171.845718 58.996307 62.880718 124.742409 57.361645                614 
-37.889462 164.739029 32.030491 38.852600 157.470428 36.056854 -20.463297 172.443359 56.457603 62.440105 124.048622 55.868267                623 
-37.642502 165.120743 27.885201 38.887703 157.078079 33.916332 -20.767977 172.660446 53.164040 61.610710 123.231895 54.015617                632 
-37.433056 165.276031 23.282042 38.894314 156.815292 31.269295 -21.163420 172.637238 49.278118 60.943615 122.706474 51.672634                641 
-37.671211 165.385757 17.920250 38.384781 156.449295 28.204134 -22.128599 172.456696 44.888214 59.693020 122.000175 48.822002                651 
-37.432133 165.296234 13.015233 38.311539 155.948181 25.406553 -22.610998 172.092255 40.803326 58.946129 121.220078 46.240471                659 
-37.322060 165.714294 8.029668 38.176037 155.572220 22.178795 -23.044960 171.842438 36.591824 58.226456 120.526939 43.051968                668 
-37.611061 165.748825 2.152967 37.624897 155.261795 18.697464 -24.145988 171.055634 31.637543 57.289902 120.140419 39.808037                678 
-37.571579 166.124023 -3.431866 37.396622 154.968613 15.578145 -24.907309 170.189484 27.024641 56.739986 119.829048 36.953938                686 
-37.887009 166.994186 -9.242249 36.752853 154.873444 12.303288 -26.071198 169.450867 22.212439 55.777798 119.694283 33.898621                695 
-38.219162 168.026474 -15.049393 36.158665 154.484955 8.576344 -27.094072 168.445953 17.359507 54.970451 119.221054 30.220139                705 
-38.216541 168.689117 -20.342304 35.820553 154.087570 5.438982 -27.914507 167.196030 12.905380 54.491066 118.841637 27.233854                714 
-38.597954 169.029572 -26.334330 35.066864 154.061142 1.750143 -29.217390 166.032135 7.737307 53.736443 119.124283 24.037865                723 
-38.910881 169.855774 -32.988201 33.994385 153.660690 -2.222903 -30.865377 164.794815 2.067556 52.271626 118.748352 20.425505                732 
-38.352615 170.714661 -38.636490 33.545200 152.323059 -5.378093 -31.864843 163.238632 -2.577958 51.066898 117.273956 17.652994                741 
-38.379017 171.282776 -44.731323 32.671207 151.119415 -9.440969 -33.495029 161.322037 -7.665019 49.733551 116.006615 13.836645                750 
-38.749588 171.484085 -51.096985 31.731771 150.984711 -13.919600 -35.445976 159.535065 -12.898886 48.821804 116.176132 9.790599                759 
-39.310314 171.356552 -57.647118 30.658661 151.334137 -18.345211 -37.562931 157.879517 -18.154459 47.909676 117.294533 6.344620                768 
-38.470837 171.439102 -62.889851 30.415018 150.159439 -21.501654 -38.502247 156.079468 -22.534157 47.030739 116.362068 3.945066                777 
-38.790173 171.297958 -68.894630 29.721750 150.305908 -25.898417 -39.879345 154.633591 -27.459679 46.492077 117.352928 0.535222                786 
-39.136101 170.461258 -74.986595 28.581161 150.374771 -29.525076 -41.579556 152.388947 -32.543518 45.486282 118.380196 -2.021540                795 
-38.723377 169.772308 -79.787903 28.568537 149.533600 -32.969437 -42.074566 150.119766 -36.362186 45.603828 118.181709 -4.813848                804 
-38.070061 169.059784 -84.398254 28.221928 148.985992 -35.375797 -42.702213 147.712036 -40.192562 45.205650 118.284203 -6.482313                813 
-37.894028 167.855515 -88.947395 27.766901 147.452072 -38.458454 -43.357994 145.203812 -43.767021 44.712414 117.526970 -8.739471                822 
-37.682892 166.818054 -92.626289 27.668535 146.537811 -40.988831 -43.524780 143.111206 -46.591000 44.796726 117.500008 -10.504226                831 
-38.388241 165.676590 -97.796921 26.515282 146.329956 -44.683819 -44.708496 140.702576 -51.052742 43.975998 118.150238 -13.588689                840 
-38.632713 164.649338 -101.457672 25.959675 145.169846 -47.444897 -45.345966 138.934845 -53.771931 43.463200 117.804070 -15.654633                849 
-38.814026 162.585434 -103.901482 25.496964 142.158401 -49.219681 -45.908901 137.411026 -54.620159 42.539162 116.291328 -15.958027                858 
-39.349915 162.309006 -106.257034 25.156597 142.728439 -51.010891 -46.171585 135.984497 -56.286770 42.839382 117.755051 -17.402433                867 
-39.631889 160.959885 -108.385559 25.191086 142.041824 -52.856514 -45.991528 133.546844 -57.800838 43.558811 117.851196 -19.043503                876 
-39.484962 158.729568 -109.272980 25.023739 137.704590 -53.488930 -46.151451 129.426331 -57.933506 43.495621 113.928970 -19.439123                885 
-38.750156 157.342560 -110.365746 25.818253 136.537094 -53.890804 -45.036430 128.016098 -57.493889 44.609592 114.673965 -18.751526                894 
-38.029282 156.758255 -111.596130 26.066202 135.569565 -54.115059 -44.312965 126.869339 -58.041779 44.725536 115.035141 -18.114414                903 
-38.816124 155.830872 -112.462929 26.350138 135.986679 -55.204571 -43.309601 125.656754 -58.228649 45.941311 117.199944 -18.747412                913 
-39.839039 154.305099 -113.883270 26.111483 135.866776 -56.563526 -42.955994 124.441338 -58.744297 46.346195 118.960938 -19.541517                921 
-43.545052 155.141891 -116.648056 23.914921 136.584351 -60.908142 -44.862522 123.797897 -61.851646 45.263424 119.656464 -24.527267                930 
-46.690357 154.249344 -118.939507 22.057766 137.273270 -64.182365 -46.334282 122.697952 -64.069450 44.400990 120.988014 -28.106739                940 
-49.170250 153.502747 -120.012070 20.591925 138.152374 -66.041557 -47.287003 121.416969 -65.446213 43.780823 122.263138 -30.324800                948 
-50.728012 152.374359 -121.565941 19.607857 138.703735 -67.798355 -47.866005 120.429733 -66.655151 43.374420 123.606110 -32.117947                957 
-52.391121 153.032562 -123.377663 18.067127 139.294647 -69.683754 -49.119839 119.974991 -68.673447 42.126972 124.092529 -34.245079                966 
-53.249195 153.275375 -124.612030 16.969030 139.477509 -70.534401 -49.975056 119.317055 -69.988899 41.077454 124.221786 -35.151825                976 
-53.810104 153.946411 -125.601028 16.136583 139.484283 -71.311432 -50.756302 119.148865 -71.199745 40.184261 123.865799 -36.045982                985 
-53.587425 152.522614 -126.097641 15.966618 138.654800 -71.025612 -50.718544 117.678307 -71.062462 39.972725 123.643532 -35.469337                994 
-53.953762 152.946304 -126.851761 15.451537 139.100769 -71.557236 -50.979973 117.426254 -72.019325 39.513775 124.013695 -36.071056               1003 
-54.099464 152.312958 -127.544548 15.148346 138.901245 -71.876053 -51.002617 116.504852 -72.592285 39.253754 124.105057 -36.296818               1012 
-55.673737 149.431488 -129.129517 14.000426 138.157196 -73.509583 -51.665768 114.568497 -73.660156 38.507236 124.408798 -37.784554               1021 
-56.183334 145.532425 -130.652267 13.918308 139.397842 -74.739891 -50.528194 112.910309 -73.993401 39.016933 128.146973 -38.554852               1030 
-56.001606 143.283096 -131.166046 13.953611 140.002853 -74.722191 -49.665745 111.960114 -73.642319 39.153210 130.440201 -38.124165               1039 
-53.771832 142.437210 -133.577621 14.787176 140.015121 -75.284920 -48.895287 112.570641 -74.943092 39.031681 131.567429 -37.778648               1048 
-48.090885 139.414932 -138.464142 16.519812 139.004333 -75.695076 -47.912060 114.088966 -77.653397 37.930363 132.851318 -36.076790               1057 
-47.687782 138.378052 -140.553497 16.205692 139.356430 -76.998032 -47.758419 114.541924 -79.510513 37.044281 134.368958 -36.913643               1066 
-44.896664 138.817520 -142.271927 17.222237 139.459457 -76.913010 -46.784912 116.027946 -81.349670 36.610062 134.846298 -36.063152               1075 
-41.491039 141.951935 -143.851105 18.329004 140.112778 -76.386726 -45.916054 118.415314 -83.940269 35.869770 134.344376 -34.854485               1084 
-41.297897 140.893448 -144.575455 18.423622 140.371017 -76.968956 -45.560722 118.602394 -84.718056 35.625370 135.475815 -35.183590               1093 
-41.101940 141.759750 -145.029556 18.548653 140.805222 -77.279068 -44.962376 119.176926 -85.662384 35.433720 136.027374 -35.351196               1102 
-41.016899 142.363327 -145.443817 18.624184 141.022827 -77.594452 -44.302956 119.310989 -86.583252 35.241035 136.393250 -35.542973               1111 
-42.254745 141.261200 -146.130493 18.162756 141.179535 -78.856697 -44.247017 118.996559 -87.236229 35.007935 137.654114 -36.788998               1121 
-44.534775 148.105896 -148.962311 17.062975 141.861526 -82.878433 -46.760818 125.230080 -90.495537 34.181789 136.944290 -41.061607               1147 
-44.474804 152.276077 -149.643875 17.294336 142.311844 -84.068802 -46.929024 127.525543 -91.851913 34.439468 135.879730 -42.468899               1157 
-44.359131 157.425446 -149.259262 17.420307 144.016357 -84.155365 -46.748859 129.599228 -92.778458 34.458061 135.752182 -42.835903               1165 
-43.853664 161.306198 -149.131592 17.754440 145.892258 -84.196671 -46.208027 131.261810 -93.773865 34.588337 136.404633 -43.056854               1174 
-41.793488 164.745285 -150.343597 18.645842 147.462051 -84.708046 -45.416534 134.197144 -95.424446 34.662975 137.357529 -43.389404               1184 
-41.021572 167.386627 -150.479843 19.070301 148.622238 -84.873016 -45.170567 136.487366 -96.084824 34.770279 137.875763 -43.594650               1193 
-42.454235 166.748123 -148.873428 19.511261 149.141647 -84.658058 -44.911171 137.004913 -94.117554 36.295589 139.163895 -43.614056               1201 
-42.603546 167.748459 -146.204544 21.261877 150.925278 -83.641106 -43.152367 138.455536 -91.923164 39.061073 141.074280 -42.995975               1211 
-39.176140 169.351563 -145.860870 24.193953 153.841721 -82.532349 -40.351070 141.900711 -91.954361 41.347992 144.021378 -41.603390               1220 
-37.954441 171.910797 -144.577988 26.224882 156.136078 -82.255264 -38.795441 145.449265 -91.507324 43.586739 145.379059 -41.650677               1229 
-37.823181 175.683609 -143.396637 27.324717 157.962936 -82.663681 -38.358208 149.192413 -91.069931 45.134911 145.705566 -42.683262               1238 
-36.387840 178.206635 -144.073822 29.209217 159.323273 -84.193695 -37.368233 153.027252 -91.407227 47.202271 146.300980 -44.538307               1247 
-35.199150 180.260498 -144.742355 30.539057 160.578003 -85.281807 -36.831406 156.989990 -91.353325 48.548935 147.095993 -45.788017               1256 
-29.641407 184.398529 -132.808640 33.584064 163.284470 -74.781853 -28.570547 159.051590 -83.159325 54.350971 145.196869 -38.623116               1265 
-26.636909 187.280228 -127.123611 35.426361 166.644760 -69.443466 -23.762278 162.599045 -79.840660 57.545876 146.645920 -35.141087               1274 
-23.780930 190.837112 -123.416824 38.002636 168.600861 -66.438431 -20.171021 165.611053 -77.302864 60.609673 147.150391 -33.352497               1283 
-20.879488 194.078308 -120.943604 40.763474 170.571182 -64.514442 -17.042671 168.609528 -75.393837 63.496246 148.187317 -32.140633               1292 
-18.005802 196.135925 -120.185883 42.671524 171.997299 -63.196877 -14.821049 171.160400 -74.698868 64.852356 149.092728 -30.804424               1302 
-14.678962 197.244247 -117.855278 46.015091 173.083969 -60.973869 -11.273680 172.075516 -72.684799 68.345200 149.963135 -28.838640               1310 
-10.205790 198.434280 -114.707169 50.345715 173.822021 -57.927856 -6.733747 172.944702 -69.977806 72.621765 150.304947 -26.043612               1319 
-7.669963 198.654053 -113.112144 53.182396 174.713089 -56.410820 -3.783657 173.874649 -68.266685 75.603134 151.522949 -24.388826               1328 
-4.372526 200.817657 -111.557579 56.317879 175.487030 -55.302807 -0.485975 175.955872 -66.982574 78.416809 151.804123 -23.418072               1337 
-0.229677 203.183746 -111.523849 59.277939 176.470871 -54.661880 2.871880 177.799973 -67.365662 80.565521 152.184143 -22.679485               1346 
4.245710 204.841660 -111.341911 62.527912 176.874908 -53.880722 6.430122 179.046066 -67.550171 82.993004 151.897903 -21.893084               1355 
9.043156 208.144531 -109.361046 66.239281 176.764359 -52.582535 10.396646 181.396576 -66.220856 85.694008 150.412186 -21.071320               1364 
13.812173 210.492218 -108.382957 69.614326 176.781021 -51.551460 14.204461 182.499084 -66.086914 88.121071 149.391891 -20.355057               1373 
18.185627 209.665558 -108.629608 73.679092 178.160965 -50.248959 18.421347 182.216843 -65.930656 92.222435 151.713318 -18.271687               1382 
24.764023 213.013763 -108.405411 76.569344 177.223038 -49.111477 22.166006 183.665543 -66.985321 92.797600 148.864395 -17.515425               1391 
26.200180 211.273819 -108.630165 78.975525 177.236542 -49.164074 24.338909 182.270264 -66.889389 95.872810 149.579056 -17.298336               1401 
31.775255 213.212524 -109.221199 81.927116 177.029007 -48.762909 27.816750 183.120819 -68.210449 97.235802 148.388504 -16.962816               1410 
35.613270 212.194977 -109.501991 85.489410 176.825211 -48.305023 31.266977 182.261246 -68.075989 100.683693 148.642914 -16.044027               1419 
40.951164 213.143158 -108.615379 89.115150 175.781555 -47.196457 35.161896 182.169266 -67.805733 103.271408 146.785599 -15.185296               1428 
41.313744 208.129669 -109.070137 92.319359 175.973602 -46.998615 37.644890 178.646637 -66.773827 108.423683 149.197891 -13.989658               1437 
43.799496 206.215668 -109.844971 95.701210 176.214813 -47.307129 40.726376 177.553131 -66.506104 112.443115 150.726334 -13.603630               1446 
45.834351 204.105881 -110.502609 98.512367 175.949158 -47.632881 43.297325 176.130478 -66.287735 115.829552 151.583817 -13.393645               1455 
49.218044 203.950684 -111.418083 101.308975 175.592102 -48.051979 46.132549 176.036377 -66.883301 118.295380 151.413788 -13.515738               1464 
53.272030 202.997726 -112.433205 104.460114 175.133942 -48.103237 49.555416 175.180389 -67.822479 120.999146 151.178665 -13.196433               1473 
56.994438 201.382843 -113.201729 107.450256 174.217072 -47.945271 52.759762 173.817261 -68.321732 123.649261 150.687622 -12.592227               1482 
62.995636 202.797241 -112.079514 110.678841 171.949310 -46.368000 56.597931 173.842880 -68.293831 125.124298 146.782639 -11.384477               1491 
67.377838 201.074036 -112.985435 113.516045 170.570374 -46.016636 59.897625 172.259949 -69.201538 127.155563 145.575836 -10.589009               1500 
69.290817 197.577087 -113.795471 115.880630 169.550049 -46.054897 62.217152 169.647018 -69.314919 129.935669 145.663544 -10.030313               1509 
72.175941 194.726425 -115.244240 118.254372 168.744125 -46.308254 64.753288 167.450958 -70.179543 132.259705 145.812317 -9.649522               1518 
76.486603 191.770172 -116.536438 120.907135 167.351929 -45.948761 67.785683 165.271240 -71.038902 134.142181 145.141312 -8.566930               1527 
77.415344 188.347443 -115.842995 123.609276 165.737122 -45.784740 69.964676 162.427490 -69.728218 137.944656 144.325516 -8.342522               1536 
78.369675 184.516434 -116.460938 125.597412 164.419205 -46.287449 71.714180 159.632828 -69.527550 140.658157 144.258286 -8.437868               1545 
78.863106 180.005615 -117.267319 127.197746 162.890778 -47.041508 73.207420 156.140381 -69.616783 143.108810 144.094849 -8.839004               1554 
78.604004 174.496033 -116.968185 128.989395 161.069931 -47.367130 74.498604 152.695755 -68.134583 146.164383 144.194550 -8.816892               1563 
79.427246 170.702179 -116.918312 130.620621 159.319519 -47.487854 75.946999 150.095825 -67.376244 148.325989 143.648438 -8.670115               1572 
80.888313 167.278809 -117.120644 132.215683 157.198395 -47.498825 77.523087 147.447876 -67.067909 150.050461 142.408508 -8.395636               1581 
82.046417 162.204910 -118.747635 132.541763 154.851654 -48.111771 78.408340 143.375946 -68.204224 150.127670 141.496338 -8.384565               1590 
82.691322 158.382843 -118.569824 133.402954 152.167313 -47.924068 79.246674 140.347351 -67.660538 151.112228 139.551285 -8.010448               1599 
82.096092 155.506119 -117.327904 134.424500 149.838959 -47.826649 79.786354 138.291580 -66.119385 152.976974 137.652786 -8.163280               1608 
82.948647 149.137238 -118.510902 134.932632 147.001648 -48.577110 80.622017 134.073517 -66.726280 153.415100 136.638382 -8.366653               1618 
82.050659 143.091385 -118.592606 135.336960 145.090942 -49.740578 80.979004 130.683273 -66.374031 154.680542 136.724548 -9.470134               1626 
82.336983 139.301468 -118.427238 135.495804 143.104736 -49.684364 81.357300 128.320847 -66.370575 154.708069 135.433304 -9.213166               1636 
82.493477 134.469055 -118.291870 136.516571 142.091843 -50.591869 82.726730 125.454994 -66.182564 156.406143 136.226501 -10.145825               1644 
83.672783 134.039810 -118.150520 137.915436 141.738876 -50.949001 84.217888 125.617867 -67.027344 157.601837 135.275742 -10.494666               1654 
83.455940 130.062164 -115.043701 139.457397 140.711731 -49.933949 85.723648 123.517838 -64.503326 160.161545 135.299225 -9.835033               1663 
86.917221 128.210922 -115.293015 139.773361 139.431244 -47.979073 87.226318 121.561462 -65.715775 158.517441 133.400894 -7.013545               1671 
88.675468 126.494827 -114.247902 140.884598 138.120117 -46.872822 89.054604 119.871796 -66.001045 159.046875 131.271713 -5.774031               1681 
88.613121 121.181099 -111.385803 142.285385 135.357986 -45.796314 90.542725 115.847252 -63.655598 161.372879 129.449768 -4.971804               1690 
87.209717 117.459106 -108.817841 142.876587 134.892181 -45.719135 90.745049 114.487068 -61.075249 163.167999 131.021164 -5.232669               1699 
85.780273 113.658539 -105.612236 144.482864 133.084137 -45.935841 91.877052 111.910133 -58.122883 166.824493 130.403198 -6.444773               1708 
86.607803 110.250755 -104.174545 147.182571 129.869675 -46.495991 95.009689 107.048477 -57.295437 171.325211 126.592712 -8.125766               1717 
85.060837 105.301735 -101.898529 147.865265 126.139526 -47.121483 95.178009 103.527855 -55.395805 173.303375 123.811264 -9.526786               1726 
83.631393 98.775482 -101.331711 147.751160 124.172699 -50.122501 94.157501 102.844261 -55.126011 173.396393 125.871674 -12.634968               1735 
83.318596 95.170578 -100.032349 149.310242 122.797066 -52.489239 95.821449 100.797134 -54.538807 176.500916 125.936371 -16.202991               1744 
83.544525 93.627579 -100.178261 149.744522 121.204506 -52.959286 96.432526 98.833282 -54.956467 177.165207 124.041046 -16.821493               1753 
83.418251 91.557915 -98.848785 149.090881 118.996216 -50.884510 95.851608 96.588989 -53.674351 176.079056 121.610008 -14.405935               1762 
83.648964 90.404572 -97.934601 149.359222 118.833908 -50.633419 96.264336 96.085403 -52.993435 176.450485 122.028404 -14.277703               1771 
84.901962 88.572998 -97.791885 147.365540 117.433449 -46.579533 94.588188 94.602478 -52.376045 171.967346 120.830513 -8.512598               1780 
83.562622 85.308250 -101.754211 139.754410 104.231934 -39.815601 88.363327 82.811455 -55.359337 160.123901 100.467308 0.641680               1789 
81.976349 83.699257 -102.340775 138.894150 104.555687 -41.857430 87.989571 81.294617 -56.355896 160.349213 101.224358 -1.926709               1798 
82.509308 82.446976 -102.766350 136.876450 105.748672 -40.958157 88.228661 79.137276 -56.977909 157.873199 102.826378 -0.752726               1807 
83.292839 82.362862 -100.983513 135.219803 106.731316 -37.563759 89.405273 76.747353 -55.454922 155.833679 103.557846 2.820362               1816 
83.182266 82.189842 -101.126678 132.512375 107.326721 -36.050648 89.327553 74.689789 -55.911064 152.826691 103.718941 4.448637               1825 
83.866417 83.458435 -101.126602 133.965179 105.811737 -35.655750 92.295265 72.545441 -55.901939 152.933975 101.539932 5.427284               1835 
84.767242 84.273903 -101.304741 135.153015 105.167175 -35.593353 93.963661 71.156616 -55.793396 153.329254 100.654030 5.820842               1843 
85.503204 84.799202 -101.518532 135.858704 104.962036 -35.582268 95.584015 69.971176 -55.927238 153.601852 100.268066 5.999305               1852 
85.999130 85.130051 -101.676865 136.225067 104.831245 -35.540260 96.517517 69.178444 -56.068558 153.642151 99.954681 6.157991               1862 
86.131233 85.150002 -101.583191 136.352570 104.748528 -35.481083 97.354378 68.387115 -56.130081 153.616364 99.753822 6.266905               1870 
86.319496 85.288208 -101.664490 136.378922 104.455750 -35.405918 97.197433 68.329147 -56.422516 153.276764 99.141396 6.452178               1880 
86.458618 85.284935 -101.570724 136.530991 104.278297 -35.314713 97.067123 68.311615 -56.374607 153.190277 98.885864 6.628935               1888 
86.822113 84.861961 -101.341660 142.397598 106.911903 -40.657257 98.252846 72.862106 -54.726391 160.819244 105.345802 0.864670               1898 
86.751701 85.260086 -100.815887 144.937683 107.245598 -42.615952 98.846153 74.674507 -54.021397 164.343674 106.591774 -1.520206               1907 
85.879532 85.318710 -100.822372 147.218048 106.816406 -45.777077 100.373596 74.449211 -54.802013 168.735611 105.912872 -5.751367               1915 
83.449539 82.883057 -103.032158 142.166565 102.412041 -44.601334 94.997307 71.360336 -56.580311 161.235443 100.620598 -3.381822               1925 
83.637375 82.420601 -104.980186 140.493805 101.255249 -44.610069 94.149399 69.754463 -58.814373 158.412582 98.496429 -2.930503               1934 
81.522804 81.653999 -106.827797 135.300659 97.366913 -42.976627 88.774895 67.613762 -60.671303 150.570007 92.958244 -0.393877               1943 
81.973831 82.110542 -106.293457 136.404053 97.737320 -43.085701 89.733910 67.735382 -60.553226 152.106537 92.965149 -0.700113               1952 
84.967163 84.184959 -106.994446 138.112701 99.061180 -42.595905 92.599510 68.267876 -62.041008 153.271103 93.000633 -0.176898               1961 
89.211861 87.028763 -110.763039 133.433014 95.034164 -38.939583 93.024536 64.925880 -68.502563 143.957458 83.171631 3.656144               1970 
90.390175 89.819717 -112.019485 130.392868 93.019341 -37.473049 93.014732 64.239326 -72.079910 139.011475 77.576553 4.397223               1979 
91.254807 92.149078 -115.469139 128.989136 95.483627 -39.847023 93.332397 66.529831 -76.125557 136.373398 79.634270 2.107125               1988 
92.601097 96.394768 -118.952293 128.394135 99.567085 -42.644318 94.988297 70.634064 -81.030106 134.920853 82.603951 -0.984581               1997 
94.411804 106.016602 -121.129120 128.180725 93.572075 -45.276588 99.507019 72.909256 -91.941597 135.662018 66.565826 -9.491505               2006 
93.587067 113.738815 -120.997589 119.304749 92.753639 -44.313828 92.272217 79.694923 -94.567940 120.105957 62.418259 -10.475938               2015 
99.618080 116.989548 -128.370728 112.576508 92.292137 -49.791466 96.147491 81.728943 -104.731651 108.737595 59.684666 -18.360664               2024 
104.576347 119.070580 -133.844574 110.842270 90.639442 -55.747177 101.726250 82.320122 -112.537476 105.925468 55.983562 -26.752785               2033 
106.743759 124.390762 -135.236420 110.141922 90.355316 -58.960449 104.218704 85.456642 -116.433807 104.441277 53.856781 -32.479523               2042 
108.053329 129.360092 -135.120529 109.867172 90.239388 -60.881256 106.328781 88.297539 -118.635994 103.983757 52.256065 -36.621567               2051 
107.976250 131.488480 -134.804367 109.663902 90.536644 -61.259617 106.901787 89.340775 -119.008881 103.832451 52.168739 -37.599998               2060 
105.983337 137.579407 -130.044739 114.860474 90.930725 -60.186520 108.626137 93.017029 -116.904251 111.033821 51.058506 -38.705296               2069 
105.465454 142.236664 -125.495445 115.413139 96.018402 -55.198555 109.863083 96.108734 -111.198296 110.697884 56.792812 -32.726368               2078 
105.832352 147.552399 -121.822060 115.451904 99.454536 -52.443394 110.497070 99.584114 -108.009857 109.257004 60.266560 -30.266712               2088 
104.324844 151.134216 -117.657990 116.384354 104.846046 -47.194767 109.954506 102.708008 -102.424690 110.501350 66.562263 -23.411947               2096 
102.393883 155.721771 -114.412971 113.871796 107.933121 -44.669769 107.779907 106.330185 -99.876862 107.211639 69.491638 -21.350798               2105 
100.832611 159.024033 -112.140739 113.963142 114.794334 -40.247566 105.622223 109.792595 -94.869080 106.890068 78.144409 -14.312362               2114 
96.149567 160.460220 -107.368263 118.463547 120.574272 -35.032913 105.321098 112.008255 -88.248238 115.680954 85.181892 -6.651294               2124 
93.170425 164.186111 -95.585442 119.279633 121.406395 -27.711559 79.703758 120.227959 -69.604317 120.176140 89.911865 5.047728               2132 
89.730385 168.185318 -88.787338 124.607040 126.800957 -23.380453 70.308868 128.526108 -52.467487 131.725906 99.364845 12.150677               2142 
85.307472 170.377213 -83.587357 126.906982 131.252823 -20.144558 67.323433 133.529663 -41.205425 138.435760 106.023499 15.861667               2151 
81.398598 172.955353 -78.066963 127.331642 134.693100 -16.711956 65.504669 137.085083 -32.705097 141.730103 110.438164 18.928785               2160 
79.267235 176.088181 -72.176338 125.995270 135.210434 -12.940777 63.613007 139.582275 -26.900694 141.029694 109.807793 21.621510               2169 
76.356316 179.148636 -67.526581 124.574799 137.807663 -9.709852 61.893780 143.138565 -21.575508 140.561142 112.308456 24.350494               2178 
72.686180 181.272919 -62.831974 122.795250 140.076279 -6.445667 59.812229 144.936356 -16.600590 140.004593 114.591568 27.024443               2187 
69.235275 183.986740 -58.351452 120.822258 142.581772 -3.440126 57.752678 148.299927 -11.523515 138.939819 117.081322 29.535040               2196 
65.682678 186.363937 -53.503761 119.116852 144.897522 -0.428526 56.034557 151.286072 -6.174248 138.361954 119.384193 31.891380               2205 
62.344189 188.494781 -48.376945 118.096046 147.433395 2.563225 55.018188 154.295731 -0.342907 138.752441 122.101982 34.146656               2214 
59.759071 190.518463 -43.465576 116.148422 148.802170 6.098014 53.299831 156.749405 4.379513 137.053833 122.819611 36.980858               2223 
56.632637 191.530136 -39.064499 113.962944 150.494186 9.663774 51.412571 159.618530 8.910681 134.986969 124.152077 40.159081               2232 
53.472710 192.944550 -34.443233 111.760399 152.271317 13.164456 49.569759 162.646225 13.368676 132.832840 125.357903 43.122768               2241 
50.437469 194.049667 -29.834225 110.049210 153.620804 16.115408 48.152740 164.726685 17.654428 131.511795 126.169220 45.298412               2250 
46.752155 194.619278 -24.785809 108.240120 154.936096 18.919992 46.640667 166.459900 22.215635 130.394669 126.978622 47.087967               2259 
43.204330 194.975418 -20.108067 106.245911 156.152344 21.743418 44.977684 168.233307 26.647041 128.966370 127.922440 49.179401               2268 
31.594177 195.415802 -4.179126 97.587631 159.432785 34.180500 37.161900 172.924271 42.179901 121.346039 131.053146 60.562561               2295 
28.761623 194.527313 -0.820663 95.602066 159.823715 36.656517 35.484047 173.871231 45.405655 119.610001 131.556961 62.933670               2304 
26.119181 193.496216 3.703702 93.353218 158.675323 39.081535 34.051727 174.693832 49.030109 116.954460 129.359375 64.565598               2313 
22.933386 192.346878 8.130713 91.257156 158.750488 41.225998 32.506973 175.475510 52.536057 115.065117 128.848877 65.821808               2322 
20.032009 191.196564 13.078108 89.377106 158.377136 43.561001 31.223843 175.572617 56.558479 113.483582 127.726181 66.912155               2331 
16.883888 190.096771 17.415388 87.679222 159.527847 45.711575 29.719597 175.891464 60.167885 112.681206 128.812225 68.012497               2340 
12.907234 188.754135 21.751755 85.111397 161.098297 47.875412 27.371792 176.555130 63.828247 111.090012 130.494232 69.191673               2349 
11.531576 189.109940 25.808004 82.067314 158.223633 51.448231 25.517199 177.313873 67.545677 105.928070 125.634102 72.292099               2359 
10.489916 189.275635 29.685375 79.793137 156.028229 54.248703 24.513781 177.933365 71.018753 101.992577 121.848213 74.368134               2368 
8.202349 188.067307 32.831532 77.990540 156.334198 55.958767 23.265001 178.750961 73.872429 100.219055 121.820274 75.466759               2377 
4.628180 186.202469 35.142803 75.676109 158.934845 58.337414 20.677101 180.732010 76.497360 98.955544 125.521187 78.523422               2385 
1.503237 183.957993 37.580276 73.314964 160.023605 60.427399 18.266718 181.581055 79.267815 97.287819 127.234978 80.825623               2395 
-0.565524 183.182968 39.910210 71.284500 160.026367 62.258320 16.817820 182.847382 81.946053 95.041252 127.138519 82.749435               2404 
-2.988869 182.056839 42.407276 69.230263 160.381943 64.135086 15.121427 183.835846 85.061302 93.217239 127.650253 84.608025               2413 
-5.350066 181.824905 44.792439 66.906525 160.359314 65.762802 13.544732 185.126633 88.269089 90.628197 127.270599 85.969223               2422 
-7.669461 179.963181 46.443302 64.959496 160.057205 66.598488 11.828327 184.969055 90.435371 88.997383 127.030556 86.530876               2431 
-9.085221 179.624771 48.988182 63.345695 158.384720 67.479446 11.395807 184.524033 93.283485 86.727287 124.270233 86.331047               2440 
-9.681708 177.676041 51.388977 62.432281 155.036987 69.028076 11.004750 181.327408 95.983383 85.181259 119.871788 86.685181               2449 
-10.592981 177.029221 53.439884 61.792320 154.891388 70.285187 10.616282 181.163147 97.891380 84.740448 119.729897 87.690155               2458 
-12.298216 175.171097 54.912769 60.727486 155.159653 71.417534 8.999557 180.162781 99.210991 84.566437 120.546715 88.724426               2467 
-14.076991 173.257126 56.504349 59.711166 156.381760 73.036407 7.213274 180.127106 100.568253 84.792847 122.970085 90.937492               2476 
-14.915371 172.500168 58.590317 59.224144 156.323349 74.002304 7.048234 180.059830 102.237030 84.675125 123.089470 91.712082               2485 
-17.037445 172.025452 59.977402 57.440521 156.893112 74.822098 5.056374 179.948868 103.373825 83.435310 124.030357 92.434296               2494 
-19.125961 171.484222 61.647011 55.716141 157.789581 76.109497 2.785820 179.839371 104.564941 82.372696 125.544212 93.873039               2503 
-20.386801 170.835999 63.658585 54.883888 157.978149 76.826225 2.067107 179.734558 105.855476 82.143250 126.221809 94.555901               2512 
-21.826031 168.889603 64.431770 53.750221 157.518570 77.248749 0.611779 178.582458 106.330254 81.608543 126.387466 95.155388               2521 
-22.873350 168.180588 65.508041 52.825096 157.041061 77.822998 -0.186727 178.143036 107.191772 80.768539 125.930168 95.631874               2530 
-24.468315 167.989029 67.154739 51.371647 156.654999 78.507988 -1.302119 177.721786 108.604202 79.414078 125.371864 95.853523               2539 
-26.037300 167.038773 67.971901 49.923744 156.010635 78.931992 -2.775565 176.811447 109.275208 78.115837 124.782532 96.133461               2548 
-27.200876 164.887070 69.866920 49.131397 154.853333 79.230171 -3.490266 174.797104 110.218506 77.999130 124.024811 96.027077               2557 
-28.121634 163.255814 71.492683 48.469173 154.001236 79.685577 -4.374737 172.831848 110.694695 77.811638 123.458931 96.180054               2567 
-29.062225 162.234726 73.005035 47.650894 152.774002 79.892838 -5.006578 171.297913 111.313858 77.069481 122.064926 95.935898               2576 
-29.623598 161.521225 73.935806 47.176979 151.975845 80.014610 -5.409122 170.215424 111.679276 76.660271 121.180168 95.770279               2585 
-30.085922 160.918686 74.715240 46.796413 151.422440 80.177574 -5.942099 169.060837 111.755348 76.377419 120.615112 95.725967               2593 
-30.849092 159.660278 75.698318 46.149914 150.250397 79.903488 -6.552422 167.057053 111.742599 75.989265 119.439400 94.942627               2603 
-31.599163 158.765503 76.343636 45.457794 149.318726 79.772575 -7.537357 164.969025 111.204826 75.409668 118.427299 94.417885               2611 
-32.460709 157.235580 77.043541 44.737213 148.275162 79.675041 -8.592490 162.546951 110.702911 75.022011 117.560837 94.004776               2621 
-34.061657 154.490860 76.311966 43.303665 147.034805 79.346634 -11.063868 158.668884 108.823639 74.063568 116.727669 93.530632               2630 
-35.103661 152.024658 75.792122 42.405354 146.255371 79.287453 -12.944030 154.940430 106.831924 73.709587 116.466896 93.378983               2639 
-35.824203 150.874847 75.662743 41.766880 146.320786 79.469902 -14.292972 152.211609 104.438599 73.465919 116.994583 93.648232               2648 
-36.487274 150.172867 76.079933 41.190315 146.840256 79.738052 -15.074861 148.831467 100.665260 73.361130 118.074776 94.002197               2657 
-36.688732 149.775894 76.502266 41.030048 146.806564 79.798882 -15.214678 146.784775 98.505104 73.373177 118.283928 94.160690               2666 
-36.870502 149.715637 77.047325 40.868519 146.757919 79.880325 -15.347914 146.052673 97.825920 73.234879 118.282379 94.283188               2675 
-36.846992 149.499527 77.795891 40.875408 146.333939 79.896408 -15.245207 145.910385 97.981773 73.159813 117.808083 94.383377               2684 
-36.876854 149.393600 78.444016 40.831509 146.178894 79.994286 -15.215468 145.823502 98.138802 73.080963 117.622284 94.498497               2693 
-36.801399 148.755646 78.989807 40.828812 145.903885 80.004326 -15.163813 145.654465 98.257256 73.089607 117.457756 94.699173               2702 
-36.768509 147.502487 79.555206 40.779942 144.854218 79.696770 -15.063625 144.611633 98.143990 73.075951 116.458275 94.411324               2711 
-36.503231 147.180313 80.227791 40.934647 144.313293 79.525009 -14.762426 144.438324 98.247620 73.110458 115.764938 94.207924               2720 
-36.319298 146.793076 80.538422 41.004768 143.782043 79.397797 -14.638513 143.990479 98.005478 73.022499 115.041954 94.052223               2729 
-36.090927 146.339508 80.852623 41.073532 143.089340 79.119888 -14.491674 143.541016 97.675552 72.886223 114.118355 93.766205               2738 
-36.010403 146.287155 81.045464 41.023857 142.946136 79.013763 -14.530866 143.548553 97.430962 72.673134 113.830078 93.726288               2747 
-35.871319 146.056961 81.216904 40.994560 142.727966 78.880188 -14.544112 143.244690 96.940086 72.480362 113.450813 93.623764               2756 
-35.467815 145.132782 81.418228 40.957996 142.144485 78.485077 -14.550789 143.065338 96.395454 72.147926 112.613625 93.351028               2766 
-35.035801 144.808823 81.787781 41.004311 141.624680 78.222237 -14.432002 143.440277 96.295944 71.788132 111.697670 93.142365               2775 
-34.809772 145.118439 81.807129 41.027943 141.137955 77.758446 -14.307930 143.946884 96.077927 71.382210 110.829918 92.789131               2784 
-34.900230 145.257919 81.681564 40.792767 140.828568 77.436531 -14.526317 144.231995 95.867386 70.834656 110.249710 92.546082               2792 
-35.125450 144.700882 81.482826 40.438992 140.371292 76.964729 -14.859318 143.911621 95.471626 70.385788 109.679489 92.033989               2801 
-35.453846 144.890900 81.585747 40.012527 140.186584 76.575241 -15.189470 144.061981 95.350250 69.825302 109.338493 91.591019               2810 
-35.621418 144.729034 81.780205 39.767727 139.963516 76.195534 -15.332736 143.864471 95.267700 69.617271 109.122116 91.151878               2819 
-35.752632 144.569824 81.908951 39.576893 139.797470 75.925804 -15.471643 143.565643 95.132133 69.454453 108.962883 90.840202               2829 
-35.711624 143.967667 81.969337 39.412148 139.630676 75.692619 -15.667068 143.216827 94.802925 69.243523 108.752068 90.608414               2838 
-35.455952 143.728699 82.138260 39.462318 139.398499 75.534233 -15.611996 143.157333 94.644791 69.120773 108.373322 90.490654               2847 
-35.452080 143.354507 82.049255 39.368435 139.301025 75.355713 -15.751634 142.856735 94.292786 69.015511 108.336533 90.459709               2855 
-35.179279 142.675400 82.075294 39.356274 139.219208 75.122055 -15.771696 142.465164 93.775558 68.967529 108.287247 90.362373               2865 
-34.969559 142.117401 82.140846 39.339172 139.141052 74.972549 -15.795070 142.057709 93.373650 68.920029 108.216408 90.286545               2874 
-34.787983 142.050507 82.219994 39.365139 139.171082 74.877304 -15.761227 142.016891 93.152229 68.849304 108.176125 90.235580               2883 
-34.636982 141.996674 82.259384 39.413620 139.134201 74.820808 -15.716685 141.972290 93.019714 68.806679 108.061989 90.197601               2892 
-34.459843 141.948181 82.285332 39.499287 139.097824 74.752235 -15.580387 141.627792 92.667358 68.811935 107.956688 90.143074               2901 
-34.184784 141.944504 82.342140 39.637207 139.081116 74.672470 -15.363359 141.398087 92.308952 68.823479 107.826920 90.074303               2910 
-33.800163 141.891724 82.491928 39.884422 138.959244 74.630196 -14.954442 140.738831 91.742195 68.932655 107.543839 89.964874               2919 
-33.376358 142.203400 82.693588 40.180759 138.954208 74.570648 -14.549263 140.719711 91.544411 69.037819 107.329628 89.836174               2928 
-33.020344 142.509399 82.849785 40.443081 139.058319 74.525589 -14.102227 140.533493 91.180061 69.168381 107.289566 89.740143               2937 
-32.688217 142.917831 82.977760 40.724705 139.215134 74.540627 -13.450565 139.714111 90.272858 69.319611 107.293976 89.681656               2946 
