-37.648209 167.759644 86.265030 27.301935 109.272110 72.356468 -24.065773 131.760147 96.026558 33.032425 59.920071 56.458721                  0 
-37.796326 167.654358 86.184120 27.331459 109.412613 72.313705 -24.123703 131.770325 95.910645 33.209408 60.069332 56.442616                 18 
-37.920300 167.539063 86.104195 27.351976 109.510254 72.283989 -24.165617 131.778793 95.834366 33.332386 60.173367 56.431316                 36 
-36.664314 167.638504 85.019287 26.702883 107.303764 72.545753 -24.442652 131.501572 94.989616 31.175364 57.754799 56.858253                 54 
-34.957497 167.510941 84.396393 27.218313 106.034103 72.074318 -23.293413 131.415741 94.665527 30.637337 56.251957 56.867435                 72 
-34.877209 167.030869 84.025574 27.571653 105.814140 72.238335 -23.230694 131.054337 94.366730 31.243258 56.071278 56.961960                 90 
-34.956291 166.846802 83.875603 27.655676 105.793159 72.341263 -23.281775 130.965012 94.289604 31.465279 56.045525 57.114288                108 
-35.089123 166.690399 83.830894 27.595577 105.756958 72.296448 -23.388248 130.879333 94.244118 31.450594 56.024746 57.030571                126 
-35.181793 166.600616 83.732872 27.538418 105.720146 72.255737 -23.477652 130.847061 94.191872 31.410461 55.988136 56.993523                144 
-36.707809 165.744568 83.349472 27.990269 106.976486 71.967873 -23.858423 130.443451 93.875008 33.493591 57.391811 56.727329                162 
-36.687351 165.677750 83.051704 27.842903 106.743172 71.678818 -23.871576 130.438370 93.739578 33.165211 57.071991 56.657234                180 
-35.608902 165.733231 83.278061 27.658899 105.569893 71.290565 -23.638153 130.085052 93.625450 31.945129 56.014954 55.569969                198 
-36.172981 165.756729 82.903603 27.622662 106.031487 71.567772 -24.019482 130.248871 93.570976 32.380726 56.458721 56.040279                216 
-36.825954 165.721527 82.464027 27.650761 106.612991 71.814186 -24.363720 130.417664 93.546173 33.002472 57.012745 56.570316                234 
-37.857494 165.515640 82.502327 27.547169 107.489281 71.605507 -24.738461 130.446472 93.690437 33.648499 57.967819 56.387123                252 
-38.312485 165.328323 82.478287 27.410841 107.701202 71.384628 -24.906275 130.365005 93.748047 33.754623 58.187996 56.238689                271 
-37.021080 165.284653 81.756340 26.313723 105.035408 70.637535 -25.142050 129.717957 92.894554 30.684237 55.388599 55.233170                289 
-36.564426 165.388275 81.958717 26.527412 104.876495 70.843140 -24.780396 129.812378 93.196190 30.681635 55.163929 55.591778                307 
-37.966969 165.286331 81.303337 26.804222 106.374260 71.306747 -25.262146 130.214417 93.100075 32.381405 56.579590 56.795139                325 
-39.282238 165.724060 80.803314 26.310467 107.597603 71.595718 -26.192154 130.934433 92.882805 32.613880 57.760479 57.534115                343 
-39.192783 165.784378 80.893982 26.282728 107.535530 71.608391 -26.179653 130.997299 92.863983 32.473896 57.676319 57.575230                361 
-38.438374 165.894775 80.894402 26.314051 106.822250 71.750656 -25.917706 130.967773 92.853813 31.902477 56.890358 57.722950                379 
-38.682716 165.736008 81.357529 26.495699 107.184464 71.892784 -25.924778 130.833435 93.110207 32.448948 57.382221 57.557629                397 
-38.801537 165.667007 81.470192 26.518860 107.305397 71.790207 -25.945421 130.769272 93.118675 32.586346 57.557060 57.316444                415 
-38.516335 165.624512 81.759666 26.510357 107.002823 71.657173 -25.754000 130.655640 93.293999 32.297504 57.258148 57.056595                433 
-38.302658 165.618179 81.909966 26.541100 106.839607 71.511894 -25.591843 130.621323 93.432060 32.149635 57.095867 56.838593                451 
-38.097427 165.633347 82.014633 26.573833 106.703445 71.321625 -25.441164 130.579742 93.458916 32.019497 56.975334 56.534439                469 
-37.955894 165.638962 82.080795 26.634001 106.627769 71.222626 -25.308603 130.548538 93.519783 32.002129 56.902195 56.398609                487 
-37.937874 165.519241 82.139961 26.744463 106.626930 71.049080 -25.205338 130.408783 93.543961 32.184219 56.934906 56.138927                506 
-37.847305 165.561752 82.148384 26.749157 106.564636 71.008102 -25.146341 130.432129 93.616028 32.108166 56.853416 56.132740                524 
-37.897278 165.564880 82.139236 26.737764 106.566330 70.988632 -25.174109 130.401047 93.622604 32.134712 56.854404 56.129364                542 
-37.898544 165.386337 82.326439 26.684937 106.362732 70.734596 -25.160141 130.116226 93.638214 32.031368 56.710461 55.659164                560 
-37.564270 165.430038 82.269554 26.524063 105.740852 71.117760 -25.279060 129.966095 93.625122 31.514687 56.060287 56.013584                578 
-37.390892 165.480225 82.281273 26.573114 105.619156 71.121193 -25.197798 129.931808 93.619614 31.477699 55.939388 55.986244                596 
-37.313374 165.588165 82.291840 26.627758 105.617348 71.264725 -25.187174 129.954910 93.644836 31.548521 55.934372 56.145569                614 
-37.036255 165.811844 82.256981 26.510010 105.347549 71.365219 -25.188175 130.035385 93.622421 31.137669 55.625671 56.281422                632 
-36.884460 165.863159 82.394455 26.535192 105.240829 71.287132 -25.084763 129.963104 93.680908 31.081543 55.523613 56.163303                650 
-37.034569 165.862747 82.436279 26.606188 105.413483 71.202629 -25.082096 129.903549 93.691551 31.362360 55.704681 56.115715                668 
-37.353413 165.752899 82.589012 26.673233 105.709465 71.005028 -25.115671 129.763199 93.726135 31.757629 56.061893 55.823841                686 
-37.453773 165.822540 82.717125 26.607985 105.774826 70.916344 -25.171015 129.718079 93.768349 31.747501 56.148041 55.685841                704 
-37.275112 165.989838 82.750710 26.483027 105.572311 70.765266 -25.118608 129.733124 93.784256 31.390186 55.902809 55.597496                722 
-37.243530 166.095886 82.828583 26.483301 105.585297 70.743965 -25.105427 129.717728 93.810532 31.395384 55.925865 55.544846                741 
-37.664021 166.296387 82.904053 26.492804 106.139313 70.962929 -25.297304 129.913925 93.919281 31.794510 56.497326 55.837921                759 
-38.463985 166.523361 83.025894 26.449169 107.101372 71.254906 -25.651081 130.251007 94.086212 32.400280 57.505810 56.219437                777 
-37.913620 166.791275 83.000977 26.085108 106.455353 70.842628 -25.650023 130.248596 93.806572 31.276417 56.879253 55.465321                795 
-35.958122 166.859024 83.473473 26.361298 104.843071 71.022011 -24.985620 129.737015 93.691132 30.286623 55.458183 54.684147                813 
-35.055302 166.681458 83.846893 26.662918 104.156212 70.938545 -24.542582 129.312820 93.654846 30.148827 54.943222 53.993591                831 
-37.123524 167.215805 83.479012 27.026400 107.110062 70.927162 -24.668879 130.711441 94.232925 32.305912 57.551224 55.524269                849 
-37.149368 167.101974 83.654770 27.051771 107.183418 70.463669 -24.335140 130.752899 94.563957 32.283016 57.501400 55.445942                867 
-37.299728 166.807938 83.579041 27.376196 107.418587 70.269798 -24.090345 130.625519 94.734406 32.971458 57.686600 55.551666                885 
-37.463394 166.717178 83.493370 27.471180 107.544304 70.083649 -24.159962 130.483368 94.877441 33.306847 57.802010 55.494274                903 
-37.358242 167.131393 83.607979 27.786144 107.946602 70.005096 -23.857719 130.616852 95.485313 33.930241 58.098480 55.911980                921 
-39.016571 168.168762 83.000648 28.294846 110.958809 69.921143 -23.989332 132.004959 95.807205 36.486774 61.034592 57.206367                939 
-40.201508 169.995926 81.428886 28.770363 114.028229 70.338570 -23.646446 134.890289 97.485123 38.593796 63.730587 60.599541                957 
-40.368668 170.966797 80.886444 29.206894 115.257309 70.284760 -22.956785 136.101852 98.993713 39.798088 64.892220 61.776802                976 
-39.610012 172.054565 80.816597 29.228397 115.141136 69.680992 -22.046373 136.726318 100.586975 39.399689 64.662743 61.333710                994 
-37.351292 174.426300 80.622810 29.878996 115.126678 69.111603 -20.443428 137.987900 101.634079 38.988529 64.440903 60.794781               1012 
-35.760693 177.343582 78.729561 30.974516 116.687859 68.366081 -18.847698 140.514923 101.864113 40.024792 65.822731 61.152740               1030 
-33.992897 180.002625 76.174736 31.885843 117.676643 67.663475 -17.763880 142.844467 101.121124 40.482239 66.589874 61.544262               1048 
-33.113575 183.330002 72.341019 33.727131 121.264824 66.429878 -16.740191 146.512115 99.212715 43.385323 70.207069 61.844448               1066 
-32.308338 186.960632 67.494560 35.058331 124.930542 64.564316 -16.368359 150.409332 96.207390 45.313999 73.897629 61.149090               1084 
-30.982985 187.372375 62.973633 36.958054 125.563065 62.356808 -14.978732 151.404083 93.506752 47.869270 74.591019 60.357590               1102 
-29.954741 190.472763 56.670208 36.847340 127.365059 58.991997 -15.410645 154.700668 88.730370 46.915985 76.190521 57.996956               1120 
-29.770006 193.061905 49.114635 36.383114 129.522690 55.792610 -16.895849 157.907471 82.717773 46.095448 78.272034 56.284481               1138 
-32.680721 195.867981 39.356651 35.535755 135.181152 50.850445 -20.324368 161.759750 74.160179 47.216141 84.372711 52.659500               1156 
-33.899376 197.094864 29.178427 34.804707 138.165512 45.892372 -22.912325 164.023926 65.182518 47.268486 87.619492 49.202267               1174 
-35.611385 197.590439 19.111872 34.000137 141.720093 40.908325 -25.459208 166.367737 56.173046 47.467178 91.548897 45.671906               1192 
-36.212811 199.394684 7.736355 32.701099 145.346344 34.802177 -27.746023 170.073639 45.665966 45.914219 95.294395 41.237755               1211 
-35.676750 201.055740 -2.221639 32.242233 148.097382 29.077198 -28.905169 172.723633 35.897655 45.154720 98.178146 36.985317               1229 
-35.399170 202.232681 -13.400549 31.607908 151.585114 23.318054 -30.536303 175.021011 24.892897 44.761963 102.202332 33.782864               1247 
-36.164684 202.975586 -24.853390 30.479498 154.712769 15.787235 -32.433338 176.208847 12.855929 44.102188 105.960953 28.392118               1265 
-36.760647 203.207520 -35.572643 29.468054 157.329926 8.908499 -34.383286 176.302246 1.636774 43.781448 109.310928 23.417223               1283 
-37.602318 202.710968 -46.385483 29.013428 161.018219 2.335094 -36.017338 175.416779 -9.331411 45.168331 114.366295 19.181973               1301 
-37.713070 203.069687 -57.630859 28.304766 163.835220 -5.049122 -37.579334 174.134674 -20.790161 45.240891 118.427750 14.251903               1319 
-37.544762 204.228973 -69.001884 27.710838 166.863541 -12.746796 -38.568806 173.100952 -32.063625 45.257706 122.922569 9.219068               1337 
-38.241161 203.057129 -80.993568 27.056587 169.933960 -20.839426 -40.437695 169.491837 -42.669762 46.004925 128.461411 4.502045               1355 
-38.920795 199.567764 -91.019516 27.418465 172.722702 -27.924568 -40.843990 164.977829 -50.553699 48.326481 134.424683 0.664196               1373 
-39.579529 194.870270 -99.684219 26.786184 173.286667 -33.930420 -41.881966 160.194321 -56.971031 48.721634 137.798920 -2.614969               1391 
-39.836319 190.041321 -108.170998 26.058914 173.834198 -39.987530 -42.188812 155.805832 -63.619076 48.796944 141.011978 -6.418436               1409 
-39.598415 185.410995 -113.354446 26.577635 174.097290 -44.101559 -41.794765 152.425385 -66.569946 50.017349 143.902756 -8.604078               1427 
-39.079819 182.450485 -116.253433 27.363220 173.525894 -46.522118 -41.379486 150.108337 -67.804466 51.045914 145.011093 -9.817391               1446 
-40.493378 175.566132 -121.346054 27.218647 174.105942 -51.865715 -41.708702 147.027847 -69.315002 52.037781 150.052902 -12.793174               1464 
-40.725586 174.593552 -124.908104 26.972101 174.780685 -55.114712 -41.971172 146.280731 -71.798515 52.045845 151.972412 -15.462590               1482 
-42.745464 161.030670 -129.092072 25.227249 175.369019 -60.719681 -40.274754 137.388107 -72.670219 53.143787 160.036484 -19.406471               1500 
-42.955570 159.579880 -131.420197 25.433002 176.280289 -63.558361 -40.351646 137.654465 -72.921196 53.412060 163.481995 -21.432634               1518 
-44.126915 153.208511 -133.247314 24.419701 176.635742 -67.105751 -39.687202 134.257797 -72.213379 53.432468 168.721237 -24.481567               1536 
-46.387733 145.207703 -134.262589 23.075647 177.611176 -72.692871 -39.505859 132.660004 -71.170525 53.212231 175.907547 -30.147779               1554 
-47.589329 140.188660 -135.387100 21.588036 178.057053 -76.486732 -39.027882 130.737152 -71.681396 52.260120 179.972275 -34.335144               1572 
-48.464096 140.264984 -136.854523 20.827410 178.364120 -78.210281 -39.054214 130.232269 -73.539192 51.691612 180.401047 -36.204895               1590 
-48.021145 133.600540 -137.247330 19.706753 177.905441 -81.083504 -38.696724 128.995331 -73.627266 49.631039 184.484848 -38.864441               1608 
-48.676376 127.226723 -136.765259 18.449213 177.368195 -84.840645 -38.985909 129.670578 -73.930710 47.142395 189.262329 -42.930840               1626 
-47.909607 127.202789 -138.813202 18.426081 177.715851 -86.220459 -37.445271 129.492111 -77.053703 46.121178 190.249603 -43.828384               1644 
-47.324276 125.723846 -140.063644 17.926565 177.575623 -87.397461 -37.575932 129.791412 -78.858475 44.296131 191.606323 -44.630806               1662 
-47.759876 126.727814 -144.121033 19.372850 174.169846 -89.670914 -40.195679 132.328949 -83.156799 44.352535 187.767975 -45.940979               1681 
-52.711857 115.257416 -143.716232 14.269135 169.066910 -95.313095 -43.316200 126.598656 -84.338684 39.514999 187.549438 -53.572903               1699 
-52.550240 109.718002 -145.985809 11.571595 167.715729 -98.563126 -43.927319 123.205528 -87.340721 35.500000 188.560272 -57.160980               1717 
-50.014671 111.116478 -148.116776 12.376302 169.531738 -98.986092 -43.559959 125.467720 -89.761711 34.697865 190.859283 -56.937492               1735 
-49.673820 114.357872 -151.687592 12.171412 171.673416 -100.656761 -43.406311 127.205841 -93.336700 34.151680 191.940140 -57.909492               1753 
-47.042519 111.932167 -153.419601 12.028950 172.003784 -102.309219 -41.702644 125.605705 -95.566994 32.791821 193.435425 -59.521500               1771 
-48.773270 113.429581 -153.892014 11.131285 174.016144 -104.545967 -39.657394 128.306122 -100.472214 33.079044 195.319229 -62.288712               1789 
-51.979572 113.577545 -151.717529 9.867683 174.821411 -105.801651 -38.532013 129.255402 -101.976883 34.315998 195.898621 -64.823212               1807 
-52.959976 112.865402 -150.509491 9.935705 174.826996 -107.249397 -38.240723 130.336761 -103.260986 35.350132 196.437134 -67.145668               1825 
-54.934277 115.742325 -152.840805 10.679223 174.931534 -110.069290 -38.935402 132.755081 -107.019958 37.414165 194.939850 -69.992973               1843 
-51.374733 99.657814 -155.702591 8.149998 169.282593 -120.686050 -38.049137 124.342163 -113.492668 32.206993 196.494476 -83.243103               1861 
-49.021000 96.524406 -158.342285 8.282266 168.200897 -123.821602 -36.398087 122.135742 -116.896370 31.381105 196.442017 -86.537773               1879 
-49.819733 90.638206 -154.786041 8.051579 164.084320 -125.532730 -35.671074 117.958565 -115.550377 32.423405 193.781952 -90.244415               1898 
-44.794228 83.981377 -155.688187 8.181093 161.008652 -126.568207 -31.355291 111.419647 -116.763008 31.487541 191.542496 -91.273804               1916 
-54.203156 99.466255 -181.557602 3.583635 165.178055 -137.724106 -38.018368 116.456345 -138.389191 29.906612 185.243774 -97.404518               1934 
-55.226196 79.272285 -151.424469 2.451277 157.332565 -138.845673 -36.384613 110.595421 -118.750252 31.037962 190.690842 -110.716904               1952 
-59.209240 79.193260 -144.343460 1.999365 155.390610 -139.286804 -38.058636 111.997414 -114.776237 32.782143 189.474396 -114.549843               1970 
-61.459194 80.484322 -146.439545 1.868683 154.792572 -139.675949 -38.645260 111.434967 -116.301872 34.026344 187.060211 -114.261658               1988 
-62.069870 80.705925 -147.158524 1.910153 154.415497 -139.965088 -38.005520 110.678154 -117.182709 34.585888 186.050812 -114.417023               2006 
-62.276215 80.549149 -145.830200 2.063157 154.059875 -140.144424 -36.144924 109.960144 -117.193710 35.043575 185.888474 -115.235909               2024 
-62.959614 80.995110 -145.012589 1.906956 154.132858 -140.659821 -34.767269 109.742104 -117.523308 35.286877 186.016220 -116.360985               2042 
-50.866795 73.676170 -138.524277 -0.959942 157.773026 -141.664871 -26.583792 108.670151 -114.718193 26.468615 196.962204 -120.854233               2060 
-26.161850 65.453339 -119.123222 2.719049 156.330780 -140.970856 -7.306353 108.095718 -104.332100 22.496370 203.296432 -129.822525               2078 
4.317130 62.851467 -74.364479 1.979185 140.538361 -133.757126 14.668591 110.103889 -82.105179 10.699646 190.456192 -146.141144               2096 
30.214840 80.384354 -52.551975 2.682092 136.293518 -127.945000 27.378244 124.817856 -73.133949 -3.119894 181.608932 -153.125351               2114 
49.564476 87.169487 -46.200535 7.131124 132.033249 -122.058739 38.234268 128.868469 -69.507698 -7.880134 173.795868 -149.476746               2132 
999.000000 999.000000 999.000000 999.000000 999.000000 999.000000 999.000000 999.000000 999.000000 999.000000 999.000000 999.000000             2151.0 
999.000000 999.000000 999.000000 999.000000 999.000000 999.000000 999.000000 999.000000 999.000000 999.000000 999.000000 999.000000             2169.0 
999.000000 999.000000 999.000000 999.000000 999.000000 999.000000 999.000000 999.000000 999.000000 999.000000 999.000000 999.000000             2187.0 
999.000000 999.000000 999.000000 999.000000 999.000000 999.000000 999.000000 999.000000 999.000000 999.000000 999.000000 999.000000             2205.0 
999.000000 999.000000 999.000000 999.000000 999.000000 999.000000 999.000000 999.000000 999.000000 999.000000 999.000000 999.000000             2223.0 
999.000000 999.000000 999.000000 999.000000 999.000000 999.000000 999.000000 999.000000 999.000000 999.000000 999.000000 999.000000             2241.0 
999.000000 999.000000 999.000000 999.000000 999.000000 999.000000 999.000000 999.000000 999.000000 999.000000 999.000000 999.000000             2259.0 
999.000000 999.000000 999.000000 999.000000 999.000000 999.000000 999.000000 999.000000 999.000000 999.000000 999.000000 999.000000             2277.0 
999.000000 999.000000 999.000000 999.000000 999.000000 999.000000 999.000000 999.000000 999.000000 999.000000 999.000000 999.000000             2295.0 
999.000000 999.000000 999.000000 999.000000 999.000000 999.000000 999.000000 999.000000 999.000000 999.000000 999.000000 999.000000             2313.0 
999.000000 999.000000 999.000000 999.000000 999.000000 999.000000 999.000000 999.000000 999.000000 999.000000 999.000000 999.000000             2331.0 
999.000000 999.000000 999.000000 999.000000 999.000000 999.000000 999.000000 999.000000 999.000000 999.000000 999.000000 999.000000             2349.0 
999.000000 999.000000 999.000000 999.000000 999.000000 999.000000 999.000000 999.000000 999.000000 999.000000 999.000000 999.000000             2367.0 
999.000000 999.000000 999.000000 999.000000 999.000000 999.000000 999.000000 999.000000 999.000000 999.000000 999.000000 999.000000             2386.0 
999.000000 999.000000 999.000000 999.000000 999.000000 999.000000 999.000000 999.000000 999.000000 999.000000 999.000000 999.000000             2404.0 
999.000000 999.000000 999.000000 999.000000 999.000000 999.000000 999.000000 999.000000 999.000000 999.000000 999.000000 999.000000             2422.0 
999.000000 999.000000 999.000000 999.000000 999.000000 999.000000 999.000000 999.000000 999.000000 999.000000 999.000000 999.000000             2440.0 
999.000000 999.000000 999.000000 999.000000 999.000000 999.000000 999.000000 999.000000 999.000000 999.000000 999.000000 999.000000             2458.0 
999.000000 999.000000 999.000000 999.000000 999.000000 999.000000 999.000000 999.000000 999.000000 999.000000 999.000000 999.000000             2476.0 
999.000000 999.000000 999.000000 999.000000 999.000000 999.000000 999.000000 999.000000 999.000000 999.000000 999.000000 999.000000             2494.0 
999.000000 999.000000 999.000000 999.000000 999.000000 999.000000 999.000000 999.000000 999.000000 999.000000 999.000000 999.000000             2512.0 
999.000000 999.000000 999.000000 999.000000 999.000000 999.000000 999.000000 999.000000 999.000000 999.000000 999.000000 999.000000             2530.0 
999.000000 999.000000 999.000000 999.000000 999.000000 999.000000 999.000000 999.000000 999.000000 999.000000 999.000000 999.000000             2548.0 
999.000000 999.000000 999.000000 999.000000 999.000000 999.000000 999.000000 999.000000 999.000000 999.000000 999.000000 999.000000             2566.0 
999.000000 999.000000 999.000000 999.000000 999.000000 999.000000 999.000000 999.000000 999.000000 999.000000 999.000000 999.000000             2584.0 
999.000000 999.000000 999.000000 999.000000 999.000000 999.000000 999.000000 999.000000 999.000000 999.000000 999.000000 999.000000             2602.0 
999.000000 999.000000 999.000000 999.000000 999.000000 999.000000 999.000000 999.000000 999.000000 999.000000 999.000000 999.000000             2621.0 
999.000000 999.000000 999.000000 999.000000 999.000000 999.000000 999.000000 999.000000 999.000000 999.000000 999.000000 999.000000             2639.0 
999.000000 999.000000 999.000000 999.000000 999.000000 999.000000 999.000000 999.000000 999.000000 999.000000 999.000000 999.000000             2657.0 
999.000000 999.000000 999.000000 999.000000 999.000000 999.000000 999.000000 999.000000 999.000000 999.000000 999.000000 999.000000             2675.0 
999.000000 999.000000 999.000000 999.000000 999.000000 999.000000 999.000000 999.000000 999.000000 999.000000 999.000000 999.000000             2693.0 
999.000000 999.000000 999.000000 999.000000 999.000000 999.000000 999.000000 999.000000 999.000000 999.000000 999.000000 999.000000             2711.0 
999.000000 999.000000 999.000000 999.000000 999.000000 999.000000 999.000000 999.000000 999.000000 999.000000 999.000000 999.000000             2729.0 
999.000000 999.000000 999.000000 999.000000 999.000000 999.000000 999.000000 999.000000 999.000000 999.000000 999.000000 999.000000             2747.0 
999.000000 999.000000 999.000000 999.000000 999.000000 999.000000 999.000000 999.000000 999.000000 999.000000 999.000000 999.000000             2765.0 
999.000000 999.000000 999.000000 999.000000 999.000000 999.000000 999.000000 999.000000 999.000000 999.000000 999.000000 999.000000             2783.0 
999.000000 999.000000 999.000000 999.000000 999.000000 999.000000 999.000000 999.000000 999.000000 999.000000 999.000000 999.000000             2801.0 
999.000000 999.000000 999.000000 999.000000 999.000000 999.000000 999.000000 999.000000 999.000000 999.000000 999.000000 999.000000             2819.0 
999.000000 999.000000 999.000000 999.000000 999.000000 999.000000 999.000000 999.000000 999.000000 999.000000 999.000000 999.000000             2837.0 
999.000000 999.000000 999.000000 999.000000 999.000000 999.000000 999.000000 999.000000 999.000000 999.000000 999.000000 999.000000             2855.0 
999.000000 999.000000 999.000000 999.000000 999.000000 999.000000 999.000000 999.000000 999.000000 999.000000 999.000000 999.000000             2874.0 
999.000000 999.000000 999.000000 999.000000 999.000000 999.000000 999.000000 999.000000 999.000000 999.000000 999.000000 999.000000             2892.0 
999.000000 999.000000 999.000000 999.000000 999.000000 999.000000 999.000000 999.000000 999.000000 999.000000 999.000000 999.000000             2910.0 
999.000000 999.000000 999.000000 999.000000 999.000000 999.000000 999.000000 999.000000 999.000000 999.000000 999.000000 999.000000             2928.0 
999.000000 999.000000 999.000000 999.000000 999.000000 999.000000 999.000000 999.000000 999.000000 999.000000 999.000000 999.000000             2946.0 
999.000000 999.000000 999.000000 999.000000 999.000000 999.000000 999.000000 999.000000 999.000000 999.000000 999.000000 999.000000             2964.0 
999.000000 999.000000 999.000000 999.000000 999.000000 999.000000 999.000000 999.000000 999.000000 999.000000 999.000000 999.000000             2982.0 
999.000000 999.000000 999.000000 999.000000 999.000000 999.000000 999.000000 999.000000 999.000000 999.000000 999.000000 999.000000             3000.0 
999.000000 999.000000 999.000000 999.000000 999.000000 999.000000 999.000000 999.000000 999.000000 999.000000 999.000000 999.000000             3018.0 
999.000000 999.000000 999.000000 999.000000 999.000000 999.000000 999.000000 999.000000 999.000000 999.000000 999.000000 999.000000             3036.0 
999.000000 999.000000 999.000000 999.000000 999.000000 999.000000 999.000000 999.000000 999.000000 999.000000 999.000000 999.000000             3054.0 
999.000000 999.000000 999.000000 999.000000 999.000000 999.000000 999.000000 999.000000 999.000000 999.000000 999.000000 999.000000             3072.0 
999.000000 999.000000 999.000000 999.000000 999.000000 999.000000 999.000000 999.000000 999.000000 999.000000 999.000000 999.000000             3090.0 
999.000000 999.000000 999.000000 999.000000 999.000000 999.000000 999.000000 999.000000 999.000000 999.000000 999.000000 999.000000             3109.0 
999.000000 999.000000 999.000000 999.000000 999.000000 999.000000 999.000000 999.000000 999.000000 999.000000 999.000000 999.000000             3127.0 
999.000000 999.000000 999.000000 999.000000 999.000000 999.000000 999.000000 999.000000 999.000000 999.000000 999.000000 999.000000             3145.0 
999.000000 999.000000 999.000000 999.000000 999.000000 999.000000 999.000000 999.000000 999.000000 999.000000 999.000000 999.000000             3163.0 
999.000000 999.000000 999.000000 999.000000 999.000000 999.000000 999.000000 999.000000 999.000000 999.000000 999.000000 999.000000             3181.0 
999.000000 999.000000 999.000000 999.000000 999.000000 999.000000 999.000000 999.000000 999.000000 999.000000 999.000000 999.000000             3199.0 
999.000000 999.000000 999.000000 999.000000 999.000000 999.000000 999.000000 999.000000 999.000000 999.000000 999.000000 999.000000             3217.0 
999.000000 999.000000 999.000000 999.000000 999.000000 999.000000 999.000000 999.000000 999.000000 999.000000 999.000000 999.000000             3235.0 
999.000000 999.000000 999.000000 999.000000 999.000000 999.000000 999.000000 999.000000 999.000000 999.000000 999.000000 999.000000             3253.0 
999.000000 999.000000 999.000000 999.000000 999.000000 999.000000 999.000000 999.000000 999.000000 999.000000 999.000000 999.000000             3271.0 
999.000000 999.000000 999.000000 999.000000 999.000000 999.000000 999.000000 999.000000 999.000000 999.000000 999.000000 999.000000             3289.0 
