-5.124593 166.368912 94.843178 25.984114 123.577591 64.804817 -16.417292 152.275116 104.111443 65.866203 95.064041 78.465622                  0 
-7.888649 160.161865 102.348579 29.098553 123.857246 66.225235 -13.544585 144.172760 109.746361 71.223267 96.538292 74.556175                 18 
-5.893516 152.549225 106.396126 30.420923 119.159599 65.683098 -7.821874 139.335220 111.625748 71.559196 89.495056 69.911354                 37 
-3.911602 148.449524 109.882278 31.115120 117.225327 66.286873 -3.596795 137.580704 113.963570 72.066513 87.037003 67.654213                 56 
-4.726727 147.512527 109.606880 31.371939 116.711830 66.454391 -3.908764 137.149643 113.582466 72.622566 86.964752 68.382545                 75 
-4.929704 146.824463 109.453407 32.145596 116.712379 66.530640 -3.900243 136.494766 113.361259 73.901062 87.702156 68.790863                 94 
-5.062887 146.704117 109.274460 32.585560 116.853592 66.472847 -3.868328 136.415451 113.104858 74.701416 88.390610 68.989700                113 
-5.265585 145.953766 109.003487 33.631401 117.320709 66.330795 -3.848870 135.736038 112.653122 76.616493 90.220451 69.173073                131 
-5.480225 145.674667 108.709221 34.205727 117.556610 66.226372 -3.870751 135.493912 112.283356 77.701546 91.319931 69.384155                150 
-5.630390 145.844955 108.743279 34.333260 117.800842 66.207886 -3.959406 135.576523 112.203133 78.016548 91.885857 69.433517                169 
-5.560296 145.879684 108.868690 34.511593 117.855164 66.227165 -3.886069 135.583450 112.177513 78.318863 92.154274 69.484245                188 
-5.543221 145.848618 109.089363 34.571594 117.826973 66.342316 -3.958723 135.654922 112.137070 78.466866 92.299049 69.770332                207 
-5.320466 145.739319 109.459885 34.671295 117.777138 66.435631 -3.842745 135.678680 112.158669 78.596901 92.299545 69.849480                226 
-5.221563 145.659256 109.703918 34.688332 117.711990 66.512535 -3.854896 135.715851 112.099937 78.673576 92.341904 69.959061                245 
-5.273415 145.456177 110.024620 34.368027 117.349747 66.663986 -4.104786 135.744751 112.054596 78.260857 91.833565 70.208710                264 
-5.399173 145.195435 110.260246 34.000233 116.889572 66.826424 -4.444848 135.737442 111.967598 77.828392 91.289322 70.560158                282 
-5.728725 144.876083 110.519958 33.672367 116.572426 67.100075 -4.821565 135.684219 111.980232 77.695213 91.338242 71.030251                301 
-5.964026 144.678558 110.636322 33.450325 116.287590 67.298958 -5.015159 135.774078 111.886879 77.655128 91.402702 71.409760                320 
-6.153615 144.481094 110.578560 33.383141 115.957382 67.445801 -5.150559 135.783264 111.699646 77.790283 91.478516 71.806076                339 
-6.115448 144.871872 111.170570 32.697887 115.731277 67.781197 -5.161408 136.268646 112.199722 76.958420 90.935936 71.833084                358 
-6.360433 145.244736 111.755325 31.853157 115.403366 68.305351 -5.478454 136.816711 112.541779 75.927132 90.264709 72.274483                377 
-6.361724 145.258102 112.370445 31.290045 115.210022 68.696846 -5.785993 137.105209 112.752808 75.326324 90.002365 72.646721                396 
-6.301155 145.127014 112.508713 30.998884 114.942406 68.707809 -5.960071 137.180267 112.609070 74.992676 89.670601 72.720703                414 
-6.291532 145.271469 112.714325 30.873030 114.922226 68.915909 -6.052464 137.395264 112.635780 74.890007 89.701477 72.995171                433 
-6.246098 145.367126 112.854530 30.834803 114.962692 69.034126 -6.087316 137.544586 112.543762 74.898468 89.823799 73.114601                452 
-6.296428 145.494232 112.987511 30.634581 115.046158 69.106476 -6.287630 137.773407 112.376945 74.722610 89.955635 73.221336                471 
-6.864113 146.058136 114.199615 29.159018 116.364090 69.234512 -7.204582 138.739990 112.838104 73.084785 90.875107 72.560089                490 
-7.136911 146.223480 114.488678 28.102547 116.407593 69.237747 -7.906445 139.479980 112.406532 71.820122 90.570831 72.622467                509 
-7.516000 151.160629 116.901390 26.719257 119.950073 72.029274 -8.549168 144.532364 114.910416 71.386505 95.790855 75.404305                528 
-7.162564 152.850327 116.638718 25.533381 120.665382 71.516525 -8.700059 146.627243 114.359474 69.269363 94.857224 74.881645                547 
-6.468311 153.947067 116.350098 24.832026 120.550819 71.239571 -8.253304 147.924911 114.127571 68.180672 94.077888 74.448936                566 
-5.801005 158.859146 115.031647 23.455511 122.619690 70.817162 -7.747929 152.883591 113.296692 66.720238 96.011482 74.040161                584 
-2.606620 158.453751 112.456467 23.387159 120.043190 68.166412 -4.824273 152.700806 111.175751 66.955391 93.793304 69.890846                603 
-0.842842 163.500763 108.369743 17.918579 123.776169 61.754761 -3.772292 158.306000 107.240822 59.060261 93.868217 59.994698                622 
-3.597418 171.405167 100.924194 13.973013 129.708664 55.671288 -6.508556 166.556244 100.128983 54.924026 99.505531 54.668201                641 
-6.542251 177.036041 90.160240 11.816092 132.588089 47.958366 -9.299777 172.375854 89.727509 52.563507 102.157059 49.913319                660 
-15.544965 182.052536 72.134727 9.586762 135.777588 35.808376 -18.011965 177.375443 72.129768 50.817982 107.406136 45.042484                679 
-20.298868 182.578491 57.096310 10.230556 135.499481 26.374449 -22.480898 177.919785 57.551075 52.088230 110.477150 40.936016                697 
-25.311281 182.039078 40.314812 11.628942 136.125488 15.317352 -27.167210 177.391342 41.037312 53.002075 114.580360 35.671524                716 
-30.616053 182.704132 22.731657 10.392190 137.157913 4.118339 -32.352467 178.118744 23.971643 50.837032 119.194038 29.252678                735 
-33.890224 183.322723 5.646927 10.433047 138.777374 -6.933558 -35.870861 178.711258 7.688877 49.569767 124.377357 22.241400                754 
-37.436913 184.939911 -12.984951 8.779582 140.934189 -19.203840 -40.677753 179.994461 -9.471472 45.599621 129.262268 13.936350                773 
-40.906952 185.343674 -31.427565 6.926935 142.604248 -31.576475 -46.899544 178.966751 -25.850702 40.996593 133.592865 5.142385                792 
-43.172291 183.988998 -48.688530 6.509505 143.575745 -44.622414 -52.312065 175.197632 -41.221783 38.229919 136.793747 -5.404546                811 
-44.230484 181.341415 -63.477924 6.576569 142.990433 -55.178608 -56.896965 169.354630 -53.946739 36.065811 138.583511 -13.933187                830 
-45.059586 178.987030 -76.460716 7.128128 143.582489 -64.347466 -60.799355 162.865829 -65.371834 34.152615 141.390579 -21.276667                848 
-42.824036 169.202209 -80.214775 10.911306 137.853836 -64.187492 -58.844700 152.394302 -67.487236 36.853397 140.550400 -20.484428                867 
-46.302078 169.578323 -92.134979 5.659885 136.254822 -74.239693 -64.520561 151.784866 -80.063583 29.142147 136.791306 -29.089758                886 
-45.390648 165.571045 -95.622124 7.792859 136.249725 -74.507744 -63.739658 147.275711 -81.917931 30.269106 141.150726 -29.109291                905 
-45.239128 162.298111 -99.263580 7.971029 135.152725 -75.368294 -64.139923 144.292145 -84.194298 29.531084 143.287308 -29.989729                924 
-46.189461 160.919647 -99.556099 8.200307 135.637680 -76.122223 -64.376411 143.135330 -83.158737 30.861078 145.969803 -31.738014                943 
-46.742622 158.914597 -99.943443 8.405408 135.195023 -76.273964 -64.379425 141.766159 -82.561241 31.552462 147.542236 -32.662254                962 
-49.040962 148.930847 -100.670273 8.006787 130.968521 -76.056068 -64.296379 135.579514 -82.105362 31.640352 149.698425 -35.057693                980 
-50.074665 146.558624 -101.031044 7.995800 131.300537 -76.613739 -64.043137 134.555054 -82.753601 31.422092 152.019012 -36.461842                999 
-50.551411 145.291199 -101.209984 8.037180 131.379715 -76.782372 -63.373493 134.263885 -83.659210 31.278433 153.124359 -37.067947               1018 
-50.807171 143.991333 -101.555664 8.220692 131.606308 -76.823196 -62.653408 133.494247 -84.585533 30.973906 154.395630 -37.413052               1037 
-50.188385 138.847931 -101.013016 9.791796 132.822815 -75.692772 -60.541965 128.583176 -84.290436 30.183825 159.086594 -37.162266               1056 
-48.946999 130.162308 -98.142296 11.546343 132.134262 -72.936470 -57.612720 122.162048 -81.489937 29.686876 164.237427 -37.857578               1075 
-49.310623 128.535248 -97.592194 11.498390 132.479233 -72.946190 -56.638023 122.085007 -82.477585 29.080177 165.613785 -38.548473               1094 
-50.892681 129.361252 -97.575752 10.617327 133.869156 -74.272919 -57.056751 122.599884 -83.150063 28.331352 166.434769 -39.402939               1113 
-52.068916 128.097244 -97.793556 9.660740 133.554764 -74.754837 -57.447872 121.609650 -83.867195 27.060900 166.621216 -40.199574               1131 
-52.391716 126.725952 -97.546051 9.399074 133.064102 -74.430031 -56.881485 121.309929 -84.626701 26.452551 166.935715 -40.487236               1150 
-52.928944 126.537979 -97.623413 9.086623 133.192078 -74.705322 -56.034542 122.524956 -86.423409 26.128849 167.271866 -40.965855               1169 
-53.951035 126.595276 -96.756721 8.621915 134.134445 -75.261192 -54.565239 124.288086 -88.111122 26.210190 169.334488 -42.983784               1188 
-56.468094 126.115791 -96.189384 7.210018 135.778122 -78.754555 -54.092415 126.225365 -91.023682 25.805559 172.336655 -48.623154               1207 
-59.631298 128.822556 -107.036606 3.923836 140.149979 -89.747711 -56.149242 129.595657 -103.418816 21.370571 176.631134 -58.845322               1226 
-59.134354 132.335892 -113.188896 4.049003 142.326248 -93.694000 -55.089645 133.283600 -110.380180 20.919357 178.338470 -61.933472               1245 
-58.234257 131.306335 -117.167221 4.451824 142.028275 -96.423920 -53.668167 133.391510 -115.352348 20.542805 179.309647 -65.741669               1263 
-58.551762 133.379272 -119.176804 4.123509 142.308151 -97.517303 -52.960831 136.591003 -118.899536 21.274326 180.497620 -68.575378               1282 
-53.914974 136.029633 -126.302063 6.972116 147.820267 -101.143250 -48.383526 139.750473 -126.047470 20.710241 186.915771 -71.596214               1301 
-55.459106 141.174362 -135.309280 5.539065 149.268173 -108.995331 -49.722599 144.743698 -134.936325 19.832623 185.236053 -75.946487               1320 
-54.857986 141.922836 -139.915009 5.396419 150.893326 -112.298279 -49.023636 145.450836 -139.746338 18.487268 187.684082 -79.659492               1339 
-54.251606 143.850342 -142.019638 5.579293 151.756760 -113.709221 -48.256966 146.770447 -142.356064 18.369648 188.673340 -81.093361               1358 
-53.829803 145.775818 -145.426224 5.571323 151.778809 -116.151039 -47.635441 148.290802 -146.132690 18.398602 188.173141 -82.967682               1377 
-54.983288 145.525864 -147.408524 4.464421 151.242722 -118.415482 -48.035175 148.247375 -149.095856 17.758413 188.454956 -86.341484               1396 
-54.792034 137.852341 -146.113770 4.028205 148.810059 -117.463524 -46.342247 141.750671 -149.828354 15.960699 190.481094 -90.792168               1415 
-58.504166 131.366165 -139.469391 2.806930 148.189209 -120.617256 -49.072292 136.646210 -147.034302 15.379882 192.814133 -99.623024               1434 
-57.481461 112.951637 -131.961441 1.361055 141.257324 -120.072517 -47.748386 117.575394 -142.378601 8.507363 191.056046 -112.375862               1452 
-42.198227 147.251312 -153.056030 16.524014 155.073349 -109.379593 -43.069565 132.867081 -132.640366 26.991497 150.407471 -59.792473               1471 
-43.531410 167.475037 -151.009903 15.740242 155.415207 -105.380005 -47.355404 137.445572 -136.910919 25.230003 134.923950 -59.769989               1490 
-41.983231 171.079269 -151.413361 16.373350 154.938858 -105.092354 -47.126873 138.193909 -139.188904 24.638964 132.227478 -60.302914               1509 
-41.717556 176.918564 -153.048248 16.018934 153.286041 -108.235077 -50.160957 142.861755 -140.717789 23.614908 128.730804 -64.308296               1528 
-41.528347 183.072052 -152.097366 15.265835 152.105896 -109.867027 -52.718224 148.002090 -140.750854 22.303270 124.842636 -67.471153               1546 
-43.223427 183.216476 -152.069901 15.490555 153.656357 -110.975906 -53.294991 147.083023 -140.153000 24.541367 126.720238 -68.753288               1565 
-44.300797 183.281189 -152.196014 15.498711 154.519806 -111.768028 -53.719830 146.490128 -139.928177 25.717306 127.813377 -69.666153               1584 
-42.802139 184.330795 -153.043350 15.980898 154.071091 -111.970634 -53.201313 147.339050 -140.816483 25.306753 127.192787 -69.771027               1603 
-35.015461 183.616165 -156.263184 16.638878 147.643143 -110.288857 -51.273731 148.877319 -142.810959 19.943781 122.299332 -66.277618               1622 
-31.697683 181.667267 -158.849823 16.751654 145.630402 -109.457100 -49.949856 148.083710 -144.423828 17.531404 122.352806 -64.204849               1641 
-31.470259 180.397766 -159.913788 16.868855 145.434082 -109.569588 -49.941692 147.201355 -144.441406 17.672106 123.570992 -63.617641               1660 
-30.728235 180.189926 -161.103760 16.844513 145.405701 -109.771202 -49.529865 147.163666 -145.350159 17.118532 124.059013 -63.570930               1679 
-25.306925 181.128616 -161.594742 21.391708 144.391510 -110.688339 -44.764214 147.994186 -146.447418 21.196882 122.163658 -64.905090               1697 
-22.468515 180.216919 -162.816071 23.412664 144.035141 -110.684662 -41.986057 146.858841 -147.817947 22.526520 122.117714 -64.760132               1716 
-22.643717 179.844437 -163.346451 23.701101 144.762604 -110.795006 -41.576771 146.211868 -148.095978 23.133707 123.134453 -64.728508               1735 
-27.953272 177.684540 -163.353058 25.156824 148.880676 -113.382843 -41.259151 141.345337 -147.829605 29.763947 127.075661 -67.627663               1754 
-29.705362 176.648788 -162.905365 25.734943 150.706177 -113.892998 -40.477493 139.643814 -147.490723 32.289307 128.886780 -68.382835               1773 
-28.941019 176.463028 -162.680557 26.227386 150.572250 -113.309822 -39.112766 139.119720 -148.160614 32.520668 127.927216 -68.167618               1792 
-28.488804 176.101791 -162.446411 26.442390 150.550903 -112.612717 -38.123264 138.449921 -148.542160 32.532463 127.409866 -67.694748               1811 
-28.199503 175.873459 -162.307159 26.577744 150.537476 -112.173866 -37.472080 138.088913 -148.759003 32.554127 127.084038 -67.402885               1829 
-27.933418 175.676971 -162.150177 26.699848 150.814545 -111.573738 -36.708015 137.705170 -148.916565 32.601330 127.095581 -66.932899               1848 
-27.739532 175.356308 -161.943115 26.908575 151.266266 -110.963440 -35.814289 137.421890 -148.857941 32.902321 127.341782 -66.444733               1867 
-27.307522 176.990036 -161.948563 26.535995 152.292221 -110.123367 -35.369873 138.787796 -149.185684 32.114063 127.499771 -66.027557               1886 
-27.906149 180.482513 -164.802887 24.033592 154.763672 -110.778275 -36.925404 141.973465 -151.203964 28.624355 129.515732 -66.827309               1905 
-24.783409 185.745590 -167.738968 19.995050 155.737946 -109.141647 -38.179714 147.791656 -154.420822 19.158714 130.002701 -65.241547               1924 
-27.366425 199.720764 -151.284363 13.748012 153.907135 -100.638275 -45.608906 164.931641 -141.312958 10.119025 121.173378 -61.836823               1943 
-28.874203 200.433105 -142.209457 15.620969 155.226715 -93.860611 -46.097572 167.940521 -128.405457 14.690151 123.036026 -54.451038               1962 
-43.755978 203.184494 -129.367538 16.481049 171.508087 -87.694557 -48.696003 167.463425 -115.899712 28.955614 138.094193 -51.388664               1980 
-52.211617 196.205078 -128.401794 13.610970 180.567017 -86.015007 -50.032841 161.896652 -111.487701 32.735298 153.695023 -47.254494               1999 
-61.945477 207.473450 -121.804283 3.100640 193.127029 -77.738220 -53.293404 170.963806 -114.726013 25.316273 160.250793 -45.865982               2018 
-61.051971 211.612549 -119.346527 -2.861537 193.181915 -67.801933 -45.130295 177.175110 -122.474083 20.992514 155.082947 -43.934078               2037 
-64.352226 215.251114 -111.517540 -7.432092 195.182404 -59.141457 -45.008457 183.235001 -118.052010 18.784611 156.442215 -39.088943               2056 
-67.799095 217.024979 -96.346199 -8.597614 197.069016 -46.490051 -51.113808 184.968445 -98.357506 19.731653 158.600266 -28.944996               2075 
-66.848915 216.911377 -79.931244 -6.154736 196.084366 -32.249702 -52.644211 184.009811 -78.752983 22.416523 157.237946 -15.975185               2094 
-59.333992 215.713638 -68.373405 -0.940856 193.817123 -18.334021 -46.974266 182.229568 -64.881584 25.849569 154.376541 -0.531366               2112 
-58.383690 217.220535 -54.372208 1.238068 193.297699 -6.749315 -46.262314 183.536011 -52.025772 28.435316 153.157730 8.720464               2131 
-57.390923 213.078354 -43.436832 2.803333 191.598999 4.645593 -44.866394 179.646896 -39.798790 30.737085 152.398468 21.175694               2150 
-43.948490 186.861526 -31.109650 2.132731 191.082687 12.862297 -45.418503 177.806290 -31.238901 31.275282 152.681931 29.181450               2169 
-25.856897 172.173172 -15.001777 2.331006 190.698334 21.528849 -45.250973 177.875214 -22.369287 31.534588 152.125824 37.325455               2188 
-21.854153 165.258774 -3.475694 3.194208 188.536545 30.027853 -45.601498 172.938553 -11.319581 34.019272 151.306061 45.962955               2207 
-21.028732 162.545105 3.915799 3.223128 187.120346 36.579262 -46.057915 170.199051 -3.467686 35.088699 150.632935 52.182938               2226 
-13.738070 149.906372 32.915840 26.557434 173.446823 57.972179 -24.173267 153.615707 23.699461 63.876900 140.020340 66.924797               2245 
-17.836473 150.394821 42.801205 28.567751 165.625900 71.446609 -19.880737 155.055984 31.521729 62.899502 128.433670 76.765465               2263 
-18.218473 150.944717 46.160992 27.983053 162.470001 77.128510 -19.005644 156.270309 35.364273 60.471081 123.511360 81.248405               2282 
-14.415349 151.401306 48.144348 31.033937 158.051743 81.861137 -13.906246 157.509033 37.885166 61.048309 117.030235 84.429123               2301 
-12.416909 152.249664 49.078510 32.388149 156.435699 84.148170 -11.233773 158.662857 39.231285 61.580452 114.767395 85.483421               2320 
-7.212810 150.658493 51.681259 36.794067 151.733032 88.525696 -4.890052 157.598480 42.212692 65.378197 109.626312 88.086060               2339 
-5.473649 151.042358 52.883358 38.166409 150.207870 90.979286 -1.827741 158.235306 43.590408 66.487862 107.944221 89.600639               2358 
-5.020754 151.022491 53.390259 38.760868 149.538177 92.194077 -0.189969 158.078506 44.113152 67.136818 107.313797 90.735123               2377 
-5.059523 151.005630 53.700821 38.835972 149.652161 92.944847 0.603741 157.748383 44.559544 67.545952 107.648109 91.673080               2395 
-5.018783 151.071274 53.767651 39.050964 149.556931 93.336250 1.503744 157.706116 44.707764 67.989609 107.711266 92.026062               2414 
-5.142947 151.531006 53.937630 39.205154 149.611282 93.764168 2.139979 157.883224 45.038017 68.316841 107.891327 92.289078               2433 
-4.469584 152.204620 54.257679 39.956974 148.991058 94.546150 3.512264 158.229630 45.674866 68.951576 107.211372 92.548271               2452 
-3.285442 152.263672 55.023552 41.465385 148.514069 95.274185 5.057677 158.162949 46.573872 70.587189 106.851906 92.743271               2471 
-1.324567 152.009155 55.824917 43.871002 144.420776 95.641022 7.890887 157.681244 47.559990 71.551865 101.968300 90.974289               2490 
-1.347921 153.145004 56.661526 44.541836 142.476486 95.792686 8.732242 158.272522 48.438805 71.325066 99.681007 89.356308               2509 
-1.541339 153.790970 56.964851 44.755310 141.857758 95.840950 9.175165 158.487061 48.753777 71.254372 98.974373 88.838303               2528 
-1.951659 153.687515 57.108509 44.579529 141.467178 95.791504 9.132249 158.289871 48.906090 71.020576 98.577065 88.613075               2546 
-2.472971 153.457413 57.341209 44.397038 140.870010 95.582603 8.923192 158.048630 49.177288 70.767410 98.020241 87.919556               2565 
-2.648150 153.112625 57.731552 44.466053 140.100204 95.556190 8.979142 157.692047 49.623932 70.635689 97.210281 87.442917               2584 
-3.236969 152.816788 58.756920 44.523781 139.210907 95.574127 8.554115 157.218506 50.440632 69.901207 95.934654 87.008339               2603 
-3.679453 152.836060 58.981358 44.319748 139.298401 95.519691 8.348700 157.017029 50.839127 69.676071 96.029373 86.855438               2622 
-3.909862 152.812943 59.186890 44.279049 139.286163 95.501823 8.401004 156.554642 51.422180 69.622391 96.032799 86.722168               2641 
-4.304242 152.731110 59.585850 44.183308 139.241882 95.529984 8.222744 155.990799 52.093090 69.499733 96.008980 86.573639               2660 
-4.635924 152.683197 59.957790 44.114693 139.203003 95.568520 8.054415 155.588226 52.738659 69.394951 95.983971 86.444649               2678 
-4.991146 152.362030 61.855091 44.669613 138.193527 95.926437 7.634268 155.047394 54.364990 69.205475 94.753433 85.868057               2697 
-5.370779 152.210831 63.224091 44.946548 137.848572 96.249763 7.198790 154.815201 55.526672 69.180984 94.378456 85.607262               2716 
-5.857948 151.896942 64.485214 45.133991 137.343719 96.384064 6.633304 154.403061 56.527306 68.982819 93.793236 85.212219               2735 
-7.340268 151.430420 66.067169 44.540657 138.224609 97.102722 5.085213 154.099548 57.963791 69.249489 95.233398 85.637550               2754 
-8.777686 150.009323 68.455940 43.102016 136.293701 99.286926 3.775936 153.193451 60.661652 68.806442 94.456589 85.901871               2773 
-9.255118 149.357407 70.468643 42.745258 134.811905 100.728310 3.334827 152.801773 62.806168 68.725380 93.693558 85.743805               2792 
-9.347151 148.993362 71.394035 42.715042 134.001526 101.348099 3.324030 152.561951 63.745609 68.798248 93.248528 85.565804               2810 
-9.534764 149.632431 73.244598 42.672096 132.263977 101.663284 3.115729 152.812653 65.290710 67.528564 91.599915 83.807991               2829 
-9.648673 149.804230 74.117096 42.851986 132.201721 101.924988 2.981035 152.620483 65.793610 67.636581 91.790276 83.408501               2848 
-9.776861 149.895920 74.628777 42.895481 132.105301 102.105408 2.822374 152.318283 66.096489 67.655479 91.876602 83.162979               2867 
-10.144959 149.913605 75.171532 42.777199 132.196945 102.337891 2.402839 151.784195 66.497139 67.671555 92.240700 82.999062               2886 
-11.148813 149.737640 76.602272 42.037643 132.974304 103.992180 1.467758 151.544861 67.902641 67.994972 93.824684 84.402740               2905 
-11.557688 149.586487 77.452194 41.734367 133.164719 104.988556 1.104418 151.221085 68.739616 68.318993 94.593544 85.095261               2924 
-11.395000 149.480957 77.553955 41.806217 132.976410 105.383392 1.342152 150.784088 68.801888 68.531799 94.476051 85.541855               2943 
-11.244386 149.351456 77.950569 41.935104 132.941589 105.984772 1.510750 150.367432 68.962578 68.658501 94.306244 86.404404               2962 
-11.150247 149.261368 78.202461 42.014111 132.909271 106.374413 1.609754 150.057709 68.912056 68.737839 94.190788 86.959389               2980 
-11.242855 149.090027 78.607361 42.139400 133.181335 106.708916 1.469886 149.763535 69.096176 69.025467 94.533318 87.377808               2999 
-11.211359 148.808990 79.038971 42.330536 133.134415 107.064812 1.470958 149.354691 69.226624 69.287376 94.519142 87.766884               3018 
-11.331216 148.632477 79.255486 42.250824 133.029312 107.353966 1.396244 149.121017 69.265442 69.307198 94.484406 88.054634               3037 
-11.352783 148.273941 79.512688 42.405731 132.896866 107.520653 1.428134 148.871918 69.322563 69.588493 94.498741 88.106689               3056 
-11.438453 148.246887 79.624069 42.477600 132.913986 107.538651 1.475663 148.980209 69.147621 69.680557 94.587929 88.010895               3075 
-11.487963 148.256088 79.707527 42.550419 132.877670 107.559189 1.467313 148.838104 69.142204 69.722954 94.572487 87.948280               3094 
-11.584917 148.235901 79.719238 42.558666 132.864349 107.567627 1.369338 148.575714 69.005325 69.717331 94.566704 87.922829               3112 
-11.675967 148.194046 79.715614 42.565449 132.853409 107.574562 1.252388 148.055862 68.890190 69.712715 94.561974 87.901924               3131 
