-28.832842 147.940384 90.427322 25.448856 126.626312 75.883125 -20.882626 120.681366 100.189980 54.731358 90.904335 70.497780                  0 
-28.773026 148.178802 90.236542 25.547115 126.445129 75.818321 -20.897518 120.981064 100.170837 54.647717 90.581467 70.388817                 18 
-28.864763 148.383469 90.265442 25.534279 126.470863 75.810966 -20.850115 121.441162 100.604713 54.611198 90.595123 70.334557                 36 
-28.984657 148.590164 90.326614 25.523172 126.517593 75.803070 -20.787399 121.736137 100.923676 54.617016 90.665558 70.261734                 54 
-29.182951 148.765778 90.263268 25.510784 126.673592 75.826607 -20.846693 121.914360 100.948112 54.674454 90.884506 70.245514                 72 
-28.919926 148.789978 90.223267 25.455276 125.848480 75.276947 -20.776125 121.710281 100.776031 54.060848 89.689133 69.214813                 90 
-28.688482 148.005127 90.139793 25.718063 125.052956 74.695885 -20.321629 120.880051 100.544426 54.274559 88.946243 68.111153                108 
-28.289194 147.893799 90.188339 26.055956 124.663429 74.406830 -19.932156 120.659340 100.456413 54.408165 88.483536 67.357437                126 
-28.528902 148.282684 90.358582 25.773438 124.710472 74.294952 -20.123514 120.944267 100.594231 53.979813 88.459808 67.027466                144 
-28.659897 148.676208 90.744904 25.505972 124.662788 74.126389 -20.237118 121.011688 100.717789 53.477955 88.327202 66.392029                162 
-28.851862 148.949951 90.773621 25.343904 124.678787 73.957947 -20.307133 121.141045 100.758492 53.261967 88.330971 66.087440                180 
-29.010094 149.045944 90.694740 25.325472 124.686264 73.891090 -20.318621 121.158150 100.742279 53.303864 88.388870 66.002129                198 
-29.188307 149.151825 90.577744 25.658876 125.034698 74.415588 -20.064186 121.372986 101.120613 54.157253 88.994812 67.239540                217 
-29.188757 149.541763 90.652222 25.837845 125.148872 74.544563 -19.971550 121.419327 101.103493 54.371895 89.148109 67.314072                235 
-29.378193 150.060211 90.993851 25.752666 125.291382 74.678467 -19.921726 121.642784 101.471558 54.304726 89.308014 67.432503                253 
-29.569670 150.372040 91.087219 25.668947 125.455696 74.706718 -20.006403 121.745529 101.438232 54.264500 89.525902 67.367065                271 
-29.632442 150.600647 91.073616 25.588121 125.430870 74.596291 -20.059832 121.830223 101.360397 54.099884 89.451538 67.173775                289 
-29.673567 150.826096 91.070419 25.590092 125.432076 74.588463 -20.046921 121.887291 101.351074 54.092705 89.445274 67.167023                307 
-29.543751 150.920441 91.097244 25.703314 125.303368 74.645966 -19.880100 121.940857 101.497864 54.168415 89.265182 67.330650                325 
-29.542025 151.022873 91.078796 25.586973 125.205536 74.386230 -19.913116 121.918770 101.370995 53.922195 89.108208 66.861282                343 
-29.294479 151.323807 90.845444 25.619446 124.960175 74.095406 -19.793289 122.090454 101.234619 53.726727 88.672302 66.632317                361 
-29.333988 151.556458 90.835281 25.621803 125.006714 74.144676 -19.795778 122.154701 101.266739 53.736443 88.723267 66.687798                379 
-29.573442 151.641174 90.555992 25.867483 125.416252 74.683235 -19.849041 122.200439 101.245171 54.444183 89.405685 67.673363                397 
-28.581755 151.691818 90.214058 25.798822 123.470924 73.909637 -19.700846 121.882156 100.975716 53.115616 86.526085 66.740334                415 
-27.837801 151.855713 90.091652 25.839979 122.379234 73.549881 -19.621950 121.795876 100.694603 52.240650 84.830719 66.090614                433 
-27.733047 152.011307 90.582077 26.134026 122.838821 73.901688 -19.354105 121.915817 100.984718 52.662827 85.445023 66.126495                451 
-28.038876 152.098328 90.950195 26.244913 123.542946 74.316658 -19.325300 122.028366 101.233566 53.170811 86.471298 66.365829                470 
-28.349260 152.085342 91.154533 26.300840 124.026222 74.632568 -19.366703 122.006584 101.346977 53.564186 87.222809 66.586105                488 
-28.451221 152.163757 91.238747 26.274195 124.115471 74.624367 -19.328613 122.071968 101.431557 53.522694 87.328018 66.455566                506 
-27.922297 152.502991 91.203590 26.305189 123.567719 74.280739 -19.070719 122.332100 101.504463 52.931049 86.349854 66.009041                524 
-28.923044 152.650604 90.806740 25.942738 124.334625 74.697701 -19.734772 122.646042 101.301239 53.092499 87.413849 66.806351                542 
-28.873566 152.672668 90.862091 25.951138 124.189529 74.661484 -19.663218 122.645416 101.324913 52.958355 87.190788 66.647110                560 
-29.051138 152.623489 90.912094 25.987268 124.421165 74.742668 -19.572384 122.672470 101.444603 53.212906 87.575180 66.763618                578 
-28.923637 152.686646 90.798340 26.122999 124.359467 74.727715 -19.512310 122.644646 101.286110 53.285061 87.476105 66.704857                596 
-27.042953 152.707794 91.076347 27.346460 123.036697 75.003021 -18.466610 122.276466 101.290627 53.540073 85.524353 66.681610                614 
-25.336359 152.172211 91.574120 28.325888 121.407928 74.860641 -17.369085 121.392181 101.366936 53.579620 83.402824 65.894737                632 
-25.623772 152.389694 91.671326 28.177227 121.768349 74.843224 -17.471064 121.576096 101.425468 53.538876 83.861000 65.768768                650 
-26.614275 152.551743 91.944771 28.057997 123.062988 75.524956 -17.580893 122.027649 102.053459 54.408741 85.723930 66.924973                668 
-27.078032 152.451645 91.930016 28.073576 123.549934 75.749016 -17.589359 122.070366 102.164070 54.929104 86.521507 67.370300                686 
-27.105101 152.577667 91.853439 28.045237 123.456474 75.674133 -17.636854 122.082283 102.060257 54.801952 86.369392 67.238869                705 
-27.146154 152.648666 91.907677 28.075548 123.433075 75.653152 -17.594006 122.062714 102.067909 54.791473 86.341965 67.107071                723 
-26.980146 152.966919 92.185532 27.722616 122.992714 75.074409 -17.665144 122.060349 101.992073 53.789547 85.597824 65.873108                741 
-26.836967 153.137497 91.912918 27.770794 122.684250 74.877426 -17.580324 122.115944 101.881126 53.634872 85.122116 65.785553                759 
-26.782398 153.566711 91.667435 27.148348 122.030518 73.951683 -17.769449 122.307175 101.687782 52.290615 84.035316 64.637283                777 
-27.091274 153.927933 91.561516 26.263479 121.714661 72.878647 -18.099016 122.434868 101.503502 50.896988 83.495354 63.131783                795 
-28.213675 153.906433 91.457581 25.911835 122.453445 73.238739 -18.684576 122.435379 101.510254 51.270115 84.664070 63.675941                813 
-29.187492 154.209305 91.579285 25.557816 123.260292 73.657944 -19.257671 122.557755 101.557777 51.452011 85.840858 64.076546                831 
-29.324760 154.397079 91.458389 25.541269 123.216072 73.644493 -19.278772 122.571777 101.527855 51.445797 85.788338 64.123634                849 
-29.406261 154.501831 91.392296 25.535738 123.217598 73.648933 -19.305952 122.558975 101.501350 51.464382 85.806747 64.127350                867 
-29.799715 154.640671 91.302124 25.330553 123.372147 73.754387 -19.582689 122.619896 101.479469 51.392296 86.033386 64.313568                885 
-30.160261 154.887253 91.534531 24.869152 123.471909 73.512070 -19.802067 122.749969 101.625237 50.822453 86.124176 63.811584                903 
-30.350344 154.935242 91.560913 24.809244 123.555679 73.491699 -19.877028 122.712715 101.564278 50.827740 86.279442 63.691345                922 
-30.554470 155.061737 91.610382 24.842003 123.676216 73.757072 -19.965981 122.730965 101.585808 51.016243 86.482971 64.056625                939 
-30.786892 155.177933 91.601662 24.796041 123.743217 73.946648 -20.107046 122.756660 101.596176 51.061199 86.593842 64.324173                958 
-30.873114 155.285812 91.641502 24.774496 123.710709 74.004219 -20.168974 122.751694 101.572311 51.005711 86.550293 64.331917                976 
-30.756207 155.241379 91.711960 25.063049 123.614052 74.288902 -20.004831 122.619568 101.639107 51.356415 86.482094 64.676231                994 
-30.923510 155.239960 91.343719 25.429405 123.668106 75.179001 -20.061056 122.748665 101.724258 52.117229 86.597847 66.456459               1012 
-31.967386 155.481384 90.673225 25.727486 125.116356 76.364029 -20.309601 123.383537 101.842041 53.714321 88.709900 69.026894               1030 
-31.605513 155.292953 90.868958 26.188564 124.769760 76.632942 -19.946011 123.007317 101.927139 54.177975 88.370522 69.269844               1048 
-28.366533 154.636658 91.724190 27.557434 121.407242 75.661377 -17.947706 121.603142 102.149902 53.539680 83.784706 67.176445               1066 
-28.809414 154.539459 91.556244 27.455530 121.663841 75.410667 -18.044197 121.470802 101.950417 53.751194 84.275818 66.854942               1084 
-28.461540 154.397079 91.694099 27.864315 121.418938 75.482834 -17.671827 121.202469 102.004814 54.140656 84.042412 66.818184               1102 
-28.936956 154.576111 91.744835 27.763592 121.882813 75.740280 -17.899065 121.375664 102.099312 54.332687 84.695992 67.152481               1120 
-28.840324 154.472412 91.595856 28.032125 121.653404 75.883728 -17.778454 121.204330 102.070702 54.666775 84.473007 67.473015               1138 
-28.669781 154.571609 91.480888 28.160004 121.432938 75.855820 -17.738672 121.225075 102.068314 54.689873 84.163879 67.506592               1157 
-28.452173 154.693970 91.650894 28.340477 121.271248 75.900673 -17.576748 121.249725 102.310143 54.770126 83.949432 67.469643               1175 
-27.209702 154.525864 92.087563 28.876717 120.040192 75.770164 -16.966213 120.810486 102.549637 54.510029 82.273460 66.874435               1193 
-26.869888 154.372345 92.336998 29.205931 119.797745 75.919441 -16.672770 120.654305 102.830269 54.784466 82.018585 66.919418               1211 
-26.714373 154.849091 92.276123 29.099018 119.531380 75.826462 -16.744961 120.976021 102.997910 54.348141 81.513870 66.900246               1229 
-26.224310 154.742218 91.036461 30.591047 119.695610 76.588081 -15.577424 121.585518 103.762054 56.733517 81.898834 69.481636               1247 
-25.412899 155.423431 90.708160 31.385015 119.786888 76.881424 -14.501864 123.117546 105.463272 57.386837 81.763672 70.504349               1265 
-25.404034 158.413940 90.835770 31.802530 122.923164 76.800659 -13.674614 126.745712 107.252777 58.060909 85.101959 70.275253               1283 
-22.611927 162.685883 91.002052 33.756310 125.010582 77.125328 -11.339575 131.004898 109.061928 58.907776 86.419472 70.749069               1301 
-18.486013 166.939301 88.944962 36.605061 126.491219 76.422478 -6.890270 136.611389 110.842369 60.443501 86.838043 71.744759               1319 
-15.162772 171.269592 84.611504 39.373123 129.196793 73.695839 -3.214542 141.926575 109.952408 62.493786 89.005562 70.142509               1337 
-17.428511 177.734299 75.470695 38.353275 135.176117 70.078171 -4.578425 151.277557 105.847870 62.384369 95.373367 70.958313               1355 
-13.210316 184.406067 69.939468 40.230194 138.050995 65.445450 -2.101122 156.706360 101.658287 61.814114 96.868919 66.280800               1373 
-12.754230 195.020340 59.723812 39.183918 146.043427 59.726410 -3.238003 168.586426 94.573074 59.120487 104.198273 63.473721               1391 
-12.937680 202.273453 50.306061 38.416595 151.906754 53.639725 -5.276772 175.795883 86.377571 57.618706 109.913300 59.149254               1409 
-11.611587 208.583206 42.871407 38.232548 156.311569 47.681133 -6.282790 180.978912 78.921028 56.020145 113.728943 53.412392               1427 
-12.583055 213.169769 32.848969 36.794319 160.404282 40.371380 -9.376470 185.209351 69.040939 54.082634 117.759613 47.085018               1446 
-13.684212 215.222366 21.274940 35.451370 162.622635 32.713062 -12.630415 187.690109 57.966206 52.487370 120.214775 41.308136               1464 
-14.664274 217.046417 11.353376 34.121136 164.423126 24.885761 -15.603396 188.976898 47.426449 50.862282 122.026482 34.093693               1482 
-19.756012 216.938934 -1.408347 31.098240 167.139893 15.523547 -21.436132 188.733231 33.963032 49.551392 125.820747 26.235031               1500 
-21.935423 216.130035 -12.649376 29.630934 168.032455 7.435403 -24.631021 187.773972 21.862692 48.677547 127.403618 19.644012               1518 
-24.458879 214.072037 -24.221411 27.537909 167.779373 -0.800286 -28.283161 185.358704 9.194498 47.002136 127.818169 12.866190               1536 
-26.958382 210.628204 -37.645370 25.134712 166.759109 -9.920808 -31.788687 182.548279 -4.451508 44.693707 127.742790 6.132213               1554 
-29.649038 205.252106 -52.585651 22.548803 165.384552 -19.395996 -35.693291 177.893387 -19.273369 42.543823 127.974907 -0.337027               1572 
-31.236237 199.908188 -66.689064 20.263355 163.134415 -28.958801 -38.964539 173.164246 -32.804096 40.048965 127.149223 -7.138566               1590 
-34.219429 196.076248 -79.914032 21.328413 156.591446 -35.793079 -40.322067 160.264023 -38.824833 43.048893 125.146729 -9.298225               1608 
-36.075371 191.888611 -94.059982 21.684328 154.523239 -43.341583 -41.463333 152.888596 -46.572994 44.428978 127.059906 -13.492410               1626 
-37.122211 186.704346 -103.971321 20.760599 150.707001 -50.599281 -42.973976 148.109024 -53.695629 43.357346 124.831230 -19.256691               1644 
-39.284958 182.259735 -113.521904 18.951061 149.073685 -58.014549 -44.949642 144.304642 -61.559097 41.812218 124.938240 -25.497252               1662 
-38.434616 177.325531 -118.425110 20.239756 146.424484 -61.286247 -43.876537 141.613510 -63.635674 43.269043 124.335548 -27.459366               1681 
-40.350487 173.356705 -124.601143 18.803171 143.665802 -66.585297 -45.253826 136.573456 -69.206200 42.237972 122.555817 -32.413597               1699 
-42.539856 169.355515 -132.269012 16.669567 140.102356 -73.285217 -47.290512 131.422302 -76.112289 40.310390 119.847252 -38.740044               1717 
-44.265404 168.607788 -138.769669 12.959363 137.850769 -77.836220 -50.104557 125.231613 -84.975723 35.891449 116.995171 -43.170818               1735 
-44.818508 166.157547 -141.515366 12.788664 136.989838 -79.660065 -49.564835 121.436028 -87.565338 36.212452 117.205376 -44.696823               1753 
-43.608192 126.375267 -120.473396 15.018329 140.024551 -86.166824 -45.360039 115.902489 -89.220482 42.385231 126.492676 -51.088802               1771 
-40.680717 111.428642 -112.381836 14.701057 139.926285 -87.816658 -43.795937 110.962669 -88.358948 43.017986 131.627197 -51.874996               1789 
-39.249630 108.553566 -110.765587 15.214552 140.067245 -88.544952 -42.992428 110.391541 -88.256790 43.226151 133.891678 -51.942501               1807 
-39.820789 112.330322 -108.077553 16.226311 142.207581 -89.448433 -43.028835 114.754372 -87.037971 44.928806 135.889755 -53.409863               1825 
-40.231285 119.121429 -109.508118 17.477777 145.589722 -91.534653 -43.129169 121.280319 -89.329346 45.822300 137.602936 -55.544010               1843 
-39.679909 131.337967 -111.040596 19.484312 150.086227 -88.819771 -42.421062 129.971436 -91.786903 46.229198 134.598160 -54.072716               1861 
-38.359692 138.253586 -110.506302 21.566481 152.801331 -87.315674 -40.662735 135.275101 -92.452690 47.313805 134.214355 -53.343239               1879 
-36.199993 151.770309 -111.139267 24.217342 152.314941 -84.959984 -39.099854 146.450424 -95.007034 44.491661 125.749519 -52.621815               1898 
-28.342531 168.152451 -114.225281 28.366335 158.596558 -82.212830 -33.532234 160.559113 -99.817619 42.506233 125.253304 -53.044048               1916 
-20.441229 183.029297 -116.615959 33.587547 168.440323 -82.022232 -27.157682 174.983276 -102.985703 44.208389 132.540756 -54.437004               1934 
-12.743581 192.671051 -116.185989 38.593094 174.040894 -79.673927 -21.081692 184.873367 -102.880127 45.974369 136.633652 -53.051720               1952 
-5.809464 198.922058 -113.710899 44.290829 179.292648 -76.178497 -15.145369 191.645111 -100.220917 50.331779 141.749847 -49.409637               1970 
1.639176 204.009232 -109.632561 50.622200 182.887527 -71.567581 -8.421236 196.767502 -96.314011 55.637218 144.618225 -45.628483               1988 
8.491266 207.833908 -105.472115 56.740074 184.556152 -67.683151 -1.942556 200.793747 -92.113380 60.531006 145.742981 -42.351498               2006 
14.990376 209.423370 -102.075783 62.621647 186.475739 -63.272335 4.296685 202.383621 -88.844734 66.109512 147.784363 -37.711845               2024 
20.120602 209.463272 -100.203178 67.604927 188.342407 -60.165260 9.372059 202.277649 -87.075821 71.650215 150.129089 -33.975479               2042 
27.591404 209.645920 -94.804108 75.729324 188.878738 -55.303383 16.997152 202.756775 -81.240868 80.108444 151.067703 -28.588692               2060 
32.419014 207.694855 -89.984726 83.453148 189.648026 -52.794090 22.869152 201.440842 -75.288559 90.316971 153.302307 -24.608934               2078 
38.242035 207.489944 -88.239006 88.844704 190.608215 -49.877644 28.439774 201.403259 -73.435356 95.812256 154.599335 -21.288471               2096 
45.502789 208.564651 -86.069199 94.413078 189.963287 -46.289722 34.826416 202.585022 -71.321617 99.949234 153.016693 -18.598080               2115 
50.391541 206.528809 -84.375572 99.099609 187.670258 -44.431416 39.575825 200.836960 -69.420891 104.317902 150.787979 -16.592690               2133 
53.899635 204.753677 -85.083099 101.834663 186.209320 -44.038063 42.770626 199.671432 -70.019836 106.152077 150.021332 -15.153543               2151 
59.446651 202.135132 -84.062836 106.126373 182.612381 -42.089859 47.699104 197.434036 -69.117844 109.028259 146.374527 -13.091168               2169 
64.987213 196.007172 -80.458923 111.089844 176.441238 -37.924202 52.764866 191.339798 -65.569031 113.612999 140.094467 -9.026570               2187 
67.695808 189.696991 -80.370171 113.936256 172.633362 -36.961788 55.237175 185.219818 -65.343292 117.150131 137.215363 -6.999095               2205 
69.201469 187.033463 -84.522491 114.744820 171.212494 -39.544605 56.139355 182.586533 -69.118813 117.457748 137.153000 -7.999123               2223 
68.913208 174.404373 -87.208694 116.287262 165.626144 -41.857880 56.271336 169.654160 -70.855453 122.275864 134.670578 -7.675776               2241 
72.129425 168.901581 -89.645195 119.233490 161.046036 -43.558533 58.962891 164.279388 -72.728882 124.915939 131.319565 -8.251676               2259 
71.736771 155.171524 -88.941544 120.901413 152.811981 -44.698952 59.384342 151.400665 -71.427437 129.273911 125.932762 -7.686308               2277 
68.296753 136.739868 -84.261345 121.513969 143.832275 -46.609005 57.849224 135.519684 -66.084167 135.349579 122.735710 -7.544473               2295 
71.384872 122.198128 -82.094391 123.190262 135.703888 -45.194641 60.459553 122.056328 -64.795250 137.823013 117.912544 -4.798140               2313 
74.771622 111.113174 -81.127113 124.388588 128.296982 -44.315208 62.858040 112.030403 -65.617073 138.468704 111.621155 -3.251915               2331 
78.684532 94.946991 -76.441513 126.836945 119.167511 -44.089428 66.496231 95.927086 -62.212662 145.278336 103.661179 -4.315114               2350 
81.066277 88.234100 -77.780853 126.728470 116.670616 -46.116787 68.072174 89.507530 -64.438477 145.696091 102.948914 -5.936304               2367 
81.601929 82.035271 -79.578255 125.521881 111.288246 -46.775501 67.620178 84.057114 -67.355881 142.800964 97.826988 -5.754108               2386 
84.421196 75.478058 -82.180916 125.488541 108.449875 -49.293514 70.133919 76.680214 -70.316383 143.322891 96.604279 -8.012228               2404 
84.071243 69.298073 -78.391968 124.993004 105.712700 -49.277897 70.076393 70.917198 -66.272232 144.696228 96.993561 -8.067632               2422 
82.467590 66.342308 -75.451530 124.000076 104.144791 -49.391182 69.129982 67.659233 -62.609028 146.870407 95.921432 -9.744607               2440 
83.163292 68.651192 -77.982162 124.157829 101.151604 -44.874992 68.628166 70.054115 -66.493683 142.050446 88.287666 -3.925015               2458 
84.334694 69.096649 -79.605469 123.894424 102.254059 -45.421200 69.668625 69.758659 -68.285248 141.768829 89.146202 -4.540682               2476 
85.753532 69.554871 -81.750107 123.832771 103.253059 -46.418301 71.298805 69.251770 -70.753662 141.756729 89.794739 -5.673578               2494 
85.904396 69.598930 -82.489738 123.946983 103.160980 -46.636459 72.037796 68.879837 -71.652435 141.404892 89.688171 -5.694649               2512 
84.492508 69.987289 -83.621063 123.240746 102.728752 -47.129948 70.846443 69.891510 -72.894974 138.430054 90.041733 -5.048466               2530 
86.341751 71.631119 -87.061768 124.625015 106.292496 -50.737724 74.679703 69.981712 -75.647957 140.516495 95.377602 -8.419253               2548 
86.086746 75.216042 -92.730125 124.372040 108.253456 -53.832935 76.460655 72.014503 -81.185898 138.890991 96.566208 -11.228533               2566 
87.133644 80.829994 -101.286758 123.335098 111.176392 -57.920643 78.447044 75.756691 -90.294357 136.276825 96.552925 -15.716471               2584 
90.167213 93.657387 -107.528610 119.411110 105.206665 -51.471489 79.174805 87.600250 -100.077393 119.803825 79.092888 -12.994966               2603 
92.931725 103.656281 -106.116753 120.785751 108.786797 -48.000996 81.480614 97.408424 -99.035187 117.260696 80.694710 -11.110139               2621 
93.467041 113.932259 -106.823936 120.879356 114.512222 -47.826527 81.877556 107.009499 -99.718048 115.628426 85.091904 -12.197896               2639 
96.057724 128.347137 -109.281128 120.346031 121.572906 -48.877369 83.062523 121.331657 -102.778122 111.096977 90.109398 -15.907241               2657 
92.964920 139.630432 -104.356285 119.791092 129.839508 -44.958401 73.505470 136.454697 -93.880302 111.537025 97.632843 -12.444903               2675 
86.984955 151.167923 -102.610634 114.912422 134.611221 -44.733765 64.313438 148.570114 -89.818008 107.026352 99.526268 -15.248463               2693 
80.277626 163.046890 -91.402367 114.884247 142.692947 -37.023972 56.560909 161.173981 -74.007317 109.639824 106.865723 -7.804306               2711 
78.604851 184.650314 -72.641876 119.502594 143.740234 -16.451540 52.078537 154.894592 -35.086475 127.479431 110.906067 15.535490               2729 
70.702263 195.872467 -61.395138 116.723740 147.662140 -6.218450 48.481159 157.472229 -18.165230 129.571243 115.093491 24.464851               2747 
61.837418 201.803497 -48.771172 113.797424 152.896118 2.413193 46.622013 163.087219 -4.527873 130.229156 120.403625 31.421400               2765 
53.739326 205.516418 -36.289551 109.555275 156.313782 11.131367 43.470276 167.168442 7.653604 128.250580 123.770309 38.717712               2784 
45.898083 209.118286 -25.027042 105.668205 161.136536 18.890596 40.266045 172.475082 19.478119 126.494873 129.063400 45.483139               2801 
37.271015 212.872482 -14.833225 99.849815 165.555099 25.809702 35.300861 178.152481 29.746792 121.940056 133.525085 51.462357               2819 
28.623325 214.200531 -2.533730 95.241234 168.215134 32.506138 31.549446 180.907089 41.129452 119.384583 136.108765 56.133224               2837 
18.636705 215.364487 7.375883 88.028114 172.061249 39.264626 24.959106 184.675339 50.155880 113.392189 140.230011 62.018890               2856 
8.904335 212.543365 17.715796 81.368919 173.141998 45.311024 18.774677 184.342072 58.766094 108.495819 141.752060 66.597717               2874 
0.528024 211.793762 27.152596 74.086174 174.813309 51.475620 11.948897 185.851013 66.080254 101.663025 142.899185 71.417770               2892 
-6.647508 209.199051 36.576889 68.304749 175.115753 57.724632 6.464063 184.873077 73.606537 96.827545 143.082275 76.081917               2910 
-15.396820 205.084763 44.692131 61.085373 175.170303 63.560474 -0.129577 184.828629 81.263962 90.842964 144.239365 81.912842               2928 
-21.114201 202.486496 53.388577 54.944832 169.392120 66.728752 -4.558060 181.398010 88.153221 84.154922 136.372086 82.074593               2946 
-28.596027 200.215958 59.009411 49.344372 171.883026 71.161667 -10.367158 180.794418 93.629692 80.481483 140.230759 85.653969               2964 
-36.144794 196.310791 64.365875 43.057465 171.500763 75.212219 -16.538845 178.229935 98.757927 75.650475 141.056915 89.078705               2982 
-42.993160 193.800751 71.018471 37.393147 172.565323 78.558563 -21.219870 177.996704 104.928879 71.586418 143.376831 91.311249               3000 
-46.826073 190.201859 75.149612 34.162781 171.947556 82.142166 -24.634645 174.612503 108.540512 69.281273 143.468872 93.950409               3018 
-47.522350 189.320755 79.969421 32.576004 166.981689 84.693375 -25.509930 171.698425 112.326591 66.434090 136.359589 94.796013               3036 
-50.421806 189.122162 83.925606 29.714270 166.423798 86.440178 -27.707151 170.935928 115.444489 63.644794 135.473221 95.211006               3055 
-54.223515 188.053070 86.669693 26.420389 167.244354 88.500450 -30.954180 170.313858 117.776840 61.024040 136.873871 96.791191               3072 
-56.427746 185.973007 87.917725 24.490992 166.669342 90.704887 -33.387325 168.609238 119.074188 59.376564 136.674850 99.180870               3091 
-57.295395 183.362289 89.473465 23.665411 165.568817 92.157555 -34.233440 167.399582 120.473221 58.728535 135.802521 100.842636               3109 
-55.414013 181.937668 91.144745 24.409710 160.661819 93.504440 -33.598804 164.524994 121.221306 57.716702 128.712723 101.300911               3127 
-45.608772 159.587189 92.206627 13.325259 170.901306 89.027809 -42.351463 166.856384 116.783844 48.365051 141.047974 97.644547               3145 
-43.417824 154.827332 91.380867 10.985559 171.168549 86.015129 -42.891521 167.295349 114.214546 44.429562 139.528519 94.597916               3163 
-43.096272 154.688309 92.313972 10.862185 171.482681 86.441521 -42.033978 166.999039 114.643539 44.106926 139.704315 95.416649               3181 
-43.096085 154.643707 92.336334 10.887935 171.418289 86.405495 -41.606285 166.453125 114.543045 44.094357 139.545013 95.183792               3199 
-43.076305 155.040298 92.272293 11.331455 170.929855 86.353470 -40.928268 166.002258 114.403717 44.097488 138.409470 94.527580               3217 
-43.116352 155.108841 91.809738 11.839679 170.212006 86.249832 -40.398285 165.203796 113.782486 44.240707 137.238419 94.054985               3235 
-42.633923 154.076202 91.001160 12.658872 169.175003 85.877380 -39.655743 163.828568 112.786354 45.106777 136.246094 93.827225               3253 
-41.549271 152.470963 91.337395 13.788921 168.558640 86.101288 -38.272820 162.063385 112.425064 46.943546 136.422684 94.373589               3271 
-40.846546 151.493515 91.437004 14.809187 167.826035 85.979088 -36.901337 160.525787 111.821198 48.305687 135.923706 93.915268               3289 
-40.096359 149.323578 91.850800 16.007364 165.211121 85.252327 -35.290672 158.537476 111.430923 49.630520 133.580292 93.721710               3308 
-35.119354 146.019165 88.282837 19.740131 165.609833 86.074554 -34.734997 157.937241 110.901764 54.210232 135.958725 97.811607               3326 
-35.604725 146.175629 87.961494 19.443729 165.679428 86.086380 -36.216030 159.402847 111.625481 53.655689 136.031891 98.564346               3344 
-35.731846 145.909744 87.913208 19.440367 165.214874 86.059814 -36.687813 159.948959 111.575737 53.438622 135.559082 99.181053               3362 
-35.652306 145.479004 88.881363 19.921812 163.702881 86.070137 -35.978184 159.840439 112.383202 53.490292 133.389130 98.788132               3380 
-35.827835 145.244095 89.426918 20.158312 162.409927 85.935417 -35.662567 159.862396 112.023705 53.265701 131.583130 98.722275               3398 
-36.185341 146.195404 89.636902 20.299076 162.227448 85.974754 -35.421726 160.134323 111.529228 52.869514 130.460678 97.804115               3416 
-36.418564 146.732178 89.917984 20.364567 162.112213 85.931610 -35.291004 160.538269 111.411713 52.675163 129.892929 97.342979               3434 
-36.217945 146.540878 90.732132 20.634211 161.695313 86.123741 -34.908882 160.677460 111.727409 52.921021 129.506577 97.687622               3452 
-36.101570 146.891418 91.054420 21.071625 161.189911 86.366234 -34.483490 160.923141 111.534142 52.926647 128.484024 97.778610               3470 
-36.222973 147.192780 91.296814 21.209641 160.755814 86.471916 -34.283245 161.153870 111.536354 52.701786 127.599632 97.588181               3488 
-36.039761 147.879608 91.759972 21.698311 160.364639 86.542099 -33.609451 161.774612 111.736992 52.697247 126.587860 97.277031               3506 
-32.515266 147.387024 94.609871 26.017530 152.605515 85.641136 -26.921968 160.180618 114.400612 53.196682 114.950790 93.416718               3524 
-30.421116 148.489700 94.394341 28.315178 147.183365 85.078209 -23.211115 159.994247 114.459373 50.993652 106.346107 91.196541               3542 
-29.537863 146.920227 95.077400 29.191046 147.067520 85.203247 -22.417885 159.543900 114.577713 53.197636 107.177795 92.408974               3561 
-29.607079 149.391785 96.263153 29.196638 148.143295 85.681435 -22.587912 160.960297 113.774849 52.607716 107.831139 92.657692               3579 
-27.738146 148.317413 97.835075 30.859955 146.176468 85.562027 -20.156487 160.120636 114.726967 54.068054 105.735603 92.471214               3597 
-25.887648 147.356720 98.918961 32.559498 144.146698 85.303535 -17.673784 158.766739 115.644936 55.233849 103.217697 91.210815               3615 
-25.190790 145.905151 99.350952 33.367950 143.128922 85.414406 -16.769299 157.524002 116.337410 56.395218 102.315285 90.724472               3633 
-25.226429 143.149445 97.210556 33.961422 140.244919 84.656479 -16.252901 154.040695 115.587029 56.347237 98.803429 87.497757               3651 
-24.994972 142.258820 96.448105 34.514282 139.182724 84.204391 -15.207194 153.360107 115.648552 56.735661 97.599457 86.111359               3669 
-25.216248 141.991440 95.660721 34.695667 138.514252 83.695480 -14.729041 153.055603 115.307350 56.797134 96.819412 85.127411               3687 
-25.266460 141.800400 95.497063 34.923080 138.054245 83.523483 -13.824210 153.305054 115.923325 56.991154 96.331734 84.626610               3705 
-25.407108 141.807816 95.422127 35.060997 137.775269 83.419167 -13.364774 153.365631 116.080452 57.121506 96.015305 84.323219               3723 
-24.538433 140.343430 95.614937 36.155670 136.667786 83.266594 -11.799262 152.037552 116.694733 58.539063 95.071220 83.560760               3741 
-24.382515 139.262863 95.535027 36.642864 135.818542 83.200317 -10.530457 151.416519 117.672264 59.263920 94.321754 82.926666               3759 
-24.722687 138.840805 95.608788 36.686150 136.070465 83.620621 -10.114372 152.027939 118.343216 59.978794 94.946465 83.820267               3777 
-24.929638 138.571350 95.654411 36.785042 136.276413 84.075516 -9.912210 152.323639 118.749802 60.526546 95.382561 84.521469               3796 
-24.716589 137.875595 95.728119 37.077820 134.928329 83.684860 -8.494066 151.876587 119.355209 60.437267 93.812660 83.739830               3814 
-24.771616 137.042618 95.869141 37.164474 133.856354 83.708275 -7.850274 151.136368 119.882080 60.390491 92.636894 83.444626               3832 
-24.828655 137.933975 96.259697 37.206097 133.405136 83.915054 -7.368604 151.373413 120.268227 59.622623 91.743324 83.320381               3850 
-24.940878 138.770950 96.627350 37.211639 133.162582 83.990196 -7.129004 151.588654 120.237701 59.116241 91.204102 83.194710               3868 
-23.994114 138.983444 97.663551 37.911655 131.528717 83.636185 -5.648050 150.925293 120.023499 58.722416 89.027328 82.410187               3886 
-23.048700 138.251801 98.333664 38.612099 128.888580 82.978539 -4.076291 148.992432 119.742439 58.214481 85.821304 80.901535               3904 
-23.515284 139.644348 99.005646 38.345943 128.831345 83.154549 -4.501161 149.333527 119.491051 57.555588 85.582031 81.194038               3922 
-23.585781 140.384842 99.572685 38.512249 128.574493 83.132561 -4.580852 149.118652 119.176888 57.600010 85.243668 81.169548               3940 
-23.318079 140.744675 100.405754 38.604874 127.331314 82.580841 -3.992718 147.964569 119.209785 56.821377 83.683159 79.622002               3958 
