-28.297050 188.546417 17.416426 34.287579 181.813293 21.180077 -27.354336 182.155853 28.071739 58.647263 149.395905 47.445618                  0 
-28.167656 187.537216 10.855861 33.980976 178.962570 17.660492 -28.034727 181.227142 21.382181 56.098907 143.465179 41.794395                  8 
-29.063353 186.661926 4.738891 33.196552 180.020599 13.223866 -29.046322 180.925812 15.622211 55.999889 143.681839 35.387253                 17 
-29.896183 185.279724 -2.045407 32.204266 180.016312 8.713148 -30.262056 180.768829 9.795411 55.184250 143.508118 30.354319                 27 
-31.512005 184.519287 -8.645514 31.068010 182.168900 3.371508 -31.465549 180.100449 4.036120 55.792999 146.844467 25.053925                 36 
-33.722401 185.091995 -15.610457 29.901234 184.002579 -1.607441 -32.584892 179.891647 -1.423447 55.690510 149.883682 20.700359                 45 
-35.767204 185.545181 -22.729143 28.993464 185.190872 -6.067021 -33.380684 179.354752 -6.803620 55.411610 152.157501 17.121378                 54 
-37.514202 185.550812 -29.385733 28.060888 186.569504 -10.914778 -34.302265 179.524094 -11.929365 54.796478 155.440308 14.394548                 63 
-38.941589 185.813934 -35.747505 27.228891 188.250961 -15.863804 -35.228119 179.923950 -16.971483 54.236057 158.882599 11.200814                 72 
-40.404827 185.594116 -41.797852 26.131294 189.425735 -21.012255 -36.486454 179.964767 -21.975691 53.365116 161.534790 7.313583                 81 
-41.258736 185.329956 -47.234997 25.474361 190.546097 -25.716351 -37.297718 179.897995 -26.574678 52.892479 163.970505 3.676243                 90 
-40.134872 183.202271 -51.915089 26.154495 192.671814 -29.433029 -36.470901 179.023590 -30.315683 53.874710 169.744614 2.589339                 99 
-40.359703 181.705582 -57.379353 25.394279 192.335144 -33.171230 -37.368439 177.564011 -35.155884 52.477150 170.435471 0.091687                108 
-40.706200 180.937927 -61.757896 25.070869 192.212463 -36.763111 -37.874989 176.839951 -38.840061 51.853088 171.232712 -2.709878                117 
-42.947838 187.699295 -76.172646 25.381634 192.537430 -37.441414 -37.962135 173.912064 -38.883869 53.461739 172.491241 -3.874785                126 
-44.648449 189.446075 -84.078888 24.924320 192.512833 -38.688305 -38.689613 171.912888 -40.557201 53.345989 173.054184 -5.099727                135 
-45.667641 188.010529 -89.590942 24.063578 192.182053 -41.028297 -39.009525 168.914795 -43.562744 52.888016 173.832642 -7.159820                144 
-46.608299 185.036362 -93.992859 23.076408 191.638550 -43.742893 -39.211735 165.960922 -46.209515 52.252026 175.103104 -9.282060                154 
-47.229748 182.710342 -96.880318 22.471460 191.475708 -45.894459 -39.184479 164.139328 -47.878922 51.931625 176.561920 -10.939282                162 
-47.804165 180.721115 -99.591957 21.784338 191.304703 -48.105679 -39.276482 162.393448 -49.902214 51.454056 177.553711 -12.886800                171 
-49.026157 175.660995 -105.675247 19.493868 189.851913 -53.160877 -40.487072 158.311737 -55.156101 49.149807 178.012909 -17.242706                198 
-49.490982 173.687149 -106.622360 18.926521 189.260590 -54.233646 -40.649033 156.786392 -55.838013 48.769253 178.186768 -18.260052                207 
-50.073151 169.487946 -109.590691 16.988701 186.643158 -55.235287 -40.400066 150.388611 -58.459385 47.095558 176.488220 -19.210684                216 
-51.311867 167.408554 -111.462173 15.780884 185.562958 -56.870567 -41.430195 148.645676 -59.171642 45.879150 176.591827 -20.559433                226 
-52.312401 164.356064 -113.005516 14.610317 184.811905 -58.541996 -41.701500 146.338226 -59.753448 44.953411 177.565292 -22.049963                234 
-52.644661 154.976120 -112.461983 14.248393 184.755417 -61.813225 -41.082199 145.379608 -56.519131 44.447765 184.683456 -24.524530                244 
-54.670048 153.827942 -113.034027 13.197363 184.193100 -63.641899 -41.759380 144.412262 -56.854580 43.938431 184.933502 -26.805878                253 
-55.660423 148.166656 -113.324760 11.930762 183.013290 -66.083054 -42.453400 143.387726 -55.986488 42.219482 187.791046 -29.207714                262 
-57.383957 145.617615 -114.118179 10.772905 181.205322 -67.820633 -42.945412 141.327454 -56.240063 41.355972 187.219223 -31.371590                271 
-60.379990 141.680847 -113.943810 9.081778 178.543365 -70.213043 -43.982098 139.216354 -55.496067 40.424213 186.512405 -34.833088                280 
-61.949375 138.958267 -114.336960 7.910992 177.221802 -72.060875 -44.278355 137.774658 -55.400539 39.598793 186.792511 -37.392727                289 
-62.630928 138.794876 -115.451851 7.237574 176.878403 -72.744560 -44.263847 136.546722 -56.174908 39.084702 186.401825 -38.244801                298 
-63.395966 138.756470 -116.114471 6.835737 176.046524 -73.060509 -44.701019 135.884552 -56.378769 38.833694 185.436859 -38.663994                307 
-63.814388 137.337860 -116.720894 6.246123 174.807159 -73.315201 -44.636417 133.847183 -56.695759 38.289089 184.361450 -39.041222                316 
-63.946575 136.040176 -117.073021 5.874592 173.955811 -73.429070 -44.259483 132.144379 -56.758381 37.950165 183.858002 -39.284573                325 
-63.777992 133.793671 -117.638779 5.238772 173.474503 -74.069443 -43.814983 130.570847 -57.027840 37.071404 184.462158 -40.065445                334 
-64.331070 133.168289 -118.996223 4.445128 172.676193 -74.701309 -44.030113 128.888672 -58.325329 36.251595 183.472549 -40.611652                343 
-64.400871 132.094025 -120.578720 3.768410 171.912613 -75.475075 -44.281433 127.448029 -59.676723 35.306511 182.844986 -41.215405                352 
-64.206215 129.024429 -122.601257 2.748420 170.452866 -76.928047 -44.505959 125.145584 -61.217583 33.824314 182.387207 -42.580498                361 
-64.453682 126.744255 -123.607346 1.887388 169.488861 -78.108696 -44.617496 123.640656 -62.278946 32.874100 182.169785 -43.984089                370 
-64.024628 125.948082 -124.987259 1.603366 169.145294 -78.787361 -44.720798 123.057243 -63.614513 32.260902 182.046616 -44.448708                379 
-63.816315 125.879944 -125.867149 1.513061 169.052612 -79.130333 -44.791847 122.894730 -64.556358 31.970421 181.909988 -44.632690                388 
-63.740536 125.977272 -126.414207 1.537701 169.002289 -79.358955 -44.810974 122.924492 -65.359222 31.849134 181.769928 -44.699833                398 
-63.783764 126.235481 -126.858322 1.517463 168.998459 -79.510757 -44.842308 122.937317 -66.093605 31.720701 181.563507 -44.718304                406 
-63.737984 126.442810 -127.398026 1.534700 169.000580 -79.743217 -44.853806 122.952065 -67.095703 31.556328 181.338684 -44.713177                416 
-63.200733 126.091606 -128.093903 1.673429 168.876297 -80.065544 -44.694790 122.989281 -68.124710 31.328125 181.323685 -44.796947                424 
-62.809494 126.104492 -128.726868 1.801672 168.857605 -80.300621 -44.501369 123.180809 -69.146637 31.207249 181.296249 -44.820984                433 
-61.281761 123.633659 -129.000854 2.350164 168.116806 -80.822845 -43.840809 123.080612 -69.685959 30.943838 181.881027 -45.203419                443 
-59.960743 121.270004 -129.197083 2.714832 167.544540 -81.444656 -43.077579 123.220932 -70.750008 30.578279 182.657593 -45.793297                451 
-59.054810 119.250999 -129.056915 2.899321 167.098999 -81.898613 -42.330647 123.328697 -71.724457 30.240921 183.350052 -46.377914                460 
-59.703724 120.346756 -129.203156 2.749929 167.555176 -81.997246 -42.048809 123.905258 -72.793228 30.339775 183.375900 -46.474236                469 
-59.798901 120.353111 -129.140503 2.760826 167.549957 -82.005096 -41.711540 124.076057 -73.443962 30.319115 183.378967 -46.495270                478 
-59.635509 119.318062 -129.364655 2.635248 167.053650 -82.374199 -41.590126 123.732307 -74.257751 29.947121 183.208725 -46.820866                488 
-59.821709 119.911263 -130.045502 2.541848 167.113342 -82.663490 -41.554993 123.942314 -75.613358 29.768806 182.808121 -46.873573                497 
-61.838600 123.262360 -130.462173 1.660396 168.969894 -83.138306 -41.244053 124.538857 -76.997482 30.096630 183.050156 -47.618198                506 
-61.488007 125.596230 -132.919815 1.882431 169.342880 -83.622696 -41.368305 125.060356 -79.462708 30.026005 182.015076 -47.380535                515 
-61.790298 125.932945 -133.152023 1.898748 169.177017 -83.830002 -41.595020 125.174660 -79.909935 30.117838 181.535095 -47.538120                524 
-61.996494 125.522240 -133.241592 1.851396 168.892441 -84.257751 -41.801403 125.104660 -80.035690 30.140116 181.396530 -48.071960                533 
-62.259499 127.988335 -134.217896 1.937110 170.183289 -84.686913 -41.666550 126.289047 -81.207367 30.517082 181.797836 -48.433594                542 
-62.021828 129.042740 -135.417725 2.356675 170.154602 -85.234322 -42.047592 127.097412 -82.235863 30.736164 181.308731 -48.680180                551 
-61.547676 126.015121 -134.980270 2.426629 169.231766 -86.114388 -42.024048 126.390709 -81.698418 30.555265 181.887848 -49.856709                560 
-60.879536 126.585869 -135.566162 3.042101 169.576309 -86.475403 -41.563824 127.005562 -82.354362 31.077969 182.123718 -50.108273                569 
-62.797794 127.613022 -138.941498 2.382799 167.852997 -89.215492 -43.399921 126.687698 -85.897453 30.759605 178.980423 -52.651127                578 
-63.285336 125.200142 -137.021179 2.282203 167.722641 -89.781128 -42.595074 126.542747 -84.953064 31.093456 180.420746 -54.078392                587 
-62.924438 123.848770 -136.414902 2.457221 167.716812 -90.173225 -41.909859 126.955902 -85.285606 31.228697 181.352646 -54.785629                596 
-60.824505 119.574577 -135.731903 2.850249 167.772964 -91.475723 -40.322136 126.595627 -85.423058 30.912020 184.145752 -56.683704                605 
-60.360226 125.435074 -141.037537 3.342220 170.119354 -93.282104 -39.646629 128.923950 -90.772659 31.412182 183.848114 -57.370907                614 
-59.576790 129.201065 -145.331726 4.001411 171.468445 -95.265442 -39.110306 130.718155 -94.979286 31.873800 183.629471 -58.642300                623 
-58.834778 133.468063 -149.771881 4.575968 172.899872 -97.215240 -38.991081 133.037201 -99.049507 32.072071 183.507019 -59.832512                632 
-59.275040 134.426514 -151.232712 4.701080 173.154602 -98.814812 -38.893894 133.950623 -100.676437 32.380901 183.684952 -61.546127                642 
-58.449581 133.463837 -151.550461 5.061044 173.472733 -99.512566 -37.965729 133.823471 -100.967163 32.642574 184.807785 -62.407429                650 
-57.341225 134.120483 -153.098190 5.670492 174.336823 -100.600426 -36.949020 134.359879 -102.386009 33.082073 185.741974 -63.390976                659 
-57.143696 134.448135 -155.155670 5.853801 174.866333 -102.806595 -36.472775 134.739578 -104.565933 33.376186 186.344269 -65.701462                668 
-42.392040 127.113708 -122.082054 6.342185 176.786865 -105.760025 -35.223167 136.018814 -108.431938 33.643833 187.984879 -68.407104                677 
-35.963726 124.050789 -107.812958 6.962951 176.416534 -106.752289 -34.428341 135.561722 -108.703537 33.826340 188.836060 -69.467857                687 
-34.468513 124.520447 -106.353844 7.418800 177.163940 -107.458855 -34.184174 136.810516 -110.766197 34.405300 188.201294 -69.830124                696 
-33.495270 124.709801 -105.555229 7.845746 177.481033 -108.015709 -33.708199 137.287186 -111.513397 34.866440 188.403625 -70.378036                704 
-31.796257 122.726044 -104.911606 8.031549 176.493759 -110.648392 -32.253693 135.180420 -112.327629 33.755589 190.974838 -73.304207                713 
-32.666027 124.195908 -111.284920 8.481986 177.436127 -113.483482 -32.442173 137.193237 -118.176971 33.387550 189.820023 -74.852303                723 
-32.523186 124.597260 -114.530563 8.990450 177.699005 -115.089371 -31.980436 137.854813 -121.259674 33.201656 189.395203 -75.807922                732 
-30.892929 121.397079 -113.400803 9.245284 175.478394 -117.221870 -30.546217 134.389709 -121.394951 31.749685 191.244797 -78.350441                741 
-30.222746 121.062881 -115.255348 9.587720 175.458374 -118.634529 -29.993135 134.414246 -123.509811 31.211159 191.676117 -79.449997                750 
-31.189529 123.001564 -122.012321 9.549964 176.841919 -121.331085 -30.669483 137.096069 -129.405228 31.184647 189.923141 -80.997009                759 
-31.623802 124.079697 -125.479797 9.531878 177.560822 -122.581154 -30.957663 138.553146 -132.326813 31.248676 188.838898 -81.749779                768 
-31.849796 124.342453 -126.137581 9.611724 177.597824 -122.915863 -31.046473 138.945923 -132.955521 31.388416 188.533554 -82.023308                777 
-31.594198 124.419540 -126.910278 9.605324 177.880341 -123.426025 -31.010319 139.313614 -133.726257 31.408520 188.682236 -82.512024                786 
-31.544138 125.020752 -128.190781 9.714933 178.370926 -123.771973 -30.960958 140.130890 -134.807022 31.519213 188.440140 -82.672096                795 
-32.053173 126.521965 -131.477814 9.533256 179.401840 -124.937767 -31.462605 141.985519 -137.395340 31.821318 187.373581 -83.637527                804 
-32.487129 127.772743 -133.831009 9.385951 180.195145 -125.822754 -31.832575 143.446335 -139.285385 32.018463 186.632767 -84.442299                813 
-33.811722 127.737610 -133.954712 8.457323 179.986435 -127.137703 -32.981167 143.366623 -139.563278 32.219372 186.352432 -86.384117                822 
-34.683907 127.718155 -134.064835 7.830869 179.831131 -128.028793 -33.618404 143.284058 -139.839081 32.309441 186.122498 -87.689804                831 
-35.666164 127.863625 -135.538055 6.833797 179.892044 -129.714447 -34.450932 143.413055 -141.404831 31.797993 185.826721 -89.619759                840 
-36.659607 129.415985 -140.114639 6.347085 180.545593 -131.560303 -34.567734 144.913162 -145.504044 30.862490 184.344910 -90.933022                849 
-37.291603 130.386932 -142.567764 6.002703 180.915726 -132.509995 -34.167774 145.463211 -147.747177 30.210377 183.504395 -91.603966                858 
-37.576290 130.808807 -142.875122 5.877866 180.931854 -132.722794 -33.507454 145.274109 -148.427734 29.838585 183.209076 -91.653175                867 
-37.693989 131.142929 -142.883850 5.796053 180.963074 -132.833588 -33.109592 145.209824 -148.818939 29.625515 182.997574 -91.674950                876 
-38.389557 132.014481 -143.788696 5.529930 181.123032 -133.254730 -33.007790 145.614960 -149.925140 29.187706 182.360718 -91.965584                885 
-38.869316 132.821121 -144.673431 5.488748 181.223251 -133.506332 -32.708138 145.937439 -150.906311 28.841442 181.712250 -92.028290                894 
-39.180744 133.381470 -145.264801 5.460324 181.292435 -133.679993 -32.350662 145.915314 -151.520233 28.592798 181.267593 -92.075859                903 
-39.400841 134.042725 -146.111664 5.632795 181.328979 -133.926956 -32.623135 145.397278 -151.787125 28.405975 180.719574 -92.129517                912 
-40.004623 134.242996 -146.739807 5.275432 181.167679 -134.408051 -33.346527 144.740204 -152.098251 27.767082 180.405243 -92.460938                921 
-40.560638 134.306702 -147.220215 4.806106 181.053040 -134.811249 -33.894451 144.248108 -152.446991 27.091677 180.236984 -92.755302                930 
-40.922249 134.165436 -147.656403 4.396703 180.895004 -135.256165 -34.245155 143.963669 -152.949570 26.457064 180.197601 -93.079514                940 
-34.658665 138.513550 -138.484467 4.136885 180.794708 -135.538513 -34.514366 143.805191 -153.268768 26.054245 180.173248 -93.286194                949 
-30.695929 140.622986 -132.769760 3.978477 180.694168 -135.603867 -35.002136 143.378738 -152.791931 26.196938 180.433151 -93.505325                958 
-28.229357 140.346451 -129.755066 3.516527 180.215851 -135.875214 -35.321167 142.172958 -152.033752 26.234404 181.238556 -94.055748                967 
-27.157162 139.099670 -130.323441 2.046746 179.963409 -136.608704 -35.807281 141.181564 -153.421173 25.419664 180.594421 -95.143967                976 
-26.951406 138.054855 -131.217407 0.342605 179.835266 -137.046692 -36.562016 140.571640 -154.628220 24.659056 179.624374 -96.123817                985 
-26.562086 137.482849 -131.763763 -0.058564 179.551971 -137.387833 -36.645733 140.239120 -155.382950 24.622257 178.921783 -96.688011                994 
-26.305620 137.238358 -131.995071 -0.200858 179.408432 -137.558151 -36.685253 140.135788 -155.776627 24.631474 178.578522 -96.954185               1003 
-26.128698 137.092255 -132.123886 -0.291840 179.316650 -137.667053 -36.726429 140.130737 -156.059555 24.638689 178.360825 -97.126076               1012 
-25.980553 136.977753 -132.221146 -0.365577 179.242264 -137.755310 -36.732590 140.152023 -156.307770 24.645271 178.185440 -97.266350               1021 
-25.644258 136.757019 -132.537811 -0.138114 179.035263 -137.899185 -36.727818 140.259109 -156.687378 24.830706 177.777771 -97.390015               1030 
-25.685249 135.705139 -132.914688 -0.307924 177.984177 -138.032242 -36.906078 139.495026 -157.255508 24.495308 176.505005 -97.428955               1039 
-25.493675 134.833328 -135.566208 -0.618007 177.500565 -138.791794 -36.560688 139.548080 -160.092346 23.456118 174.824860 -97.812622               1048 
-25.335985 134.337601 -137.185318 -0.809659 177.201660 -139.261246 -36.379520 139.635071 -161.805267 22.832926 173.765839 -98.087975               1057 
-25.881859 134.381744 -139.707047 -0.844465 176.933243 -139.663681 -36.658588 140.916245 -164.266647 22.245167 171.352005 -98.411598               1066 
-26.226257 134.472153 -141.427444 -0.868443 176.748337 -139.940933 -36.880108 141.839661 -165.895630 21.829206 169.684296 -98.698578               1076 
-28.285267 135.102707 -146.655197 -1.292662 175.848984 -140.364929 -38.049362 145.346375 -170.519608 20.016855 163.653656 -99.582649               1084 
-29.401159 135.240860 -148.733093 -1.723092 175.038681 -140.093765 -38.590134 146.805206 -172.269913 18.653116 160.416336 -99.633743               1093 
-30.143198 135.170380 -149.865463 -1.873466 174.179825 -139.845093 -38.873802 147.534042 -173.211777 17.760675 158.041870 -99.594841               1102 
-30.389164 135.535538 -151.417130 -1.875525 173.974991 -140.120758 -38.567432 148.459839 -174.700394 16.820503 156.764236 -99.868256               1111 
-30.660275 135.605316 -152.075806 -1.963962 173.668732 -140.109253 -38.368320 148.728745 -175.395432 16.075409 155.905212 -99.797295               1120 
-30.855623 135.661591 -152.580978 -2.032749 173.430511 -140.100311 -38.179695 148.908310 -175.929672 15.492045 155.243637 -99.750153               1129 
-30.994661 135.705948 -152.960373 -2.085629 173.247375 -140.093430 -38.091812 149.107712 -176.323486 15.041539 154.739120 -99.718689               1139 
-31.085649 135.737564 -153.219849 -2.122731 173.118896 -140.088608 -38.026958 149.243210 -176.598602 14.724483 154.387299 -99.699074               1148 
-31.461437 135.470810 -152.864014 -2.266249 172.614059 -139.647003 -38.307793 149.100906 -176.263336 14.260214 153.746048 -99.188522               1156 
-31.993471 135.305176 -152.976501 -2.114548 171.351303 -138.389297 -37.978970 149.668488 -176.345825 12.094181 151.726700 -97.413666               1165 
-31.548788 135.481140 -153.711182 -1.045483 170.306549 -137.589905 -37.059452 151.068085 -176.755295 10.722394 149.859222 -96.244530               1174 
-31.243265 135.571823 -154.098145 -0.473238 169.747314 -137.162003 -36.573292 151.932007 -176.944855 9.968013 148.909027 -95.655830               1183 
-31.061668 135.616974 -154.288879 -0.173133 169.454041 -136.937592 -36.288822 152.411346 -177.036285 9.568480 148.424957 -95.357620               1192 
-30.940538 135.643661 -154.397003 0.012527 169.272598 -136.798767 -36.142010 152.774780 -177.070877 9.320286 148.130447 -95.176765               1202 
-31.555277 137.770660 -155.640335 0.830564 168.738785 -135.902893 -35.081581 156.081558 -177.739197 7.658067 145.457672 -94.946930               1211 
-31.830328 137.437576 -154.428696 1.043697 168.404373 -135.546509 -35.360184 155.407944 -176.837463 7.968533 145.790558 -94.234558               1220 
-31.705400 137.563354 -154.596878 1.155161 168.397614 -135.507004 -35.081692 155.626526 -177.003754 7.803338 145.680069 -94.206505               1229 
-31.643976 137.129776 -154.339005 0.979249 168.381088 -135.550293 -35.348938 155.166641 -176.808334 8.050828 145.906540 -94.187233               1238 
-31.675230 135.700089 -153.564682 0.239176 168.158310 -135.653946 -36.454403 153.584106 -176.085678 8.794956 146.282410 -94.250320               1247 
-31.649202 134.671249 -152.998474 -0.296184 167.997147 -135.728912 -37.204342 152.442001 -175.540955 9.315753 146.602020 -94.305794               1256 
-31.608673 134.000397 -152.620926 -0.647358 167.891434 -135.778091 -37.702953 151.731369 -175.167465 9.647663 146.832687 -94.346733               1265 
-31.662998 133.569717 -152.361267 -0.913491 167.800873 -135.847321 -38.152679 151.306778 -174.880066 9.906529 146.936615 -94.451355               1274 
-31.697657 133.241272 -152.159622 -1.116901 167.731659 -135.900223 -38.493614 150.997223 -174.656143 10.102020 147.020782 -94.533432               1283 
-31.719309 132.995407 -152.005417 -1.269463 167.679749 -135.939911 -38.742252 150.770477 -174.486603 10.247218 147.086578 -94.596191               1292 
-31.732792 132.811188 -151.887146 -1.383984 167.640793 -135.969696 -38.929726 150.607056 -174.356796 10.355373 147.137436 -94.643959               1301 
-32.124992 132.383026 -151.463257 -1.727495 167.455841 -136.210876 -39.783672 150.088043 -173.897797 10.794127 147.209747 -94.988068               1310 
-32.416416 132.051361 -151.133926 -1.993918 167.312408 -136.397949 -40.143375 149.652527 -173.578949 11.132174 147.267380 -95.265007               1319 
-33.074936 131.510223 -150.233124 -2.692092 167.204453 -136.530197 -39.946342 148.476318 -173.023727 11.613957 147.640060 -95.559631               1346 
-33.225124 131.381607 -150.017822 -2.858563 167.178711 -136.561737 -39.876198 148.180420 -172.897583 11.727410 147.730270 -95.634682               1355 
-32.252384 131.067062 -149.763855 -2.316225 167.213898 -136.302094 -38.804913 147.687683 -172.792969 12.206712 148.092194 -95.199059               1364 
-31.416140 130.802063 -149.542343 -1.851277 167.244080 -136.079514 -37.977921 147.282761 -172.684219 12.612065 148.401840 -94.826675               1374 
-31.373014 130.970383 -148.626999 -1.681214 167.537079 -135.819778 -37.634800 147.055389 -171.996368 13.313735 149.017868 -94.610481               1383 
-31.143141 130.659332 -147.579514 -1.568840 167.613480 -135.666077 -37.277710 146.258408 -171.346146 13.976586 149.838898 -94.333046               1391 
-30.705179 130.209213 -146.432190 -1.443517 167.692337 -135.460968 -37.156406 145.351395 -170.470139 14.711926 150.806976 -93.989265               1401 
-29.828024 129.612274 -144.172287 -1.330566 168.194901 -135.208481 -37.156124 143.743423 -168.611160 16.197071 153.203537 -93.566475               1410 
-29.102543 129.209503 -142.342896 -1.280697 168.616119 -135.021530 -37.066185 142.478622 -167.095764 17.289957 155.209717 -93.291260               1418 
-28.207760 128.751663 -140.693924 -0.452027 168.369263 -134.362534 -36.078213 141.373444 -165.862869 17.949057 156.145752 -92.196175               1428 
-27.840723 129.301636 -138.016815 0.442927 168.899246 -134.610596 -35.731480 140.287079 -163.962006 19.015734 159.353241 -91.832794               1437 
-26.564550 129.749039 -136.011383 1.791074 169.421478 -134.960922 -35.510811 139.980911 -162.462006 20.019485 162.617706 -91.516136               1446 
-25.261099 130.152374 -133.671295 1.433187 170.945786 -135.053650 -35.928680 139.301727 -160.318481 20.521322 167.089798 -91.616447               1455 
-23.974445 130.343277 -131.611984 0.963579 172.090714 -135.270508 -36.476913 138.430130 -158.295776 20.696096 171.088348 -91.961861               1464 
-20.642511 130.135345 -127.217064 0.774977 172.946869 -135.104218 -35.484791 135.456421 -154.222260 21.796900 176.552444 -92.547264               1473 
-19.596334 140.586899 -130.087784 0.247241 184.585815 -131.751160 -36.256660 149.921005 -155.477997 23.021566 181.539703 -90.061028               1482 
-21.777065 150.795319 -127.843239 1.020303 193.274887 -126.046219 -38.986637 163.935822 -151.250549 25.691525 184.056534 -86.393112               1491 
-22.953024 156.576157 -119.987694 2.606453 197.478394 -120.470093 -40.136261 170.073563 -143.294250 28.211388 187.813416 -81.521515               1500 
-19.065702 156.448669 -112.806328 3.246590 199.259521 -112.820030 -38.284363 169.424759 -134.861176 31.380726 190.196609 -75.505829               1509 
-17.071146 156.638535 -105.458679 2.970282 200.604675 -107.591843 -37.844090 168.059235 -127.012863 33.168377 194.039001 -71.384354               1518 
-17.492290 158.068588 -100.563988 1.715494 202.514267 -103.812798 -39.126511 168.980988 -121.445442 33.330048 196.920197 -68.666786               1527 
-18.566397 159.452240 -92.106468 -0.154518 203.936356 -99.801697 -41.441608 168.649261 -112.239616 33.688473 201.439850 -66.418541               1536 
-19.797760 164.099106 -85.447899 -0.319042 208.292252 -93.504456 -43.593983 174.627777 -103.474174 35.863605 203.960342 -62.876587               1545 
-18.565676 165.570389 -75.013321 -0.448935 209.642105 -87.211662 -43.252773 174.324295 -92.378059 37.343079 208.482956 -58.290466               1554 
-35.127346 181.040527 -88.909065 5.177367 220.645859 -88.548302 -45.087170 189.736969 -94.286430 37.706745 211.720795 -54.959633               1563 
-44.344906 197.015045 -83.556396 8.797451 226.718430 -83.054230 -46.215420 201.340393 -84.480171 40.458164 211.554199 -50.903622               1572 
-46.381016 204.111938 -77.822639 10.491446 231.900070 -76.720543 -46.840336 207.868042 -77.586441 40.666775 216.043762 -43.493401               1581 
-46.689075 209.618713 -72.354973 12.797049 234.081833 -69.814781 -46.412804 212.662094 -70.348106 41.851437 217.107162 -36.144035               1590 
-48.648521 212.736511 -65.348015 13.293204 235.480377 -63.237850 -47.007961 215.977631 -62.153183 42.374432 217.821518 -29.944267               1600 
-50.439964 214.275131 -59.109760 12.858506 235.923386 -58.028915 -48.048599 217.607010 -55.087177 42.271374 218.453354 -24.927597               1609 
-51.510414 215.922653 -51.793720 12.286125 237.117630 -52.496746 -48.902042 219.382706 -47.367252 42.526497 219.752441 -20.093266               1618 
-51.377937 218.272720 -44.247810 12.926103 238.190964 -47.104565 -48.605202 221.801819 -39.592476 43.886280 220.509460 -15.563358               1626 
-52.238140 220.444626 -35.728569 12.264444 238.927429 -42.134159 -49.298302 224.145599 -31.154158 44.312889 221.555710 -11.521473               1635 
-50.518311 222.937943 -25.799011 14.148814 239.500412 -35.353771 -47.327240 226.739929 -21.482174 46.892380 222.745941 -5.135192               1645 
-49.847485 224.720078 -16.580744 14.325122 240.904160 -29.662504 -46.457806 228.613800 -12.517578 48.472351 224.627777 -0.765068               1654 
-50.343628 227.403946 -7.906888 13.513577 241.052261 -24.958677 -46.621975 231.153900 -4.204233 48.656029 224.369553 2.476911               1663 
-51.609844 228.750565 0.403612 11.350883 241.776917 -20.196379 -47.478844 231.306595 3.265666 47.785114 224.861267 5.346206               1672 
-52.714355 231.054749 8.435037 9.264899 243.102524 -15.534942 -48.292713 232.756180 10.447344 46.758595 226.063828 8.338087               1681 
-53.192112 231.153183 15.825237 7.557204 243.994110 -10.791159 -48.569550 232.266647 16.999676 46.250748 227.529602 11.519047               1690 
-53.474865 231.807678 22.555624 6.371909 245.044708 -5.895466 -48.692928 232.525040 22.974895 45.839474 229.124100 15.432016               1699 
-52.275024 231.175308 28.707035 6.914659 245.710388 -0.516000 -47.468071 231.963928 28.785538 46.978771 230.649658 20.318039               1708 
-51.703903 230.667007 32.927082 7.575328 246.143311 4.340348 -46.908058 231.662933 32.871044 47.624557 231.437897 25.454935               1717 
-44.275043 225.217041 45.259430 6.299448 245.812302 8.525242 -45.075184 227.989273 40.938465 48.546207 235.678299 27.981064               1726 
-39.233349 223.888107 56.248024 4.686244 244.489853 12.565197 -43.596405 226.408096 49.453251 48.392117 240.191193 30.931845               1735 
-34.957535 224.549561 63.330505 4.956586 243.232590 15.529647 -41.436256 226.200745 55.305229 49.226292 243.002365 33.026955               1744 
-28.476563 222.714127 72.360001 5.714733 240.709122 20.092009 -36.426575 223.407425 64.531967 50.876923 245.622330 34.313568               1753 
-22.767445 219.342651 79.792183 5.488399 237.930038 24.286993 -31.703653 219.258942 72.615547 51.098003 246.724625 34.700195               1762 
-18.086603 219.368210 87.236557 5.498893 235.089935 28.744566 -27.591234 218.256943 80.611641 51.213333 246.532288 35.473473               1771 
-18.298767 220.903427 90.770668 4.357077 233.521225 31.088900 -27.750280 219.264008 84.338181 50.044674 245.759521 36.463215               1780 
-18.373474 223.564697 94.513855 4.122933 231.676727 33.945957 -27.708614 221.172516 88.233215 49.593632 245.087372 38.257088               1789 
-18.377907 221.549271 96.933113 3.677920 229.064209 36.076447 -27.592751 218.729752 90.725174 48.686337 244.088303 39.888908               1798 
-2.549041 216.352173 108.685257 0.804566 223.626694 43.899502 -11.572601 210.848907 104.948914 41.343369 246.925613 34.967430               1807 
6.815573 217.510315 113.146141 1.675545 218.856491 47.883411 1.606405 208.434738 109.692566 35.539318 248.267624 31.938322               1816 
7.550066 217.235260 115.439484 1.453775 215.467697 50.092266 5.366042 206.668182 111.513397 31.790276 247.508347 32.228642               1825 
5.974526 214.638718 118.606277 -1.267429 214.824692 53.351879 3.971621 203.694412 114.064934 30.711718 245.354752 35.709156               1834 
10.310812 217.416138 122.789040 -0.605818 214.985657 58.091198 8.227826 205.977615 118.620522 31.172716 243.721649 37.345520               1844 
999.000000 999.000000 999.000000 999.000000 999.000000 999.000000 999.000000 999.000000 999.000000 999.000000 999.000000 999.000000             1853.0 
999.000000 999.000000 999.000000 999.000000 999.000000 999.000000 999.000000 999.000000 999.000000 999.000000 999.000000 999.000000             1861.0 
999.000000 999.000000 999.000000 999.000000 999.000000 999.000000 999.000000 999.000000 999.000000 999.000000 999.000000 999.000000             1870.0 
999.000000 999.000000 999.000000 999.000000 999.000000 999.000000 999.000000 999.000000 999.000000 999.000000 999.000000 999.000000             1880.0 
999.000000 999.000000 999.000000 999.000000 999.000000 999.000000 999.000000 999.000000 999.000000 999.000000 999.000000 999.000000             1889.0 
999.000000 999.000000 999.000000 999.000000 999.000000 999.000000 999.000000 999.000000 999.000000 999.000000 999.000000 999.000000             1898.0 
999.000000 999.000000 999.000000 999.000000 999.000000 999.000000 999.000000 999.000000 999.000000 999.000000 999.000000 999.000000             1907.0 
999.000000 999.000000 999.000000 999.000000 999.000000 999.000000 999.000000 999.000000 999.000000 999.000000 999.000000 999.000000             1916.0 
999.000000 999.000000 999.000000 999.000000 999.000000 999.000000 999.000000 999.000000 999.000000 999.000000 999.000000 999.000000             1925.0 
999.000000 999.000000 999.000000 999.000000 999.000000 999.000000 999.000000 999.000000 999.000000 999.000000 999.000000 999.000000             1934.0 
999.000000 999.000000 999.000000 999.000000 999.000000 999.000000 999.000000 999.000000 999.000000 999.000000 999.000000 999.000000             1943.0 
999.000000 999.000000 999.000000 999.000000 999.000000 999.000000 999.000000 999.000000 999.000000 999.000000 999.000000 999.000000             1952.0 
999.000000 999.000000 999.000000 999.000000 999.000000 999.000000 999.000000 999.000000 999.000000 999.000000 999.000000 999.000000             1961.0 
999.000000 999.000000 999.000000 999.000000 999.000000 999.000000 999.000000 999.000000 999.000000 999.000000 999.000000 999.000000             1970.0 
999.000000 999.000000 999.000000 999.000000 999.000000 999.000000 999.000000 999.000000 999.000000 999.000000 999.000000 999.000000             1979.0 
999.000000 999.000000 999.000000 999.000000 999.000000 999.000000 999.000000 999.000000 999.000000 999.000000 999.000000 999.000000             1988.0 
999.000000 999.000000 999.000000 999.000000 999.000000 999.000000 999.000000 999.000000 999.000000 999.000000 999.000000 999.000000             1997.0 
999.000000 999.000000 999.000000 999.000000 999.000000 999.000000 999.000000 999.000000 999.000000 999.000000 999.000000 999.000000             2006.0 
999.000000 999.000000 999.000000 999.000000 999.000000 999.000000 999.000000 999.000000 999.000000 999.000000 999.000000 999.000000             2015.0 
999.000000 999.000000 999.000000 999.000000 999.000000 999.000000 999.000000 999.000000 999.000000 999.000000 999.000000 999.000000             2024.0 
999.000000 999.000000 999.000000 999.000000 999.000000 999.000000 999.000000 999.000000 999.000000 999.000000 999.000000 999.000000             2033.0 
999.000000 999.000000 999.000000 999.000000 999.000000 999.000000 999.000000 999.000000 999.000000 999.000000 999.000000 999.000000             2042.0 
999.000000 999.000000 999.000000 999.000000 999.000000 999.000000 999.000000 999.000000 999.000000 999.000000 999.000000 999.000000             2051.0 
999.000000 999.000000 999.000000 999.000000 999.000000 999.000000 999.000000 999.000000 999.000000 999.000000 999.000000 999.000000             2060.0 
999.000000 999.000000 999.000000 999.000000 999.000000 999.000000 999.000000 999.000000 999.000000 999.000000 999.000000 999.000000             2069.0 
999.000000 999.000000 999.000000 999.000000 999.000000 999.000000 999.000000 999.000000 999.000000 999.000000 999.000000 999.000000             2078.0 
999.000000 999.000000 999.000000 999.000000 999.000000 999.000000 999.000000 999.000000 999.000000 999.000000 999.000000 999.000000             2087.0 
999.000000 999.000000 999.000000 999.000000 999.000000 999.000000 999.000000 999.000000 999.000000 999.000000 999.000000 999.000000             2096.0 
999.000000 999.000000 999.000000 999.000000 999.000000 999.000000 999.000000 999.000000 999.000000 999.000000 999.000000 999.000000             2105.0 
999.000000 999.000000 999.000000 999.000000 999.000000 999.000000 999.000000 999.000000 999.000000 999.000000 999.000000 999.000000             2115.0 
999.000000 999.000000 999.000000 999.000000 999.000000 999.000000 999.000000 999.000000 999.000000 999.000000 999.000000 999.000000             2123.0 
999.000000 999.000000 999.000000 999.000000 999.000000 999.000000 999.000000 999.000000 999.000000 999.000000 999.000000 999.000000             2133.0 
999.000000 999.000000 999.000000 999.000000 999.000000 999.000000 999.000000 999.000000 999.000000 999.000000 999.000000 999.000000             2142.0 
999.000000 999.000000 999.000000 999.000000 999.000000 999.000000 999.000000 999.000000 999.000000 999.000000 999.000000 999.000000             2151.0 
999.000000 999.000000 999.000000 999.000000 999.000000 999.000000 999.000000 999.000000 999.000000 999.000000 999.000000 999.000000             2160.0 
999.000000 999.000000 999.000000 999.000000 999.000000 999.000000 999.000000 999.000000 999.000000 999.000000 999.000000 999.000000             2169.0 
999.000000 999.000000 999.000000 999.000000 999.000000 999.000000 999.000000 999.000000 999.000000 999.000000 999.000000 999.000000             2178.0 
999.000000 999.000000 999.000000 999.000000 999.000000 999.000000 999.000000 999.000000 999.000000 999.000000 999.000000 999.000000             2187.0 
999.000000 999.000000 999.000000 999.000000 999.000000 999.000000 999.000000 999.000000 999.000000 999.000000 999.000000 999.000000             2196.0 
999.000000 999.000000 999.000000 999.000000 999.000000 999.000000 999.000000 999.000000 999.000000 999.000000 999.000000 999.000000             2205.0 
999.000000 999.000000 999.000000 999.000000 999.000000 999.000000 999.000000 999.000000 999.000000 999.000000 999.000000 999.000000             2214.0 
999.000000 999.000000 999.000000 999.000000 999.000000 999.000000 999.000000 999.000000 999.000000 999.000000 999.000000 999.000000             2223.0 
999.000000 999.000000 999.000000 999.000000 999.000000 999.000000 999.000000 999.000000 999.000000 999.000000 999.000000 999.000000             2232.0 
999.000000 999.000000 999.000000 999.000000 999.000000 999.000000 999.000000 999.000000 999.000000 999.000000 999.000000 999.000000             2241.0 
999.000000 999.000000 999.000000 999.000000 999.000000 999.000000 999.000000 999.000000 999.000000 999.000000 999.000000 999.000000             2250.0 
999.000000 999.000000 999.000000 999.000000 999.000000 999.000000 999.000000 999.000000 999.000000 999.000000 999.000000 999.000000             2259.0 
999.000000 999.000000 999.000000 999.000000 999.000000 999.000000 999.000000 999.000000 999.000000 999.000000 999.000000 999.000000             2268.0 
999.000000 999.000000 999.000000 999.000000 999.000000 999.000000 999.000000 999.000000 999.000000 999.000000 999.000000 999.000000             2277.0 
999.000000 999.000000 999.000000 999.000000 999.000000 999.000000 999.000000 999.000000 999.000000 999.000000 999.000000 999.000000             2286.0 
999.000000 999.000000 999.000000 999.000000 999.000000 999.000000 999.000000 999.000000 999.000000 999.000000 999.000000 999.000000             2295.0 
999.000000 999.000000 999.000000 999.000000 999.000000 999.000000 999.000000 999.000000 999.000000 999.000000 999.000000 999.000000             2304.0 
999.000000 999.000000 999.000000 999.000000 999.000000 999.000000 999.000000 999.000000 999.000000 999.000000 999.000000 999.000000             2313.0 
999.000000 999.000000 999.000000 999.000000 999.000000 999.000000 999.000000 999.000000 999.000000 999.000000 999.000000 999.000000             2322.0 
999.000000 999.000000 999.000000 999.000000 999.000000 999.000000 999.000000 999.000000 999.000000 999.000000 999.000000 999.000000             2331.0 
999.000000 999.000000 999.000000 999.000000 999.000000 999.000000 999.000000 999.000000 999.000000 999.000000 999.000000 999.000000             2340.0 
999.000000 999.000000 999.000000 999.000000 999.000000 999.000000 999.000000 999.000000 999.000000 999.000000 999.000000 999.000000             2350.0 
999.000000 999.000000 999.000000 999.000000 999.000000 999.000000 999.000000 999.000000 999.000000 999.000000 999.000000 999.000000             2359.0 
999.000000 999.000000 999.000000 999.000000 999.000000 999.000000 999.000000 999.000000 999.000000 999.000000 999.000000 999.000000             2367.0 
999.000000 999.000000 999.000000 999.000000 999.000000 999.000000 999.000000 999.000000 999.000000 999.000000 999.000000 999.000000             2377.0 
999.000000 999.000000 999.000000 999.000000 999.000000 999.000000 999.000000 999.000000 999.000000 999.000000 999.000000 999.000000             2386.0 
999.000000 999.000000 999.000000 999.000000 999.000000 999.000000 999.000000 999.000000 999.000000 999.000000 999.000000 999.000000             2395.0 
999.000000 999.000000 999.000000 999.000000 999.000000 999.000000 999.000000 999.000000 999.000000 999.000000 999.000000 999.000000             2404.0 
999.000000 999.000000 999.000000 999.000000 999.000000 999.000000 999.000000 999.000000 999.000000 999.000000 999.000000 999.000000             2413.0 
999.000000 999.000000 999.000000 999.000000 999.000000 999.000000 999.000000 999.000000 999.000000 999.000000 999.000000 999.000000             2422.0 
999.000000 999.000000 999.000000 999.000000 999.000000 999.000000 999.000000 999.000000 999.000000 999.000000 999.000000 999.000000             2431.0 
999.000000 999.000000 999.000000 999.000000 999.000000 999.000000 999.000000 999.000000 999.000000 999.000000 999.000000 999.000000             2440.0 
999.000000 999.000000 999.000000 999.000000 999.000000 999.000000 999.000000 999.000000 999.000000 999.000000 999.000000 999.000000             2449.0 
999.000000 999.000000 999.000000 999.000000 999.000000 999.000000 999.000000 999.000000 999.000000 999.000000 999.000000 999.000000             2458.0 
999.000000 999.000000 999.000000 999.000000 999.000000 999.000000 999.000000 999.000000 999.000000 999.000000 999.000000 999.000000             2467.0 
999.000000 999.000000 999.000000 999.000000 999.000000 999.000000 999.000000 999.000000 999.000000 999.000000 999.000000 999.000000             2494.0 
999.000000 999.000000 999.000000 999.000000 999.000000 999.000000 999.000000 999.000000 999.000000 999.000000 999.000000 999.000000             2503.0 
999.000000 999.000000 999.000000 999.000000 999.000000 999.000000 999.000000 999.000000 999.000000 999.000000 999.000000 999.000000             2512.0 
999.000000 999.000000 999.000000 999.000000 999.000000 999.000000 999.000000 999.000000 999.000000 999.000000 999.000000 999.000000             2521.0 
999.000000 999.000000 999.000000 999.000000 999.000000 999.000000 999.000000 999.000000 999.000000 999.000000 999.000000 999.000000             2530.0 
999.000000 999.000000 999.000000 999.000000 999.000000 999.000000 999.000000 999.000000 999.000000 999.000000 999.000000 999.000000             2539.0 
999.000000 999.000000 999.000000 999.000000 999.000000 999.000000 999.000000 999.000000 999.000000 999.000000 999.000000 999.000000             2548.0 
999.000000 999.000000 999.000000 999.000000 999.000000 999.000000 999.000000 999.000000 999.000000 999.000000 999.000000 999.000000             2557.0 
999.000000 999.000000 999.000000 999.000000 999.000000 999.000000 999.000000 999.000000 999.000000 999.000000 999.000000 999.000000             2566.0 
999.000000 999.000000 999.000000 999.000000 999.000000 999.000000 999.000000 999.000000 999.000000 999.000000 999.000000 999.000000             2575.0 
999.000000 999.000000 999.000000 999.000000 999.000000 999.000000 999.000000 999.000000 999.000000 999.000000 999.000000 999.000000             2585.0 
999.000000 999.000000 999.000000 999.000000 999.000000 999.000000 999.000000 999.000000 999.000000 999.000000 999.000000 999.000000             2594.0 
999.000000 999.000000 999.000000 999.000000 999.000000 999.000000 999.000000 999.000000 999.000000 999.000000 999.000000 999.000000             2603.0 
999.000000 999.000000 999.000000 999.000000 999.000000 999.000000 999.000000 999.000000 999.000000 999.000000 999.000000 999.000000             2612.0 
999.000000 999.000000 999.000000 999.000000 999.000000 999.000000 999.000000 999.000000 999.000000 999.000000 999.000000 999.000000             2621.0 
999.000000 999.000000 999.000000 999.000000 999.000000 999.000000 999.000000 999.000000 999.000000 999.000000 999.000000 999.000000             2630.0 
999.000000 999.000000 999.000000 999.000000 999.000000 999.000000 999.000000 999.000000 999.000000 999.000000 999.000000 999.000000             2639.0 
999.000000 999.000000 999.000000 999.000000 999.000000 999.000000 999.000000 999.000000 999.000000 999.000000 999.000000 999.000000             2648.0 
999.000000 999.000000 999.000000 999.000000 999.000000 999.000000 999.000000 999.000000 999.000000 999.000000 999.000000 999.000000             2657.0 
999.000000 999.000000 999.000000 999.000000 999.000000 999.000000 999.000000 999.000000 999.000000 999.000000 999.000000 999.000000             2666.0 
999.000000 999.000000 999.000000 999.000000 999.000000 999.000000 999.000000 999.000000 999.000000 999.000000 999.000000 999.000000             2675.0 
999.000000 999.000000 999.000000 999.000000 999.000000 999.000000 999.000000 999.000000 999.000000 999.000000 999.000000 999.000000             2684.0 
999.000000 999.000000 999.000000 999.000000 999.000000 999.000000 999.000000 999.000000 999.000000 999.000000 999.000000 999.000000             2693.0 
999.000000 999.000000 999.000000 999.000000 999.000000 999.000000 999.000000 999.000000 999.000000 999.000000 999.000000 999.000000             2702.0 
999.000000 999.000000 999.000000 999.000000 999.000000 999.000000 999.000000 999.000000 999.000000 999.000000 999.000000 999.000000             2711.0 
999.000000 999.000000 999.000000 999.000000 999.000000 999.000000 999.000000 999.000000 999.000000 999.000000 999.000000 999.000000             2720.0 
999.000000 999.000000 999.000000 999.000000 999.000000 999.000000 999.000000 999.000000 999.000000 999.000000 999.000000 999.000000             2729.0 
999.000000 999.000000 999.000000 999.000000 999.000000 999.000000 999.000000 999.000000 999.000000 999.000000 999.000000 999.000000             2738.0 
999.000000 999.000000 999.000000 999.000000 999.000000 999.000000 999.000000 999.000000 999.000000 999.000000 999.000000 999.000000             2747.0 
999.000000 999.000000 999.000000 999.000000 999.000000 999.000000 999.000000 999.000000 999.000000 999.000000 999.000000 999.000000             2756.0 
999.000000 999.000000 999.000000 999.000000 999.000000 999.000000 999.000000 999.000000 999.000000 999.000000 999.000000 999.000000             2765.0 
999.000000 999.000000 999.000000 999.000000 999.000000 999.000000 999.000000 999.000000 999.000000 999.000000 999.000000 999.000000             2774.0 
999.000000 999.000000 999.000000 999.000000 999.000000 999.000000 999.000000 999.000000 999.000000 999.000000 999.000000 999.000000             2783.0 
999.000000 999.000000 999.000000 999.000000 999.000000 999.000000 999.000000 999.000000 999.000000 999.000000 999.000000 999.000000             2792.0 
999.000000 999.000000 999.000000 999.000000 999.000000 999.000000 999.000000 999.000000 999.000000 999.000000 999.000000 999.000000             2801.0 
999.000000 999.000000 999.000000 999.000000 999.000000 999.000000 999.000000 999.000000 999.000000 999.000000 999.000000 999.000000             2810.0 
999.000000 999.000000 999.000000 999.000000 999.000000 999.000000 999.000000 999.000000 999.000000 999.000000 999.000000 999.000000             2820.0 
999.000000 999.000000 999.000000 999.000000 999.000000 999.000000 999.000000 999.000000 999.000000 999.000000 999.000000 999.000000             2828.0 
999.000000 999.000000 999.000000 999.000000 999.000000 999.000000 999.000000 999.000000 999.000000 999.000000 999.000000 999.000000             2838.0 
999.000000 999.000000 999.000000 999.000000 999.000000 999.000000 999.000000 999.000000 999.000000 999.000000 999.000000 999.000000             2847.0 
999.000000 999.000000 999.000000 999.000000 999.000000 999.000000 999.000000 999.000000 999.000000 999.000000 999.000000 999.000000             2856.0 
999.000000 999.000000 999.000000 999.000000 999.000000 999.000000 999.000000 999.000000 999.000000 999.000000 999.000000 999.000000             2865.0 
999.000000 999.000000 999.000000 999.000000 999.000000 999.000000 999.000000 999.000000 999.000000 999.000000 999.000000 999.000000             2874.0 
999.000000 999.000000 999.000000 999.000000 999.000000 999.000000 999.000000 999.000000 999.000000 999.000000 999.000000 999.000000             2883.0 
999.000000 999.000000 999.000000 999.000000 999.000000 999.000000 999.000000 999.000000 999.000000 999.000000 999.000000 999.000000             2892.0 
999.000000 999.000000 999.000000 999.000000 999.000000 999.000000 999.000000 999.000000 999.000000 999.000000 999.000000 999.000000             2901.0 
999.000000 999.000000 999.000000 999.000000 999.000000 999.000000 999.000000 999.000000 999.000000 999.000000 999.000000 999.000000             2910.0 
999.000000 999.000000 999.000000 999.000000 999.000000 999.000000 999.000000 999.000000 999.000000 999.000000 999.000000 999.000000             2919.0 
999.000000 999.000000 999.000000 999.000000 999.000000 999.000000 999.000000 999.000000 999.000000 999.000000 999.000000 999.000000             2928.0 
999.000000 999.000000 999.000000 999.000000 999.000000 999.000000 999.000000 999.000000 999.000000 999.000000 999.000000 999.000000             2937.0 
999.000000 999.000000 999.000000 999.000000 999.000000 999.000000 999.000000 999.000000 999.000000 999.000000 999.000000 999.000000             2946.0 
999.000000 999.000000 999.000000 999.000000 999.000000 999.000000 999.000000 999.000000 999.000000 999.000000 999.000000 999.000000             2955.0 
999.000000 999.000000 999.000000 999.000000 999.000000 999.000000 999.000000 999.000000 999.000000 999.000000 999.000000 999.000000             2964.0 
999.000000 999.000000 999.000000 999.000000 999.000000 999.000000 999.000000 999.000000 999.000000 999.000000 999.000000 999.000000             2973.0 
999.000000 999.000000 999.000000 999.000000 999.000000 999.000000 999.000000 999.000000 999.000000 999.000000 999.000000 999.000000             2982.0 
999.000000 999.000000 999.000000 999.000000 999.000000 999.000000 999.000000 999.000000 999.000000 999.000000 999.000000 999.000000             2991.0 
999.000000 999.000000 999.000000 999.000000 999.000000 999.000000 999.000000 999.000000 999.000000 999.000000 999.000000 999.000000             3000.0 
999.000000 999.000000 999.000000 999.000000 999.000000 999.000000 999.000000 999.000000 999.000000 999.000000 999.000000 999.000000             3009.0 
999.000000 999.000000 999.000000 999.000000 999.000000 999.000000 999.000000 999.000000 999.000000 999.000000 999.000000 999.000000             3018.0 
999.000000 999.000000 999.000000 999.000000 999.000000 999.000000 999.000000 999.000000 999.000000 999.000000 999.000000 999.000000             3027.0 
999.000000 999.000000 999.000000 999.000000 999.000000 999.000000 999.000000 999.000000 999.000000 999.000000 999.000000 999.000000             3037.0 
999.000000 999.000000 999.000000 999.000000 999.000000 999.000000 999.000000 999.000000 999.000000 999.000000 999.000000 999.000000             3045.0 
999.000000 999.000000 999.000000 999.000000 999.000000 999.000000 999.000000 999.000000 999.000000 999.000000 999.000000 999.000000             3055.0 
999.000000 999.000000 999.000000 999.000000 999.000000 999.000000 999.000000 999.000000 999.000000 999.000000 999.000000 999.000000             3064.0 
999.000000 999.000000 999.000000 999.000000 999.000000 999.000000 999.000000 999.000000 999.000000 999.000000 999.000000 999.000000             3073.0 
999.000000 999.000000 999.000000 999.000000 999.000000 999.000000 999.000000 999.000000 999.000000 999.000000 999.000000 999.000000             3082.0 
999.000000 999.000000 999.000000 999.000000 999.000000 999.000000 999.000000 999.000000 999.000000 999.000000 999.000000 999.000000             3091.0 
999.000000 999.000000 999.000000 999.000000 999.000000 999.000000 999.000000 999.000000 999.000000 999.000000 999.000000 999.000000             3100.0 
999.000000 999.000000 999.000000 999.000000 999.000000 999.000000 999.000000 999.000000 999.000000 999.000000 999.000000 999.000000             3109.0 
999.000000 999.000000 999.000000 999.000000 999.000000 999.000000 999.000000 999.000000 999.000000 999.000000 999.000000 999.000000             3118.0 
999.000000 999.000000 999.000000 999.000000 999.000000 999.000000 999.000000 999.000000 999.000000 999.000000 999.000000 999.000000             3127.0 
999.000000 999.000000 999.000000 999.000000 999.000000 999.000000 999.000000 999.000000 999.000000 999.000000 999.000000 999.000000             3136.0 
999.000000 999.000000 999.000000 999.000000 999.000000 999.000000 999.000000 999.000000 999.000000 999.000000 999.000000 999.000000             3145.0 
999.000000 999.000000 999.000000 999.000000 999.000000 999.000000 999.000000 999.000000 999.000000 999.000000 999.000000 999.000000             3154.0 
999.000000 999.000000 999.000000 999.000000 999.000000 999.000000 999.000000 999.000000 999.000000 999.000000 999.000000 999.000000             3163.0 
999.000000 999.000000 999.000000 999.000000 999.000000 999.000000 999.000000 999.000000 999.000000 999.000000 999.000000 999.000000             3172.0 
999.000000 999.000000 999.000000 999.000000 999.000000 999.000000 999.000000 999.000000 999.000000 999.000000 999.000000 999.000000             3181.0 
999.000000 999.000000 999.000000 999.000000 999.000000 999.000000 999.000000 999.000000 999.000000 999.000000 999.000000 999.000000             3190.0 
999.000000 999.000000 999.000000 999.000000 999.000000 999.000000 999.000000 999.000000 999.000000 999.000000 999.000000 999.000000             3199.0 
999.000000 999.000000 999.000000 999.000000 999.000000 999.000000 999.000000 999.000000 999.000000 999.000000 999.000000 999.000000             3208.0 
999.000000 999.000000 999.000000 999.000000 999.000000 999.000000 999.000000 999.000000 999.000000 999.000000 999.000000 999.000000             3217.0 
999.000000 999.000000 999.000000 999.000000 999.000000 999.000000 999.000000 999.000000 999.000000 999.000000 999.000000 999.000000             3226.0 
999.000000 999.000000 999.000000 999.000000 999.000000 999.000000 999.000000 999.000000 999.000000 999.000000 999.000000 999.000000             3235.0 
999.000000 999.000000 999.000000 999.000000 999.000000 999.000000 999.000000 999.000000 999.000000 999.000000 999.000000 999.000000             3244.0 
999.000000 999.000000 999.000000 999.000000 999.000000 999.000000 999.000000 999.000000 999.000000 999.000000 999.000000 999.000000             3253.0 
999.000000 999.000000 999.000000 999.000000 999.000000 999.000000 999.000000 999.000000 999.000000 999.000000 999.000000 999.000000             3262.0 
999.000000 999.000000 999.000000 999.000000 999.000000 999.000000 999.000000 999.000000 999.000000 999.000000 999.000000 999.000000             3271.0 
999.000000 999.000000 999.000000 999.000000 999.000000 999.000000 999.000000 999.000000 999.000000 999.000000 999.000000 999.000000             3280.0 
999.000000 999.000000 999.000000 999.000000 999.000000 999.000000 999.000000 999.000000 999.000000 999.000000 999.000000 999.000000             3289.0 
999.000000 999.000000 999.000000 999.000000 999.000000 999.000000 999.000000 999.000000 999.000000 999.000000 999.000000 999.000000             3299.0 
999.000000 999.000000 999.000000 999.000000 999.000000 999.000000 999.000000 999.000000 999.000000 999.000000 999.000000 999.000000             3308.0 
999.000000 999.000000 999.000000 999.000000 999.000000 999.000000 999.000000 999.000000 999.000000 999.000000 999.000000 999.000000             3317.0 
999.000000 999.000000 999.000000 999.000000 999.000000 999.000000 999.000000 999.000000 999.000000 999.000000 999.000000 999.000000             3326.0 
999.000000 999.000000 999.000000 999.000000 999.000000 999.000000 999.000000 999.000000 999.000000 999.000000 999.000000 999.000000             3335.0 
999.000000 999.000000 999.000000 999.000000 999.000000 999.000000 999.000000 999.000000 999.000000 999.000000 999.000000 999.000000             3344.0 
