-28.487541 137.774673 91.423553 14.890884 145.733673 65.853935 -31.352093 171.910126 94.632652 38.926643 113.337372 88.990234                  0 
-28.377176 138.103302 91.209274 15.212835 145.793564 65.918770 -31.008318 172.254715 94.053185 38.966179 113.419586 89.375763                 18 
-27.977476 138.430237 90.973518 15.928693 145.801071 66.138901 -30.391235 172.446518 93.247093 39.274071 113.447952 90.030235                 36 
-27.863882 138.753784 90.762924 16.152380 145.860428 66.046471 -29.962801 172.784332 92.872505 39.250443 113.398216 90.030022                 54 
-27.806049 138.944809 90.652084 16.267910 145.891296 65.992973 -29.639944 172.849854 92.525658 39.221142 113.357147 90.018059                 72 
-27.726461 139.111389 90.524574 16.371193 145.950806 65.877907 -29.321592 172.789291 92.151047 39.249893 113.389839 89.937729                 90 
-27.710255 139.338257 90.378922 16.407131 146.045517 65.731239 -29.048380 172.521484 91.613625 39.205486 113.458542 89.832092                108 
-27.719130 139.453903 90.348801 16.425522 146.184982 65.756500 -29.041260 172.118973 91.147499 39.260906 113.737465 90.009956                126 
-27.629679 139.775208 90.155602 16.732582 146.522003 65.962425 -29.216335 171.050766 89.815918 39.475788 114.391876 90.719818                144 
-27.353811 139.425522 90.156502 16.828789 146.231476 65.653114 -28.971563 170.317307 89.534653 39.790661 114.139458 90.257629                162 
-30.626337 139.810394 88.538879 16.816175 145.433746 65.162781 -28.712242 169.802841 89.099823 40.185513 113.938553 90.151848                180 
-32.856228 139.304932 87.106880 16.633949 144.600159 64.310699 -27.781145 170.045319 89.707764 40.400394 113.310715 89.183449                199 
-33.756462 138.819382 86.271492 16.641104 144.019653 63.710266 -26.248940 171.134720 90.785065 40.530106 112.621124 88.326828                216 
-34.386600 138.797333 85.873550 16.867495 144.163391 63.838154 -25.853668 171.187042 90.995415 40.975201 112.983902 88.519814                235 
-34.719604 138.654861 85.598907 17.097332 144.257309 63.992161 -25.765703 170.968475 91.038612 41.366955 113.250443 88.732529                253 
-34.205090 137.107956 85.856720 17.781439 143.035355 63.893974 -23.924843 169.671097 92.426674 42.316380 111.259293 87.364075                271 
-33.831013 134.454742 85.666550 18.292952 141.226288 63.582802 -15.492028 172.876892 98.018997 42.848499 107.767998 84.561234                289 
-33.995285 131.537979 85.642815 17.784431 140.645844 63.385628 -12.913698 173.536438 99.970467 43.638378 107.472969 83.226517                307 
-34.314972 130.097641 85.879074 17.114679 140.758087 63.492966 -13.605722 172.793823 100.676575 43.848057 107.897469 82.677147                325 
-34.697449 128.987839 85.918404 16.379934 141.144104 63.454533 -14.658626 172.148300 101.043640 43.965755 108.668495 82.079353                343 
-34.950893 128.282196 85.895462 15.891561 141.437332 63.412785 -15.192282 171.894730 101.172775 44.033104 109.230659 81.669579                361 
-34.741920 129.621979 84.936760 16.365347 143.598541 63.615742 -14.953600 173.241730 101.313637 44.291973 110.944130 81.401115                379 
-33.744053 131.249466 83.568573 17.838917 145.365646 63.489548 -13.259315 174.423767 101.400635 45.111355 111.777054 80.534981                397 
-32.513977 132.862610 80.340576 19.751717 147.927917 62.841316 -11.793659 174.835617 100.570496 46.298759 113.022270 78.313126                415 
-32.191742 138.016876 74.787292 20.578817 153.083389 58.743557 -11.384570 179.272003 95.307045 46.551193 117.583855 73.834793                433 
-33.912533 142.966751 65.801643 18.961992 160.218430 51.750587 -15.544358 184.395538 85.802757 45.941231 125.790497 67.541893                451 
-35.202114 146.950058 56.646019 17.917261 165.681931 44.384373 -19.285812 187.820114 74.745125 45.590656 132.519882 61.617710                470 
-35.594749 150.701965 46.403538 17.853701 170.446976 37.628361 -21.963709 189.994415 64.944847 45.011192 137.052048 55.228813                488 
-37.522007 154.911362 33.734417 15.961572 175.696472 27.934902 -26.058264 192.747391 52.181446 42.810535 142.316559 46.030247                506 
-40.899567 158.867783 19.986862 11.880924 181.988968 17.256388 -32.569038 195.832169 37.054554 38.970570 150.132645 37.599754                524 
-43.144455 159.820389 5.940918 8.435081 185.666016 5.914794 -37.558357 195.714020 22.189816 36.047180 155.266830 27.731960                542 
-44.748325 161.419205 -10.836381 6.260117 188.175095 -7.200266 -40.562115 195.645859 6.847379 33.523804 157.183456 14.217857                560 
-47.975822 164.425537 -23.246487 3.043958 191.088181 -18.829460 -43.815521 196.772263 -6.221483 30.199406 159.684631 2.121086                578 
-49.450863 164.872452 -37.984299 0.917510 192.620132 -32.611244 -46.437721 196.050781 -22.493670 28.089277 162.128189 -10.374708                596 
-51.420853 166.655197 -54.679649 -1.732188 194.886093 -46.191120 -49.537056 196.191574 -39.476173 24.685175 164.269257 -23.229006                614 
-52.661190 166.362595 -70.685120 -3.933264 196.016922 -61.228928 -51.950974 195.005920 -56.451057 22.769459 166.336136 -37.384811                632 
-53.918758 166.893066 -85.556946 -5.221508 196.399551 -74.869064 -53.505650 194.711243 -72.573044 20.481634 167.050232 -49.561104                650 
-53.608429 167.484375 -97.706650 -5.075799 196.665588 -84.506523 -53.367321 193.217682 -85.496559 19.298113 167.325821 -57.905441                668 
-57.919334 172.670685 -110.291801 -6.732932 196.350967 -94.273430 -54.301292 192.583725 -98.577423 15.159139 163.459442 -69.749756                686 
-58.364571 174.772430 -114.698921 -6.908383 199.407959 -99.628151 -53.711220 189.604156 -105.759819 17.018318 166.875595 -76.569855                705 
-57.245060 174.755951 -121.196503 -6.749907 201.355240 -105.288292 -52.506691 186.950165 -113.889671 18.312790 169.976410 -81.841400                723 
-56.276932 177.079590 -128.146301 -5.239666 202.465286 -111.195198 -50.759171 187.412811 -121.902023 18.392437 171.009903 -86.403885                741 
-53.850002 171.839005 -134.114899 -4.317074 196.946442 -112.381035 -48.571491 181.070633 -127.512581 17.701056 164.996613 -86.750252                759 
-53.276176 167.201141 -138.981400 -4.236551 195.988495 -120.597839 -48.839817 176.462891 -133.958954 19.581591 167.426514 -92.679459                777 
-47.245361 163.212982 -143.870728 0.298206 194.268127 -124.923302 -44.423367 172.355240 -139.720886 22.757414 168.604095 -93.308937                795 
-46.863750 158.371765 -144.488602 -0.136560 191.390213 -126.593605 -45.451569 167.250122 -140.772476 23.480476 167.249603 -94.624977                813 
-44.154953 152.310486 -145.382263 1.797185 187.241699 -128.929382 -44.238377 161.208893 -142.353821 24.864580 166.066605 -94.548615                831 
-41.636642 141.500610 -148.477921 1.683530 178.895782 -130.179291 -43.833683 150.589539 -145.807755 22.718498 160.260132 -93.128380                849 
-40.735527 139.032593 -150.915756 1.985866 176.500763 -131.233871 -44.279518 148.286560 -148.332779 21.542686 158.197266 -93.220192                867 
-43.894730 139.974503 -153.802780 1.836908 171.770386 -131.004272 -46.891087 149.461060 -151.098892 17.361378 150.394516 -92.734314                885 
-45.127754 139.180786 -153.692032 2.019673 170.203262 -130.630508 -47.478859 147.929123 -149.672562 17.543861 149.959183 -91.749870                903 
-44.266811 139.567139 -155.318146 3.378946 169.709534 -130.446732 -46.164234 147.491608 -150.219971 18.388065 149.460663 -91.366852                922 
-44.091499 139.073288 -156.087936 4.003530 169.232101 -131.175049 -45.833420 146.641296 -150.604050 18.994513 149.785553 -91.682907                940 
-43.324646 136.607407 -156.572800 4.512822 167.510117 -131.515320 -45.121159 143.887177 -150.992691 19.554716 148.884338 -91.648689                958 
-43.270355 139.018097 -158.004166 5.720805 166.496292 -130.878830 -44.664433 145.561829 -152.214081 19.585665 145.424484 -91.811302                976 
-44.377972 140.222015 -156.144760 6.695673 162.555344 -127.880501 -44.707184 145.623840 -150.735809 18.636229 139.184326 -89.491112                994 
-46.229534 138.924393 -154.064651 6.200773 160.306763 -127.374382 -45.071239 142.831665 -149.809570 18.104717 137.851700 -88.430923               1012 
-46.828690 136.989578 -159.249573 5.248756 160.232529 -132.377319 -44.219666 139.115479 -155.212830 17.463282 139.722275 -92.469162               1030 
-49.269070 137.308487 -162.076416 3.576809 159.603928 -135.021713 -45.308472 137.837891 -158.009583 15.570374 139.464188 -94.858658               1048 
-50.675407 137.419449 -162.877853 2.771541 159.095016 -135.892807 -45.623409 136.652786 -158.868881 14.927757 139.027390 -95.742554               1066 
-50.059322 137.451385 -161.141373 5.015752 153.848114 -133.290085 -43.410782 134.095139 -157.401932 14.762149 132.883698 -92.941254               1084 
-52.074535 140.643295 -160.258957 5.066835 153.015244 -133.827881 -43.997620 134.496140 -156.405746 13.865657 133.371979 -92.605934               1102 
-50.857117 143.612534 -158.412903 7.968518 153.311050 -134.030151 -42.036400 135.780487 -154.490921 17.380693 134.167969 -92.708488               1120 
-51.138016 147.288544 -158.247787 8.487736 153.377930 -133.857254 -41.853832 137.621674 -154.130646 17.310329 133.549225 -92.729279               1138 
-50.041080 152.074615 -157.973465 10.655473 154.973206 -135.059967 -40.280960 139.947540 -153.118561 19.178001 137.446869 -92.837685               1156 
-48.023998 159.524384 -158.795090 12.009398 154.150940 -134.159424 -39.038441 143.149002 -152.959930 17.041391 137.118851 -91.181358               1175 
-47.110954 162.356232 -157.538391 13.489668 154.978485 -134.518646 -37.684834 142.561142 -150.280212 19.280430 140.666809 -90.653297               1193 
-45.764267 164.103912 -156.119461 15.767108 157.401077 -135.154846 -35.620541 142.600082 -147.140411 23.410862 146.541443 -90.588402               1211 
-45.127586 165.082718 -155.467087 16.826250 158.527725 -135.450714 -34.618675 142.703156 -145.508682 25.377615 149.228516 -90.696663               1229 
-49.156754 154.317642 -147.038971 15.101184 160.093964 -135.672470 -32.780220 133.868164 -137.425690 31.112093 155.292648 -92.277481               1247 
-47.102966 136.865051 -140.820114 11.713442 165.795868 -138.904633 -22.539259 123.608345 -134.369553 34.842651 167.989563 -98.621208               1265 
-44.271103 130.628952 -138.455338 9.804079 167.812012 -139.328812 -16.314899 120.585403 -133.401230 34.582886 173.218079 -100.350464               1283 
-28.167130 133.574066 -123.641762 10.821198 172.899734 -134.609482 -7.279924 121.907890 -132.143845 40.834766 176.883743 -99.313034               1301 
-4.678232 124.957283 -107.076248 18.353659 168.047119 -126.467125 13.388245 114.437904 -121.218987 50.539078 180.292404 -95.215271               1319 
5.760873 157.274628 -105.374474 49.027092 194.425644 -98.580650 9.356545 152.841003 -112.282394 71.327789 184.980362 -58.881886               1337 
15.332241 162.358795 -104.379272 62.247707 199.107117 -88.169815 13.546178 163.845398 -106.718185 79.923386 187.449539 -46.766941               1355 
20.652027 164.142273 -107.117119 68.153366 200.411026 -85.941689 17.824858 167.400192 -107.872513 84.193901 186.697540 -44.502956               1373 
23.225552 162.430740 -108.916718 71.238533 199.440475 -86.170906 20.867359 165.876404 -107.858986 87.532402 186.152664 -44.692352               1391 
28.587738 161.067352 -109.902306 77.119553 196.996216 -83.827332 26.779770 164.413025 -107.227097 92.293579 182.861511 -42.204197               1409 
35.713535 153.940491 -104.821045 83.099785 193.222031 -79.649063 34.028572 157.301483 -101.045128 98.957085 182.061874 -37.381771               1428 
43.146244 151.369553 -104.396645 88.963776 191.504822 -76.325684 41.420048 154.553986 -99.570122 103.630234 180.525803 -33.583633               1446 
45.447605 148.283173 -100.589417 90.811462 192.121307 -76.520981 44.342052 151.771866 -95.558029 104.739723 187.203461 -32.426254               1464 
49.960140 145.553650 -101.969276 93.585876 191.614594 -78.765442 49.015518 149.191895 -97.470291 105.319283 189.893143 -33.800003               1482 
53.570797 137.868927 -96.459595 96.245705 187.835007 -80.792969 52.877640 142.012375 -92.886429 108.268997 192.891464 -36.156670               1500 
59.908527 132.211548 -94.670067 100.495750 184.351517 -80.943283 59.173695 136.457764 -91.850883 110.661316 192.435898 -36.290951               1518 
62.758087 129.366257 -94.910706 103.546860 181.432617 -81.791542 62.196320 133.624847 -92.628616 112.202568 190.917175 -37.096481               1536 
66.702332 123.347443 -90.314407 107.276169 176.597321 -82.593979 66.263535 127.751427 -88.846375 114.411995 191.595779 -39.158360               1554 
69.831642 118.661118 -87.574875 109.618797 172.816757 -83.044464 69.728043 122.946693 -86.613983 115.746429 190.900513 -40.642143               1572 
73.181610 112.077080 -87.417953 111.920731 167.066513 -85.112328 73.183609 116.263306 -86.780060 118.695427 186.093628 -43.224396               1590 
75.509529 105.567490 -87.849846 113.703522 160.830582 -85.694031 75.647049 109.589935 -87.538765 120.508240 179.632706 -43.709476               1608 
79.942146 99.631927 -88.039963 117.047943 155.353394 -85.999855 80.029533 103.397133 -88.541862 121.263374 175.338943 -44.222649               1626 
79.628304 93.576958 -84.808670 116.530548 149.280746 -84.756760 79.726662 97.137848 -85.969826 120.366913 170.595047 -43.604485               1645 
81.196365 86.685425 -82.637878 115.467796 143.926498 -84.574486 81.057526 90.172653 -84.000557 121.555885 164.714905 -43.424713               1663 
80.236206 83.241417 -82.395393 115.597900 139.776581 -82.316803 80.160530 86.722534 -83.840591 122.219788 158.737473 -40.374443               1681 
79.384811 78.246620 -80.599182 115.001755 134.533875 -82.625488 79.303284 81.645241 -82.241768 122.935150 154.151184 -41.215954               1699 
80.500626 76.091179 -81.067451 115.410706 132.821228 -81.187737 80.426262 79.484848 -82.737709 122.251328 151.582397 -39.190697               1717 
79.996185 73.388016 -77.800514 115.163170 129.937698 -79.374557 79.938087 76.742882 -79.557846 122.347733 149.576752 -37.838825               1735 
80.699028 71.392952 -76.758774 115.279556 128.315628 -79.139381 81.119293 74.880768 -78.856888 122.955940 148.242859 -37.829510               1753 
80.757706 69.302200 -76.136879 114.743935 126.632957 -78.789024 81.593483 72.949539 -78.462128 122.819595 146.561432 -37.555954               1771 
70.240982 65.437897 -70.862823 110.628708 118.173615 -78.501816 71.760796 68.929390 -73.391968 119.943634 141.881683 -39.595695               1789 
69.102348 63.242546 -70.549042 109.436928 115.615593 -81.280876 70.631218 66.867607 -73.229630 120.788239 140.248306 -43.506500               1807 
69.909134 62.685143 -70.918060 109.606285 115.637993 -81.490990 69.042892 67.908455 -74.676636 120.914902 140.175720 -43.642063               1826 
72.618546 61.079025 -72.217430 108.672562 116.476067 -83.308273 69.267708 67.426369 -76.513794 120.606277 140.631500 -45.405396               1843 
72.654739 60.912971 -72.652374 108.347206 116.643463 -83.242569 68.082207 67.920357 -77.207314 120.479050 140.312561 -45.096546               1861 
72.618500 60.669605 -73.330482 108.078957 116.650909 -83.390968 67.087776 68.191139 -78.051605 120.214973 139.946533 -45.017040               1889 
72.391907 60.820339 -73.348053 107.985779 116.705009 -83.527901 66.719360 68.433456 -78.148186 120.095146 140.112808 -45.213867               1898 
72.384605 60.977005 -73.388298 107.896912 116.829987 -83.967308 66.439995 68.660965 -78.412857 119.774872 140.624847 -45.819633               1907 
72.502670 61.106262 -73.685997 107.822952 117.069748 -84.344536 66.173347 68.940887 -78.866165 119.473907 141.045990 -46.240437               1916 
73.793587 61.687523 -73.076637 108.010971 117.547905 -85.090179 66.782265 68.984985 -79.376503 119.484833 141.796234 -47.104717               1925 
74.887932 62.735420 -71.543610 108.368790 117.890404 -85.188187 67.324287 69.083626 -79.549812 119.023811 142.724518 -47.342922               1934 
75.713722 64.271492 -69.633942 108.438995 118.231865 -85.407814 67.519920 69.260078 -79.715088 118.576721 143.507141 -47.712803               1943 
74.577553 66.834160 -67.769150 109.026886 118.270714 -85.152504 66.305740 70.763756 -79.822601 118.781174 144.008453 -47.669849               1952 
75.374496 69.420959 -67.532021 109.827087 119.627678 -85.705925 66.719574 72.332718 -81.224892 119.277710 145.062088 -47.939503               1961 
79.165123 71.458382 -66.429703 111.155228 121.866066 -86.433517 69.988029 72.891418 -81.336494 119.546257 148.157837 -49.005455               1970 
79.898361 73.211266 -64.843117 111.409576 122.715195 -86.661507 70.365227 73.724304 -80.488411 119.860840 149.744308 -49.776146               1979 
79.981903 74.144730 -64.089035 111.387199 123.043907 -86.756203 70.249619 74.143440 -80.234581 119.816765 150.377975 -50.091267               1988 
82.091278 78.638809 -61.557861 110.430817 128.595276 -85.423668 71.951172 77.681091 -77.936317 117.989548 156.610611 -49.084515               1997 
83.270935 81.172523 -60.195942 109.907524 131.632751 -84.694557 72.986504 79.665863 -76.724251 116.965691 159.986801 -48.517807               2006 
81.455017 86.173965 -57.884239 108.732498 136.418808 -81.951126 71.456802 84.606339 -74.772095 115.230591 164.693329 -45.607586               2015 
79.912964 89.051338 -57.236626 107.790787 139.467102 -80.228233 70.437317 87.549789 -74.455811 113.127396 167.571106 -43.564724               2024 
78.201378 91.449921 -56.435013 106.143059 141.669449 -79.765892 68.820366 89.774078 -73.721252 111.261566 170.118790 -43.338387               2033 
75.086800 95.558258 -53.518269 104.126785 144.754211 -77.664619 66.488792 93.155838 -71.152298 107.663475 174.698547 -42.261860               2042 
71.834969 99.707779 -50.756855 100.793343 148.423080 -75.944199 62.783707 97.281906 -68.186592 105.520653 178.548920 -40.835606               2051 
66.703255 106.774445 -44.933418 97.104988 153.759048 -71.652725 56.732941 104.715698 -61.907631 104.775024 183.811615 -37.003906               2060 
61.480186 113.104393 -40.586716 93.687958 158.278473 -68.286591 50.334774 112.142952 -56.823032 105.720787 186.857300 -33.631313               2069 
58.005867 114.428329 -37.771320 90.603851 162.376373 -59.632786 45.105167 117.355545 -52.481606 108.353027 182.470703 -21.636581               2078 
53.766262 117.486229 -35.410305 87.875267 165.794800 -53.572620 40.179165 122.621391 -49.193069 108.374016 180.443054 -14.486090               2087 
49.751225 122.453239 -33.066101 84.581543 171.402573 -47.387272 35.367928 129.472168 -45.763748 106.773865 181.167618 -7.705141               2097 
45.339039 129.648102 -30.819448 82.087120 177.983719 -41.716217 30.390547 138.811829 -42.008614 106.270226 182.419189 -2.244322               2106 
41.677811 136.686447 -29.517569 80.609947 184.324661 -34.015121 26.265831 148.425674 -38.888050 104.481491 182.702606 5.860249               2114 
39.928768 144.752548 -27.766130 80.136520 191.358261 -23.411308 23.573689 159.234177 -34.619110 102.292633 182.974884 16.605593               2124 
37.641739 152.399460 -25.928686 79.218315 196.661331 -14.540995 20.784853 168.728653 -29.652941 100.771820 181.965485 23.955826               2132 
34.404270 159.769836 -22.108826 78.852013 199.977203 -6.147953 18.089264 177.521271 -22.549124 99.938072 180.017609 30.177238               2141 
30.133699 166.736084 -17.322487 77.962402 202.768311 0.637463 15.027122 185.025162 -14.150933 99.438721 179.003983 34.350246               2150 
25.488081 174.540314 -11.359224 77.286240 205.320801 7.438738 11.941251 193.291473 -4.060520 98.804367 177.874588 38.199154               2160 
21.811417 178.690155 -5.758957 75.981812 206.612000 12.365582 9.491430 197.362427 3.894899 97.808678 177.656784 41.481049               2169 
18.518021 182.946564 0.383065 75.212898 207.359436 17.502728 7.389118 201.904037 12.952652 96.885742 176.846985 45.103542               2178 
14.998216 186.157990 5.417954 73.097038 208.717087 21.958691 4.564260 204.843536 20.461985 95.136147 177.260818 48.175251               2187 
12.352043 189.001404 11.087775 72.105820 209.187881 26.014515 3.163866 207.788651 27.873890 94.147591 176.907654 51.207249               2196 
10.346841 190.193558 16.012918 70.919495 209.317688 30.383038 1.861987 208.689270 34.090038 93.217125 176.596130 54.768337               2205 
7.647884 191.661255 20.674585 69.335907 209.034744 34.340633 0.280912 209.820938 39.847206 91.561394 175.816391 58.112350               2214 
5.354593 193.878616 25.596760 68.392334 208.619781 37.810234 -0.490795 212.228699 46.286205 90.231659 174.576523 60.758583               2223 
3.288302 194.355865 29.485855 67.115562 207.802841 41.020840 -1.602296 213.327606 51.743988 88.845863 173.646591 63.904701               2232 
0.705257 194.593033 33.598274 65.377304 206.955276 44.011707 -2.920302 213.834930 57.358215 87.405701 172.654892 66.389381               2241 
-1.387151 195.223358 36.757530 64.083282 206.477646 46.446331 -3.768822 214.538116 61.709946 86.278427 172.065063 68.484398               2250 
-4.120653 193.377304 39.347210 61.793995 205.373093 48.878284 -5.945348 212.064072 65.136383 85.052933 171.397675 70.493568               2259 
-6.826040 191.419617 42.138866 59.402325 204.889984 51.055622 -8.216051 209.910110 68.204025 83.992722 171.970093 72.829918               2268 
-9.098620 191.525650 45.432808 58.000408 204.285477 53.033707 -9.098737 209.968628 71.795067 83.074615 171.760849 74.850189               2277 
-10.949662 191.642395 47.765858 56.914806 203.864868 54.212677 -9.670888 209.739273 74.589783 82.582001 171.582489 75.696854               2286 
-13.634377 191.348450 49.887642 54.839439 203.132904 56.087112 -11.435105 208.422287 77.508858 80.997078 170.676743 76.700279               2295 
-16.050358 190.770508 51.321735 52.939331 201.701096 57.558197 -13.193647 207.802979 79.134399 78.974686 169.387451 78.546654               2304 
-17.954693 189.763168 52.984283 51.232094 200.748001 59.370022 -14.885308 206.331268 81.103607 77.501862 168.449738 80.088333               2313 
-20.350277 188.776062 53.981949 49.063709 199.464615 61.023354 -17.032413 203.885452 82.662407 75.488220 166.539658 80.522568               2322 
-22.559904 182.164047 57.293011 46.824932 195.850647 62.489166 -18.637718 196.693893 85.425560 75.496246 164.380249 81.200027               2331 
-23.814148 180.064087 64.360588 46.028267 194.028992 63.739830 -17.478680 195.831924 90.992798 76.396164 164.060318 82.238373               2340 
-27.124037 172.517548 69.136948 41.743038 190.754181 63.804005 -19.980104 189.637009 94.534973 75.151680 163.804260 81.695091               2349 
-29.282648 174.325302 69.258049 40.697189 190.059860 65.156502 -21.095779 189.372665 94.975906 73.280838 161.577652 82.174042               2359 
-30.702579 174.336411 70.162376 40.175144 188.737411 66.139221 -21.307890 187.737778 96.216019 72.849693 159.955933 82.464882               2368 
-32.200165 175.748642 70.517479 39.518929 188.128647 66.743607 -22.005159 188.595642 96.657936 71.736603 159.166809 83.648041               2376 
-33.696926 177.305084 70.465324 38.704624 187.808090 67.067841 -22.821547 189.462219 96.887886 70.443832 158.446152 84.185844               2386 
-35.172928 173.555359 72.445992 37.227905 185.076141 67.398827 -23.568373 186.445236 98.655205 69.984993 156.900238 84.592384               2395 
-36.146542 173.718002 73.329346 36.410561 184.219849 67.692444 -23.915337 187.579407 100.144211 68.941383 155.883881 85.051750               2404 
-36.677822 173.231262 73.176147 36.259941 181.759598 68.788101 -23.998209 187.551422 101.683372 67.745255 152.293640 86.193802               2413 
-37.047188 172.944077 73.554077 36.112778 180.051270 70.014336 -24.012461 187.538071 103.225540 66.841072 149.787994 87.404930               2422 
-37.836357 172.873520 73.370575 35.503807 179.422104 70.916298 -24.834774 187.334686 103.786552 65.841614 148.832794 88.421677               2431 
-38.191921 172.845688 73.072403 35.364746 176.897995 71.612831 -24.929045 186.631195 104.113541 64.421806 144.999252 88.953072               2440 
-38.001194 173.002304 74.845284 35.607765 175.553665 72.350937 -23.841509 186.934586 105.912979 64.264259 143.138657 89.397896               2449 
-37.801743 172.385284 76.845306 35.802464 174.266403 73.595772 -22.878918 186.871094 108.210869 64.345612 141.664001 90.474693               2458 
-38.951118 167.987625 74.591072 34.666134 171.283813 73.194969 -24.992205 182.313766 106.557083 63.404930 138.930405 90.220413               2467 
-39.840668 164.704575 74.345253 33.743923 168.932419 73.771416 -26.275949 178.984222 106.294601 62.709751 136.785553 90.803360               2476 
-40.112896 160.432678 75.668022 33.115410 167.995590 74.335243 -26.689796 176.036713 106.788216 63.607937 137.293793 91.368484               2485 
-40.434734 157.484558 76.739685 32.469212 167.192032 75.006653 -27.044601 173.776703 107.073845 63.896297 137.329651 91.832314               2494 
-41.001759 156.801498 78.178253 31.817795 166.332916 75.207298 -26.808775 173.327469 107.777672 63.404125 136.291672 91.404648               2503 
-41.575321 154.730179 79.501694 31.045332 164.935959 75.925636 -27.149481 171.405090 108.435547 62.982044 135.021057 91.663261               2512 
-42.183491 154.081406 80.383957 30.273048 163.908463 76.100449 -27.357384 170.716446 108.652618 62.036243 133.475327 91.181923               2521 
-42.432465 153.360931 81.403015 29.851454 163.019226 76.294884 -27.259501 169.619644 108.543762 61.571018 132.189575 90.645065               2530 
-42.580631 152.346634 82.745171 29.539679 162.306488 76.726479 -27.192682 168.265198 108.473007 61.525177 131.530563 90.593605               2539 
-42.837894 153.063080 83.936668 29.348885 161.537384 77.469505 -27.010752 168.163879 109.140907 60.691845 129.780563 90.571037               2550 
-42.986492 152.709839 84.938454 29.152649 160.877411 77.975700 -27.067436 167.378891 109.461639 60.417877 128.908279 90.742340               2557 
-43.033432 152.562607 85.887375 28.996771 160.190353 78.536407 -27.209017 166.664856 109.683090 59.974789 127.803833 90.946159               2566 
-42.684994 152.404114 87.124184 29.178528 159.564972 79.209053 -26.829458 166.472412 110.698486 59.922359 126.870003 91.390289               2575 
-42.563148 152.356873 87.350342 29.179197 159.624313 79.487183 -27.064938 166.673294 110.480003 59.919716 127.136627 92.218941               2584 
-42.660439 152.461075 87.220963 29.052801 159.404037 79.619354 -27.456087 166.340759 109.847839 59.538197 126.713943 92.446091               2593 
-42.628605 152.003189 87.767937 28.903900 159.335266 79.556252 -27.595758 165.748764 109.568275 59.641609 126.879143 92.374969               2603 
-43.271103 151.194290 86.849548 28.280075 159.285324 80.196838 -29.061783 165.527023 108.454086 59.064526 127.495750 94.489059               2612 
-43.311199 149.624878 86.456276 28.086424 158.479172 80.497536 -29.548134 163.894318 108.313255 58.950104 126.663040 94.557884               2620 
-42.931862 149.230621 86.798866 28.190338 158.090714 80.697136 -29.367987 163.576691 108.653648 58.857670 125.907417 94.345451               2630 
-42.927971 147.878342 85.949669 27.929176 157.809143 81.007553 -30.154902 162.583954 107.982811 58.672657 125.853874 95.015640               2639 
-42.819466 146.738022 85.684814 27.829838 157.827850 81.438705 -30.611712 161.797623 107.749138 58.897251 126.378036 95.869637               2648 
-42.953644 144.115158 86.306595 26.766867 159.003220 80.063179 -31.328632 160.959274 107.356628 59.805069 130.009354 95.240784               2657 
-42.614422 142.489655 86.931381 26.664213 158.798279 79.826141 -31.100264 159.553391 107.853249 60.440598 130.359634 94.418106               2666 
-42.341629 141.693390 87.504379 26.629694 158.731796 79.772629 -30.901180 158.938507 108.181084 60.785843 130.580719 94.034508               2675 
-42.077702 140.847717 88.099007 26.596029 158.619263 79.602592 -30.622902 158.213501 108.470329 61.191662 130.793015 93.436218               2684 
-41.686619 140.210617 89.412727 26.742496 158.189209 79.524979 -29.874990 157.536636 109.225853 61.690907 130.420670 92.565041               2693 
-41.425316 139.859573 90.572083 27.440321 155.628372 79.964699 -28.533876 155.618851 110.332542 61.519035 125.891823 90.776970               2702 
-40.503086 140.707077 91.919189 28.959435 152.058777 79.402130 -25.919621 154.495483 110.843872 61.242008 119.676399 87.872299               2711 
-39.640198 142.241180 93.374252 29.917406 151.147919 79.511223 -24.323765 155.659897 111.389557 61.247730 117.780563 87.730507               2720 
-39.658855 141.767532 94.057755 29.437618 153.057098 79.693787 -24.890879 156.224670 111.235435 62.089481 121.198608 88.717033               2729 
-39.739361 141.668793 94.823738 29.160479 154.191513 80.230721 -25.231577 156.536499 111.451881 62.550819 123.249786 89.729210               2738 
-39.103870 142.027115 95.590668 29.799162 153.464508 80.079178 -24.124615 156.877228 111.889137 62.879562 122.134109 89.386177               2747 
-38.826878 142.867233 95.976250 30.219139 153.157349 79.995262 -23.322727 157.492828 112.177010 62.906776 121.337685 89.025978               2756 
-39.302761 144.254974 95.716820 30.394766 153.134048 80.175171 -23.099100 158.106903 112.236595 62.752197 120.984833 89.227882               2765 
-39.481617 145.055542 95.383980 30.798271 153.007782 80.421173 -22.836910 158.064362 112.110588 63.015743 120.745255 89.569412               2774 
-39.298923 146.252274 95.568901 31.388865 152.803146 80.816971 -22.172832 158.452515 112.404686 63.137508 120.038315 89.817863               2783 
-38.799862 146.356995 95.229614 32.171631 152.357208 80.914650 -21.465349 158.120331 112.187576 63.740108 119.421776 89.926582               2792 
-36.938984 146.401932 94.488487 34.259567 150.267288 80.712090 -19.221191 156.879562 111.863693 64.495201 115.815201 88.547050               2801 
-35.375019 146.024597 93.832642 35.817940 148.392776 80.790459 -17.661131 155.921799 111.349289 64.934570 112.888405 88.151695               2810 
-34.500721 146.574814 94.014633 36.438923 148.085022 80.830093 -16.781599 156.613358 111.186562 64.969711 112.135902 88.325523               2819 
