-1.358514 137.736679 75.254402 35.921219 173.309662 79.378639 -25.931129 157.951508 70.273941 64.662498 133.773697 102.497765                  0 
-1.512788 137.678726 75.616486 35.918537 173.152008 79.700157 -25.624699 157.476303 70.321938 64.655281 133.493393 102.613945                 18 
-1.736604 137.751328 76.061958 35.975281 172.990555 80.011917 -25.377686 157.295059 70.435257 64.567940 133.146835 102.784409                 36 
-1.941290 137.800644 76.459846 36.040695 172.810059 80.257561 -25.131090 157.148666 70.482819 64.472191 132.811234 102.959831                 54 
-2.142220 137.873718 76.785477 36.059742 172.697845 80.451134 -24.803537 156.983978 70.285316 64.348801 132.591629 103.141869                 72 
-2.245401 137.916824 76.958588 36.064007 172.670578 80.511063 -24.515615 156.787750 70.005562 64.298462 132.560333 103.262589                 90 
-2.328802 137.949570 77.086029 36.067226 172.649994 80.556297 -24.321325 156.663971 69.833138 64.260643 132.537003 103.353813                108 
-2.401080 137.977554 77.193443 36.069962 172.632523 80.594719 -24.148943 156.580048 69.648521 64.228630 132.517365 103.431366                126 
-2.436275 137.982956 77.208374 36.068184 172.630997 80.594673 -24.003929 156.474976 69.406235 64.222435 132.522934 103.449196                144 
-2.544612 137.982544 77.343910 36.049244 172.568787 80.614532 -23.990072 156.444611 69.384125 64.158195 132.464401 103.531219                162 
-2.643602 137.982422 77.468079 36.031895 172.511810 80.632721 -23.985611 156.430481 69.365143 64.099609 132.411148 103.606400                180 
-2.712196 137.993439 77.604942 36.041492 172.470795 80.631477 -23.926437 156.398819 69.316399 64.078125 132.390213 103.678009                198 
-2.770535 138.008957 77.694229 36.036747 172.455887 80.625893 -23.875458 156.377686 69.214561 64.056084 132.396301 103.729897                217 
-2.865206 138.014023 77.873772 36.018005 172.409149 80.641586 -23.813017 156.319519 69.145203 64.011963 132.380020 103.828979                235 
-2.953432 138.019165 78.041290 36.000526 172.365570 80.656219 -23.772770 156.265610 69.138191 63.971260 132.365295 103.921303                253 
-3.050599 137.939972 78.352768 35.931549 172.294815 80.652237 -23.757544 156.055573 69.233116 63.949013 132.446426 104.120872                271 
-3.080120 137.918030 78.478004 35.916126 172.282379 80.651955 -23.600584 155.892990 69.137665 63.988396 132.474396 104.123657                289 
-3.311700 137.614716 79.060715 35.949677 171.710022 80.933617 -23.573381 155.639587 69.644524 63.932999 131.708115 104.180740                307 
-3.774116 137.388611 79.796417 36.008461 170.912018 81.227371 -23.696871 155.617569 70.308388 63.617508 130.565613 104.326225                325 
0.042955 135.192719 76.397049 37.224617 169.157867 79.295883 -27.685362 166.245987 75.456345 65.444824 130.304779 104.149567                343 
-1.725399 137.887878 72.933632 34.990768 172.879715 76.529884 -29.645218 164.742462 71.595993 63.778866 134.285309 101.134064                361 
-1.704361 138.458344 73.179123 35.267620 173.032211 76.879814 -28.567659 162.036041 70.607346 63.860092 133.962997 100.957085                379 
-1.530188 138.626343 73.607300 35.374084 173.114395 77.056465 -27.833544 160.218384 70.103317 64.128067 134.044510 100.939537                397 
-1.599885 138.606155 74.864540 35.756973 172.481323 77.896805 -27.051924 159.205719 70.570526 64.238808 132.967072 101.371407                415 
-1.748002 138.718872 75.896957 35.934422 172.124817 78.542252 -26.588833 158.683899 70.883751 64.194054 132.330673 101.811691                433 
-1.810926 138.773636 76.428070 35.993298 171.939713 78.844589 -26.222456 158.160370 70.776787 64.165520 132.032410 102.026085                451 
-1.832620 138.821350 76.753281 36.029301 171.826538 79.029457 -25.943933 157.783524 70.517448 64.147377 131.850250 102.157791                470 
-1.817426 138.865921 76.918861 36.044735 171.787384 79.067955 -25.740303 157.505630 70.199974 64.147743 131.822510 102.234291                488 
-1.843855 138.877823 77.170364 36.057865 171.681854 79.156052 -25.557024 157.250458 70.006340 64.115784 131.712875 102.369888                506 
-2.410496 138.649277 77.170807 36.026085 171.588043 79.256088 -25.470016 157.077591 69.996162 64.056656 131.638229 102.535881                524 
-3.183421 138.268539 76.827103 36.023758 171.545624 79.269417 -25.307966 156.907364 69.792252 64.042725 131.618912 102.602722                542 
-3.740239 137.997971 76.602654 36.021885 171.511444 79.280167 -25.197266 156.768951 69.577003 64.031761 131.603531 102.656525                560 
-4.105418 137.827515 76.498207 36.020229 171.481247 79.289658 -25.152206 156.708969 69.471268 64.022278 131.590103 102.703987                578 
-4.385884 137.695038 76.520714 36.027695 171.405579 79.302544 -25.144108 156.666122 69.477951 64.006615 131.527176 102.766159                596 
-5.009278 137.216187 77.296440 36.344227 170.111084 79.705215 -25.148376 156.620178 70.206398 63.644840 129.692535 103.043304                614 
-5.273118 136.114243 78.745323 38.104645 166.589371 80.765900 -24.105780 156.628540 71.479736 63.090805 124.827835 104.331017                632 
-5.364388 135.350540 79.264534 38.993000 164.627899 81.080360 -23.524340 156.390335 71.748352 62.779190 122.370949 105.001404                650 
-5.446727 135.380859 79.376930 38.756023 165.109787 80.794777 -23.722122 156.193542 71.437813 62.916531 123.426781 105.339546                668 
-20.710794 151.752380 72.095123 43.989937 163.192001 84.653282 -18.363422 155.833755 76.994453 70.686028 120.551262 104.470802                686 
-25.796106 156.248718 74.923141 45.397072 160.502487 87.741524 -17.498974 157.508163 82.052826 71.565666 116.998535 106.349594                705 
-28.258135 159.289108 74.857506 45.601753 161.011566 87.520569 -17.472607 159.459717 82.850433 71.852654 117.537895 106.083412                723 
-27.113676 160.733032 77.683449 47.426304 159.763062 85.860046 -16.120502 161.636581 85.417206 73.288948 115.366470 102.703880                741 
-26.079781 164.066772 78.644028 48.566837 159.041504 83.651146 -15.084488 165.879044 86.963066 72.769501 113.033348 98.521545                759 
-25.156115 167.253296 76.610863 49.481319 161.017456 80.222115 -14.328271 170.730804 85.932060 73.206108 114.870804 95.429672                777 
-24.001600 170.207123 72.587700 50.679344 163.507355 75.477776 -13.245688 174.915588 82.799927 74.351746 117.437775 90.997444                795 
-23.534285 173.419006 67.569603 51.174286 166.914597 70.813515 -12.861789 179.487915 78.374718 74.918343 121.542877 88.170776                813 
-24.557516 176.866745 58.081627 50.012653 171.852600 65.058273 -14.611526 184.109192 69.618561 73.676620 127.463615 84.889633                831 
-24.745592 179.328339 49.909565 49.552677 174.786865 59.527588 -15.350454 187.251053 61.982666 72.715202 130.736115 80.662331                849 
-25.440603 181.178604 39.780022 48.494041 179.160431 52.177643 -16.889069 189.993881 52.099987 72.125183 136.281830 75.126366                867 
-25.718536 180.663498 28.380472 47.551201 181.323364 43.836002 -18.157173 190.185181 40.932610 71.545265 139.469254 68.252510                885 
-26.893158 179.469971 16.960966 45.725563 183.341690 34.413639 -20.285160 189.670975 29.569769 70.642601 142.768555 60.038048                903 
-27.413311 177.285919 4.025963 44.108887 184.418961 24.459995 -21.980782 188.269699 16.537390 69.250771 145.639801 52.526184                921 
-28.423477 175.319199 -8.472928 42.178837 185.247833 13.836912 -24.091637 186.889099 4.015166 67.695061 147.963608 43.543102                940 
-29.761106 171.293396 -21.894716 39.487999 185.217194 2.427869 -26.917147 183.699158 -9.535581 65.470764 150.352448 34.568092                958 
-30.289167 166.150116 -35.817062 37.013107 184.582031 -8.969362 -29.422131 179.044861 -23.160940 63.612709 152.133636 25.136513                976 
-31.570879 161.625076 -50.588192 33.631058 182.827698 -20.258369 -32.810287 174.562576 -37.098217 59.749119 152.062119 15.727382                994 
-32.538418 156.943130 -65.065117 30.523312 179.265289 -30.271666 -36.466927 169.675980 -49.623390 55.346317 149.449432 7.391067               1012 
-32.763908 151.765930 -79.657234 27.882826 174.645065 -39.890194 -39.905643 163.585251 -61.318367 51.713329 145.297592 -1.231672               1030 
-32.437492 147.296951 -91.780609 26.377253 169.618469 -47.077980 -42.564987 156.719772 -70.218666 48.779587 141.119873 -6.957990               1048 
-32.440838 145.553680 -102.572472 24.937769 165.539886 -52.636673 -47.797970 148.379547 -75.550179 46.380615 136.755585 -12.197624               1066 
-32.911194 138.441956 -108.355057 24.838026 162.748825 -58.909657 -50.410976 139.551804 -77.391777 47.467613 138.346725 -16.294079               1084 
-34.380119 132.954483 -112.348328 24.086382 160.771042 -64.880989 -51.838295 134.046997 -79.720177 48.114243 139.431152 -21.396292               1102 
-34.616882 129.769318 -114.350906 23.614267 159.706848 -67.584343 -52.134109 130.749100 -81.152817 48.211445 140.023224 -23.639120               1120 
-34.763023 127.840820 -114.709335 23.539196 159.207474 -68.778877 -51.992409 128.615433 -81.251068 48.515602 140.982376 -24.420412               1138 
-33.910107 126.079796 -115.627190 23.452311 158.190887 -68.904839 -51.436489 125.938797 -82.136459 48.342403 140.342178 -24.345268               1157 
-33.567940 122.183990 -116.376854 23.180569 157.136353 -70.595657 -50.711063 121.936440 -82.413071 48.741776 141.644913 -25.536934               1174 
-34.776520 120.208488 -117.863968 22.492781 156.243057 -72.971413 -50.967369 119.675415 -83.285492 48.626167 142.286697 -27.739626               1193 
-35.222580 117.973381 -119.301605 22.098299 155.513046 -74.892250 -50.241531 116.440269 -83.803757 49.159019 143.141357 -29.744637               1211 
-36.660587 113.335632 -120.563332 20.168139 153.494263 -77.098389 -50.921516 111.972252 -84.356125 47.564461 143.848984 -31.490726               1229 
-39.840988 114.008354 -123.741058 18.325176 152.864517 -80.105797 -53.583286 112.801353 -86.863052 45.291058 143.619934 -34.159878               1247 
-41.873898 114.686989 -125.886421 17.432671 152.056168 -81.736702 -54.710297 113.099815 -88.785263 43.864136 143.061722 -35.431995               1265 
-42.399204 110.974632 -124.542542 17.020735 150.583069 -82.332428 -53.189266 109.841454 -88.459290 43.792713 143.957413 -35.824253               1283 
-42.126713 109.228661 -124.008507 16.723194 150.608215 -82.600082 -51.196041 107.255188 -88.667213 44.200680 144.996048 -36.370872               1301 
-42.239784 110.194267 -123.725670 16.853725 152.183121 -83.313904 -48.618580 107.340706 -90.105713 44.759865 147.026459 -37.288864               1319 
-39.666245 108.019196 -120.390106 17.151104 153.773483 -84.461716 -45.563217 107.315781 -92.154579 44.763561 150.013138 -38.125336               1337 
-38.566730 104.214592 -115.163177 17.022192 154.587555 -86.199371 -42.682110 105.720482 -90.726723 45.315296 154.846603 -40.122463               1355 
-39.516163 105.678284 -112.334808 17.076660 157.058212 -88.397728 -41.180542 107.697128 -90.015114 46.683434 159.190659 -43.203259               1373 
-41.686390 108.365181 -110.262115 17.122143 158.848450 -90.777924 -39.944828 109.996506 -89.992264 47.941029 162.134262 -46.471619               1391 
-42.576870 111.393044 -111.853615 17.027952 161.334747 -93.501190 -38.957535 112.588737 -92.693542 46.823284 166.155014 -48.638599               1410 
-42.751411 115.087616 -113.633614 18.132692 163.929184 -96.701401 -37.819294 116.107399 -95.145172 47.282616 170.066940 -51.576477               1427 
-42.362850 106.126602 -115.699577 16.642483 158.856140 -104.927673 -36.674458 110.514832 -98.169685 40.940540 176.410553 -59.926613               1446 
-45.847340 112.952530 -123.207024 18.225033 158.744080 -110.246132 -37.229996 115.645821 -106.586777 41.215263 175.563141 -64.287270               1464 
-45.783409 120.903664 -131.297333 19.737963 161.244446 -114.662888 -36.229572 120.747047 -117.021996 40.916870 174.193665 -66.627274               1482 
-45.268436 123.587486 -131.491302 20.118576 162.617126 -116.687035 -35.266930 122.423271 -120.439537 41.594322 173.983017 -68.383232               1500 
-39.196106 119.132820 -130.360596 20.292408 166.555359 -123.676880 -29.340042 119.698486 -122.628822 41.039398 184.802994 -77.198555               1518 
-34.256218 113.983711 -136.379730 19.390377 167.265106 -131.484787 -24.985008 115.672630 -130.975372 39.322628 186.649857 -85.110390               1536 
-36.172970 121.119797 -147.002609 22.910448 165.604279 -132.116043 -27.855227 121.522110 -141.237854 36.563324 182.163437 -82.486992               1554 
-36.548599 125.289093 -150.408203 25.718758 163.652695 -132.724869 -28.465054 125.040329 -144.970245 37.620571 179.943176 -82.558990               1572 
-36.830147 124.756470 -146.052124 27.489925 160.663239 -131.401672 -28.633987 124.694046 -141.531235 40.227859 180.103958 -82.581070               1590 
-38.259163 126.110771 -135.466019 32.638638 148.698044 -126.049149 -30.677071 126.636292 -132.769318 49.185860 176.970749 -83.031799               1608 
-37.630074 125.429298 -132.528412 34.692272 143.440994 -124.918465 -30.081888 126.427460 -131.720810 52.983910 175.763382 -85.620529               1626 
-37.478333 125.512100 -131.952148 35.054691 142.513229 -124.718925 -29.735899 126.581688 -132.276367 53.727238 175.435379 -86.103935               1645 
-37.700775 125.764572 -131.184494 34.973572 142.237900 -124.806961 -29.951704 127.596619 -133.449493 54.175411 175.331741 -86.600479               1662 
-35.357025 131.646103 -132.783615 38.030560 142.414627 -123.605385 -27.450003 134.238831 -136.714600 58.253204 172.511414 -83.494576               1681 
-32.733273 134.877243 -133.881226 40.530750 142.671005 -122.504860 -24.777018 138.057083 -139.100494 60.394409 171.209106 -81.096405               1699 
-30.930899 137.407669 -136.247452 42.017990 141.202667 -123.166527 -23.131111 141.224655 -142.438858 61.630798 165.894165 -79.242546               1717 
-32.343822 139.927811 -132.829590 40.837795 138.577026 -122.312294 -24.826269 144.795212 -141.162384 63.180298 161.929169 -78.963257               1735 
-30.967802 140.794235 -132.661102 41.812321 138.530640 -121.945442 -23.807352 146.885925 -141.978058 63.586018 159.869934 -77.289101               1753 
-31.765877 140.930725 -126.516747 41.185528 136.747131 -120.172638 -25.173325 148.075562 -137.740250 65.762833 157.523529 -76.722137               1771 
-32.174477 140.908936 -122.973450 40.807842 135.672455 -119.104408 -25.812908 149.381622 -135.696014 67.037529 156.094528 -76.459465               1789 
-31.580202 139.893463 -121.922173 41.326073 134.391800 -117.950958 -25.063013 150.156479 -135.789871 67.445084 154.212692 -74.955872               1807 
-31.527159 139.405899 -121.440605 41.338753 133.781921 -117.294884 -24.844454 151.016525 -135.979919 67.285027 152.922379 -73.888870               1825 
-31.488451 139.185699 -121.178444 41.344887 133.486816 -116.977409 -24.742811 151.421967 -136.046768 67.207542 152.295380 -73.376846               1843 
-31.627474 138.946915 -121.352554 41.133850 133.554611 -116.480705 -24.802336 151.458557 -136.254944 66.384331 152.061432 -72.394882               1861 
-31.637058 138.497421 -120.731041 41.112190 133.442520 -116.180069 -24.950762 151.104309 -135.894592 66.383522 152.122726 -72.179405               1879 
-31.753942 138.517914 -120.527969 40.921314 133.439499 -115.949104 -25.092808 151.118530 -135.849030 66.071167 152.085831 -71.864555               1897 
-31.783579 138.863617 -120.675728 40.773224 133.397095 -115.577705 -24.978745 151.608521 -135.911453 65.563499 151.357559 -71.007393               1916 
-31.779379 139.141144 -120.739479 40.664722 133.366028 -115.305588 -24.923611 151.831924 -135.884338 65.184807 150.821198 -70.386421               1934 
-31.637600 139.375214 -120.865913 40.643085 133.390396 -115.040428 -24.856661 151.900070 -135.847610 64.751228 150.328857 -69.702431               1952 
-33.133911 136.824692 -120.041367 39.073105 131.813660 -114.411308 -26.684555 149.145767 -135.523483 62.914330 149.747849 -69.315750               1970 
-37.890858 130.728210 -115.005173 34.201698 125.638832 -109.723526 -31.671011 139.842590 -133.215378 59.017197 151.763382 -69.407928               1988 
-39.557774 130.779297 -121.070183 32.336002 129.786270 -113.631386 -33.580395 142.343292 -138.025787 53.750011 152.233948 -69.346062               2006 
-38.806854 132.884140 -125.327118 32.123325 138.125214 -113.457497 -33.520267 145.320633 -140.126602 48.409534 157.900452 -65.840820               2024 
3.785187 138.912704 -136.676270 31.084858 169.460953 -114.515205 -47.606213 160.246460 -151.117798 32.065620 144.098206 -66.771965               2042 
-2.555652 151.124588 -138.175095 19.129644 184.054550 -122.102661 -71.025673 161.395645 -140.120270 34.337303 152.788971 -80.692047               2060 
-8.248789 151.079865 -137.071411 12.698792 184.791336 -123.470741 -79.192589 159.259750 -135.608093 30.762686 154.247253 -82.673653               2078 
-16.607788 155.277008 -139.436966 5.072267 185.471222 -119.806351 -87.216156 165.177490 -137.347946 21.765867 147.688965 -84.914055               2096 
-23.289864 160.239792 -133.562668 0.140507 186.831390 -110.781387 -93.309647 170.436966 -125.658325 18.160412 143.994354 -83.142273               2114 
-27.892765 158.686310 -119.156204 -0.693842 187.797760 -105.273361 -95.772583 174.714676 -105.321266 19.154766 150.353607 -71.693352               2132 
-29.663309 161.531616 -109.574715 0.183363 189.677353 -99.699791 -95.452408 184.024445 -94.920685 18.776934 154.206299 -63.371685               2151 
-33.900795 161.763672 -97.281807 -4.214354 191.288071 -92.325676 -99.203018 184.694855 -81.098946 17.333565 160.022110 -53.831833               2169 
-38.313637 163.641251 -87.575089 -8.649777 193.340347 -85.437973 -103.224182 187.854584 -71.682251 13.828892 164.417526 -45.665768               2187 
-40.017075 174.862793 -74.641907 -4.212065 196.499802 -73.401382 -96.635368 214.260406 -64.159004 9.971156 165.122772 -31.712448               2205 
-44.169937 175.709824 -62.744602 -8.133804 195.881088 -67.894432 -97.419075 218.478119 -56.016212 8.892099 170.088028 -23.526825               2223 
-45.274017 176.745300 -58.247154 -9.026510 195.663696 -65.029755 -96.403915 221.289673 -54.415775 8.028740 171.122818 -19.968548               2241 
-49.843014 179.270142 -40.170689 19.668247 182.824524 -23.418365 -57.404171 196.753555 -5.196090 47.599518 157.459061 15.312575               2259 
-55.555145 182.757965 -21.552292 25.753347 179.707474 -2.964488 -48.606064 192.589157 13.036095 54.875587 153.039612 33.972870               2277 
-53.478241 183.278610 -5.672369 29.814960 177.359955 10.595909 -42.466221 193.506088 25.409599 58.777512 149.610657 46.856014               2295 
-53.114822 183.531815 9.934275 31.109222 176.202713 21.153021 -39.562893 194.509445 39.646885 61.393127 147.173492 55.268093               2313 
-51.272408 182.552307 22.737768 33.270798 174.075531 30.179676 -35.612335 193.996292 51.267334 64.551773 143.760315 62.213039               2331 
-49.028622 182.526642 31.561859 35.281033 171.357559 37.371662 -31.672129 194.432617 59.147713 65.898575 138.994934 68.012741               2350 
-46.256081 178.539703 39.645317 38.175453 168.634689 44.566505 -27.089054 194.220276 66.359749 69.258690 136.450607 74.925461               2367 
-44.228157 174.774490 41.703415 39.835297 166.195801 50.699295 -24.875822 194.820694 69.113228 69.401985 134.156052 82.682320               2386 
-40.945415 171.804520 43.974712 42.356586 163.494263 56.732559 -21.707073 194.736771 72.113914 69.921555 130.849960 89.871208               2404 
-39.004906 168.857941 50.059780 44.116608 159.154755 60.648060 -18.086388 192.760971 77.860199 71.327415 124.898087 92.423859               2422 
-36.942482 165.892868 56.377068 45.706982 154.627853 64.152176 -14.270695 190.309769 83.848511 72.577042 118.419441 93.995094               2440 
-36.953491 163.609756 58.969875 45.283195 152.290726 66.677696 -13.607334 189.148880 86.848732 71.694359 115.248581 95.900620               2458 
-31.021448 158.019760 64.901924 45.190758 149.868118 69.094772 -13.651338 186.500275 89.135551 71.135880 111.987068 97.652176               2476 
-28.639042 154.255402 67.930267 45.527252 147.016174 71.350830 -13.015878 183.320953 92.162094 71.908546 108.834862 99.097229               2494 
-27.351717 152.703247 69.622505 46.010246 144.684631 73.652023 -11.998491 181.093109 95.148048 72.018066 105.487488 100.313347               2512 
-26.961060 152.494476 70.729492 45.993496 144.027786 74.565369 -11.802347 180.013306 96.846039 72.389465 104.571640 100.451927               2530 
-26.718842 152.687256 71.360229 46.007778 143.425079 75.341698 -11.578956 179.216492 97.912788 72.538597 103.758156 100.764114               2548 
-26.276587 152.997849 72.268143 46.343700 142.063278 75.755226 -10.594498 177.527466 99.387474 72.927101 101.591507 99.817787               2566 
-26.541061 152.867096 72.974190 46.210972 141.628265 76.354675 -10.658745 176.330994 99.772446 73.283806 101.238632 100.006065               2584 
-27.130217 153.277298 73.367340 45.648548 141.239258 76.951530 -11.035020 175.516113 99.803360 72.675674 100.605560 100.234268               2602 
-26.815744 152.592239 74.170425 46.093922 139.928329 77.705719 -10.607962 173.232025 100.372055 73.351135 99.038269 100.260002               2621 
-26.424032 152.232285 74.985931 46.554234 138.467087 78.382645 -9.989034 171.105728 100.992874 73.775658 97.111504 100.116447               2639 
-26.555464 152.509796 75.220520 46.564941 137.975800 78.792473 -10.313126 169.322952 100.368744 73.795929 96.357033 100.005669               2657 
-26.537243 152.762283 75.350143 46.656170 137.657623 79.048050 -10.376396 168.241364 99.830193 73.869827 95.896881 100.002899               2675 
-26.450130 152.828766 75.482460 46.742023 137.406570 79.241722 -10.727645 166.527695 98.389755 73.936897 95.546188 100.021400               2693 
-26.323565 152.455734 75.914108 46.929691 137.241989 79.473717 -11.067053 164.597809 97.113983 74.296875 95.356743 99.975227               2711 
-26.248411 152.271881 76.226555 47.030361 137.082199 79.732651 -11.297394 163.132477 96.089241 74.429962 95.122635 100.037949               2729 
-26.241526 152.386963 76.550621 47.020100 137.097717 80.051727 -11.573698 162.098312 95.314697 74.365028 95.018791 100.182983               2747 
-26.267147 152.338715 76.890213 47.035095 137.205948 80.283997 -11.817473 161.207733 94.791428 74.499725 95.105309 100.205788               2765 
-26.182440 152.145920 77.281097 47.087978 137.182343 80.502228 -11.902813 160.653275 94.638771 74.590309 95.014320 100.228554               2783 
-26.415308 151.730728 77.744553 46.842922 137.817291 81.030769 -12.516889 160.264526 94.425865 74.617790 95.812737 100.723976               2801 
-26.280024 151.222168 78.068184 46.914368 137.805649 81.170525 -12.637698 159.624619 94.057709 74.772705 95.819466 100.784851               2820 
-23.784019 149.799164 82.417931 48.813816 134.583527 79.354446 -9.205129 156.242523 98.060417 76.480476 90.057755 92.608109               2837 
-22.132643 148.727325 84.927261 49.839172 132.844177 78.374092 -7.143994 154.260757 100.240532 77.148483 87.198662 88.086800               2856 
-21.508469 148.205429 85.835510 50.162521 132.237091 78.100128 -6.470049 153.499222 100.973984 77.318878 86.259933 86.601959               2874 
-21.289093 148.093628 86.252472 50.269081 131.991257 78.040901 -6.219089 153.155334 101.277550 77.365356 85.890236 86.049484               2892 
-21.226568 148.093506 86.437141 50.253139 131.720230 78.107422 -6.197314 152.803146 101.427071 77.268967 85.521370 85.818382               2910 
-21.106476 148.688354 86.803001 50.229446 131.639938 78.495560 -6.183337 152.818268 101.564835 77.043053 85.321823 86.196945               2928 
-20.871418 149.033264 87.154251 50.410919 131.195099 78.650551 -5.963654 152.165176 101.814964 77.153557 84.763824 85.904312               2946 
-20.903856 149.886642 87.432320 50.320995 131.216187 78.966232 -6.181376 151.909698 101.616371 77.001625 84.735428 86.130814               2964 
-21.050901 150.427383 87.944847 50.049999 130.779022 79.745995 -6.451148 151.721741 101.969955 76.316978 84.056755 86.868073               2982 
-24.927313 152.065109 86.756935 47.234634 134.428497 82.532776 -10.864901 154.462555 101.113342 74.886009 89.321846 93.688019               3000 
-26.526936 152.226624 86.360847 46.112030 135.238968 84.296768 -12.795569 154.599075 100.622841 74.093758 90.803192 97.186050               3018 
-26.940313 152.542267 86.429497 45.904373 135.368149 85.045906 -13.333536 154.272018 100.322151 73.889687 91.066910 98.382759               3036 
-27.364786 152.498062 87.112282 45.734711 135.961243 85.446617 -13.827750 153.718628 100.313522 74.234886 91.940422 98.620674               3054 
-27.600126 152.604431 87.799370 45.634136 136.060028 85.961487 -14.197726 152.788071 99.908119 74.235458 92.020729 98.851517               3072 
