-26.634251 206.970673 90.733215 34.388729 128.878693 81.518799 -29.338627 137.690613 97.948433 55.687634 82.679176 82.996140                  0 
-25.228216 206.612549 92.447594 34.781826 128.043854 81.354836 -28.425144 137.916428 99.267845 55.203796 81.430687 81.968658                 18 
-25.779711 205.658325 92.788635 34.928913 127.843025 81.309608 -28.139572 137.872101 99.768105 55.212444 81.167007 81.695534                 37 
-27.025976 204.203751 92.814705 35.037460 127.771431 81.247002 -27.993059 137.672333 99.999519 55.404396 81.130768 81.487076                 56 
-27.919209 202.785843 93.062927 35.179588 127.542007 81.192368 -27.776287 137.460938 100.251259 55.498032 80.879585 81.172989                 75 
-27.034065 201.215622 94.677910 36.028255 126.455315 81.144531 -26.572546 136.814911 101.131027 55.830742 79.580902 80.210480                 94 
-26.354429 199.751083 96.048935 36.599300 125.434059 81.002609 -25.677427 136.231964 101.712524 55.861649 78.360657 79.192238                113 
-26.195835 198.676224 96.798836 36.918564 124.931168 80.961113 -25.110554 136.092987 102.183647 55.805908 77.726814 78.672493                132 
-27.242937 197.260971 96.287987 37.079361 124.754723 81.203552 -25.060440 135.867950 102.081329 56.093445 77.591354 79.129257                151 
-27.527246 195.946838 96.277153 37.561272 124.412834 81.334724 -24.453106 135.653610 102.462196 56.553425 77.238792 79.302605                169 
-28.794498 194.956467 95.959427 37.620972 124.754120 81.484543 -24.532101 135.422882 102.414581 57.120182 77.781113 79.603477                188 
-24.738369 193.229431 98.382729 38.386154 120.939308 80.440475 -22.736334 133.815369 102.953148 55.640831 73.205719 76.698570                207 
-23.019323 192.169403 100.121307 39.181374 119.656296 80.253586 -21.476831 132.939255 103.612389 55.777065 71.783394 75.458855                226 
-25.832109 192.552597 97.637726 39.360489 121.800537 81.734741 -22.228487 133.874802 103.079750 57.577347 74.364952 78.865517                245 
-27.128973 192.509140 96.388008 39.343819 122.613388 82.620461 -22.713722 134.302429 102.605934 58.120605 75.350502 80.652458                264 
-23.998980 191.968475 99.002571 39.658165 120.181267 82.390800 -21.669800 133.712936 103.230042 56.497784 72.296471 78.690094                282 
-23.377880 190.862701 100.352631 40.430401 119.809746 81.826080 -20.614111 132.882385 103.649124 57.324341 72.033844 77.106010                301 
-23.010555 189.956284 100.770554 40.664734 119.188522 81.416374 -20.023710 132.405716 104.018387 57.373684 71.381958 76.360237                320 
-23.535582 189.709473 100.344902 40.672325 119.381226 81.607368 -20.076260 132.499496 103.985138 57.600292 71.622322 76.837418                339 
-24.270700 189.534882 99.715515 40.391827 119.416550 82.210968 -20.584454 132.614212 103.784637 57.440132 71.657005 77.897934                358 
-24.466141 189.272751 99.638016 40.386185 119.419426 82.079834 -20.522760 132.545944 103.746841 57.518280 71.691887 77.744553                377 
-24.776123 188.830215 99.714714 40.356335 119.455292 81.876877 -20.408072 132.446136 103.904640 57.604446 71.779617 77.432343                396 
-19.862263 188.343094 101.896088 40.256664 115.671654 80.573853 -19.134962 132.025513 103.924301 54.054947 67.130875 73.969215                415 
-21.716124 188.199631 101.346764 40.355686 116.934677 81.432762 -19.707924 132.252808 103.587944 55.182354 68.661598 75.100189                434 
-22.369617 187.966751 100.832550 40.772144 117.510033 81.673744 -19.533926 132.264450 103.414444 56.215664 69.399872 75.580170                452 
-24.490473 187.875443 99.651062 40.737022 118.851311 82.667336 -20.186956 132.503174 103.251381 57.447845 71.052849 77.541283                471 
-24.470934 187.531418 99.329590 40.891140 118.667923 82.714691 -19.990435 132.432205 103.244865 57.607822 70.856163 77.733803                490 
-21.419647 187.408844 101.550209 40.585556 116.523041 81.579384 -19.086742 132.364059 103.980827 55.052807 68.193474 74.858345                509 
-20.666368 187.036346 102.325294 40.478645 116.048218 80.890892 -18.717506 132.300262 104.171143 54.293819 67.652214 73.328575                528 
-21.118340 186.635361 101.849243 40.666061 116.170181 81.133217 -18.677118 132.203552 104.124802 54.790760 67.822769 73.836548                547 
-21.514957 186.250626 101.552231 40.822723 116.351250 81.288795 -18.599546 132.175232 104.141830 55.192177 68.056450 74.122734                565 
-21.313076 186.224762 102.063316 40.951900 116.472786 81.297714 -18.377411 132.213867 104.392838 55.280064 68.212410 73.823647                584 
-21.322720 186.011093 102.096947 40.860985 116.349915 81.311264 -18.455372 132.180679 104.350372 55.063648 68.079834 73.662422                603 
-22.342358 186.019684 101.674461 41.141308 117.451721 81.831337 -18.540554 132.509232 104.402420 56.131599 69.369186 74.511322                622 
-20.401247 186.141968 102.259926 41.014965 116.142593 81.739182 -17.943235 132.852814 104.999168 54.543503 67.683189 74.065491                641 
-20.949461 186.061356 101.704010 40.846123 116.376617 81.998016 -18.249136 133.072052 104.863350 54.521709 67.920815 74.566010                660 
-23.100180 185.866837 100.334442 40.855026 117.777519 82.763412 -18.977850 133.297195 104.445229 55.863361 69.592560 76.192230                679 
-24.509426 185.609482 99.377495 40.839527 118.681862 83.105011 -19.433479 133.358261 104.093262 56.735600 70.713936 77.054062                698 
-26.815634 184.713516 97.615601 40.838100 119.856346 83.252419 -20.000738 133.028564 103.548462 58.288471 72.310966 78.238182                717 
-27.616928 184.179047 96.979332 40.734406 120.075180 83.242569 -20.296288 132.796982 103.204651 58.610237 72.667824 78.423996                735 
-27.034410 184.125717 97.138153 40.686054 119.602989 82.932510 -20.140938 132.835617 103.116280 58.061005 72.047806 77.752037                754 
-26.795582 184.059082 97.287201 40.707764 119.485771 82.846352 -19.996815 132.904037 103.237358 57.895622 71.881660 77.494034                773 
-26.615225 183.889282 97.327644 40.696770 119.363937 82.714607 -19.855354 133.012329 103.341682 57.672222 71.703278 77.190430                792 
-27.468645 183.782074 96.273186 41.319164 120.765572 83.091629 -19.592127 133.497360 103.204887 59.270676 73.385918 78.281952                811 
-30.762070 186.811584 90.598274 40.394604 125.681595 84.675652 -21.259546 138.236359 102.544106 59.910767 78.678253 84.513596                830 
-29.595682 186.993378 90.943565 40.703865 125.253654 84.161972 -20.306471 139.052170 103.702515 59.492237 77.956223 83.748718                849 
-27.425314 187.988892 91.255318 41.597435 125.257393 83.242264 -18.325174 140.804062 105.218445 59.362980 77.568474 82.631172                867 
-25.236708 189.291702 89.898468 42.514317 125.397636 82.424774 -16.163490 143.276535 106.436218 59.179588 77.309502 82.570480                886 
-24.439653 192.339417 85.548172 43.826172 129.028137 80.964767 -13.802054 148.734543 106.719017 60.659206 81.057770 83.355057                905 
-20.986900 195.693420 80.481377 46.856289 132.079391 77.620918 -8.837759 154.652985 106.089325 63.276306 84.101822 81.951904                924 
-20.744490 204.317001 69.596298 47.062458 140.945099 74.036560 -7.889739 167.470718 101.706841 63.093731 93.453270 82.853882                943 
-20.385893 209.198181 60.267677 48.013599 147.172165 68.477913 -5.719920 176.489014 96.448128 64.147514 100.329788 80.127373                962 
-20.233461 212.875290 49.874691 48.345268 152.353455 62.510197 -5.084876 183.853943 88.259071 63.912895 105.982849 76.568573                981 
-21.770926 215.986359 39.806862 48.264648 158.697525 55.788303 -5.313145 190.898071 79.470940 64.201218 113.049858 71.679718               1000 
-25.569874 215.553909 27.973503 46.940418 163.907059 48.242706 -8.112242 195.343109 68.737808 64.082085 119.656120 66.633972               1018 
-30.190506 215.900787 15.051083 44.499142 170.620758 39.558403 -13.529969 198.252228 55.987106 63.033367 127.177948 58.516953               1037 
-34.046555 214.565308 1.547781 41.589096 175.342087 30.264692 -18.700701 199.246292 41.914890 60.963684 132.406357 49.535637               1056 
-35.790138 213.145004 -11.101334 38.138348 177.157333 21.589827 -23.248825 199.407257 28.128950 56.264252 133.142426 39.599850               1075 
-38.947899 206.879501 -23.920147 34.053463 176.864822 12.256080 -28.160513 197.081726 14.274180 52.121918 132.977646 30.631809               1094 
-40.033699 204.556534 -37.721405 29.446598 176.174698 3.586471 -32.765514 196.465149 -0.115963 45.521141 131.610580 22.184063               1113 
-42.423183 199.008835 -52.399815 25.629612 177.266983 -5.941892 -38.020401 192.204361 -15.966419 42.750397 134.307465 15.308526               1131 
-44.526699 194.146149 -66.041512 21.771482 176.755341 -15.411337 -43.082039 186.577454 -30.615725 39.209755 135.315018 8.438772               1150 
-46.353832 186.052444 -78.045364 18.790474 174.557602 -24.254803 -47.419975 178.835922 -42.363094 37.106255 135.325867 2.496370               1169 
-47.664219 178.872894 -88.522820 16.260406 172.030151 -31.998152 -51.867439 170.091370 -52.059563 35.287636 134.764893 -3.024256               1188 
-49.421772 169.198883 -95.214874 15.489324 170.235855 -38.323875 -54.279465 160.012619 -56.988705 37.033504 136.931564 -6.435111               1207 
-51.361576 162.035461 -100.025528 14.752124 169.654968 -43.730824 -55.780369 152.273392 -59.871876 38.614098 140.225555 -9.749413               1226 
-54.213741 154.071274 -103.497108 13.897982 169.329559 -49.877026 -56.728935 146.459991 -61.287849 39.787430 145.393387 -13.175290               1245 
-57.270912 147.999802 -108.148483 11.219980 169.722137 -56.441528 -58.656006 142.198929 -64.678604 38.590076 150.144821 -18.260012               1264 
-64.217926 140.479279 -113.769485 5.878169 167.677353 -66.790466 -64.570099 139.837631 -69.876419 33.609119 153.243912 -26.629644               1283 
-66.059418 135.976868 -112.681320 4.997596 165.544159 -68.641014 -64.776695 136.328079 -69.660927 33.350479 153.426910 -28.150177               1301 
-66.505341 130.785828 -113.825920 4.398430 162.471237 -70.526375 -64.324799 132.357788 -71.781677 31.562056 153.800415 -28.369812               1320 
-67.241089 129.717484 -113.406578 4.392210 161.873352 -70.952019 -61.791908 129.081055 -72.494942 31.875610 154.697479 -28.721809               1339 
-62.530769 117.694893 -115.421028 5.372296 157.112198 -72.424660 -59.143257 121.979355 -74.497955 29.410471 157.282013 -27.565340               1358 
-58.678558 113.545769 -123.256599 5.116720 155.201660 -76.201706 -58.011345 118.826683 -82.676010 25.174742 157.457352 -29.481165               1377 
-57.826565 111.468727 -122.300957 5.498023 154.972595 -76.290161 -56.729908 117.612000 -82.257713 25.225983 158.925797 -29.541893               1396 
-57.457748 110.988777 -121.865356 5.762716 155.093353 -76.355064 -55.718613 117.093582 -82.327484 25.493988 159.473755 -29.646288               1414 
-55.464497 108.353622 -120.808594 6.671913 154.939362 -76.611809 -54.138138 115.939941 -82.083435 25.844959 161.104935 -29.872091               1433 
-51.878262 104.509659 -120.167625 8.445542 154.268036 -77.152702 -51.739746 114.516846 -82.526581 26.199520 163.171463 -30.293909               1452 
-47.613007 105.081680 -124.322708 10.709107 153.653122 -77.345596 -49.978134 115.584816 -87.087181 25.373648 162.316986 -29.386139               1471 
-43.154125 106.373665 -125.070770 15.393543 152.502731 -76.120598 -46.738850 117.658516 -88.538864 28.475782 160.644730 -27.615089               1490 
-44.855812 111.962769 -123.799507 18.244450 152.384537 -75.576202 -46.859875 123.844612 -87.790962 32.134342 159.698456 -27.163406               1509 
-44.099308 114.777481 -124.360985 20.390104 152.647415 -75.966522 -45.543053 126.732353 -88.683662 34.280083 159.498825 -27.486135               1528 
-45.196056 122.969154 -124.300735 22.643866 156.354996 -77.876846 -44.376080 133.127716 -89.158546 38.854988 160.068008 -29.776592               1547 
-46.224220 129.438339 -123.004051 24.110043 160.424576 -79.712395 -42.788536 137.727249 -89.352318 42.956696 161.050507 -32.440487               1566 
-45.822712 132.586151 -121.104446 25.583818 163.429306 -80.882645 -40.830124 140.458542 -89.563026 46.125675 162.485199 -34.327713               1584 
-42.691589 134.332596 -118.905998 29.033215 166.859268 -81.343842 -36.868580 143.113052 -88.735146 51.034580 165.943695 -35.460049               1603 
-39.951332 145.564499 -120.017372 33.046547 173.587799 -82.055817 -33.045723 151.996597 -90.405899 56.788811 166.726334 -37.564846               1622 
-36.794109 149.958481 -120.982269 36.072998 176.959137 -82.709412 -29.747406 156.130112 -92.112465 60.239670 167.850235 -38.854862               1641 
-3.051555 164.088226 -92.059174 43.046223 190.802078 -82.771248 -21.414148 172.267136 -101.243416 62.280365 172.491531 -39.354748               1660 
6.411206 162.645874 -92.582771 47.517620 194.575027 -80.621292 -11.631791 170.388901 -106.922638 65.257164 172.289154 -38.444649               1679 
12.026439 164.984650 -93.375038 52.303581 197.205017 -79.721428 -4.342234 172.000702 -109.114723 68.904373 173.625824 -37.785091               1697 
17.076553 164.909760 -92.957214 55.751652 198.772705 -78.709663 2.378192 170.477402 -109.561821 72.917038 175.427597 -36.869774               1716 
24.352633 172.828949 -98.606705 63.438290 204.139832 -80.228828 11.099202 179.819672 -115.705322 77.278854 177.588943 -39.074108               1735 
29.315260 177.813599 -101.994827 68.567078 207.396942 -81.223534 17.560701 185.248535 -119.324799 80.808655 178.682297 -41.026093               1754 
37.784058 176.705948 -99.702286 75.954918 207.147217 -78.131927 26.380201 183.759644 -117.231995 88.237671 178.529724 -37.877811               1773 
47.558369 179.744019 -96.852150 84.771324 208.776840 -71.889709 37.048733 187.713242 -114.403969 95.423012 177.743713 -32.983315               1792 
54.095028 172.248291 -91.014992 89.161049 204.561234 -67.612816 42.733856 179.567459 -109.460197 101.845848 175.104538 -28.095470               1811 
57.363407 166.069122 -88.810364 88.851814 202.272003 -66.701042 44.484795 172.729614 -107.822639 105.430000 174.039017 -27.735886               1830 
61.861233 162.313660 -86.779190 91.642204 200.493347 -65.891273 48.379913 168.216797 -106.288986 109.206947 173.824448 -26.262106               1849 
66.798851 158.723709 -86.495216 94.218765 198.802429 -66.606407 52.187576 164.188995 -106.730934 112.937843 173.213226 -26.794230               1867 
72.275208 153.255341 -85.899536 98.475174 194.698380 -67.848572 56.464775 158.310577 -106.909233 117.304474 170.522232 -27.213696               1886 
77.640877 144.224289 -84.550850 102.643318 187.261200 -68.914597 61.196865 147.970123 -106.178589 121.044739 165.843140 -26.572229               1905 
79.172661 141.691254 -83.990990 103.781433 185.230469 -69.205673 62.534607 145.144119 -105.951759 122.048515 164.577621 -26.427235               1924 
82.118111 129.824509 -82.161865 105.061852 174.195633 -67.229660 65.047928 132.914902 -104.095764 124.279976 153.855698 -24.718807               1943 
84.713318 124.732765 -80.367920 108.740852 169.419739 -69.140556 67.022964 126.948753 -102.684288 128.051956 151.331894 -25.664898               1962 
85.858063 122.943321 -79.650284 110.084198 167.641998 -69.776138 67.758293 125.008194 -102.402061 129.360519 150.115295 -26.055904               1980 
87.082108 112.896873 -79.570610 112.543037 157.183258 -72.226532 69.287888 114.317551 -103.350883 130.106079 141.551285 -27.088942               1999 
87.753250 109.305122 -79.115982 113.748962 153.306656 -73.206818 69.829056 110.514496 -103.542068 130.750473 138.438416 -27.598650               2018 
90.128510 99.783524 -76.700546 113.864906 145.330276 -73.532135 72.115570 98.632713 -101.090538 131.562332 134.119293 -27.149635               2037 
92.677856 92.658783 -75.362953 115.993874 138.745377 -74.187782 74.839035 90.245926 -99.480255 133.639893 130.077759 -27.244081               2056 
93.550026 89.146225 -76.735016 116.331467 135.594574 -75.000984 75.997276 86.749596 -100.985191 133.556290 126.881950 -27.909409               2075 
94.391357 87.834450 -77.000931 117.096291 134.375244 -73.912582 76.971573 86.087494 -101.265427 134.120819 124.545448 -26.968344               2094 
95.342453 85.027832 -76.899292 117.623611 132.004852 -72.735001 77.974800 83.524323 -100.794464 134.339401 121.961693 -25.725014               2113 
93.031235 70.211861 -69.172333 113.105705 118.908478 -65.962715 75.299698 67.143143 -91.254097 130.819046 111.897461 -18.768389               2131 
93.233559 70.983826 -70.774216 116.626564 118.905228 -67.231613 75.764229 68.560326 -91.944176 131.228485 113.203575 -18.811619               2150 
92.597054 71.096352 -71.650452 117.819809 118.675835 -67.550186 74.963913 69.284126 -91.758217 131.317307 113.616058 -18.739965               2169 
90.787598 71.302299 -71.890816 118.164230 118.186272 -67.169121 73.546669 70.083794 -91.396019 129.875336 113.914803 -17.825165               2188 
89.271194 71.327477 -71.873253 118.654472 117.462631 -68.047127 72.152603 70.254990 -90.853508 129.457672 114.898071 -18.378878               2207 
88.076820 71.725494 -70.537155 118.878769 117.148682 -68.595963 70.746964 70.446739 -89.133163 129.914963 116.359123 -18.919004               2226 
86.844780 71.839066 -70.246712 118.906296 116.566223 -68.793266 69.852699 70.524307 -88.784058 128.965088 117.091675 -18.905731               2245 
85.965614 71.986183 -70.145668 118.793602 116.317924 -68.994675 69.118980 70.669594 -88.484772 128.444763 117.681122 -19.042519               2264 
77.066437 72.476746 -60.586620 116.717598 110.242142 -69.795967 59.716820 69.847908 -77.238777 128.574066 122.178917 -21.763075               2282 
77.426971 72.405052 -64.254036 117.658478 110.230141 -72.463699 60.875187 69.722969 -80.555664 128.444427 122.890091 -24.363703               2301 
75.147278 74.092674 -62.701527 117.296432 109.755341 -73.265335 58.826946 71.214478 -77.912125 129.056747 125.527145 -26.327433               2320 
76.064735 73.853722 -70.402153 117.151207 112.391663 -78.088547 68.861946 66.354599 -83.728676 129.507370 124.841125 -30.312426               2339 
75.661858 73.655159 -74.109276 116.110413 114.228737 -80.901382 74.309830 63.852348 -86.092537 129.381592 126.036812 -33.207916               2358 
72.696114 78.154373 -76.483261 115.395683 116.454437 -83.163406 72.132210 67.567245 -88.343636 128.814285 127.899750 -35.422783               2377 
90.558891 90.207108 -114.724312 122.637909 123.404953 -47.351162 64.279457 79.328796 -68.982925 132.455215 118.998817 2.392457               2395 
93.047775 112.609825 -123.524498 122.155685 135.309387 -40.641491 66.060379 84.982918 -68.598732 134.029724 125.503036 7.866898               2415 
83.034370 132.509064 -120.973381 122.234009 138.047012 -37.941719 54.856682 105.268959 -66.417679 134.342407 120.012566 8.083996               2433 
76.255501 146.197678 -113.005127 121.350166 141.248627 -33.076061 51.827301 118.264984 -60.993893 133.691544 118.789352 10.895434               2452 
65.487709 154.319870 -100.042847 118.205925 150.813553 -26.451044 48.606728 131.857071 -50.967049 132.161179 127.974091 16.836727               2471 
55.435596 162.584335 -84.109192 115.068314 158.952423 -17.591377 45.139748 142.956680 -38.562683 131.164017 134.799164 24.214952               2490 
45.843197 170.334457 -71.346428 108.726883 165.537216 -8.781923 38.661663 151.447754 -28.192165 125.909134 139.936203 31.709795               2509 
38.066261 180.009079 -53.784672 105.350952 172.330826 2.789218 34.311043 161.206528 -12.997429 124.312790 144.368118 40.851749               2528 
30.981667 185.477112 -31.970877 101.799751 178.378937 15.328577 29.945883 169.528839 4.183687 122.906006 148.485138 50.699585               2547 
24.164198 187.493759 -11.353551 96.552132 183.864197 26.270645 24.269501 176.848816 18.785791 119.109505 152.090485 59.009266               2565 
17.293888 188.851257 7.633391 91.230385 187.637985 37.693752 18.769186 181.471634 34.359810 115.514244 154.865829 68.132225               2584 
9.850866 190.167236 23.319811 84.851677 190.175430 48.289997 12.565000 184.047714 48.192654 110.772827 156.604919 76.420700               2603 
3.847220 190.934418 36.997803 79.515762 190.854340 58.447533 7.480225 185.240540 60.701527 106.452057 156.120804 84.103699               2622 
-1.958259 189.792450 47.266373 73.942108 190.794403 66.934387 2.201592 184.642136 70.374146 101.893349 155.621185 90.846611               2641 
-7.236649 187.044510 55.893669 68.942482 190.713379 73.381821 -2.400860 183.346664 78.993118 98.541336 156.316132 96.424362               2660 
-12.269388 185.615707 62.483292 64.193382 189.395157 78.143562 -6.981320 182.975159 85.622574 94.184837 154.919571 100.552658               2678 
-14.899926 182.658981 66.773422 61.447887 187.688690 82.624626 -9.650286 180.430954 90.415810 92.080841 153.421417 104.478615               2697 
-17.366749 180.303787 71.475922 59.215511 182.952896 86.741859 -12.007882 178.078522 95.314041 89.001236 147.558014 107.960579               2716 
-19.368141 178.708221 74.912933 57.312164 181.326675 89.842537 -13.936523 177.381821 99.194054 87.021339 146.125153 111.485985               2735 
-20.728054 177.407654 77.666306 56.251617 177.736969 92.129326 -15.018985 176.341019 102.050163 84.972847 141.899780 114.061211               2754 
-24.195887 175.264816 79.235550 53.102654 178.831985 92.920158 -17.868135 174.471405 103.460243 83.581665 144.448212 114.806366               2773 
-25.693098 175.104996 81.633949 52.672283 173.568054 92.978745 -17.855268 172.034500 105.333771 82.196098 136.902039 112.322166               2792 
-27.381718 174.733521 83.445038 51.710030 171.215134 93.501534 -18.342203 170.118149 106.366447 81.195740 133.960663 111.747581               2811 
-28.770561 173.504257 84.415085 50.763046 170.815445 94.159859 -18.913496 168.440964 106.428886 80.950508 134.148361 112.448204               2830 
-35.106857 178.709152 92.099144 47.896137 177.934631 94.157387 -20.794151 168.666687 107.034340 80.546936 143.230591 112.039665               2849 
-40.343159 181.126709 96.988998 44.379272 178.790817 92.890099 -23.623392 167.867325 107.584175 77.758148 144.531601 110.279114               2867 
-40.373146 182.392136 98.669945 44.808411 176.657974 93.193596 -23.463310 167.436295 107.791130 77.064323 141.234741 110.368332               2886 
-40.810658 182.402283 99.510544 44.510735 175.110794 93.342834 -23.844156 166.462021 107.658699 76.236641 139.142593 110.371529               2905 
-39.701763 181.613647 100.992149 45.466320 171.393692 94.241165 -23.108974 164.475891 108.133881 75.966652 134.098633 110.643303               2924 
-38.772781 178.902206 101.132362 46.442520 167.500076 94.932816 -22.387800 161.175522 107.748436 76.194572 129.392242 110.833427               2943 
-39.954617 177.673080 100.288284 45.712231 168.392822 95.012047 -23.055725 160.462097 107.250862 76.290756 131.377930 111.896141               2961 
-38.965305 165.121246 96.914032 41.235783 171.145111 94.619019 -23.172304 156.383652 101.172523 75.639427 136.409409 108.762611               2980 
-35.562298 160.163574 97.293129 40.503361 167.520416 94.759979 -22.799940 156.009491 100.831657 74.300438 132.247467 109.035751               2999 
-35.743168 154.067184 94.404541 38.491863 168.059906 95.003136 -22.902906 152.620972 97.304848 74.183777 134.234344 108.123337               3018 
-34.205853 152.524368 95.829338 40.518734 162.970261 95.097336 -20.819294 150.858765 98.021286 74.810226 127.124702 106.473221               3037 
-34.045086 150.731079 95.788033 39.979488 163.326065 95.199684 -20.585571 150.300674 97.550720 74.811058 128.612930 108.313858               3056 
-33.721348 150.807419 96.294884 40.611576 161.267578 95.193977 -20.112267 150.049301 97.893837 74.439903 126.037201 109.500832               3075 
-33.546608 150.397186 96.799515 40.944729 159.302429 94.204323 -19.795630 149.372635 98.099030 74.276749 123.770538 108.924431               3094 
-33.789654 150.360382 96.707977 40.638611 159.718933 94.282822 -19.949770 149.434311 98.037125 74.119774 124.685425 109.835518               3112 
-33.710873 150.187042 96.827087 40.692436 159.597717 94.262939 -19.184526 148.541275 97.208885 74.209923 124.666809 109.967415               3131 
-32.975571 149.328537 97.643944 41.698162 156.958237 94.509674 -17.772013 146.630096 97.082230 74.572838 120.815002 108.762512               3150 
-31.857927 150.109253 99.618599 42.999104 155.650299 94.130928 -16.286745 146.543991 98.307693 75.426033 118.652725 107.165291               3169 
-31.057690 150.432861 100.340057 43.938923 154.902649 93.460182 -15.131104 146.128830 98.615875 76.289001 117.622833 105.866180               3188 
-31.167364 150.921143 100.519508 44.065247 154.781708 93.688675 -14.749323 145.828934 98.491302 76.343422 117.481979 106.221458               3207 
-31.297108 151.378342 100.647964 44.132954 154.713150 93.913849 -14.255234 145.389679 97.910339 76.330627 117.353584 106.475426               3226 
-31.424679 151.940033 100.646042 44.206871 154.746201 93.998276 -13.973773 145.285141 97.631233 76.350250 117.355545 106.606346               3244 
-30.400099 152.725998 101.129837 45.446560 153.251236 93.772949 -12.885254 145.161789 98.023781 76.810066 114.799782 105.088303               3263 
-34.536858 157.405228 97.217529 41.440739 164.356201 91.827187 -19.324961 152.946075 90.431976 71.542557 125.959572 106.311699               3282 
-40.157997 154.417358 98.156319 35.631317 170.025818 90.202118 -25.665777 151.693222 88.811195 68.575966 134.559692 105.919151               3311 
-40.720875 154.454651 98.873055 34.850636 171.034119 89.658745 -26.414907 151.673798 89.075363 68.407120 136.117142 105.310860               3320 
-40.667782 154.193634 99.214752 34.820824 171.150940 89.467323 -26.474514 151.332031 89.042229 68.600266 136.373489 104.949577               3330 
-40.548687 153.456589 99.761528 35.182625 169.142410 89.339584 -26.435484 149.874603 89.120750 68.482391 134.088852 105.232826               3339 
-39.471226 153.866928 99.849564 37.016209 166.201981 90.075066 -25.413860 149.363113 89.021431 68.569305 129.833008 106.565102               3348 
-38.641132 154.323288 100.074707 38.233318 164.591537 90.562912 -24.648293 149.304138 89.219292 68.715881 127.569855 107.604897               3358 
-38.670380 154.472504 100.235214 38.239014 164.647003 90.540413 -24.692776 149.378220 89.243828 68.682228 127.629303 107.661232               3367 
-38.717587 154.436768 100.284927 38.224472 164.641098 90.545296 -24.725845 149.243423 89.049881 68.650154 127.590462 107.625977               3377 
-38.779037 154.507996 100.244164 38.249176 164.423950 90.649033 -24.796232 149.300385 88.861473 68.461479 127.066162 107.436943               3386 
