-27.989748 142.509384 81.317970 45.629780 140.165680 81.659943 -15.135535 143.134094 91.961456 65.933022 95.110352 96.138580                  0 
-27.949755 142.835800 81.157486 45.904812 140.030106 81.664581 -14.891303 143.109482 91.892845 66.035469 94.932526 96.252235                 18 
-28.316418 143.500656 81.418625 45.642567 140.740585 81.602661 -15.095991 143.226868 91.728439 65.895485 95.651978 96.048149                 36 
-28.277941 143.867340 81.442924 45.819099 140.535858 81.668228 -14.958308 143.155136 91.665497 65.793022 95.337860 96.160255                 54 
-28.699114 144.761627 81.836868 45.473751 141.269211 81.541321 -15.260159 143.660309 91.768898 65.472916 96.019142 95.834702                 72 
-27.907318 145.952087 82.236633 46.215710 140.307877 81.538956 -14.466242 144.152084 91.939148 65.004982 94.603714 96.027870                 90 
-28.515562 146.244247 82.515213 45.726025 141.587814 81.209221 -15.005914 144.369766 91.966949 65.234085 96.206902 95.764069                108 
-28.414917 146.226669 82.526337 45.887405 141.622620 81.109940 -14.905315 144.168640 91.932442 65.445679 96.232513 95.568428                126 
-27.903654 145.989166 82.644722 46.442921 141.036621 81.207809 -14.415440 143.877945 92.133118 65.685860 95.455353 95.486916                144 
-27.691559 145.822144 82.511429 46.731422 140.959045 81.213081 -14.225179 143.716415 92.153908 65.954391 95.370270 95.495132                162 
-26.753258 145.378464 82.015144 47.667339 139.826508 81.394089 -13.473893 143.340652 91.987663 66.172157 94.017372 95.917511                180 
-25.930590 145.151031 81.822792 48.435017 138.432785 82.054955 -12.941370 143.040405 92.348000 65.897751 92.134094 96.313972                199 
-26.450991 145.444916 81.846497 47.998753 139.222931 82.039230 -13.440568 143.394348 92.380615 65.753960 93.017654 96.239967                216 
-26.272226 145.727951 81.783852 48.158737 138.938950 81.918533 -13.290524 143.600052 92.352951 65.570015 92.661072 96.307457                235 
-26.157070 146.123642 81.723923 48.263634 138.756058 81.764198 -13.193749 143.882156 92.361282 65.342094 92.382637 96.244087                253 
-27.644802 145.671494 81.422531 47.009865 140.872910 81.406693 -14.585850 144.050430 92.039284 65.709656 95.512383 97.045601                271 
-28.199274 145.584106 81.732727 46.548512 141.991440 81.167381 -14.982222 144.043808 92.081039 66.107140 97.188042 97.352280                289 
-28.229809 145.550217 81.820724 46.621975 141.782242 81.183655 -14.898362 143.736237 92.114502 66.132675 96.890251 97.179840                307 
-28.351501 146.060699 82.313316 46.685646 141.404236 80.888321 -14.693961 143.533173 92.476929 65.949486 95.926407 95.465935                325 
-28.355581 146.700943 82.793488 46.861507 141.148773 80.812645 -14.403389 143.616562 92.898399 65.829544 95.290703 94.563522                343 
-28.853653 146.468079 82.246414 46.695827 141.706818 81.241035 -14.693635 143.353806 92.566872 66.185272 96.413063 96.089340                361 
-28.949865 146.693024 81.983841 46.868118 141.508484 81.454948 -14.560340 143.152435 92.471497 66.251785 96.263809 96.588608                379 
-27.694532 146.567123 82.260597 48.532337 139.883240 81.307861 -12.821553 141.743637 92.812706 67.587799 94.052696 95.029579                397 
-27.440329 148.364746 82.617989 49.255474 139.070267 81.015396 -11.975565 141.635269 93.226593 67.620209 92.518829 93.161835                415 
-28.470070 149.019165 82.705193 48.503101 140.600845 81.067039 -12.752820 142.249878 93.369301 67.520737 94.257210 93.001518                433 
-28.589619 149.358475 82.852776 48.453178 141.251343 81.425255 -12.847482 142.614868 93.623940 67.638298 94.967484 93.323593                451 
-28.625284 149.299362 82.730415 48.466713 141.417236 81.615273 -12.902644 142.570801 93.528160 67.744926 95.181190 93.548988                470 
-28.587568 149.240509 82.661293 48.534264 141.440796 81.667503 -12.868503 142.525360 93.496445 67.851616 95.230614 93.638092                488 
-27.920822 147.989792 82.898727 49.309532 141.282288 81.167221 -12.081507 141.673706 93.897095 69.404465 95.379959 93.041794                506 
-27.485773 146.999649 83.346367 49.803669 140.930252 81.214104 -11.615341 141.260254 94.710701 70.220314 95.141800 92.979027                524 
-27.220362 146.328903 83.626091 50.111023 140.711288 81.243256 -11.302013 141.154633 95.390785 70.727104 94.994484 92.938797                542 
-27.319496 145.845825 83.703842 50.063053 140.890335 81.133018 -11.327230 141.218094 95.774994 71.013725 95.298080 92.719673                560 
-27.332115 145.475693 83.693520 50.081890 140.882919 81.105598 -11.323006 141.117661 95.785553 71.184044 95.359367 92.687462                578 
-27.240789 144.554077 83.603127 50.218399 140.578400 81.111221 -11.228160 140.857773 95.987419 71.614906 95.190819 92.686722                596 
-27.420902 144.373230 83.440399 50.062267 140.569107 81.106239 -11.415861 141.184479 96.063957 71.516266 95.191444 92.614052                614 
-27.509094 144.005753 83.147728 50.000420 140.635590 81.199593 -11.580439 141.214874 95.850952 71.618881 95.399361 92.953789                632 
-28.775509 143.250748 82.176674 48.803642 141.999359 80.707230 -12.882754 141.382523 95.089844 71.557251 97.524284 93.200317                650 
-28.749374 143.284775 82.171783 48.834274 141.959610 80.716232 -12.868954 141.685547 95.234360 71.547081 97.469513 93.230019                668 
-28.623037 143.246841 82.125999 48.938709 141.857468 80.791428 -12.827620 141.911697 95.262344 71.561089 97.373581 93.489754                686 
-28.551067 143.298004 82.016586 48.986778 141.805542 80.694283 -12.825774 142.240829 95.248741 71.516457 97.335915 93.605537                705 
-28.228178 142.661438 82.081154 49.068237 141.813324 80.677704 -12.815084 142.490112 95.407928 71.671936 97.399330 93.650940                723 
-27.661295 141.891769 82.207497 49.243610 141.872147 80.623604 -12.685701 142.788300 95.421822 71.889191 97.520760 93.737228                741 
-27.214045 141.410187 82.285744 49.413734 141.945419 80.537598 -12.622664 143.234848 95.402176 72.081177 97.664986 93.851677                759 
-26.941877 142.015701 82.482483 49.621704 142.286133 80.489143 -12.505322 144.310425 95.580368 72.127495 97.995567 94.041672                777 
-26.578615 142.642410 82.619598 49.943172 142.478256 80.322624 -12.485526 145.850250 96.135643 72.225281 98.126434 94.043365                795 
-26.028921 143.908936 82.594116 50.462986 143.000641 80.004478 -12.336014 148.520691 97.054420 72.369598 98.598022 94.158752                813 
-26.263643 147.194702 82.155014 50.198643 146.534286 78.734230 -12.639414 153.028412 96.758667 72.455421 102.538925 93.596222                831 
-26.389362 151.840454 81.830109 49.997677 149.899353 77.460739 -12.600251 158.334946 96.676796 71.712006 105.630318 92.312553                849 
-25.639828 154.751755 80.695427 50.652424 151.177368 75.808784 -11.658847 162.332291 96.469147 71.530220 106.530975 90.730324                867 
-24.699894 160.417038 78.254150 51.516914 155.101212 73.887283 -10.577473 168.941269 95.772751 71.175926 109.601730 87.857079                885 
-24.353701 167.464645 75.215096 51.654503 160.512756 70.248688 -9.830115 175.992508 92.954956 70.309967 114.268806 83.105850                903 
-22.700190 172.939514 70.129044 53.018284 164.267242 66.373962 -8.233958 181.951706 88.555817 70.164467 117.365891 78.948006                921 
-22.292210 178.279373 62.219154 53.344234 170.531891 60.676247 -8.461690 188.615295 81.020729 70.439697 123.899025 74.276115                939 
-23.432268 180.697174 53.631805 52.280048 176.457428 55.108036 -10.841249 192.937790 72.252426 70.747261 131.137253 71.135483                957 
-25.123428 188.131012 42.572060 50.354729 183.736252 48.294632 -13.320408 200.818665 60.903984 67.740410 138.652512 66.099976                976 
-25.904743 190.255997 31.381454 49.420002 188.102661 39.665039 -14.899209 203.417267 49.101532 67.472412 143.697617 58.483608                994 
-28.116922 192.671921 19.370037 46.878853 193.600723 29.802031 -17.928169 206.257004 36.004658 66.004829 150.231583 49.930370               1012 
-29.470959 194.665924 5.928226 44.562283 199.534378 20.549929 -20.679195 207.729385 22.332014 65.085236 156.526169 40.067570               1030 
-31.275244 196.595291 -8.490536 41.747967 202.274155 10.081806 -23.210243 209.667877 7.035197 61.287159 159.903198 31.870731               1048 
-32.414543 195.519012 -22.266640 38.929668 205.514359 0.389226 -25.654230 208.454788 -7.539340 59.579880 164.427826 23.569002               1066 
-34.089642 193.103699 -36.743500 35.265778 207.565598 -10.640748 -28.382809 206.053513 -23.098494 56.748528 168.306992 14.836484               1084 
-36.128792 190.037811 -49.945980 31.463602 208.023758 -21.554119 -31.053303 202.732407 -37.488533 53.244221 170.564575 6.271234               1102 
-37.781509 187.584015 -64.061531 27.692593 207.257156 -31.874016 -33.647610 199.413147 -51.549347 49.233025 170.283752 -3.224183               1120 
-38.284229 184.251358 -75.633316 25.120140 205.250244 -39.717632 -35.184383 194.739532 -62.666794 46.541080 168.808929 -10.306593               1138 
-38.411961 180.795166 -85.869186 22.886385 203.156494 -46.129677 -36.272720 189.244095 -72.043594 44.386028 167.579407 -15.734433               1156 
-38.853615 175.416824 -93.325150 21.571312 201.181686 -52.492035 -36.779526 182.053345 -78.580338 44.520443 168.219971 -20.263197               1175 
-40.224663 170.290176 -99.604553 20.047745 198.077362 -57.537586 -38.393452 174.979965 -82.934784 43.624966 167.517426 -23.448872               1193 
-41.359612 164.245789 -104.438881 18.712620 194.704468 -61.182896 -39.887905 166.757217 -84.878464 43.769516 166.850311 -25.853970               1211 
-42.777161 160.779236 -109.555397 16.977997 192.387100 -64.487144 -41.804981 161.382309 -87.433823 42.854679 165.916565 -28.688494               1229 
-46.372894 151.687775 -110.882431 15.561079 185.537079 -67.652260 -43.475246 152.019958 -86.874443 41.420288 163.228287 -29.110672               1247 
-50.294086 143.462646 -112.189751 13.611503 180.699402 -71.887962 -44.929585 143.914169 -86.351082 40.759315 163.038666 -31.851357               1265 
-50.747604 140.481186 -114.322685 12.898763 179.140396 -73.141747 -44.391304 140.151108 -87.243805 40.345287 163.077087 -32.638733               1283 
-50.829044 139.051559 -115.019714 12.238386 179.056656 -73.524765 -44.066635 138.167007 -87.364792 40.390747 163.725830 -33.222836               1301 
-51.446583 135.290985 -115.841644 10.643653 177.926468 -75.191139 -44.328556 134.773575 -87.988953 39.578400 164.227814 -34.855511               1319 
-51.364071 131.702103 -115.106354 9.903483 177.238083 -75.829506 -43.646763 131.796997 -86.999397 39.381615 165.826797 -35.176613               1337 
-51.458965 128.314041 -114.574181 9.080400 176.324371 -76.693817 -43.117409 128.974365 -86.360367 39.010891 166.928513 -35.856098               1355 
-51.763287 126.183502 -115.248413 8.235649 175.532532 -77.950150 -43.294044 127.302948 -86.943924 37.905148 167.455902 -36.642464               1373 
-52.057350 124.393990 -115.412598 7.792515 174.638367 -78.602585 -42.955315 125.667793 -87.144516 37.168598 167.714325 -36.878025               1391 
-52.677986 120.297546 -113.416725 7.599268 172.719421 -79.032463 -41.279034 122.525352 -85.160194 35.997005 169.671448 -36.182564               1410 
-54.330734 119.486794 -113.050751 7.116177 171.982101 -79.328041 -40.720345 121.060661 -84.747269 35.316093 170.502045 -36.265186               1428 
-55.555611 119.545937 -113.438194 6.866248 171.523193 -79.632034 -40.312622 120.302383 -85.163483 35.009178 170.506409 -36.518497               1446 
-56.664284 121.787758 -116.064163 6.595604 172.085571 -80.495682 -40.436211 121.037918 -87.576599 34.742039 169.905121 -37.427601               1464 
-58.684879 124.081711 -118.074249 6.593153 171.725876 -81.824341 -41.683369 122.181038 -89.376312 34.312447 168.792435 -38.524559               1482 
-58.799690 121.047211 -116.355156 6.068269 171.363861 -82.855232 -40.506721 120.246140 -88.176361 34.482224 170.767853 -39.911926               1500 
-58.126213 121.737999 -116.851753 6.453834 172.489838 -83.302895 -39.444366 120.890129 -88.839806 34.811893 172.205551 -40.319462               1518 
-58.665066 116.862114 -113.987648 5.768283 170.884201 -85.521065 -38.600945 117.905457 -86.801239 35.189621 174.023987 -43.374157               1536 
-57.386616 117.520317 -116.114601 6.449664 171.615463 -86.338799 -37.799469 118.589516 -88.506973 34.749081 175.074097 -43.455048               1554 
-57.065426 117.510696 -116.865517 6.900996 171.654465 -87.344246 -37.577675 118.811050 -89.186630 34.824928 175.669159 -44.263256               1572 
-56.233559 115.280785 -118.069527 6.660653 171.159821 -89.384453 -37.031960 117.644623 -90.307243 33.857845 176.996033 -46.047554               1590 
-55.906906 115.195358 -119.216141 6.823447 171.219589 -90.357719 -36.917191 117.706902 -91.412048 33.617947 177.404190 -46.818760               1608 
-55.779781 115.926483 -119.853188 7.058467 171.701645 -90.658455 -36.466682 118.040894 -92.293358 34.093044 177.440933 -47.207012               1626 
-56.089123 116.863411 -119.385498 7.396597 172.174332 -90.628761 -36.348019 118.682503 -92.196564 34.875652 177.669739 -47.425320               1645 
-56.147964 117.459251 -120.231613 7.465829 172.300888 -90.791245 -36.336033 118.844971 -93.140099 34.932358 177.272781 -47.516479               1662 
-55.853882 116.342804 -119.810272 7.440040 171.908722 -90.973671 -36.005508 118.080025 -92.869781 34.915096 177.531403 -47.784065               1681 
-55.246410 114.282295 -118.986259 7.259175 171.283829 -91.183693 -35.400875 116.751030 -92.191078 34.659500 178.119995 -48.121830               1699 
-55.134567 116.927521 -120.817139 7.334342 172.938934 -90.932922 -35.558205 118.577309 -93.875122 34.361092 178.556061 -47.460651               1717 
-59.533367 115.770615 -119.018639 4.427313 171.667084 -92.172089 -40.297401 119.889381 -94.090370 31.855154 178.744812 -49.166798               1735 
-65.087898 119.095108 -118.268600 -0.282779 174.264450 -91.933296 -45.813808 124.260399 -95.453392 28.714836 179.983810 -49.763847               1753 
-70.309433 124.471008 -115.246941 -4.043344 178.605621 -90.433525 -52.396030 132.457642 -93.758598 24.391899 185.451080 -48.049423               1771 
-74.114395 134.286667 -119.550682 -7.280397 184.202423 -88.338951 -59.016197 142.814056 -97.101250 19.065645 187.595200 -44.223076               1789 
-81.239632 146.138107 -120.126564 -11.339011 189.137833 -85.603767 -68.194580 154.983109 -96.380348 15.487974 187.191299 -41.690685               1807 
-90.973381 158.836426 -114.662231 -16.772383 193.866837 -80.195969 -76.430092 164.779312 -90.943825 12.274090 185.706451 -38.464134               1825 
-99.759544 172.197098 -106.577049 -22.814484 199.443817 -71.707024 -84.082718 174.149933 -83.184273 8.187737 184.000610 -33.599216               1843 
-107.296448 178.248581 -100.968697 -30.113148 202.140991 -64.682747 -91.745880 178.268158 -77.572479 1.112246 183.398575 -28.274881               1861 
-114.642281 179.194229 -96.563828 -37.978050 202.418472 -59.325382 -99.719460 178.945129 -72.978477 -7.116079 182.972748 -22.976543               1880 
-121.683289 181.473984 -92.652412 -45.119049 202.080399 -54.103481 -107.206093 179.891937 -68.986778 -14.626085 180.537064 -18.636600               1897 
-129.920609 177.070557 -85.183647 -52.336765 200.762909 -50.995083 -114.185814 175.651031 -62.466576 -18.778019 180.191101 -17.791971               1916 
-135.597992 171.993347 -79.164063 -58.505196 199.780045 -47.402599 -119.715157 171.553940 -56.570404 -23.498362 181.561417 -14.320309               1934 
-147.095200 168.764557 -78.312798 -70.164772 196.219971 -46.814266 -131.515961 167.175537 -55.772175 -34.557678 177.058701 -14.926720               1952 
-158.624451 168.694748 -74.898750 -79.836937 195.131943 -48.067898 -142.265533 166.418991 -53.072392 -43.160378 175.926788 -17.443918               1970 
-164.017715 157.438995 -73.325119 -87.857628 191.307281 -48.245007 -147.706055 156.627914 -51.594643 -49.482403 176.188751 -17.413080               1988 
-168.255920 155.304840 -73.528954 -92.518196 188.296997 -47.245663 -151.866287 152.572144 -52.643112 -53.637524 171.387375 -18.019070               2006 
-172.042053 143.966064 -71.821106 -99.409401 184.112839 -47.863873 -154.519226 141.683594 -52.336643 -57.160042 170.153015 -21.941860               2024 
-179.512161 141.448776 -74.022499 -108.139366 183.665161 -51.978428 -163.027084 140.454346 -54.569862 -66.343132 171.546951 -24.445551               2042 
-181.866104 133.719345 -75.045692 -113.159637 179.079300 -52.877712 -165.672012 132.785187 -56.355263 -70.270348 168.047073 -26.597794               2060 
-190.506760 133.082123 -77.334068 -120.376907 176.862625 -58.489666 -174.911194 132.575714 -59.040127 -78.166359 165.689804 -31.189974               2078 
-190.457764 123.438316 -77.730347 -123.644165 171.526215 -58.739578 -175.108795 123.483421 -59.801880 -80.604729 162.605042 -31.909468               2096 
-190.816528 121.200783 -79.685143 -125.157333 169.654510 -58.641987 -176.212631 121.126640 -61.537933 -82.758186 160.714355 -30.817146               2115 
-192.932327 121.917702 -83.280762 -125.017372 164.972916 -58.591194 -178.157593 119.060707 -65.768173 -82.375305 151.059402 -33.294876               2133 
-195.275635 121.000504 -84.438744 -124.706184 158.030212 -57.895470 -180.061203 115.265343 -68.233543 -81.559639 139.341400 -36.896923               2151 
-196.623016 118.687798 -83.196983 -125.615547 155.636902 -57.699162 -181.072723 112.743263 -67.307419 -82.089119 136.915802 -37.529713               2169 
-197.231735 117.780006 -81.748970 -125.505516 153.761673 -57.030285 -181.451889 111.386139 -66.372284 -81.716637 134.339737 -38.131657               2187 
-197.162155 115.825935 -81.925644 -126.179840 153.086594 -57.106888 -181.606155 109.938515 -66.269615 -82.608170 134.553741 -36.861427               2205 
-196.861740 112.174278 -82.433754 -127.188408 151.402145 -57.078613 -181.489334 106.873901 -66.530418 -83.690254 134.181198 -35.556870               2223 
-197.862625 111.232162 -82.334137 -128.141968 150.407806 -57.149487 -182.251862 106.180626 -67.047157 -85.017090 133.264709 -34.829216               2241 
-199.898392 106.022118 -81.775360 -129.886673 145.783997 -58.498089 -183.464844 101.158684 -67.716980 -86.035019 128.983215 -37.365143               2259 
-199.869095 102.858086 -81.451286 -130.347351 143.699966 -58.688007 -183.060242 98.372704 -68.015694 -86.245033 127.616837 -37.518360               2277 
-198.499496 102.669006 -82.173462 -128.985901 142.492661 -57.743217 -181.424393 97.774574 -69.504654 -85.058022 125.548691 -36.884666               2295 
-197.750336 102.778915 -82.166100 -128.079834 141.680115 -56.737476 -180.236618 97.696198 -70.437698 -84.267273 124.023827 -36.230167               2313 
-198.096542 103.876785 -81.624443 -127.902191 141.931702 -56.375381 -180.589417 98.763031 -70.033417 -84.557823 123.817238 -35.281136               2331 
-201.009521 108.393227 -81.236626 -128.849106 142.610901 -56.074295 -183.424515 102.266319 -70.343994 -86.204971 122.060936 -35.800873               2350 
-203.213608 111.601913 -79.644997 -129.447723 143.288101 -55.895443 -184.772537 104.857491 -70.365440 -87.365578 121.329613 -35.926647               2368 
-202.735794 111.477943 -79.125061 -129.055389 143.375336 -55.758507 -184.032425 104.710175 -70.531517 -86.919426 121.494102 -35.818401               2386 
-202.793198 111.727135 -77.632889 -128.532242 142.403976 -54.770790 -183.891769 104.510544 -69.941231 -86.270622 119.641510 -36.125134               2404 
-202.306824 112.734749 -76.825226 -127.667946 142.469498 -54.203823 -183.468918 105.235535 -69.482239 -85.463127 119.074287 -36.224594               2422 
-202.864090 114.693436 -75.146156 -127.565895 142.962585 -53.059887 -184.056107 106.739204 -68.251137 -85.656265 118.699928 -35.545841               2440 
-203.047104 120.404030 -73.200508 -124.654999 138.623749 -51.507614 -185.024124 109.871040 -68.373917 -84.430679 108.557106 -40.113029               2458 
-203.977707 123.590126 -70.634720 -124.861748 139.593506 -50.034241 -186.533142 112.290405 -66.263214 -84.578232 108.469284 -42.265236               2476 
-203.981308 128.738907 -68.277054 -124.209854 142.593094 -48.855873 -187.516586 116.397629 -63.315952 -84.210442 110.561234 -43.772354               2494 
-206.660400 130.924011 -70.664520 -129.053497 150.466049 -47.832321 -189.822922 119.349625 -65.102043 -86.426018 121.866051 -43.736839               2512 
-207.460342 131.157425 -70.154099 -129.904205 151.647415 -48.125942 -190.914337 119.273346 -63.947365 -86.699707 123.761627 -45.371002               2530 
-209.278809 137.418716 -72.683243 -131.898468 160.703857 -53.071598 -193.036850 126.267502 -64.423935 -88.637268 133.491089 -46.765358               2548 
-208.536484 138.246445 -72.487671 -131.931335 164.937744 -54.618156 -192.372681 128.136124 -62.936428 -88.015099 139.355240 -46.327480               2566 
-200.857117 138.694550 -80.674637 -127.123253 170.740295 -59.801636 -186.259979 131.000656 -66.648903 -83.949440 148.518997 -42.653122               2585 
-194.763794 146.574966 -78.675980 -120.517998 179.707291 -62.834496 -183.543671 142.971069 -56.328583 -77.725647 158.982803 -43.057087               2602 
-189.760849 152.807083 -76.673576 -115.285942 184.220917 -59.978764 -179.799011 149.920776 -53.981773 -73.633179 162.462830 -38.920090               2621 
-181.410507 159.284805 -69.624954 -107.044151 188.279953 -53.201874 -173.132050 157.334503 -47.690617 -66.437042 163.914948 -32.972095               2639 
-172.011093 162.438660 -55.588154 -98.860558 192.516907 -45.087509 -165.493164 164.274460 -34.873535 -58.077953 167.795074 -25.659552               2657 
-161.265869 163.287964 -42.882519 -91.423256 197.503754 -38.577480 -158.099182 171.465515 -24.140221 -50.687340 175.910812 -15.639193               2675 
-151.456192 167.693146 -30.981981 -82.709099 202.239120 -31.775150 -149.746323 179.397949 -14.195447 -42.205769 182.281555 -7.016094               2693 
-145.114365 173.852829 -22.748825 -76.109161 206.054489 -27.753639 -143.671875 187.514313 -7.495628 -36.001072 186.062241 -2.386603               2711 
-134.627075 179.945663 -12.297967 -66.515793 210.104660 -23.230171 -134.504074 196.870483 -0.504228 -26.919914 193.443939 5.167393               2729 
-123.661674 183.383606 -5.337233 -55.469425 211.578018 -14.617887 -124.476494 200.787964 6.154529 -17.337536 192.083420 13.978524               2747 
-113.302444 183.732758 3.364373 -45.667770 211.740906 -4.634903 -114.729614 200.832947 15.806185 -7.808070 188.648010 21.541367               2765 
-106.028099 186.338593 10.930905 -38.694809 213.453537 1.423335 -107.636703 204.014755 22.898893 -0.904629 189.827530 27.221586               2783 
-96.759247 188.380173 18.976139 -28.997345 213.259018 8.193114 -98.115456 206.724640 30.113899 8.135591 189.423828 34.742390               2801 
-90.036171 187.141022 28.522432 -22.515701 210.219772 14.484920 -90.981583 206.103012 38.847973 14.934377 186.425797 40.622517               2820 
-83.048965 191.186783 34.999069 -14.561357 209.523804 19.796745 -82.920944 210.589233 44.731159 21.431181 183.836548 46.188736               2837 
-76.036118 189.449448 43.076225 -8.181526 207.490005 25.643179 -75.724213 208.692719 52.124268 28.442848 181.775116 51.123272               2856 
-70.849182 188.564651 48.394012 -3.056345 205.987442 30.649759 -69.606659 203.504059 52.764797 33.366405 179.668945 55.800411               2874 
-65.748940 189.589371 53.820717 2.387601 204.852463 35.861118 -63.387169 203.242493 54.945328 37.988506 177.880142 61.491268               2892 
-60.606594 188.609406 58.309731 7.713579 202.650284 40.428612 -57.946217 202.066849 58.091312 42.783379 175.996994 67.103439               2910 
-57.388260 187.455185 61.601070 11.165881 201.119080 44.677074 -54.647224 201.173523 60.863331 45.672783 174.741974 72.342155               2928 
-55.139023 186.515564 63.772362 13.668955 200.262329 48.314171 -52.241230 200.632553 63.253819 47.543579 172.716171 75.619011               2946 
-52.244743 183.185837 66.182968 16.610277 197.527405 51.805416 -49.427967 197.725143 65.432442 50.243660 170.434113 79.851540               2964 
-51.304451 180.685730 68.390015 17.582327 195.296234 54.737579 -48.440037 195.715759 67.431496 50.984291 168.268814 83.121788               2982 
-49.422771 178.273621 70.399040 19.361845 193.620041 57.319008 -46.640232 193.570251 69.244675 52.778481 166.890274 85.966583               3000 
-47.789028 175.900238 71.299751 21.177132 191.239395 59.480659 -44.946712 191.438843 70.111008 54.029991 164.434891 88.704681               3018 
-46.430626 174.276276 72.700722 22.521873 189.852844 61.380150 -43.611080 189.902420 71.521660 55.237843 162.915176 90.635292               3036 
-45.929680 171.848511 74.067741 22.892349 187.776138 62.687359 -43.156620 187.491089 72.340111 55.683392 161.808823 92.725357               3055 
-45.175293 171.484756 77.667404 23.376057 187.143555 64.494049 -41.456207 186.049164 74.744286 56.852283 160.577103 93.223846               3073 
-44.131596 169.523514 80.336945 24.077881 186.169281 66.669975 -39.741802 183.308990 76.736893 58.186588 158.842957 93.904213               3091 
-43.823593 166.761108 81.769104 24.111071 184.567184 68.250534 -39.130856 180.216187 77.873795 58.655563 157.006882 94.688080               3109 
-43.539742 164.994492 82.993484 24.090345 183.876175 69.456406 -38.988525 178.564026 79.207848 59.089096 156.536011 95.522430               3127 
-42.578869 162.587814 85.279106 24.487463 182.764465 70.877357 -38.191032 176.401382 81.920799 60.383331 155.140762 95.377411               3145 
-41.416874 160.519196 87.126305 25.202637 181.782745 72.259750 -37.207245 174.658691 84.190231 61.729767 154.320526 95.996437               3163 
-40.638462 159.712051 88.812073 25.946058 181.014465 73.878365 -36.424339 174.208115 86.384346 62.521130 153.308380 97.255119               3181 
-40.072632 159.116043 89.843292 26.475019 180.477371 74.860260 -35.855576 173.707657 87.624496 63.099106 152.533463 97.874397               3199 
-39.148022 158.035339 90.780388 27.150785 180.105652 75.750465 -35.101437 172.682312 88.554420 64.082573 152.597931 98.798325               3217 
-37.216183 157.619904 92.500046 29.059216 179.746994 77.398697 -33.177258 172.169373 90.098755 66.031265 152.562088 100.762863               3235 
-35.843113 156.406509 93.182556 30.683722 178.288986 78.537003 -31.456165 170.349030 90.422104 67.474800 150.593796 101.585396               3253 
-34.433765 156.561783 94.564957 32.656010 177.070786 79.921501 -29.301294 169.397720 91.023705 68.999664 148.535065 102.652237               3271 
-32.953236 156.505264 95.506836 34.596859 175.674606 80.526924 -26.818018 167.456085 90.391350 70.593750 146.236237 102.650261               3289 
-32.901241 156.301910 95.952812 34.506413 175.817474 80.817192 -25.858620 164.978333 88.531174 70.700706 146.708817 103.054420               3307 
-32.634724 156.075302 96.323792 34.637550 175.667984 81.127975 -24.839869 162.831085 87.080559 70.836380 146.647690 103.473061               3326 
-32.334255 155.052170 96.197708 34.805069 174.803223 81.624054 -24.102150 160.553299 85.770912 70.755035 145.708771 104.272408               3344 
-32.365746 153.161819 95.795883 34.533524 173.805420 81.927704 -23.054045 156.944870 83.996132 70.569267 145.097443 104.930153               3362 
-31.393364 151.296356 95.828194 35.453403 172.035751 81.929108 -21.335695 153.911880 83.328484 71.553810 142.875046 104.250603               3380 
-31.544369 152.022675 95.494362 35.147350 172.871887 81.067879 -21.149380 153.037796 82.870461 71.441238 144.835876 104.489479               3398 
-31.370722 152.194458 95.466087 35.485371 172.425247 80.874519 -20.809446 152.409378 82.968407 71.578156 144.375900 104.589104               3416 
-30.759144 152.411514 95.381439 36.297470 171.819519 80.244240 -19.806421 151.407639 82.844635 72.295563 143.993195 104.362030               3434 
-30.404976 152.455261 95.487602 36.676834 171.147430 79.202499 -19.225609 150.397720 82.841965 72.861473 143.522110 103.272171               3452 
-30.341305 152.810791 95.300705 36.824551 171.300934 78.929695 -18.627607 149.541992 82.536697 72.995255 144.117661 103.518005               3470 
-30.308577 153.329880 95.136070 37.056641 171.157272 78.453484 -18.423683 149.503998 82.550697 73.138069 144.041321 103.246452               3488 
-29.992609 153.860336 94.939522 37.733101 170.565292 77.908508 -17.859982 149.382446 82.477913 73.589531 143.177063 102.728584               3506 
-29.518423 154.272949 94.795563 38.375084 170.565796 77.391090 -17.211407 149.476013 82.548332 74.292007 143.099167 102.036461               3524 
-29.471165 154.259689 94.641396 38.341412 171.087601 77.200974 -16.929424 149.261551 82.503212 74.514221 144.199432 102.108589               3542 
