-11.719946 147.814880 46.329430 13.986259 176.338577 81.236198 -29.642666 141.285263 60.580208 55.803555 147.862350 86.771530                  0 
-11.416418 147.795654 46.456581 14.625908 175.713165 81.486198 -29.395866 141.006546 60.997601 56.416435 147.019608 86.008629                 18 
-12.155754 148.133957 46.632328 14.798326 175.270935 81.493973 -30.101027 141.275986 61.640415 56.300697 145.993362 84.749451                 37 
-12.672200 148.463181 46.751160 15.023455 174.915512 81.484184 -30.572708 141.453293 62.264717 56.266026 145.174484 83.661934                 56 
-13.537379 148.095810 49.223194 14.800771 175.825867 82.296066 -31.438780 141.899826 65.528618 55.743450 145.742157 85.277382                 75 
-13.995361 147.869720 49.919151 14.816878 175.870102 82.303902 -31.837790 141.945984 66.669441 55.557503 145.520981 85.362244                 94 
-14.470713 147.673828 50.272377 14.847266 175.718933 82.158043 -32.214451 141.950165 67.383980 55.350491 145.055313 85.232506                113 
-14.356827 142.303970 50.255566 15.599081 171.816071 80.279724 -31.698185 137.332932 68.092010 56.150295 141.311508 84.190231                132 
-14.563551 140.118332 51.045933 16.602215 170.205536 79.496887 -29.216627 133.861145 74.781090 57.004547 139.493439 83.323059                151 
-14.704592 139.602982 51.335621 17.027367 169.729675 79.265961 -26.249821 131.542618 80.806541 57.301228 138.843506 83.045090                169 
-14.754784 139.512558 51.349918 16.990805 169.695053 79.299583 -25.315247 130.801880 82.726830 57.270214 138.843079 83.292839                188 
-14.806657 139.446640 51.362511 17.037893 169.620148 79.276772 -25.107651 130.658234 83.180222 57.275753 138.730591 83.396446                207 
-15.003385 139.344330 51.268234 16.975229 169.556000 79.123680 -24.837370 130.498367 83.680191 57.175957 138.673599 83.640244                226 
-15.476116 139.264236 50.974422 17.030800 169.115829 78.885605 -24.478456 130.004959 84.123131 57.134903 138.128952 83.543442                245 
-16.226263 139.480408 50.632797 17.031315 168.838867 78.610733 -24.376904 129.776474 84.344910 57.020699 137.733795 83.463104                264 
-17.138260 139.824738 50.238781 16.842590 168.661102 78.217987 -24.524975 129.675537 84.364235 56.726112 137.402374 82.952728                283 
-18.291296 141.384644 48.399796 16.697598 167.601563 77.899406 -25.529623 129.271790 81.992325 55.853947 135.226135 80.871605                301 
-19.011396 144.757965 46.267811 18.415230 162.507584 79.030510 -27.263611 128.143463 77.703857 54.298798 126.496384 76.625557                320 
-19.249752 145.333542 46.169712 18.468767 162.843170 78.748192 -27.010641 128.210541 77.505623 54.526134 127.062279 75.615280                339 
-19.338160 145.614883 46.145096 18.464214 162.915588 78.733162 -26.978888 128.826889 76.661972 54.514492 127.154739 75.303818                358 
-19.809238 147.076035 46.415413 18.192577 163.297409 79.320290 -27.256838 130.751022 74.664200 54.152786 127.588028 74.637978                377 
-20.814192 149.792786 46.619717 17.390545 164.538391 79.976524 -27.432163 132.707977 73.231232 53.693012 129.586060 72.857033                396 
-21.093023 151.641922 46.602154 17.191431 165.249115 80.345024 -27.597853 135.085419 71.204933 53.545902 130.657333 71.860741                415 
-18.281073 153.253448 46.644226 17.636768 167.222717 82.750847 -25.547718 143.385086 63.395237 55.934231 134.631866 74.917488                434 
-16.862028 154.364410 46.774811 17.943476 167.909729 84.123810 -24.405399 150.749542 57.409267 57.055538 136.231384 76.577263                452 
-16.425049 155.052582 46.765549 18.161480 168.053986 84.554237 -23.840975 154.398514 54.576279 57.456612 136.568695 77.152229                471 
-16.441710 155.462189 46.732647 18.191319 168.088089 84.645844 -23.655584 156.316208 53.087406 57.536663 136.659836 77.268173                490 
-16.437246 155.776215 46.738060 18.236511 168.067062 84.756958 -23.688013 158.262543 51.659184 57.614666 136.682831 77.366943                509 
-16.385683 156.082077 46.743107 18.318981 168.030121 84.870262 -23.538420 160.682526 49.991859 57.697227 136.653961 77.446556                528 
-16.166857 156.231644 47.206310 18.712023 168.216034 85.185715 -23.191738 161.876556 49.624500 58.134785 136.902054 77.735825                547 
-15.993698 156.257843 47.639870 18.973782 168.156921 85.584793 -22.908821 162.321777 49.611191 58.441505 136.911484 78.085236                566 
-15.997745 156.156647 47.820675 19.064268 168.093185 85.684227 -22.863274 162.135300 49.758381 58.575531 136.898834 78.201355                584 
-16.196983 156.040680 48.055035 19.166662 167.973785 85.797752 -22.537443 159.944077 51.585880 58.770214 136.857285 78.480431                603 
-16.461329 156.096649 48.176716 19.183317 167.968002 85.817825 -22.116148 156.002045 54.952980 58.841869 136.896286 78.608894                622 
-16.616982 155.970993 48.307877 19.242306 167.949875 85.822754 -21.743544 151.783569 58.670349 58.980366 136.944809 78.766296                641 
-16.326607 155.548264 48.835358 19.634851 167.596466 86.200684 -21.263508 149.109940 61.419632 59.307400 136.475647 79.286606                660 
-15.797137 155.368835 49.472057 20.305981 167.128235 86.740097 -20.756306 147.897842 63.118134 59.740807 135.709152 79.815041                679 
-14.320174 154.230560 49.375038 21.447420 165.961960 86.941818 -19.343222 145.635635 63.941166 61.017921 134.641144 80.353729                698 
-14.331210 153.382721 49.475780 21.395452 165.775833 86.839149 -19.195286 143.271698 65.637115 61.119560 134.550766 80.739082                717 
-14.171665 152.541733 49.603905 21.540083 165.433685 86.793007 -18.846737 140.928391 66.928711 61.385902 134.311493 80.967125                735 
-14.197339 152.334457 49.709526 21.577356 165.297348 86.806496 -18.714645 139.740829 67.668625 61.450001 134.190552 81.082825                754 
-13.921158 152.471954 50.388412 21.809765 165.264389 87.453728 -18.290169 138.668015 68.826706 61.875267 134.435806 81.573685                773 
-13.619008 152.752411 50.751572 22.263401 164.909866 87.727821 -17.864223 137.581741 69.790871 62.202858 133.984467 81.508469                792 
-14.027499 153.605988 51.323051 22.253111 165.127350 87.912186 -17.876280 136.727478 71.129280 62.048275 134.081268 81.377174                811 
-14.427344 154.137558 51.489521 22.108294 164.830978 87.913506 -17.923141 135.331223 72.165848 61.730095 133.638596 81.030975                830 
-14.760677 156.250168 52.218765 22.294699 164.593277 88.355270 -18.234226 135.283127 72.788742 61.306492 133.006714 79.953514                848 
-15.224378 157.451187 53.032932 22.557779 164.383728 88.279007 -18.650274 135.188400 73.658569 60.896206 132.241287 78.938225                867 
-20.883425 161.106430 56.422447 20.810289 166.799652 86.824005 -22.565590 138.496506 77.263947 57.013985 133.680099 73.310753                886 
-23.441387 164.871719 57.805443 20.437046 167.633392 85.113228 -24.873436 141.533936 78.174072 53.943836 133.137360 68.453690                905 
-24.001404 167.033752 56.707043 20.447678 166.187103 82.971481 -26.754116 143.283691 76.709694 51.138573 129.696808 65.174057                924 
-25.618452 166.400665 53.625385 20.175140 165.054214 78.386871 -27.206951 141.940140 73.311996 50.497200 128.688751 59.722828                943 
-25.499540 167.971558 50.417683 21.485060 164.242783 73.784172 -26.585678 142.246613 68.861404 50.609093 128.000534 53.083656                962 
-23.193626 167.945633 41.097801 23.385677 165.936462 65.985161 -23.565706 141.803726 59.255581 54.736309 131.062393 46.207417                981 
-23.591490 169.062378 30.425940 22.777607 167.515045 56.108433 -23.907398 142.767014 48.332726 54.868557 133.058075 36.792404               1000 
-24.471954 170.450912 17.060999 20.973049 168.871796 44.605965 -25.838505 144.477280 34.355598 53.714603 134.335388 26.565771               1018 
-23.671490 170.808350 -0.081346 18.034645 171.367203 33.192368 -27.005390 146.221451 16.072247 53.856739 137.529312 20.464590               1037 
-21.611250 169.411362 -16.799486 16.522863 172.517639 20.679634 -25.732685 146.267639 -2.590935 55.170551 140.486465 12.278380               1056 
-18.179113 169.707901 -35.500046 16.466311 175.610901 5.454941 -22.960978 148.805954 -22.852110 56.531635 144.372894 2.425462               1075 
-14.389919 167.705170 -53.918236 14.859664 177.490158 -8.911501 -19.054615 149.663025 -44.056644 56.377010 148.341721 -4.800570               1094 
-4.807189 170.974670 -78.812462 24.045532 173.646637 -18.031343 1.202870 153.012680 -71.021980 61.134750 144.212173 0.629410               1113 
-4.650346 170.886887 -98.091965 22.936310 172.110123 -30.332611 8.731997 154.719086 -91.805046 59.774689 145.169937 -7.807498               1131 
2.422731 167.200974 -110.619759 22.687172 169.836304 -38.810051 18.452658 152.791779 -103.701942 58.305798 145.605621 -11.710079               1150 
1.720539 159.098572 -120.305481 21.695011 164.877655 -47.808750 18.147570 144.375336 -112.400978 55.875229 140.981964 -18.638052               1169 
2.729332 152.699570 -128.286896 20.726048 162.245422 -54.807381 20.423388 138.606415 -118.818214 54.682549 141.132370 -23.320623               1188 
9.549964 147.293335 -134.925049 19.013767 158.165726 -59.252438 28.620430 134.976639 -122.787270 51.951107 141.612335 -24.162006               1207 
9.772311 142.150375 -136.693878 18.412521 155.627914 -60.958012 28.951500 130.001236 -123.490936 50.689793 140.275040 -24.726973               1226 
11.101931 139.521545 -138.957642 18.388350 154.536392 -62.972481 30.715349 127.895844 -124.983070 50.216915 140.552826 -25.802286               1245 
11.222944 136.314438 -139.599991 18.381865 153.415085 -63.904026 31.132555 125.268173 -125.424980 50.154400 140.603531 -26.266394               1264 
9.196347 135.192413 -141.668396 17.618746 151.805588 -65.975006 29.192123 123.854622 -128.007584 49.622677 138.252899 -28.795788               1283 
12.227331 131.854614 -144.660568 13.595790 147.124069 -68.167183 32.277569 122.113747 -129.936325 43.820457 135.409988 -28.931087               1302 
10.502172 123.019897 -146.409561 10.902230 143.958572 -71.196419 31.507784 116.302689 -131.446136 42.043388 137.590912 -31.448433               1320 
10.912442 124.176468 -148.915955 11.059772 144.260727 -73.412552 31.896133 117.319466 -134.016129 41.943703 137.290649 -33.565067               1339 
10.954366 124.507927 -150.895493 10.987792 144.509430 -75.318245 31.840357 117.540787 -135.936325 41.648705 137.273270 -35.346157               1358 
10.949072 124.665649 -151.821625 10.955036 144.622620 -76.185463 31.519960 117.573280 -136.751694 41.513351 137.266434 -36.156754               1377 
11.365041 126.792297 -154.890884 11.190349 146.216446 -79.073212 31.397064 119.089661 -139.639236 41.098465 137.712433 -38.781681               1396 
8.032923 126.884277 -159.734604 9.916682 147.731476 -84.279068 28.327738 119.884964 -144.870697 41.175571 140.453720 -44.780495               1414 
8.724298 128.320480 -161.819977 11.350362 149.094482 -86.329262 27.850777 120.047096 -146.591904 41.455906 139.469757 -46.438885               1433 
6.479798 126.952255 -159.739578 12.615536 151.112518 -85.435081 27.136909 121.845856 -146.021118 45.993484 145.494080 -47.427624               1452 
1.162882 134.065796 -157.127045 16.525412 153.242020 -82.458138 23.210485 127.101440 -145.801193 52.268764 142.761566 -47.776821               1471 
1.491025 140.150360 -154.347351 21.068474 157.409668 -79.981209 23.852314 131.647385 -143.702301 57.014542 144.334320 -46.408356               1490 
7.107266 151.452011 -151.969482 27.290100 163.561691 -76.737564 28.975920 141.446365 -141.753220 62.512444 147.044159 -43.923256               1509 
11.757667 161.107361 -152.451324 30.848959 168.482483 -76.318901 34.179115 152.003036 -143.025574 66.111534 150.616608 -44.262974               1528 
18.148733 166.494141 -152.931229 34.483494 172.001770 -75.996849 40.671051 158.131317 -143.214005 68.499283 153.281860 -43.092251               1547 
23.862404 165.874329 -148.943832 39.775421 173.692322 -72.650131 46.959141 159.939285 -139.970566 74.805298 157.384293 -39.526466               1566 
27.515104 167.851898 -145.150055 45.096870 176.235809 -70.728783 50.132805 162.950760 -138.459549 81.006363 159.564926 -38.747368               1584 
35.850506 167.756348 -136.808929 53.625439 177.550812 -65.500908 56.800320 163.799911 -133.381256 89.609962 159.946167 -34.109642               1604 
47.342636 169.703064 -131.798950 61.295612 179.566071 -61.895542 66.832619 166.762955 -129.873108 95.907814 161.251968 -29.386921               1622 
52.479828 169.893280 -130.483780 64.561874 179.944214 -61.543091 71.450867 168.086655 -129.663681 98.703377 161.579620 -28.568548               1641 
58.767246 169.271683 -127.077454 70.567146 180.402588 -58.962452 77.564583 168.290863 -127.092857 104.892921 162.628403 -25.855942               1660 
64.281891 167.977081 -124.242493 76.372406 179.991211 -57.093407 82.632896 166.935654 -125.107368 110.423035 161.773285 -23.943998               1679 
72.462143 166.466064 -120.723885 83.290565 179.700790 -54.552383 90.069534 165.728638 -122.173935 116.729355 161.664764 -20.688385               1697 
79.470772 164.276215 -119.793716 87.991119 178.771286 -54.110855 96.668930 164.546539 -121.274902 121.201424 162.312439 -19.233883               1716 
86.374710 160.493408 -116.334152 94.006561 176.535400 -51.316826 103.222931 161.059174 -117.903648 126.845444 160.960281 -15.690368               1735 
96.584908 157.312653 -113.202576 99.768456 172.756424 -48.313641 112.960754 157.317032 -113.975456 128.982544 155.419327 -10.416636               1754 
101.429581 158.706268 -114.500099 103.129486 171.330139 -49.244694 117.181900 158.338669 -114.839539 130.982025 151.883987 -11.346094               1773 
105.922058 158.483276 -115.205887 105.419830 169.356903 -49.857014 121.089226 158.346771 -115.055145 132.669952 149.662033 -11.650160               1792 
108.480301 151.070068 -114.387306 107.397736 164.720245 -49.768322 123.268768 151.561249 -114.255157 135.520676 148.086227 -10.747415               1811 
114.516121 139.104935 -110.438087 111.739319 157.757675 -47.401104 128.827789 139.160080 -109.939720 138.298599 143.700409 -6.325340               1830 
116.424522 134.382080 -109.020027 113.516335 152.545105 -46.207535 130.117172 134.336899 -108.664749 140.201202 138.329819 -5.267763               1848 
118.365036 128.694717 -108.463081 116.462151 145.630127 -45.510258 130.906097 127.561356 -107.902878 142.834213 129.576599 -5.050162               1867 
120.040199 119.698387 -105.797127 117.641724 140.697479 -44.386333 131.556778 118.582138 -105.014168 144.900803 128.530746 -3.165778               1886 
124.396912 114.332626 -106.618065 119.103645 136.169571 -45.897587 134.986786 113.274330 -105.236588 145.873917 126.218193 -3.772254               1905 
131.779312 102.364861 -106.408875 121.644577 128.067139 -48.465515 139.539597 98.870857 -103.063263 142.591583 118.482224 -3.082995               1924 
129.030853 100.503769 -109.021530 117.063065 122.310226 -50.429131 135.037567 96.027405 -105.209045 140.352600 113.946396 -5.955939               1943 
127.197266 93.861214 -110.370934 115.523186 116.858055 -52.622341 132.211945 88.643280 -106.182068 139.851746 110.490715 -8.375318               1962 
126.515831 91.964508 -110.680557 115.177567 115.751747 -53.515938 131.194412 86.450378 -106.513863 139.902847 110.181908 -9.381387               1981 
126.880676 86.479477 -111.287064 116.232178 112.428925 -55.195221 131.323395 80.881020 -107.156311 140.792938 107.599854 -10.881905               1999 
126.045502 83.918312 -110.826683 116.789986 110.394714 -54.943939 130.356674 78.172218 -106.892609 141.940399 105.334259 -10.988623               2018 
122.019623 79.633667 -110.716202 115.517372 106.690285 -54.898121 126.458046 73.856796 -107.059959 142.895111 102.194191 -12.231209               2037 
120.514496 77.910797 -110.814850 115.020576 104.992615 -55.050140 125.155716 72.264603 -107.490318 143.384293 100.795876 -13.001262               2056 
119.915573 77.504105 -110.453819 115.484177 104.594421 -54.728165 125.046394 72.290390 -107.681793 145.252899 101.230782 -13.585359               2075 
119.655708 77.693527 -110.028328 114.455620 104.233932 -54.218327 124.958427 72.699600 -107.565758 143.776947 100.625969 -12.776032               2094 
119.531296 77.723473 -109.580093 114.510414 104.303535 -53.873455 124.795326 72.669418 -107.207176 143.827866 100.522789 -12.443824               2113 
113.187752 72.493279 -102.797447 110.376137 100.757935 -47.834873 119.152870 68.042229 -100.773544 143.489563 101.770004 -9.199424               2131 
110.492393 71.994019 -99.380402 108.897659 101.633125 -45.118576 116.513153 67.432388 -97.289291 142.776154 103.441429 -7.181808               2150 
109.878967 71.445358 -100.026672 110.588646 101.884933 -46.196445 116.184341 67.039078 -98.298843 145.849228 103.858849 -9.549269               2169 
107.724686 73.901260 -105.870316 108.282410 104.560341 -52.173645 114.015633 69.353462 -104.214020 141.711243 103.854691 -13.803917               2188 
108.067451 78.272675 -109.734688 108.404190 108.548904 -55.848721 114.410278 73.460762 -108.174446 139.568619 104.848289 -15.782470               2207 
108.915390 81.802322 -111.180870 108.511841 111.431404 -56.940781 115.628036 77.241722 -109.908257 138.510864 106.540573 -16.119709               2226 
111.074203 83.870773 -111.699440 109.090347 111.496391 -56.471542 119.103386 80.990715 -111.524780 139.133179 106.515434 -15.693616               2245 
114.752312 93.901802 -115.211609 109.237083 114.601753 -57.386600 124.728836 93.901337 -116.307487 136.669830 104.368813 -15.757858               2263 
117.732071 105.629349 -117.385910 109.361557 120.673042 -58.179245 129.266281 107.631699 -118.517990 134.390488 105.949783 -16.382126               2282 
122.067078 119.171417 -116.152122 109.039864 131.612457 -57.542461 134.200180 121.655708 -116.749825 129.053604 112.603378 -14.783529               2301 
120.318436 131.952545 -113.526558 105.563004 141.843857 -55.897705 132.081970 135.524994 -115.105797 123.730339 118.978149 -14.216435               2320 
83.459290 177.685318 -97.835968 113.311455 138.086014 -19.724310 55.303669 131.432510 -62.126019 116.716171 111.180923 23.342447               2339 
77.192894 187.825882 -86.682755 113.411743 147.520645 -11.748622 49.303070 146.158463 -44.619205 122.279716 118.211647 28.903105               2358 
75.952339 188.536484 -83.659416 113.694954 151.118927 -7.577645 47.643410 152.523590 -36.145073 123.647148 123.258698 33.834702               2377 
65.157791 192.065414 -73.582527 112.430283 159.382477 -0.557981 43.353825 160.230515 -20.109165 127.751030 134.078110 40.856804               2396 
50.068497 195.274002 -59.607700 106.132858 166.163803 8.614187 35.976624 165.987930 -3.223373 126.702896 142.549789 48.732433               2414 
38.602062 200.843338 -41.992950 102.400131 171.856918 19.114731 32.145576 172.931412 15.073905 127.501999 147.973434 56.393364               2433 
28.623152 205.898010 -21.917198 99.395706 175.702591 29.957758 29.880836 177.455978 33.307697 128.566162 150.004776 62.804790               2452 
27.645611 214.977249 0.213765 99.095497 181.772293 42.520748 28.797735 192.047455 43.603088 120.715546 144.115250 69.067734               2471 
16.412134 214.943756 15.563010 93.390373 186.036636 50.634083 22.820194 196.584991 54.798248 115.137634 145.952301 73.228859               2490 
6.889390 210.942001 27.416584 87.091805 188.419189 58.150963 16.702450 198.904953 65.584435 110.113800 149.160202 80.931221               2509 
-0.523206 208.579529 37.704777 81.524323 189.142334 64.303741 11.318413 198.540329 74.538101 105.842178 149.685013 85.327133               2528 
-4.678593 207.078735 45.894676 78.017006 187.342194 69.349617 8.091904 196.649994 81.675636 102.559372 146.838425 87.986626               2546 
-11.398026 203.271545 50.608318 71.769646 186.939896 73.434578 1.675083 195.005829 86.009361 97.137093 147.012833 92.210709               2565 
-16.831074 199.925186 55.323147 65.546135 183.022751 77.376556 -4.468549 192.484024 89.780090 89.639832 141.639862 94.615250               2584 
-20.125746 196.357956 59.106892 62.114304 180.689285 79.495872 -7.743140 190.580658 92.774872 85.981880 138.800446 95.801849               2603 
-23.064249 191.476898 61.519970 59.851780 181.338272 80.099541 -10.178041 188.298553 94.571045 85.793770 140.668442 96.322945               2622 
-25.345238 188.505829 63.365845 57.479729 178.881912 81.157166 -12.462511 186.030838 96.063148 83.342751 138.013580 97.003441               2641 
-25.800211 182.035553 71.155380 54.204731 179.541031 80.718224 -15.275891 181.790298 97.976433 82.933960 139.972626 94.831818               2660 
-26.630669 177.177887 74.416382 50.306568 176.181412 80.294884 -19.009119 179.673889 98.267914 78.767487 136.915787 95.735382               2678 
-28.115459 172.800247 74.616943 47.959389 174.723007 79.871201 -21.485912 177.091385 97.680016 77.407898 136.872528 96.910805               2697 
-28.523476 169.451538 74.470100 47.331516 171.504379 79.557556 -22.121166 174.189606 97.300484 76.710373 133.808884 97.054771               2716 
-29.386215 166.364273 74.566689 46.251652 169.882019 79.493340 -23.247662 171.361816 97.142738 76.268715 132.720215 97.048882               2735 
-27.655634 163.918869 76.919914 48.091129 160.978409 78.715340 -20.324270 167.070480 99.004021 75.522820 120.584778 93.070770               2754 
-27.119177 162.409622 77.880119 48.495857 157.359558 78.895386 -19.568316 164.660416 99.258125 74.902031 115.893784 92.068283               2773 
-26.969955 160.814621 78.006889 48.275848 157.669479 78.915436 -19.955513 163.921646 97.985069 75.166000 116.696495 92.639694               2792 
-27.105116 158.442535 78.055565 47.806797 158.380783 78.775414 -20.584553 162.724472 96.771500 75.891701 118.606674 93.590240               2811 
-26.880056 157.334641 78.531891 47.768242 157.728317 78.554573 -20.493204 162.139420 96.694992 75.900909 117.993874 93.385239               2830 
-26.487667 156.049576 79.297974 47.972195 155.426743 78.474960 -20.003082 160.982773 97.048843 75.491402 115.117332 92.899422               2849 
-25.491228 155.099991 80.270996 48.747421 152.107025 77.971054 -18.613056 159.879639 97.674301 75.055824 110.703918 91.531006               2867 
-26.687971 154.325424 79.914742 47.400383 154.833054 78.239403 -20.408579 160.469360 96.875244 75.210587 115.006927 93.427986               2886 
-24.800926 151.890427 82.867989 49.100220 154.740173 80.140594 -15.051774 155.670395 93.861122 78.365669 114.913803 92.290276               2905 
-25.015270 151.097916 85.632912 48.507965 150.567947 78.297951 -13.843309 155.456345 95.526779 76.677284 109.630592 89.290802               2924 
-26.180372 151.335358 86.061836 47.350040 151.139023 78.289841 -14.680887 155.863281 95.773239 76.140457 110.748283 89.688133               2943 
-26.868402 151.261887 85.922478 46.727551 151.123657 78.349731 -15.221171 155.888138 95.683037 75.815254 111.089050 90.239075               2961 
-28.105650 150.424637 85.802711 45.524960 151.870773 78.401047 -16.490768 155.424881 95.533585 75.670189 112.865990 91.054642               2980 
-28.958044 150.013092 86.205673 44.680038 152.422852 78.907669 -17.321722 155.301117 95.983383 75.457642 114.044754 91.949226               2999 
-29.240301 150.281342 86.650894 44.430481 152.368790 79.410706 -17.486479 155.638458 96.508324 75.127266 113.985794 92.627129               3018 
-29.486240 150.121536 87.198074 44.225517 151.994049 80.178192 -17.675787 155.413284 97.135544 74.828453 113.529205 93.374306               3037 
-30.555948 149.060211 87.733215 43.175476 153.507629 82.092880 -19.092194 154.923996 97.759216 74.945526 116.521484 96.684311               3056 
-30.702738 149.470459 88.565727 43.103676 153.075684 83.229660 -19.107100 154.960953 98.540611 74.393898 115.532333 97.429665               3075 
-30.727596 149.777328 89.544540 43.093037 152.649933 83.969681 -18.910273 154.859497 99.045837 74.034630 114.654587 97.724403               3094 
