-43.403664 134.976654 73.053612 31.171705 107.697556 65.462822 -30.025795 115.612602 86.793701 56.587124 62.271717 68.890686                  0 
-43.019688 135.821259 72.849358 31.280312 107.080269 65.537628 -29.957460 115.204437 86.691963 56.399612 61.470245 68.691612                 17 
-42.282639 137.141403 72.863220 30.996567 105.374641 65.251122 -30.034714 114.772957 86.496246 54.825150 59.023952 67.490135                 36 
-42.250874 137.252457 72.812263 31.057945 105.416740 65.316994 -30.031628 114.720467 86.478386 54.939194 59.092171 67.535362                 54 
-42.227486 138.271683 72.660225 30.463964 104.980972 65.121902 -30.427097 115.429810 86.366867 53.499847 58.231178 67.359375                 72 
-42.042694 139.379700 72.177177 29.746275 104.161552 64.625664 -30.931684 116.106613 85.770035 51.492805 56.784504 66.550369                 90 
-40.567280 143.009018 70.158958 28.430164 102.040161 65.899841 -32.187496 118.619301 83.957954 46.138523 53.022934 68.119453                108 
-36.726681 146.706833 70.216011 27.611885 98.659698 64.983437 -31.575527 120.369896 82.716675 40.051041 48.006252 64.148766                126 
-40.489075 146.595154 69.117851 28.041683 104.304092 64.417603 -32.933918 120.472816 82.466209 45.470161 55.136612 64.507507                144 
-39.712105 148.770844 68.337776 27.704233 104.234329 64.272003 -33.129047 121.602409 82.227715 44.279011 54.773407 64.579788                162 
-41.941364 150.159729 65.286613 27.488314 108.337341 64.050079 -34.178844 123.927299 81.848145 46.690826 59.978668 67.778778                180 
-41.457291 151.028915 65.682129 27.264097 107.715942 63.629044 -34.224293 123.782120 82.399834 46.007984 59.120094 66.511986                198 
-40.123318 152.988724 66.216347 26.582853 106.214684 63.403629 -34.583878 123.862137 82.345314 43.537968 56.897091 64.628548                216 
-38.946011 154.589020 66.467941 26.432676 105.596802 63.407146 -34.461788 124.361992 82.696960 42.378891 55.932632 64.031128                234 
-38.852573 155.633530 66.251656 26.261810 105.882767 63.390747 -34.739655 124.585609 82.829964 42.336956 56.260445 64.035469                252 
-39.295135 156.652740 66.023422 25.996550 106.787277 63.449169 -35.209091 125.081413 83.037491 42.542301 57.323204 64.311897                271 
-39.767719 157.902710 66.050522 25.445414 107.686752 63.500397 -35.741955 125.999268 83.644135 42.158176 58.281223 64.489578                289 
-40.751392 158.184784 66.052368 25.094997 108.585678 63.231682 -36.201801 126.035110 84.149338 42.729015 59.506611 64.451454                307 
-40.925606 158.790405 66.408363 24.588497 108.566101 63.394619 -36.615826 126.191284 84.948814 42.171913 59.464909 64.442207                325 
-36.989967 159.830368 69.984116 24.388407 104.962112 62.348763 -34.922722 125.586624 86.740662 38.385223 54.769241 59.906338                343 
-36.565594 160.449875 70.623711 24.181410 104.772461 63.198132 -35.236145 125.765350 87.296608 37.715115 54.480972 60.230679                361 
-34.910965 161.935959 69.940163 23.360704 103.356186 64.875885 -35.622410 127.342552 87.549583 34.725159 52.495667 62.582844                379 
-35.755177 161.915634 69.863670 23.418615 104.223503 64.621208 -35.424873 127.612427 88.584923 35.694492 53.557812 62.752728                397 
-37.230240 161.231476 70.043777 23.302853 104.901657 64.872612 -36.048779 126.876419 89.049416 36.903515 54.573864 63.046070                415 
-37.872398 161.167450 70.251991 23.052357 105.141975 65.017281 -36.397068 126.563118 89.670280 37.228283 54.978218 63.057232                433 
-36.573235 162.513748 70.109497 22.615820 104.513512 65.388718 -35.744190 128.051559 91.148697 35.503769 53.989868 63.819286                451 
-37.708645 162.992416 70.619171 22.128881 105.587952 65.499535 -36.183891 128.312103 92.390564 35.796440 55.286842 63.450893                469 
-37.748486 163.955017 70.689178 21.365501 105.647392 65.242790 -36.544186 128.824875 92.726456 34.680962 55.263866 62.918968                487 
-37.026119 165.369324 70.363922 20.742413 105.499680 65.274521 -36.401951 130.087830 93.267273 33.180088 54.878357 63.277740                506 
-36.679653 166.444931 70.002998 20.458071 105.756096 65.490364 -36.463573 130.951981 93.455643 32.606720 55.055706 63.734974                524 
-32.369827 167.091232 71.579590 20.939384 103.051254 65.250084 -34.582245 130.583344 93.835564 30.125196 51.823212 61.713188                542 
-34.340752 167.168961 71.906609 21.616686 105.371056 64.866127 -34.448074 130.511581 94.626122 33.163776 54.614315 61.457478                560 
-37.379692 166.971252 71.249565 22.195608 108.552795 64.276955 -34.266808 131.026886 95.623161 36.967232 58.578430 61.918392                578 
-38.273952 167.174820 70.752037 22.377674 109.810417 63.919933 -33.269707 132.186386 97.171326 38.234715 60.132980 62.538719                596 
-40.520439 166.392365 69.603180 22.922184 112.374962 63.150665 -31.667458 134.364365 99.138092 40.870586 63.395187 63.343861                614 
-41.308189 167.495071 67.572029 23.569693 115.390472 62.418560 -29.719610 138.656540 100.647820 42.473415 66.814133 64.465416                632 
-42.062984 167.918823 65.609970 24.067181 117.727188 61.043175 -28.029520 141.893448 101.244797 43.926296 69.600922 64.311035                650 
-41.045609 170.971695 61.651230 25.697691 121.573601 59.496689 -25.253262 148.026978 100.741432 45.943188 73.804153 64.918938                668 
-37.661213 173.132156 58.260529 28.109283 122.557861 56.385361 -20.038094 152.228043 99.097633 47.391113 74.515755 62.817154                686 
-33.873188 179.786377 51.491142 31.153151 128.483047 52.832764 -16.542515 160.713226 94.191742 49.282295 80.238678 60.896038                705 
-33.040699 187.037643 39.759525 32.745663 137.565353 46.768696 -14.634957 173.394806 85.941010 51.031601 90.238747 58.893768                722 
-32.442856 190.862900 29.992342 34.749802 144.552994 40.231003 -14.388206 179.992188 77.300407 53.815334 97.879234 53.620071                741 
-30.990339 197.321075 19.394896 36.129318 152.113708 32.548626 -15.007262 186.777802 67.048927 54.707607 105.315208 46.184895                759 
-29.589205 204.122742 8.033529 36.475780 158.590240 23.685778 -15.894646 193.089828 55.641026 53.793022 111.255325 37.128998                777 
-28.320614 206.364868 -4.853722 36.796528 162.173141 15.949446 -18.311012 195.379166 42.091251 53.329792 114.711990 29.924128                795 
-28.564585 205.839890 -17.705736 36.702061 164.659714 6.529716 -20.254187 196.039047 27.321602 53.602760 117.587631 21.354912                813 
-30.408813 204.303268 -33.151165 33.903713 167.217056 -2.761362 -25.369015 196.331467 9.939939 50.796848 120.825935 14.081656                831 
-33.395344 201.717484 -48.543549 31.069565 171.193085 -13.344962 -30.906769 194.942413 -7.899129 49.887211 126.158295 5.066021                849 
-36.026379 195.080811 -65.053833 28.443716 173.627090 -24.909723 -35.640636 191.700821 -25.282391 49.658897 131.357056 -2.901537                867 
-38.227215 189.738174 -82.725159 24.734396 176.179581 -37.764397 -41.004696 188.300552 -43.551044 47.514912 136.671082 -12.439960                885 
-38.638920 184.680054 -97.979279 22.275515 177.166992 -49.151665 -44.634445 183.706238 -59.228474 45.893368 140.146851 -20.993063                903 
-39.664700 171.081543 -109.930717 20.601643 175.962692 -59.935913 -48.657707 171.519745 -71.190903 46.614658 145.544189 -26.480890                921 
-39.458347 152.717819 -118.543175 19.460638 175.550156 -72.012299 -49.835464 157.687714 -79.490181 49.236923 156.275085 -33.762524                939 
-38.091824 136.195740 -120.372208 18.851564 172.860992 -80.387375 -48.479637 145.439209 -81.339806 51.478096 163.958984 -40.670071                957 
-37.600357 127.082901 -125.285629 16.909306 169.940521 -87.749695 -49.031578 138.598419 -86.910858 49.029602 166.737473 -46.771309                976 
-35.183804 121.050941 -131.580765 15.605604 167.825958 -93.269951 -47.097034 130.008972 -92.582176 48.079979 167.020599 -52.453686                994 
-35.198456 111.298203 -128.872360 14.099266 163.302765 -95.458679 -46.134022 121.796211 -89.932861 47.824703 167.203156 -55.853344               1012 
-36.331818 102.750404 -127.799644 11.615816 158.613419 -98.590332 -46.766518 115.002785 -89.233345 45.714714 166.464630 -59.901516               1030 
-36.893139 101.844528 -126.627014 11.258317 158.599808 -99.012924 -45.769665 113.977287 -88.749077 45.701637 167.532272 -60.867546               1048 
-37.398190 100.159599 -126.031769 10.922157 158.035156 -99.936035 -44.473625 112.852371 -89.719406 45.199940 168.451447 -62.018551               1066 
-39.891598 99.688347 -126.908058 9.960837 157.666626 -101.455406 -43.495548 112.269760 -92.201332 44.189522 168.891846 -63.724884               1084 
-37.301273 96.152374 -128.363983 10.685946 156.458160 -102.637848 -41.745033 110.428612 -94.657516 42.403828 170.527710 -63.686279               1102 
-39.494209 94.139618 -129.452469 10.118302 154.685257 -105.360123 -42.619308 110.543594 -97.081795 41.408127 170.232208 -66.624603               1120 
-38.103848 90.370834 -127.541634 11.249173 152.733459 -105.602669 -41.907082 110.099640 -97.130943 40.288433 171.859390 -66.716667               1138 
-40.056629 90.194756 -126.984703 10.249768 152.655121 -105.668495 -43.203068 111.127426 -97.226212 38.937553 172.713638 -66.992043               1156 
-43.895287 96.162064 -130.777008 8.903124 155.639648 -105.817757 -46.872166 117.349884 -101.018288 36.710316 173.808853 -65.595352               1174 
-49.342567 102.762627 -134.415146 1.713026 162.332428 -105.614594 -52.947681 122.779556 -103.993172 28.407463 179.330063 -64.145462               1192 
-47.967583 90.825455 -128.259384 -6.180268 160.689804 -108.549156 -56.751297 117.002579 -104.101189 14.078296 188.906509 -69.631180               1211 
-65.618614 97.893112 -142.471298 -20.550304 162.979263 -113.817924 -72.421692 121.182671 -113.945862 2.562856 184.536285 -72.317596               1229 
-83.036102 105.777237 -137.181335 -32.632751 168.120712 -110.299446 -87.114464 130.464874 -108.927330 -7.212960 189.007645 -69.817711               1247 
-105.632782 130.019547 -152.714264 -47.284908 173.520889 -108.853035 -104.333694 141.553711 -116.402145 -16.679861 175.390671 -66.650719               1265 
-102.470886 130.649780 -123.311981 -57.521584 178.591309 -103.995689 -114.936020 147.887009 -109.183334 -23.979654 178.790070 -64.044464               1283 
-109.318909 131.258133 -107.414558 -67.347427 179.923492 -97.867126 -125.775032 151.518860 -98.785294 -30.486397 178.556519 -60.980854               1301 
-126.614967 140.731339 -106.093033 -75.923653 180.233231 -94.422211 -138.284927 162.796997 -95.793884 -39.572861 170.772522 -58.223923               1319 
-136.530304 143.247375 -104.018562 -84.133354 179.519913 -87.635483 -146.592422 163.043213 -89.776276 -46.968723 164.968140 -54.046242               1337 
-141.474518 137.815964 -94.776138 -90.570877 177.554459 -81.538383 -151.780975 157.175949 -80.530746 -51.085690 166.291519 -49.362820               1355 
-148.684921 132.990585 -91.047966 -98.335999 173.463593 -77.552399 -159.085907 151.819458 -76.317825 -58.310791 162.528351 -45.935875               1373 
-147.754227 127.102013 -88.573013 -105.595634 175.910797 -74.360474 -162.280640 145.157608 -76.646301 -67.969276 174.026291 -38.278534               1391 
-154.115341 121.143967 -80.103226 -115.729774 174.865707 -77.902000 -170.392746 140.603348 -74.491219 -80.780708 185.816620 -40.755787               1409 
-160.931519 116.382553 -72.440758 -121.386345 169.116852 -76.783745 -175.691193 135.270935 -67.737862 -84.212311 182.251221 -42.625576               1428 
-172.267670 123.272079 -68.668495 -126.819626 170.376526 -77.482262 -185.320038 143.875778 -68.466560 -91.458801 185.636368 -42.297745               1446 
-178.062927 123.247688 -72.390221 -130.606995 168.439941 -77.584831 -190.418823 144.249069 -69.791634 -93.594872 177.554092 -41.972519               1464 
-181.945190 124.706100 -72.586609 -133.947983 167.774323 -78.705460 -195.000580 146.140030 -72.292831 -97.667595 175.953110 -42.126209               1482 
-180.842667 120.501816 -73.764175 -137.083237 166.143021 -79.739792 -197.028625 140.858383 -75.931885 -102.782570 175.901413 -41.668297               1500 
-183.369583 118.901939 -72.679993 -141.283386 165.212860 -79.001366 -200.882675 138.766403 -76.790108 -108.389557 175.961502 -39.967236               1518 
-180.806503 110.112640 -69.693840 -145.505981 160.418503 -81.160568 -200.786423 125.674461 -80.096207 -119.630875 182.593475 -41.664368               1536 
-183.813034 113.049423 -68.191727 -145.768082 160.985031 -80.367058 -203.108688 129.662415 -78.946342 -118.435844 181.665604 -41.041962               1554 
-184.923233 114.137505 -67.695114 -145.864960 161.194412 -80.073799 -203.937561 131.155334 -78.525909 -118.028717 181.292450 -40.800228               1572 
-185.560867 114.372437 -67.994415 -145.618622 160.884186 -79.606102 -204.125809 131.566925 -79.472649 -118.602417 180.818527 -39.681831               1590 
-185.453094 116.204727 -63.185997 -143.763184 161.241150 -74.624947 -203.415375 134.238983 -74.477455 -115.825333 179.733292 -34.640968               1608 
-178.263550 106.136444 -61.033478 -137.021362 151.200821 -74.058052 -196.550003 123.891129 -72.479782 -108.584671 170.581726 -34.854279               1626 
-175.295609 103.017822 -58.172241 -135.359329 148.241211 -74.283463 -194.020859 119.120567 -71.664215 -108.479347 171.704620 -36.229080               1644 
-177.804047 103.873215 -58.374523 -136.779419 148.235748 -74.168961 -195.676056 119.409172 -72.885475 -111.004501 172.149963 -35.633720               1662 
-179.628723 104.044350 -59.214214 -137.212448 146.924103 -75.564247 -196.967087 119.849434 -73.816116 -110.351852 169.750092 -37.110588               1681 
-184.221344 106.300774 -57.907188 -140.049530 146.819916 -75.975510 -200.899704 122.377304 -72.730362 -111.614807 169.161758 -38.378838               1699 
-186.861053 105.355293 -55.115891 -143.149765 145.069855 -76.417877 -203.739395 120.287827 -71.075302 -114.581017 169.855347 -40.491467               1717 
-185.242279 105.080284 -54.329712 -141.485947 143.809052 -78.209908 -202.218796 119.821617 -70.973824 -111.965683 169.258820 -43.539104               1735 
-183.023544 106.444664 -52.278515 -138.638428 142.537903 -79.881973 -199.944061 121.258789 -69.533157 -106.962547 168.221085 -47.351772               1753 
-180.137177 106.797760 -56.597481 -138.361816 149.118927 -80.447243 -198.568771 125.183762 -69.942543 -104.109131 168.073318 -45.969917               1771 
-179.292450 115.552216 -64.222275 -137.881607 160.704956 -83.220802 -198.640945 137.460342 -74.523109 -101.433914 171.572205 -47.518295               1789 
-177.905365 125.605499 -61.260811 -139.342377 171.746475 -84.556664 -199.074783 145.662109 -75.628792 -105.301567 188.764160 -48.880020               1807 
-177.183578 128.252609 -59.727116 -139.706314 174.497406 -84.889481 -200.320389 149.525238 -75.899834 -106.309837 192.989075 -49.337627               1825 
-167.140213 137.794052 -57.159298 -141.884872 187.846802 -89.173988 -197.460678 155.573166 -72.566765 -108.199860 213.119614 -58.387527               1843 
-157.089523 146.880249 -44.074337 -141.371063 189.782684 -89.092484 -191.508301 156.004166 -62.432018 -109.772720 224.852188 -66.891670               1861 
-144.861847 161.850204 -32.380974 -132.210938 198.504944 -82.975937 -180.806396 167.948135 -51.509220 -99.412155 235.241272 -65.774651               1879 
-143.710876 191.547012 -26.779961 -111.856796 193.152054 -81.906998 -171.746948 197.550354 -57.005684 -69.261223 221.506073 -71.764610               1897 
-132.128937 210.121002 -19.326845 -98.527473 197.769287 -71.972656 -152.312546 227.506165 -51.672508 -48.891666 204.543625 -57.426300               1916 
-121.109566 219.531036 -7.251283 -87.987701 202.038559 -58.713299 -134.095551 242.980927 -39.683529 -39.480888 195.261566 -40.758839               1934 
-107.278091 227.327713 4.585523 -76.676422 207.511368 -47.577232 -116.352936 253.851364 -26.982784 -30.004671 192.633286 -29.644258               1952 
-89.775200 236.022461 11.467442 -63.225735 208.692703 -39.496906 -95.656380 261.339355 -21.955830 -18.881769 188.539627 -20.824266               1970 
-81.445549 231.550964 24.065218 -56.592854 206.681290 -28.965643 -87.741837 258.708069 -7.940115 -12.237209 184.801422 -12.381031               1988 
-71.182388 232.956528 27.021107 -49.486221 200.255890 -23.056833 -78.962463 255.247986 -8.360722 -4.587585 180.192810 -5.656067               2006 
-61.630627 232.672516 27.962067 -42.508678 191.145767 -16.279085 -68.749702 249.281982 -10.634010 1.427788 171.667679 4.003703               2024 
-49.369614 235.341553 13.971098 -39.040325 175.011978 -3.368752 -54.605949 231.854904 -28.253061 1.327054 160.972977 26.540817               2042 
-42.149136 231.732574 19.217270 -37.743725 169.748566 5.605132 -51.573196 225.695251 -22.047487 4.115251 154.794769 32.907360               2060 
-36.621616 225.310516 27.784140 -33.445496 163.497726 13.102514 -46.465580 220.065445 -13.552930 8.279763 147.383041 39.945038               2078 
-32.688156 220.464951 34.518753 -29.495453 158.710861 19.602846 -41.660881 215.401505 -7.094585 11.504395 142.304169 47.370342               2096 
-30.683613 217.341888 27.340263 -26.798714 154.074722 22.026514 -40.235176 205.760788 -12.868897 14.826026 142.699249 51.338299               2114 
-23.107050 214.215454 18.107550 -24.894573 151.031708 25.215885 -34.112427 195.878235 -19.158089 15.854107 141.975433 56.500546               2132 
-17.937733 201.875504 0.670214 -23.886251 145.426102 29.373116 -29.463272 172.158936 -28.206472 15.623391 145.858307 63.431923               2151 
-14.854136 175.775803 -8.180309 -24.614565 142.671417 45.247177 -36.303169 139.557953 -17.288889 20.037535 149.863434 71.240746               2169 
-16.798462 165.569656 -5.047505 -24.193966 140.716019 53.031471 -40.147148 128.893295 -7.345660 22.292439 149.554626 74.988113               2187 
-11.605073 166.012222 -1.648361 -23.719641 135.680511 52.929138 -40.055820 120.754662 -5.687053 22.710428 136.525360 76.693314               2205 
-8.766291 160.733734 7.566909 -23.721075 134.572372 56.173073 -42.366451 110.238731 1.252101 23.259655 135.418961 78.829094               2223 
-7.192713 158.290161 13.690690 -23.710777 133.674957 58.561794 -42.870129 105.970772 5.000383 23.487726 134.883438 80.743813               2241 
-8.176561 160.454773 20.263538 -23.647045 130.129456 60.613804 -40.113911 97.369453 8.956740 23.301193 132.090942 83.268082               2259 
-8.687235 163.428696 25.090122 -23.732492 129.464508 62.093498 -36.829834 90.464523 12.204453 22.810059 131.289444 85.580978               2277 
-11.434966 163.970612 25.836670 -23.164982 128.690002 62.497974 -29.837626 85.073410 14.079615 22.414042 136.093933 86.765968               2295 
-11.061919 164.556808 26.884336 -22.433258 128.498016 62.648132 -25.185333 84.147072 14.112076 21.938843 137.784531 88.456627               2313 
-6.730034 167.660721 30.576643 -20.380474 129.202850 62.647900 -18.285746 87.839424 11.351782 21.591677 137.290100 92.550003               2331 
-3.312309 168.168045 32.388954 -18.781853 129.088074 62.638191 -13.590550 85.972038 13.015863 21.485140 136.443039 94.975090               2349 
-1.471781 169.093735 31.608910 -16.817375 129.759369 61.408703 -9.261319 83.487358 15.814385 22.275875 138.299881 94.874779               2367 
-2.141111 169.389862 29.439489 -15.484115 130.435272 60.516560 -4.581008 81.491058 18.739235 22.589775 142.678543 94.008087               2385 
-2.378403 169.418259 28.485914 -14.884098 130.739456 60.115063 -2.431163 80.761948 20.075785 22.661079 144.633789 93.559166               2404 
-2.553274 169.538605 28.156542 -14.570716 130.899002 59.903927 -1.447324 79.764709 21.938000 22.690996 145.574432 93.331421               2422 
-2.868169 169.517883 27.563690 -14.093364 130.911453 59.534351 0.105212 79.128571 22.945929 22.827238 146.667191 92.848419               2440 
-3.243542 169.082855 26.700033 -13.610868 130.659271 59.081318 1.952629 78.350212 23.775599 22.852825 147.756393 92.236839               2458 
-3.773888 167.883987 25.391109 -13.075078 129.867310 58.481918 4.311316 77.074280 24.743408 22.697985 148.821671 91.379044               2476 
-4.112849 167.047073 24.157373 -12.547940 129.353088 57.767712 5.970035 76.265373 25.075802 22.855188 149.586060 90.301483               2494 
-4.285768 166.541397 23.467543 -12.242981 129.055618 57.354530 6.939624 75.772629 25.339512 22.932684 150.021225 89.670418               2512 
-1.768275 163.615356 21.715654 -10.039012 127.263474 56.681805 12.248721 72.846458 28.044203 23.350981 150.407257 89.402962               2530 
12.712949 160.045654 24.483482 -4.670560 122.520729 54.451008 21.682127 67.689919 28.516790 21.855284 141.936234 94.955559               2548 
28.806683 154.476273 31.231771 3.412157 117.524193 55.607773 31.929115 60.720078 33.753548 22.703497 133.793182 101.262619               2566 
-56.995033 118.705963 79.907166 28.460350 115.608246 74.798523 -28.141544 104.515915 64.532349 65.132111 82.278221 58.504585               2584 
-58.092400 141.327744 78.624695 34.348042 117.990753 78.987595 -30.649626 105.407463 63.646824 65.870682 76.492615 81.317451               2602 
-58.154995 139.902817 76.913132 35.549000 118.476730 79.842072 -29.907427 103.399887 64.611710 67.634308 77.678993 85.064926               2621 
-57.772236 139.194962 77.289085 36.049866 118.497543 79.811516 -29.742352 103.026810 65.475945 68.207344 77.795715 85.330482               2639 
-57.547306 139.117432 77.689522 36.280720 118.492577 79.828026 -29.665758 102.903961 66.005585 68.447647 77.816200 85.478050               2657 
-57.427090 139.075806 77.958366 36.360802 118.443474 79.870865 -29.700981 102.896881 66.385162 68.472084 77.731392 85.579880               2675 
-58.189564 141.513626 78.884323 33.090042 114.449890 82.114296 -33.913731 105.514320 67.311943 61.228043 70.784546 86.888374               2693 
-57.265541 142.675644 77.687469 29.707411 109.311546 80.785629 -37.865307 110.004341 65.605225 52.151772 62.243011 82.201553               2711 
-55.458649 141.151093 76.713074 28.406219 105.873734 79.380356 -39.021477 113.199585 64.977417 46.869129 57.116215 77.640678               2729 
-54.691196 140.105972 75.285233 27.201571 104.012260 78.924057 -39.638847 115.497215 64.260086 43.161873 54.488644 75.198273               2747 
-54.385353 138.532700 74.323395 26.866983 103.432503 78.804176 -39.821167 116.238998 64.230637 42.040977 53.718338 74.393661               2765 
-56.312042 135.887543 73.491104 26.187897 106.082024 79.119629 -41.056953 115.938751 64.519524 43.436184 57.004593 75.233337               2783 
-57.770912 134.267334 73.336586 25.361197 107.909676 79.403145 -42.245560 115.844421 65.055260 43.886658 59.269890 75.913239               2801 
-58.649948 133.432770 73.423126 24.704140 108.753609 79.393944 -43.079273 115.933617 65.355598 43.777039 60.339272 75.722755               2819 
-61.076435 131.470581 73.998978 23.120306 110.730530 79.044449 -45.130341 115.237862 65.971298 44.005322 63.088116 75.143478               2837 
-62.508678 130.201004 74.460632 21.814913 111.554337 79.374916 -46.570103 115.109299 66.475967 43.411224 64.271774 74.997803               2856 
-63.259254 129.503403 74.519974 20.940704 111.956871 79.645935 -47.512791 115.233109 66.719078 42.719185 64.772156 75.118065               2874 
-63.762989 128.736725 74.936310 19.641266 110.828003 79.259323 -48.921688 115.865891 67.174919 40.238064 63.234257 73.619438               2892 
-64.382210 124.697067 75.507561 19.017738 112.947105 79.696632 -49.739151 114.496231 67.964523 41.529068 66.080917 75.453789               2910 
-64.027962 120.984970 76.091988 18.793661 113.261871 79.979767 -49.889450 113.337463 68.239403 42.150932 66.827263 75.567764               2928 
-63.987473 119.773727 77.046516 18.601543 112.845695 79.821358 -50.005035 112.867020 68.229897 41.868633 66.426071 74.815163               2946 
-64.102135 119.169701 78.039574 18.431253 112.476799 79.680946 -50.108673 112.503716 68.312904 41.604900 66.070091 74.149216               2964 
-64.189941 118.990799 78.618164 18.354418 112.408813 79.751007 -50.058121 112.311844 68.118591 41.547157 66.042717 73.964561               2982 
-64.624397 118.427444 79.397919 17.967657 112.401398 80.045761 -50.355389 111.778969 68.319969 41.419910 66.167702 74.245880               3000 
-68.576523 125.738083 83.931313 14.496931 119.099770 81.610832 -54.112614 116.089806 72.629646 38.415001 72.741760 81.361931               3018 
-71.030823 131.756699 85.825951 12.589266 120.098892 82.009232 -56.055126 118.047813 73.688179 35.703033 73.338898 82.685425               3036 
-71.635284 137.743744 86.646576 12.251366 124.439529 79.949783 -56.557415 121.304153 74.597672 35.820652 78.035973 83.471039               3054 
-71.733780 140.386017 87.741470 11.992581 125.624413 79.444313 -56.804989 122.950317 75.398178 35.255447 79.121826 83.633476               3072 
-71.910889 141.408936 88.014709 11.729889 125.777908 78.856728 -56.949303 123.289421 75.292549 34.866295 79.254120 83.487579               3090 
-68.555321 145.424454 93.540512 12.979105 123.731079 77.215439 -55.615326 125.720398 78.679359 33.284992 75.716217 79.071503               3109 
-67.407555 146.972839 95.481125 13.510185 123.062431 76.867798 -54.759632 125.654083 79.465141 33.381641 74.859169 78.532623               3127 
-68.380310 148.701416 90.882149 13.159092 123.855782 74.810699 -55.110252 125.043724 77.414696 34.262592 76.723740 82.187294               3145 
-68.701866 149.063660 88.660088 12.981781 123.930183 73.778915 -55.235802 124.725594 76.695938 34.567043 77.586105 84.147339               3163 
-68.344833 149.190063 88.390892 13.239594 123.627151 73.558533 -54.906090 124.765060 76.743073 34.736843 77.359138 84.436935               3181 
-68.579453 149.075302 87.415482 13.262139 123.721100 73.539841 -54.854828 124.785652 76.562225 34.961124 77.778694 85.357224               3199 
-67.850441 146.016876 86.665695 13.824200 122.528442 73.590042 -54.271137 124.111465 75.886009 35.137978 76.495102 85.749626               3217 
-66.119797 136.707184 86.267494 13.545665 122.040115 72.922447 -54.518711 123.737152 75.613373 35.139050 76.946548 87.805206               3235 
-63.836967 131.991440 87.538902 14.474452 120.064629 72.562614 -53.484375 124.253105 77.453804 35.238518 74.306244 86.570633               3253 
-62.314865 128.623489 86.918442 15.070097 119.833054 73.556969 -53.208523 126.851036 81.305214 35.714085 74.888695 90.141037               3271 
-61.338840 127.844543 85.981033 16.246433 118.581619 74.380348 -51.902573 128.510208 83.925224 36.236843 73.610481 91.677208               3289 
-59.572884 127.455559 85.437027 17.901421 116.874626 74.369087 -49.944305 129.323441 85.481537 36.574253 70.693687 89.856071               3307 
-59.277824 127.482605 85.183647 18.257248 116.569305 75.017242 -49.578438 130.316895 86.936600 36.573158 70.412071 90.993416               3325 
-59.166557 127.301414 84.936783 18.409252 116.411224 75.174530 -49.444866 130.619110 87.446030 36.626297 70.241280 91.226830               3344 
-59.260181 127.295464 84.702629 18.353590 116.473892 75.270584 -49.533047 130.934723 87.685677 36.526009 70.323418 91.429108               3362 
-59.186863 127.247971 84.599823 18.445389 116.450844 75.386116 -49.470043 131.221268 88.115532 36.580677 70.330856 91.672897               3380 
-58.214111 126.838188 84.719322 19.236420 115.052132 75.274483 -48.406376 130.898560 89.284470 36.408852 67.827911 89.280945               3398 
-58.263683 126.736458 84.916122 19.161552 115.015175 75.258720 -48.402451 131.202576 90.173439 36.395710 67.799217 89.217163               3416 
