-19.127516 135.854874 74.901627 26.925047 140.736328 96.993774 -33.548786 144.775101 103.882523 46.543930 104.500473 67.122658                  0 
-19.170910 135.936996 74.982903 26.949017 140.731918 97.010399 -33.565594 144.930222 103.805817 46.536121 104.485725 67.130974                 19 
-19.041121 135.911270 75.093399 27.069304 140.658249 97.157471 -33.487289 144.975403 103.809273 46.669666 104.425377 67.270592                 37 
-19.001694 135.874374 75.076157 27.067503 140.655151 97.214317 -33.537937 144.952408 103.704689 46.769493 104.499290 67.300987                 56 
-18.896597 135.759628 75.062714 27.081100 140.735748 97.343781 -33.592342 144.797668 103.589638 47.052490 104.717484 67.443123                 75 
-18.687553 135.644440 75.065201 27.186676 141.027695 97.453918 -33.559818 144.643433 103.484863 47.538906 105.155678 67.634354                 94 
-17.859882 135.828445 75.142525 28.004770 140.534653 97.686966 -32.740959 144.950333 103.487381 47.995010 104.545280 67.764114                113 
-17.509865 136.016739 74.895493 28.222799 140.819122 97.683395 -32.572830 145.087677 103.150909 48.436844 104.834816 67.905167                132 
-17.316645 136.731628 74.474167 28.227791 142.055664 97.559372 -32.652058 146.028259 102.436028 48.916592 105.865242 68.362671                151 
-17.194349 136.959534 74.461449 28.447662 141.918839 97.603104 -32.433369 145.999084 102.488075 48.932903 105.460701 68.596535                169 
-17.265583 137.053558 74.444908 28.556271 141.791336 97.475716 -32.323917 145.772461 102.580750 48.875675 105.199829 68.520500                188 
-17.448896 137.163116 74.526978 28.542383 141.804169 97.477310 -32.352612 145.544235 102.696793 48.865295 105.190666 68.552376                207 
-17.680571 137.297974 74.596016 28.477468 141.801529 97.436340 -32.419872 145.426514 102.795868 48.739506 105.158585 68.505989                226 
-17.864855 137.293427 74.794258 28.378414 141.805664 97.559639 -32.528271 145.167358 103.053970 48.683266 105.244370 68.556107                245 
-17.701944 136.790924 74.712646 28.401098 141.466125 97.772713 -32.560162 144.431732 102.890068 49.116520 105.157310 68.742332                264 
-17.762650 136.596756 74.800743 28.262003 141.431030 97.999290 -32.742226 143.989471 102.944519 49.304153 105.464554 68.778397                282 
-17.913271 136.381165 74.665535 28.170792 140.758240 97.847122 -32.829018 143.459427 102.890877 49.071682 105.152466 68.088028                301 
-17.854233 136.052765 74.508507 28.152206 140.375916 97.898712 -32.864922 142.953842 102.665512 49.258675 104.925064 68.099800                320 
-17.890345 135.827469 74.439850 28.022741 140.233963 98.003708 -33.012592 142.624451 102.547241 49.347614 104.904221 68.216461                339 
-18.136679 135.290298 74.323059 27.844378 139.673660 97.765053 -33.032898 142.609436 102.444542 48.961208 104.004120 68.235657                358 
-18.232426 135.262466 74.322281 27.732782 139.499893 97.822823 -33.017151 142.813522 102.472641 48.789112 103.784706 68.305420                377 
-18.283609 135.216171 74.184265 27.734205 139.563049 97.556717 -32.904861 143.160492 102.337769 48.681839 103.592613 68.272842                396 
-18.269741 135.176392 74.092834 27.788931 139.630600 97.353706 -32.763660 143.413025 102.249748 48.666950 103.482513 68.239349                415 
-18.300278 135.179138 74.033829 27.760504 139.537476 97.308945 -32.722527 143.583130 102.194092 48.560318 103.303825 68.245033                434 
-18.296019 135.151062 74.011330 27.753801 139.369751 97.334206 -32.635380 143.666641 102.225769 48.478531 103.074043 68.294090                452 
-18.262157 135.253937 73.935562 27.781879 139.411606 97.280678 -32.529762 143.830688 102.204590 48.476807 103.089111 68.252800                471 
-18.245413 135.317215 73.839851 27.813049 139.393005 97.173737 -32.168873 143.542786 102.636948 48.440746 103.023445 68.156944                490 
-18.319813 135.344040 73.722351 27.636417 139.602707 97.223206 -32.134472 143.151794 102.888535 48.560600 103.410835 68.196526                509 
-18.297256 135.379883 73.752075 27.593819 139.728104 97.344444 -32.084080 142.820648 103.127525 48.677845 103.639435 68.304947                528 
-18.210960 135.451035 73.723076 27.666445 139.641434 97.340019 -31.908381 142.591934 103.307152 48.656052 103.502312 68.294868                547 
-18.122862 135.522324 73.703911 27.742268 139.574249 97.343117 -31.808256 142.650848 103.308746 48.653282 103.400185 68.284767                566 
-17.514315 136.377228 73.480583 28.368048 139.613800 97.208687 -31.139294 143.564606 103.092285 48.718719 103.131668 68.137650                584 
-17.772537 136.512695 73.728012 28.153759 140.373840 97.275551 -31.375700 143.641281 103.356346 48.780342 103.902237 68.386337                603 
-18.105890 136.523743 74.018021 27.846216 140.700745 97.462044 -31.693939 143.500931 103.675911 48.646286 104.318092 68.585045                622 
-18.138193 136.700211 74.665024 27.844372 141.062744 98.013153 -31.739170 143.423599 104.320915 48.818893 104.967049 68.903168                641 
-18.161263 136.766022 75.198807 27.855103 141.216263 98.453117 -31.840523 143.552017 104.656799 48.878288 105.239784 69.230865                660 
-18.118114 136.818344 75.241028 27.909212 141.161438 98.490448 -31.880867 143.733261 104.491333 48.855045 105.145241 69.261566                679 
-17.969635 136.847702 75.289009 28.066458 141.112961 98.532204 -31.831223 143.782257 104.351448 48.957241 105.071930 69.294540                698 
-17.844601 136.870544 75.328056 28.199183 141.072052 98.567444 -31.941202 143.959564 103.991806 49.043468 105.010147 69.322334                717 
-17.589121 136.920227 75.278358 28.410374 140.971313 98.634949 -32.243160 144.970505 102.737038 49.283703 105.022392 69.271713                735 
-17.394001 137.376450 74.980133 28.426470 141.272797 98.729591 -32.632877 145.780945 101.551964 49.583527 105.615349 69.214401                754 
-16.797890 139.790649 73.517014 28.730709 143.281357 97.910217 -32.597729 148.460922 99.371689 50.176643 107.870399 68.306877                773 
-16.189859 142.064865 71.945236 29.100271 145.680878 96.770699 -32.535080 151.173401 97.013809 50.983807 110.468246 67.251160                792 
-15.630010 147.814468 66.768990 28.885225 150.505447 93.079903 -33.014111 158.616104 89.746178 51.085655 115.033691 64.112396                811 
-15.491714 152.491531 60.988205 28.693298 156.254791 87.731155 -33.102276 170.120209 77.726509 50.938816 119.042488 61.074020                830 
-15.401932 155.615143 55.370987 28.640047 161.565887 81.971375 -33.190552 177.752869 66.988792 51.660423 123.502411 57.243771                849 
-13.942556 161.108002 51.128231 30.232170 165.306671 77.860207 -29.059940 191.122681 56.149727 52.299232 127.296898 52.198498                867 
-16.257757 160.300354 45.725723 28.580158 167.316406 70.760696 -31.984863 194.291840 47.253220 52.249229 131.391144 43.569324                886 
-16.832722 158.773682 35.722656 26.193085 171.087082 61.939407 -34.956776 191.984177 33.464725 53.648613 135.114822 38.649662                905 
-18.608444 166.213226 22.465685 24.037300 176.742172 50.146652 -34.515926 200.538788 18.594296 50.173038 138.570404 28.932009                924 
-19.689663 170.526138 9.146170 21.196741 182.079575 39.095360 -35.628445 204.852722 3.816212 48.890739 143.866989 20.041182                943 
-19.912779 172.696609 -6.852555 17.303860 186.316360 26.913799 -36.967979 206.374298 -13.310936 48.713825 149.781754 10.516918                962 
-21.405230 172.862762 -23.453079 13.066364 190.550873 11.404763 -39.583282 205.300888 -32.282116 47.256027 154.952972 -1.008038                980 
-18.852827 170.189301 -39.078724 10.822044 193.843719 -3.321520 -38.252270 200.138046 -52.024399 48.388073 159.961380 -8.889483                999 
-17.628107 170.902481 -53.768387 8.213520 194.060425 -14.806178 -37.579895 200.663498 -66.134285 47.740341 162.319077 -19.316000               1018 
-15.773141 171.480453 -70.728043 5.448902 195.665512 -29.597252 -37.028206 200.053619 -83.734917 47.510857 167.100723 -31.848024               1037 
-15.249777 172.898895 -87.570709 1.988812 197.027939 -44.333599 -36.542850 200.880005 -101.247734 45.373989 170.422394 -44.029060               1056 
-13.427961 174.694672 -103.982368 -0.904862 199.563278 -59.147648 -34.743702 201.383499 -118.894020 43.861759 175.670959 -55.232624               1075 
-11.529680 174.559387 -118.654457 -2.007214 200.072433 -72.890732 -32.388409 200.092468 -134.426941 43.552677 178.382538 -66.252518               1094 
-10.407311 173.882446 -127.901268 -3.338859 198.470642 -80.664185 -30.101040 199.127106 -143.834335 42.327858 177.812698 -71.831230               1113 
-7.691566 173.441315 -139.269974 -6.233808 197.490128 -90.458008 -25.352312 197.492752 -156.335220 39.214146 179.395309 -76.412300               1131 
-4.402930 175.134995 -146.907715 -8.270288 194.924316 -95.744812 -21.533657 198.741531 -162.873642 37.232693 179.609009 -78.858696               1150 
1.600479 143.743729 -141.727051 -5.900741 181.181137 -101.680870 -12.150163 160.018311 -166.520599 36.895531 172.970551 -75.388542               1169 
6.311966 136.742722 -145.156906 -4.902424 176.851593 -108.410294 -3.611284 154.897415 -173.660034 35.258789 171.109543 -77.680389               1188 
8.801479 121.686676 -142.798798 -5.899490 167.808655 -115.268013 1.621655 135.938126 -176.288910 31.985399 169.718170 -81.337051               1207 
14.898338 120.969948 -147.302734 -6.075955 165.777649 -121.486847 9.440069 152.172348 -185.767120 29.306765 172.267715 -85.484581               1226 
16.055008 120.826241 -148.321930 -6.113365 165.347076 -122.805199 10.426984 161.065491 -188.577240 28.650415 172.753708 -86.379349               1245 
17.128954 116.395119 -146.211304 -6.395652 162.311081 -124.493645 11.853015 158.632034 -189.745056 26.851664 172.608719 -87.361511               1264 
13.258698 105.168411 -139.541367 -9.329936 155.080933 -127.732979 11.424910 143.467087 -191.174088 22.384274 170.901093 -91.206917               1282 
11.757937 101.751060 -137.679001 -10.246505 152.636749 -129.074387 10.350182 141.864639 -192.759552 21.416449 170.334488 -93.374680               1301 
12.156605 101.150276 -137.414246 -9.972694 152.156754 -129.535568 10.807204 142.892212 -193.559494 21.444036 170.412109 -93.899193               1320 
10.902913 94.680649 -131.590775 -11.187337 146.349594 -130.588593 12.334445 130.609283 -192.449966 18.707676 168.555084 -95.898170               1339 
10.195086 92.000092 -128.994278 -11.730420 143.753143 -131.059402 12.836926 125.183456 -191.771942 17.591265 167.700821 -97.045174               1358 
14.680450 97.444481 -141.298721 -13.206870 145.968674 -135.354385 8.020766 142.605347 -199.408417 15.107764 168.810013 -99.762596               1377 
17.428879 97.492088 -137.890961 -13.198736 144.707718 -135.850143 8.334801 140.230698 -199.068222 12.853139 171.421219 -101.239304               1396 
18.586008 97.608192 -136.377182 -13.195058 144.137512 -136.074310 7.885498 138.598129 -198.446320 11.799857 172.538452 -102.032242               1415 
19.025127 97.872719 -135.580505 -13.322300 144.043259 -136.153351 5.195986 138.333908 -197.137772 11.187877 173.340179 -102.520576               1433 
20.663668 98.208267 -133.292648 -12.841736 143.520203 -135.673767 3.149662 138.609879 -195.306091 10.406232 174.441605 -102.603844               1452 
20.968512 98.342232 -132.694626 -12.852029 143.421371 -135.581085 -0.229111 142.632797 -194.922684 10.032825 174.810638 -102.699181               1471 
21.119865 98.396072 -132.394760 -12.857404 143.369766 -135.532684 -1.925784 144.596725 -194.768127 9.837654 175.001205 -102.751472               1490 
21.030140 98.339287 -132.141556 -12.893484 143.358688 -135.584671 -3.778533 149.828003 -195.245346 9.684140 175.113556 -102.841721               1509 
20.629618 97.948441 -128.687515 -13.173639 142.774673 -134.987213 -4.550590 150.355576 -194.973770 8.760056 176.095413 -103.382423               1528 
19.039705 96.153282 -117.244743 -12.496275 140.510239 -132.472046 1.608599 141.575577 -192.101135 7.345890 177.160721 -103.261574               1547 
17.527960 95.769302 -111.829185 -12.279774 139.517380 -131.668091 4.965787 136.900955 -190.500488 6.581233 177.724258 -103.834320               1565 
16.850161 96.275764 -112.718468 -12.025203 140.522980 -132.875900 6.225961 138.459305 -191.448135 6.689038 178.334793 -104.410728               1584 
16.276871 96.724007 -113.499649 -11.807315 141.383682 -133.909668 7.308257 139.782135 -192.241074 6.757039 178.863434 -104.912178               1603 
15.984381 96.944984 -113.910225 -11.696260 141.822372 -134.436569 7.812036 140.559402 -192.665375 6.783370 179.135239 -105.170990               1622 
14.902121 97.379128 -113.338295 -11.872300 142.438995 -134.690811 9.469215 141.412277 -192.295410 5.778814 179.623734 -104.758316               1641 
13.615531 98.153091 -112.338768 -12.395859 143.064987 -134.946411 10.989296 141.905594 -191.766022 4.083295 180.463715 -104.615021               1660 
7.675628 99.518867 -114.935402 -15.965342 145.115295 -138.775665 12.205618 145.081726 -193.350372 -2.004681 181.750168 -106.322510               1679 
3.368976 104.439507 -115.089287 -20.529879 149.184341 -140.278030 12.320505 152.126373 -191.903061 -11.877814 185.796295 -106.000816               1698 
-8.892890 108.740555 -125.376900 -33.303509 154.950699 -147.236786 -5.483415 156.801987 -200.708176 -20.569769 190.257431 -112.863731               1716 
-10.423511 109.933212 -123.587860 -36.250912 154.531601 -147.132645 -9.636697 153.507477 -200.489578 -23.933115 191.650818 -114.564919               1735 
-24.498795 118.296486 -122.314850 -51.303936 163.489609 -143.545975 -30.833292 157.248886 -198.115585 -34.024712 200.596634 -113.301666               1754 
-46.989620 135.329025 -153.250427 -61.663223 188.940796 -142.142990 -40.076904 211.192490 -191.687271 -38.406124 196.752426 -97.552544               1773 
-63.207050 150.339813 -166.038803 -69.812469 197.888382 -135.879562 -48.234833 233.637039 -176.733185 -43.267220 186.985397 -93.847488               1792 
-70.027481 191.715271 -174.972717 -61.729965 209.803040 -99.595802 -65.238762 190.357101 -154.557495 -27.930046 189.003387 -67.734207               1811 
-85.688927 210.453751 -169.288452 -68.797974 208.611954 -85.030037 -74.256493 189.299866 -148.678406 -28.896000 189.054535 -60.219543               1829 
-95.350197 213.258392 -165.480713 -76.340202 206.480377 -80.281715 -81.315994 189.958115 -145.652527 -35.089279 187.907303 -56.965973               1848 
-103.047356 208.163773 -161.889999 -83.161034 204.841980 -76.220573 -87.577263 185.659775 -141.045624 -40.993378 189.055725 -52.494976               1867 
-110.542580 204.369888 -156.284348 -87.574669 204.084106 -71.154152 -93.513809 182.499924 -135.088120 -44.086472 190.494492 -48.475529               1886 
-121.678711 193.711807 -151.316864 -94.543922 201.139191 -67.641365 -103.346611 173.623672 -128.887268 -49.850677 189.961853 -46.012634               1905 
-131.794174 189.552704 -146.217102 -100.347496 198.855026 -63.876255 -110.799370 170.005432 -124.179993 -54.129955 190.147903 -44.425129               1924 
-142.905365 186.823944 -140.024628 -104.242058 194.682251 -60.334408 -118.603882 167.172485 -120.401962 -56.116520 187.698776 -45.321575               1943 
-165.594589 183.384186 -130.217957 -111.633675 183.616592 -57.867123 -134.084503 160.998764 -117.361801 -61.438885 178.234406 -51.406761               1962 
-171.139526 176.416412 -127.943138 -115.044289 180.223267 -56.134007 -136.766479 153.550751 -114.012093 -64.744102 176.294266 -49.450085               1981 
-179.489517 173.597061 -126.164764 -119.531479 175.667984 -56.253170 -142.417572 148.687607 -113.390167 -69.121376 171.505722 -50.621258               1999 
-185.089249 167.782913 -127.324379 -124.553223 172.348267 -57.079933 -145.089478 143.824310 -114.343094 -74.101135 170.723755 -50.586208               2018 
-184.733887 165.269257 -131.796371 -127.751915 159.590439 -57.808159 -141.150955 142.898056 -121.615501 -78.073982 160.084717 -46.759178               2037 
-188.408722 164.439835 -123.570465 -125.120636 149.123886 -55.834808 -142.671402 143.917130 -120.812195 -74.853630 149.497696 -47.878067               2056 
-188.215240 159.670914 -124.559471 -126.529312 149.027679 -54.091835 -142.171829 142.730545 -119.922325 -76.626991 150.308914 -44.175285               2075 
-188.288925 154.032898 -123.509079 -127.296158 149.491501 -51.662006 -142.389801 140.121994 -117.604118 -77.576195 152.152634 -41.123264               2094 
-190.440750 152.688065 -118.879921 -126.596191 148.323242 -49.522751 -144.556229 140.961411 -115.221329 -76.551567 151.708618 -40.903271               2113 
-191.559113 151.552353 -115.015678 -125.842361 147.222000 -47.515240 -146.045456 141.636292 -112.912498 -75.603203 151.098831 -40.358574               2131 
-189.985062 152.050415 -109.900642 -121.881775 140.899582 -45.777702 -144.938141 143.536423 -110.534637 -71.431297 144.637970 -40.210442               2150 
-188.729996 150.806229 -106.925102 -120.146545 143.773300 -42.708069 -143.676102 144.040573 -107.460510 -69.789070 148.971619 -37.480907               2169 
-187.764725 149.033661 -106.401611 -120.065216 145.059387 -40.976299 -142.731125 143.779999 -106.124855 -69.924805 151.491211 -35.077850               2188 
-188.491623 147.103088 -105.912521 -120.347527 145.781174 -40.823185 -143.619873 143.298218 -105.862762 -70.290443 153.177582 -35.364006               2207 
-188.574219 146.844284 -105.783287 -120.581932 145.151031 -40.514145 -143.962967 143.738007 -105.726448 -70.523903 152.403534 -34.873585               2226 
-189.876694 145.908798 -104.392647 -121.006348 143.023224 -40.037674 -145.420731 143.177765 -105.036583 -70.839943 149.903976 -34.918217               2245 
-189.885513 144.133408 -106.424530 -122.633247 141.031555 -40.329182 -145.564301 141.826340 -106.041504 -72.574409 147.598145 -33.909374               2264 
-190.055817 143.183960 -107.323280 -123.644859 140.125076 -40.302826 -145.770721 141.372681 -106.461777 -73.669327 146.572189 -33.154259               2282 
-189.322525 141.921570 -109.322586 -124.960747 139.474411 -40.303459 -145.159225 140.364929 -107.152733 -75.223740 145.997803 -31.707148               2301 
-188.890900 140.512253 -111.144463 -126.134285 138.811951 -40.653526 -145.058472 139.898697 -108.033028 -76.640564 145.671326 -30.981842               2320 
-192.160828 138.092484 -109.453568 -126.847343 134.672165 -41.374920 -148.348404 138.169754 -107.942352 -77.121147 141.860779 -33.260086               2339 
-193.895187 138.398987 -108.414391 -127.678436 132.968460 -41.327461 -150.143677 138.180603 -107.475792 -77.795334 139.659790 -33.769447               2358 
-193.480759 137.812195 -108.859001 -127.763672 132.657913 -41.244892 -149.825867 137.715271 -107.568779 -77.938667 139.404861 -33.360146               2377 
-193.547379 136.212967 -109.570976 -127.998611 132.030197 -41.709427 -149.920410 136.288803 -108.126816 -78.224365 139.065811 -33.756718               2395 
-194.339569 134.024536 -108.885536 -128.217606 130.489258 -41.653786 -151.076126 134.698563 -107.752029 -78.443428 138.160110 -34.311352               2414 
-193.458862 134.004883 -109.303070 -128.277161 130.455994 -41.384224 -150.822647 134.952911 -107.567657 -78.581825 138.324722 -33.724106               2433 
-192.232742 130.655518 -110.585350 -128.905563 131.052307 -40.950600 -150.046387 132.575500 -107.718529 -79.564369 140.227310 -32.495617               2452 
-193.123245 130.292053 -110.355057 -129.876923 129.990341 -40.629208 -150.973145 132.338593 -107.381531 -80.578064 139.217148 -31.985701               2471 
-195.484665 134.500885 -109.418007 -130.273148 124.944786 -42.189194 -153.258514 134.484802 -107.643295 -80.373878 131.229782 -34.392860               2490 
-197.117645 135.918091 -108.437263 -130.609848 122.571678 -43.170921 -155.036667 134.357407 -107.621826 -80.343399 127.036011 -36.569790               2509 
-197.335510 136.040268 -109.862518 -131.172195 121.160652 -44.570866 -155.326569 133.995636 -108.754860 -80.912987 125.253159 -37.679935               2528 
-198.802948 135.825592 -108.931511 -131.868240 119.841408 -44.909454 -157.358917 133.651657 -108.239059 -81.478722 123.794579 -38.952160               2547 
-199.905930 136.328110 -108.621986 -132.523148 119.102501 -45.646214 -159.135284 133.543732 -108.223236 -81.986877 122.445457 -40.633106               2565 
-200.220184 136.508179 -109.060081 -132.748383 118.918076 -46.303688 -159.634888 133.184753 -108.627541 -82.162422 121.867889 -41.551739               2584 
-200.213501 136.913254 -108.991287 -132.769745 118.823235 -46.371372 -159.834015 133.346344 -108.434204 -82.157578 121.473618 -41.723339               2603 
-197.184540 134.348877 -114.451332 -133.756577 119.974556 -46.828320 -156.939163 130.967255 -111.085732 -83.534897 123.020058 -39.164783               2622 
-195.535599 132.428726 -117.513260 -134.569626 121.126930 -47.062672 -155.965958 131.135025 -112.292587 -84.678543 124.707649 -37.666962               2641 
-189.673660 132.335678 -122.129921 -133.980972 125.152985 -46.878456 -151.068649 132.615891 -114.123199 -84.744507 127.956703 -34.303425               2660 
-189.778320 138.353851 -117.171722 -130.553970 126.348045 -45.298920 -151.125992 138.102280 -111.229774 -80.636108 126.453453 -35.378384               2678 
-187.480209 144.042191 -116.725410 -127.780479 129.909256 -45.461189 -148.602219 144.248291 -111.081940 -77.829010 129.224777 -35.734756               2697 
-186.516937 151.112473 -117.898224 -127.464561 132.876862 -46.692413 -147.008743 150.087265 -112.220398 -77.695518 129.899078 -36.474979               2716 
-188.820496 158.170288 -115.758476 -127.615898 137.463654 -46.858456 -148.726852 155.989441 -111.718689 -77.688164 132.409729 -38.379021               2735 
-188.027649 167.912689 -121.122162 -130.350327 160.408646 -46.755798 -148.417755 164.129196 -115.158974 -81.290726 153.297531 -35.231537               2754 
-192.844101 160.654037 -113.475677 -127.400566 179.301453 -48.400417 -153.244156 160.548401 -111.686035 -77.019142 177.286148 -41.481476               2773 
-195.603409 160.232834 -108.200073 -127.087524 185.245956 -49.024899 -156.460052 161.001053 -108.806923 -76.369652 184.021240 -44.972858               2792 
-134.080902 167.381653 -125.512848 -111.802635 195.592529 -47.586525 -90.117706 148.053024 -96.079254 -80.057106 204.164597 -8.741156               2811 
-98.299980 150.552521 -91.566803 -100.535004 198.220856 -38.349960 -69.264099 143.147537 -71.979477 -76.694839 213.860947 3.807548               2830 
-80.771317 145.984467 -73.030167 -95.524406 197.806763 -36.994186 -57.031139 144.304886 -65.822449 -74.968224 218.078491 4.919075               2848 
-77.555519 144.565903 -63.700035 -93.889809 198.213333 -35.361897 -55.267990 143.082275 -61.096859 -73.048393 220.829590 5.188825               2867 
-69.374855 152.306290 -51.968166 -92.279724 196.584518 -35.193504 -51.894157 143.616379 -62.919395 -72.781349 217.183548 7.064211               2886 
-51.286533 153.266968 -37.571289 -78.026001 194.631454 -30.453856 -33.459518 142.258163 -48.864914 -68.725410 213.647888 15.828919               2905 
-35.919483 153.978928 -23.104153 -64.907341 193.677200 -23.077040 -17.054161 143.087875 -31.263700 -64.967255 213.535294 23.783110               2924 
-10.486609 156.159439 0.196596 -42.922848 191.271835 -10.437914 11.681153 148.500229 -0.800192 -63.281715 207.556335 33.271957               2943 
9.313070 152.152969 15.733363 -20.766130 188.634689 3.452294 30.989384 145.860199 23.279192 -61.298687 186.173599 34.132515               2961 
21.937925 146.323227 32.131798 -3.154679 183.879745 13.524550 42.205093 141.182343 46.970196 -49.784149 182.839172 33.891949               2980 
2.598505 178.639954 -32.380116 16.996864 189.505951 42.109303 12.520461 164.965607 -20.229624 50.313545 164.600418 71.433945               2999 
-20.601383 180.477249 -19.744408 24.267820 190.209015 50.175919 -8.420750 165.751572 -3.957562 61.332119 160.154526 67.873009               3018 
-29.716238 191.458450 -10.484150 22.450233 188.225479 56.384125 -16.412237 174.074570 2.429161 59.273335 154.317307 65.577370               3037 
-34.902893 190.155579 -8.378327 18.204590 190.873001 58.289589 -20.375879 173.711548 4.983989 57.135590 159.401398 67.462166               3056 
-37.984631 187.011200 -6.100973 16.695118 191.236694 59.364555 -22.984451 170.970108 8.137439 56.803883 161.255005 68.453362               3075 
-38.651981 187.240860 -5.385885 16.777523 191.008759 59.623764 -24.040670 170.488373 9.644944 56.749996 160.721436 68.289848               3094 
-32.092068 186.069855 -3.325073 20.956928 187.997910 63.833488 -19.891823 168.291336 13.836082 57.959358 154.980545 75.274406               3112 
-25.284052 183.462631 -2.189087 25.549484 183.858566 66.783211 -15.423613 164.936096 16.925665 59.658325 148.686417 80.557396               3131 
-21.329086 180.103516 -2.078831 26.510201 180.011841 69.083389 -12.819779 160.870148 18.456385 59.862442 144.650681 84.164436               3150 
-18.933523 178.569229 -0.111392 28.416265 176.975525 71.428741 -11.129022 158.250717 21.394764 61.446243 141.160507 86.143555               3169 
-17.183764 175.605255 2.609474 30.540329 172.625122 73.916985 -9.353996 154.086685 24.660742 64.000816 136.778671 87.542274               3188 
-16.700212 173.060608 6.316806 32.868038 169.182678 76.367104 -8.406276 150.257645 29.237326 66.876442 133.325226 88.528198               3207 
-16.556419 171.291840 6.591379 33.188702 168.491364 76.617432 -8.206953 148.013062 30.917530 67.449509 132.986755 89.101021               3226 
-14.281794 172.549850 8.450933 34.810429 165.510818 78.685333 -6.497925 147.276169 32.565269 68.487793 128.954666 89.626274               3244 
-2.658070 131.357407 69.578377 25.665030 163.842056 61.402161 -38.372002 160.198318 77.119690 62.816010 137.388260 83.990265               3263 
-2.551277 131.230545 71.292061 26.191698 163.048355 62.308167 -37.755955 160.892410 78.648361 63.027462 136.207809 84.956169               3282 
-2.737288 131.086838 72.312950 26.381887 162.374771 62.943989 -37.471729 161.469574 79.351479 62.827255 135.153091 85.768013               3301 
-5.385966 131.257690 73.527016 26.109018 159.972763 63.602104 -36.608120 164.865463 81.131958 60.579536 129.555267 85.437416               3320 
-6.613775 132.111130 74.533836 25.477777 159.829041 63.657051 -36.101978 167.360748 81.418503 59.429420 129.029892 85.768570               3339 
-7.229901 132.630112 75.245537 25.195154 159.837936 63.823921 -34.743088 169.433777 81.683105 58.919369 128.835220 85.998909               3358 
-25.896681 147.719849 77.077957 33.278790 162.537842 70.900215 -24.111517 165.451248 81.257156 65.316788 127.977188 90.118683               3377 
-32.075825 157.616776 78.502892 36.653675 162.027222 74.781769 -21.570244 169.145889 83.143135 64.913780 125.674202 96.462311               3396 
-32.048004 158.701981 78.783348 38.566723 159.436584 76.165756 -19.602564 169.053162 84.781647 65.152191 121.503502 97.249298               3415 
-27.992136 156.371048 79.742821 43.086391 153.681152 77.846458 -15.460208 166.635788 88.874634 67.660110 113.109383 96.293282               3433 
-24.651667 150.984451 80.113098 41.886303 154.815506 77.016327 -17.372198 162.245850 89.733803 69.005142 115.981934 95.637390               3452 
-11.764330 136.636734 79.356934 30.368803 160.654617 72.702629 -30.871607 160.276428 85.311188 63.558880 127.444023 92.341789               3471 
-14.421317 133.515182 80.502289 25.675932 159.588882 73.880936 -35.074921 160.702957 88.338013 60.302917 128.276810 94.147820               3490 
-14.417455 132.684906 81.101273 24.778524 159.175140 74.291496 -35.646759 161.257187 88.813614 59.455647 127.915810 94.554085               3509 
-12.872686 131.935699 82.037491 24.556141 158.976944 74.483971 -35.667702 161.119247 88.556290 59.261078 127.733421 94.723305               3527 
-12.619503 130.772171 83.434692 24.163124 157.649216 75.170326 -35.449322 160.772339 88.557846 58.282475 125.369110 94.768448               3546 
-12.895962 130.453339 84.847618 23.302675 157.287216 75.370003 -35.487854 160.549271 88.077827 57.314007 124.614426 94.499542               3565 
-13.003720 130.207672 85.743568 22.799725 157.076645 75.525414 -35.361500 159.828094 87.016922 56.727901 124.112625 94.299698               3584 
-12.937538 129.976608 86.386360 22.513147 156.960403 75.664871 -35.236641 159.081131 86.072174 56.408291 123.838921 94.220406               3603 
-12.615344 129.821075 87.074913 22.355602 156.950333 75.871857 -35.138657 158.854370 85.844589 56.251991 123.731415 94.250107               3622 
-12.279704 129.684311 87.566635 22.287800 156.963150 75.997414 -34.911736 158.404282 85.344719 56.222027 123.711464 94.246124               3641 
-12.122278 129.747543 88.002785 22.254061 157.040802 76.141716 -34.688286 158.006973 84.749535 56.162510 123.699394 94.274246               3660 
-11.935234 130.075287 88.535744 22.325117 157.235062 76.335396 -34.471588 158.537262 85.016083 56.065071 123.617828 94.271919               3678 
-11.979585 130.302277 88.725708 22.353170 157.324265 76.434174 -34.322556 158.997055 85.218719 55.951397 123.484322 94.217270               3697 
-11.507424 131.367691 90.319679 23.596275 156.996277 77.375862 -32.679569 161.147827 87.541626 56.030895 121.460754 93.972321               3716 
-11.046709 131.902115 91.649231 24.081074 156.894608 77.685951 -31.833450 162.017151 88.952576 56.259342 120.878708 93.736977               3735 
-10.436258 132.354446 92.749405 24.787786 156.697235 77.999458 -30.797449 162.733551 89.950470 56.584061 120.169357 93.649780               3754 
-9.957641 132.779892 93.750229 25.562098 156.291779 78.376129 -29.690908 163.506500 91.009735 56.767647 119.084778 93.610100               3773 
-9.681709 133.095032 94.414345 26.097860 156.021591 78.692642 -28.919838 163.991348 91.598679 56.779736 118.220528 93.522469               3792 
-9.256161 133.258301 94.863579 26.650808 156.014709 78.946434 -28.292540 163.936386 91.781509 57.147102 117.893219 93.332146               3810 
-9.145732 133.352005 95.411613 27.242573 155.632614 79.521729 -27.488989 163.863846 92.093430 57.061939 116.677216 93.068077               3829 
-8.983850 133.525940 95.842720 27.662348 155.696533 79.864815 -27.078117 163.938965 92.487839 57.320347 116.447990 92.909958               3848 
-9.075781 133.739212 96.238319 27.875029 155.825867 80.191238 -26.874399 164.040894 92.929573 57.459675 116.391380 92.836037               3867 
-8.924706 133.707443 96.713837 28.569315 155.324707 80.768059 -26.034531 164.159653 93.854698 57.536213 115.155045 92.495735               3886 
-8.629897 133.375275 96.792603 30.158190 153.675323 81.577538 -23.999439 164.505402 95.261604 57.158188 111.647697 91.319237               3905 
-8.529273 133.602203 97.156113 30.723007 153.939468 82.247963 -23.716251 164.336929 95.578201 57.830589 111.943916 91.827843               3924 
-8.926054 133.871124 97.375694 30.915792 154.086975 82.666153 -23.868879 163.930191 95.424629 58.122059 112.136711 92.164322               3943 
-9.484531 134.122086 97.421227 30.999105 154.175659 82.920891 -24.056707 163.669327 95.341652 58.277481 112.255363 92.344238               3961 
-9.761399 134.367157 97.796356 31.240931 154.423065 83.468597 -24.163654 163.141312 95.294418 58.788429 112.669121 92.847504               3980 
-10.004396 134.523499 97.955643 31.407232 154.553711 83.785286 -24.208279 162.793121 95.442886 59.135178 112.863167 92.911125               3999 
-10.522878 134.472534 98.026237 31.436697 154.378906 84.027725 -24.275206 162.371841 95.686073 59.299973 112.729301 92.925407               4018 
-10.986712 134.198563 97.828110 32.180443 152.805450 84.342995 -23.331543 162.163773 96.200706 58.810604 110.163231 92.261169               4037 
-11.395381 135.013351 97.942795 32.479210 152.905579 84.577591 -23.078890 162.613846 96.409325 58.783920 110.035400 92.351349               4056 
-12.020395 135.738739 97.553749 33.000015 152.442764 84.889290 -22.586681 162.951294 96.426064 58.439602 108.959641 92.118813               4075 
-12.201781 136.509933 97.349800 34.577072 150.729202 85.240623 -20.713505 163.094513 96.855453 58.297508 106.147354 91.566872               4093 
-12.825881 137.471970 97.127975 34.886471 150.880112 85.522606 -20.599140 163.263916 96.899895 58.362217 106.105148 91.380386               4112 
