-3.713268 117.151421 113.682236 9.879000 140.257919 76.717453 -13.681392 161.751785 147.832550 48.493221 105.209038 75.406441                  0 
-3.900965 117.277435 113.472786 9.454669 140.194397 76.659149 -13.397179 162.959595 148.223236 48.263054 105.352028 75.600922                  8 
-3.670238 117.345558 113.300316 9.272005 140.124924 76.571236 -12.495426 164.214355 148.860092 48.408314 105.647102 75.660263                 18 
-3.619311 116.901764 113.281883 9.038636 139.715027 76.722527 -11.547065 165.093430 149.851608 48.519905 105.629913 75.925507                 27 
-2.133079 114.205460 113.390968 9.893840 137.874115 77.365364 -10.070484 162.346619 151.568588 50.008316 104.561539 75.848228                 36 
-2.476358 114.319397 113.574615 9.447289 137.465454 77.347954 -10.745042 163.523636 151.339996 49.950378 104.598221 76.680649                 45 
-5.346665 115.484650 112.146217 6.349108 137.154312 75.351349 -17.742184 166.739700 147.363785 48.847248 107.033493 78.152222                 54 
-5.014414 114.116570 111.647537 6.176730 135.994858 75.193832 -13.141817 167.770721 151.033539 48.826412 106.045593 77.484390                 63 
-5.744576 112.981133 111.026863 5.573260 135.168320 75.116402 -10.350240 168.738846 154.054321 48.311489 105.352341 77.493912                 72 
-6.125834 111.475441 109.901512 5.242356 134.199844 74.678070 -10.287253 167.491653 155.302505 48.279247 104.826256 77.171959                 81 
-6.673718 109.263893 108.273438 5.301033 132.417511 73.948021 -8.548845 164.799408 156.360779 47.600506 101.957855 75.988914                 90 
-7.097360 108.000938 107.130974 5.548286 131.030731 73.423798 -8.014727 163.219559 156.597168 47.246109 99.769989 75.716980                 99 
-7.506449 107.422371 106.246208 5.482940 130.250290 72.951401 -8.555745 162.405640 156.283371 46.938896 98.698891 75.618683                108 
-7.352258 107.173843 105.868019 5.528494 129.999481 72.897255 -8.309282 162.284164 156.650040 47.133308 98.653923 75.671555                118 
-7.008584 106.827675 105.778183 5.840446 129.666763 73.075783 -7.639294 161.901550 157.221176 47.432114 98.299858 75.805573                126 
-6.211821 105.867020 105.492653 6.780150 128.728622 73.161919 -6.171879 160.389282 157.718597 48.009937 96.862381 75.580315                135 
-5.821201 105.806320 105.439629 7.160291 128.528809 73.321800 -5.815913 160.060287 157.960861 48.313171 96.562935 75.735168                144 
-5.299900 105.348541 105.231079 7.555712 128.146759 73.346504 -4.986764 159.103439 158.294693 48.612545 96.030838 75.372597                153 
-5.153481 105.319984 104.949165 7.721211 127.961739 73.256180 -5.210722 158.903214 158.113586 48.778877 95.856285 75.426231                162 
-4.954369 105.015114 104.746155 7.937150 127.584892 73.215141 -5.176851 158.485931 157.891983 48.917187 95.379509 75.371696                171 
-4.733305 105.222427 104.763115 7.922138 127.653008 73.219727 -5.527308 158.757751 157.465225 49.036148 95.619179 75.381454                180 
-4.531959 105.407722 104.843422 7.900927 127.749245 73.226204 -5.811694 159.089493 157.102646 49.203083 95.958748 75.393486                190 
-4.387465 105.538071 104.870674 7.908841 127.784966 73.239189 -5.979816 159.254074 156.879730 49.289925 96.097801 75.414085                198 
-4.261169 105.650345 104.871750 7.924506 127.800209 73.244926 -6.073615 159.345901 156.714691 49.355320 96.177185 75.406616                207 
-3.858417 104.444359 104.563812 8.454917 126.464996 72.958427 -4.855867 158.000717 156.450668 49.467724 94.284904 74.853790                216 
-3.702981 103.807976 104.225807 8.539681 125.940361 72.742523 -4.728129 157.059738 156.320770 49.536427 93.727257 74.411018                225 
-3.524435 103.599861 104.131348 8.662406 125.777451 72.725266 -4.595019 156.660553 156.329880 49.643303 93.537582 74.260826                234 
-3.388140 103.406960 104.123444 8.750142 125.576996 72.747215 -4.432881 156.369644 156.343048 49.701416 93.295006 74.184914                243 
-3.282066 103.251572 104.117676 8.820521 125.416199 72.764824 -4.308115 156.137589 156.347809 49.747921 93.100548 74.124001                253 
-3.207153 103.161430 104.108879 8.872716 125.296951 72.777885 -4.221135 155.966843 156.345276 49.782349 92.956413 74.078827                262 
-3.161101 103.122337 103.994995 8.927729 125.230774 72.751122 -4.109358 155.707672 156.361160 49.749172 92.775108 73.951462                271 
-3.092808 103.161140 103.959320 8.943964 125.227913 72.764687 -4.122785 155.627960 156.365753 49.758266 92.761986 73.929794                280 
-3.090971 103.029839 103.894608 9.044605 125.047707 72.772163 -4.080248 155.375458 156.361740 49.726822 92.417122 73.956650                289 
-2.948228 103.004753 103.868492 9.224008 124.942833 72.768509 -4.323502 155.409790 156.212616 49.960777 92.389297 74.177101                298 
-2.817031 103.064598 103.829323 9.292935 124.968079 72.726143 -4.463132 155.502426 156.087082 50.124748 92.537560 74.217873                307 
-2.751899 103.105904 103.832855 9.323649 124.976776 72.734764 -4.553849 155.550980 156.038940 50.191620 92.594124 74.275513                316 
-2.471993 103.235992 103.780441 9.409223 125.148949 72.675537 -4.668622 155.668777 155.945114 50.503876 93.054260 74.212173                325 
-4.286674 105.609680 103.560913 6.938599 126.960915 71.840149 -12.071573 159.945526 153.147598 50.224709 98.154015 76.044479                334 
-5.294305 106.270096 103.598495 5.779246 127.529182 71.771988 -15.272220 160.937241 152.382675 49.780731 99.985329 76.910690                343 
-6.129222 107.584984 103.752068 4.705105 128.245453 71.460129 -17.788698 163.233643 150.986176 49.299587 101.896019 77.644020                352 
-6.684259 107.699318 103.599770 4.354024 128.311798 71.350426 -18.617689 163.351334 150.690796 48.902363 101.949730 77.807030                361 
-6.795048 107.711708 103.588692 4.337181 128.316757 71.357147 -18.732176 163.253357 150.639084 48.836273 101.870697 77.809868                370 
-6.983112 107.794785 103.545303 4.263740 128.351471 71.311073 -19.003929 163.241287 150.451294 48.706844 101.824532 77.817474                379 
-7.071404 107.833679 103.551056 4.248501 128.374603 71.318199 -19.257351 163.133560 150.260818 48.665462 101.804680 77.827698                388 
-7.531907 107.849434 103.444084 4.030374 128.354736 71.262871 -19.795546 163.022736 150.000351 48.307957 101.582420 77.891541                398 
-8.135749 107.830376 103.219658 3.763866 128.297455 71.125694 -20.387594 162.960663 149.671906 47.844067 101.251160 77.954636                406 
-8.440095 107.672302 103.086212 3.674953 128.233780 71.131241 -20.701561 162.633453 149.620575 47.628040 100.988754 77.989517                415 
-8.666440 107.555847 102.986717 3.608274 128.186020 71.135406 -20.935656 162.441544 149.507095 47.465511 100.792038 78.013908                425 
-8.836573 107.468193 102.911110 3.557687 128.149780 71.138565 -21.108027 162.338257 149.366165 47.341911 100.642845 78.031410                433 
-9.008585 107.387016 102.840752 3.509792 128.115479 71.141548 -21.244627 162.315308 149.164383 47.224663 100.501648 78.047165                442 
-9.024624 107.310280 102.762184 3.520919 128.102310 71.116447 -20.833675 162.752945 148.972168 47.223686 100.459007 77.980583                451 
-9.378005 106.895660 102.167526 3.540051 127.869347 70.794380 -21.575336 162.763382 148.182373 47.244251 100.356148 78.154251                461 
-9.535532 106.428490 101.594437 3.697798 127.674133 70.535828 -21.915691 162.334396 147.793289 47.345226 100.126404 78.100571                470 
-9.661213 106.092949 101.179253 3.811909 127.532921 70.348801 -22.173899 162.001480 147.521362 47.416374 99.957756 78.059937                479 
-11.243976 104.664703 99.140602 3.814608 126.880692 69.611633 -20.829599 160.729904 147.584946 46.112423 97.268616 77.042725                487 
-14.296840 104.036201 96.586311 2.813175 126.681023 68.521797 -23.899754 161.154144 145.585541 44.193893 96.291054 77.756889                497 
-16.131302 103.666077 94.929657 2.198137 126.558395 67.852463 -24.722000 162.232071 144.324142 42.939812 95.641647 78.122391                506 
-17.564116 104.226929 92.446419 2.422421 127.038544 66.454453 -26.887211 165.063904 141.507538 42.533535 96.365189 79.548149                515 
-18.490469 103.530823 90.055031 2.882138 126.783958 65.593231 -28.823282 164.584595 140.208374 42.197765 95.773285 80.215828                524 
-19.302347 102.633713 88.113121 3.037480 126.315353 64.921326 -31.034554 163.456940 139.058624 41.760605 95.106667 80.661041                533 
-19.395346 102.395103 87.804207 3.151658 125.907585 64.649300 -31.555176 164.006088 138.137939 41.748638 94.959396 81.192696                542 
-19.587818 102.203926 87.387978 3.134041 125.721069 64.383774 -31.577591 164.481247 137.912079 41.636971 94.918953 81.411842                551 
-19.914564 102.022659 86.901588 3.144692 125.592934 64.234970 -31.053942 164.814972 138.318527 41.343445 94.559708 81.526443                560 
-20.245882 101.162369 85.525970 3.521690 124.937424 63.758030 -30.779018 163.483643 138.528183 40.991104 93.046173 81.084084                569 
-20.511621 100.479012 84.423096 3.820483 124.417892 63.380028 -30.634691 162.350311 138.660629 40.708534 91.850311 80.695496                578 
-20.497047 100.077255 84.034866 3.987247 124.203033 63.243855 -30.586611 161.915314 138.758377 40.797348 91.571693 80.605095                587 
-20.409691 99.828094 83.905449 4.140366 124.087296 63.195736 -30.496876 161.826813 138.802353 40.958805 91.518295 80.656090                596 
-20.393831 99.589767 83.809555 4.267896 123.993057 63.165436 -28.692022 162.230316 140.601959 41.104862 91.493149 80.715218                605 
-20.417246 99.379982 83.736549 4.363571 123.922356 63.142704 -27.422237 162.514786 141.881683 41.214085 91.474174 80.759644                614 
-20.479406 99.194290 83.696663 4.413711 123.887054 63.133896 -26.745943 162.651184 142.600677 41.297512 91.494339 80.783195                623 
-20.564445 98.639763 83.867523 4.385650 123.671494 63.522114 -26.196808 161.709137 143.902252 41.327415 91.124748 80.762077                632 
-20.850290 98.211998 84.155464 4.154266 123.606934 64.086578 -26.016432 160.725800 145.287506 41.142883 90.876900 80.873123                642 
-21.340788 98.181389 84.546692 3.790580 123.702599 64.563377 -25.547028 160.365814 146.442764 40.707600 90.660156 80.889168                651 
-21.127136 96.696907 84.062950 3.847067 122.845650 64.669373 -26.372641 157.932007 147.052902 41.019726 89.981644 80.773766                659 
-20.798326 95.661705 83.951134 3.910527 122.107201 64.603348 -26.660900 156.875565 147.110580 41.413509 89.643913 80.754562                668 
-20.697218 95.610535 84.419319 3.907768 121.905708 64.719650 -25.633505 157.165649 147.491928 41.466869 89.400162 80.654030                677 
-20.616085 95.523575 84.559059 3.939466 121.827141 64.797432 -25.400282 157.180130 147.686920 41.550442 89.372047 80.712280                687 
-21.045889 94.189522 84.827415 3.403590 121.591576 66.479362 -32.191875 155.559769 147.550232 41.454327 90.863617 84.621437                695 
-21.253704 93.297668 85.009933 3.071449 121.442780 67.645798 -36.808933 154.355667 147.212143 41.279846 91.928169 87.399460                704 
-20.964743 93.153076 85.375168 3.183804 121.562492 68.162178 -38.690792 154.635391 146.692062 41.571274 93.002090 88.944550                713 
-21.010963 92.706459 85.076912 3.239917 121.434830 68.503723 -39.154942 153.223450 147.340424 41.586411 92.678070 89.090027                722 
-20.395699 94.084839 85.342552 3.866287 122.716232 68.510048 -39.667580 155.745590 146.260330 42.286076 94.819344 90.117546                732 
-20.490576 95.909363 85.308708 3.997352 124.381371 68.527641 -41.077396 158.424774 144.999451 42.097950 96.957489 91.275742                741 
-20.003178 97.653381 84.333389 4.585072 126.004005 67.488365 -41.599201 161.541336 142.604813 42.469078 99.274307 91.394981                750 
-19.544157 99.804413 83.149773 5.330162 127.887039 66.234726 -41.691540 165.307312 139.161392 42.848228 101.562645 91.147011                759 
-19.298952 104.200233 81.787819 7.071706 130.764999 64.657013 -44.791809 169.560013 130.865814 42.837086 104.316490 91.906143                768 
-18.557405 106.257599 80.145920 9.117696 131.205399 62.606052 -43.237461 169.699783 125.104523 43.672165 102.464577 89.085373                777 
-18.716850 108.826797 79.870697 9.171250 133.106415 61.627159 -43.674328 170.956375 122.222397 43.682156 103.737785 87.466690                786 
-18.515064 114.163040 79.622627 8.973317 138.356384 60.476452 -49.872871 172.894409 115.510117 44.054878 111.428055 88.141418                795 
-17.485661 116.074905 78.534538 10.170344 140.335373 59.433670 -51.485985 172.453140 111.839485 45.248497 113.931618 87.603966                804 
-17.686785 118.076378 76.394142 11.157041 142.219147 58.329262 -50.768848 174.195496 109.642906 45.309525 114.370377 86.244392                813 
-16.419235 123.450241 74.840485 13.261328 146.378494 55.715210 -52.973846 177.349060 98.172592 46.907719 121.507729 86.869125                822 
-15.675384 124.743332 72.821648 15.586270 146.630890 54.240833 -51.266582 179.687027 93.746132 47.801498 121.609703 86.757301                831 
-13.608080 128.044403 71.760551 18.877752 148.719345 53.081043 -47.460155 184.167084 91.166557 50.230072 123.559372 86.325722                840 
-13.232327 130.838287 68.919006 19.777334 151.671005 50.792416 -46.204288 186.759521 89.645386 50.921074 125.386444 83.356056                849 
-14.086563 134.358780 64.206154 20.139877 155.259369 47.916016 -45.146042 189.959442 88.035721 50.020550 125.950737 79.050407                858 
-13.152977 134.775589 60.154510 20.587120 156.310364 43.354462 -45.309517 189.584854 82.707024 51.420479 128.112885 74.585968                867 
-15.702680 138.657745 57.210754 16.762215 160.913895 38.681259 -48.944046 190.518280 77.778595 49.766335 133.671158 68.510147                876 
-19.511282 143.248932 49.697456 13.444501 166.682617 32.967899 -52.967033 192.197769 70.156189 46.322372 137.593689 61.147343                885 
-20.456467 148.767822 45.917439 12.623258 171.777466 28.169672 -54.300762 193.642105 60.029606 46.058067 143.278503 56.296593                894 
-22.541267 152.417374 39.065617 12.169938 175.351578 23.625818 -55.085503 193.631012 50.660736 44.269127 143.572693 49.720757                903 
-24.422279 155.478409 31.217329 12.796856 177.114914 18.851942 -54.546955 194.905380 41.224922 42.165421 141.440491 43.059887                912 
-25.562822 157.353638 24.443281 13.385546 177.803040 13.752894 -54.219543 195.403900 32.020271 41.177200 140.811249 37.845055                922 
-27.060837 159.671814 16.114687 13.341332 179.568253 8.604538 -54.641136 196.351913 24.118912 39.596848 140.370911 30.862509                930 
-28.845633 161.371826 7.757533 12.975882 180.401733 2.793401 -55.144081 197.332230 17.110207 38.045101 139.643555 23.566130                939 
-30.430723 161.782333 0.594974 12.660446 180.054749 -2.297152 -55.818295 196.907715 9.645898 36.978340 139.082291 18.941948                948 
-31.796099 161.999435 -6.740210 12.209558 180.192841 -6.987149 -56.984894 196.021042 0.940442 36.042511 139.925858 16.072815                957 
-36.327812 160.233292 -31.677889 8.778368 179.119537 -27.851810 -61.407291 191.698242 -26.750856 32.360695 141.285858 -0.765136                985 
-36.980209 159.852798 -36.990997 8.368505 179.222015 -32.217239 -62.123970 190.239258 -32.405506 32.282543 142.243973 -4.253965                994 
-38.142807 158.823669 -44.069191 7.553154 179.072495 -37.595684 -63.468044 187.405060 -39.383801 32.093384 143.357727 -8.553769               1003 
-39.529427 158.598816 -51.549938 6.483694 179.059448 -42.583527 -64.938736 185.589401 -46.774269 30.654940 143.864136 -12.612853               1012 
-40.052959 157.004761 -59.203217 5.815069 178.281631 -47.677017 -66.083397 182.055832 -54.503586 29.800505 144.138672 -16.369535               1021 
-41.454872 152.406494 -88.420090 10.139925 166.040314 -59.144432 -64.475487 154.238953 -70.330032 34.270416 140.265610 -20.744106               1066 
-43.132233 150.366821 -96.549149 10.718868 165.063782 -65.243904 -63.064198 146.815125 -73.570160 37.487988 144.093613 -25.685499               1084 
-43.355492 147.534729 -98.709435 10.893668 163.717560 -67.008911 -62.421982 143.334595 -74.522636 38.132305 145.095200 -26.605133               1093 
-44.663784 146.931473 -101.427757 10.020907 164.662933 -71.193039 -63.075012 142.817551 -76.704018 38.439014 147.330460 -31.028408               1103 
-45.242157 145.715271 -103.319016 9.395980 166.011566 -74.631622 -63.142185 141.956802 -78.160622 38.901142 150.916321 -34.347881               1111 
-45.212360 144.676575 -104.679817 9.361379 166.502502 -77.021698 -62.814442 141.232407 -79.347168 39.374043 152.952698 -36.563770               1120 
-44.726437 141.225601 -106.000992 9.024539 165.301117 -78.602097 -62.214031 137.590729 -80.779137 39.220093 153.643433 -37.693321               1129 
-45.068428 138.332458 -106.016434 8.532989 163.590271 -79.376663 -62.015659 134.444107 -80.785179 39.249653 153.077957 -38.545567               1138 
-44.954067 138.181290 -107.511490 8.547081 161.962311 -79.304466 -61.944698 133.252991 -82.850945 38.563751 150.036667 -38.341316               1147 
-44.815769 138.649063 -108.727737 8.656083 161.460052 -79.676735 -61.738087 133.128265 -84.484131 38.251514 148.779861 -38.633781               1156 
-44.671219 138.577087 -109.450455 8.629838 161.114197 -79.989174 -61.133106 132.464203 -85.989357 37.947182 148.273193 -38.796909               1165 
-44.286972 137.268723 -110.390617 8.427532 160.576126 -80.737198 -60.141811 130.456268 -87.866150 37.593639 148.328354 -39.257912               1174 
-43.933182 128.621597 -110.052322 7.470163 157.330322 -83.197121 -58.993950 123.079430 -87.542656 36.958210 151.020920 -40.631317               1184 
-44.346203 128.232239 -110.417915 6.908479 158.038071 -84.695984 -58.209026 122.150581 -88.396500 37.134758 152.681396 -42.519226               1192 
-44.392818 127.738586 -110.628242 6.648848 158.361893 -85.631706 -57.383331 121.316528 -89.118713 37.168346 153.865662 -43.565742               1201 
-44.498638 127.388687 -110.727325 6.509418 158.449265 -86.365952 -56.749744 120.757652 -89.682953 37.212769 154.584793 -44.371059               1211 
-46.473152 123.656837 -111.607475 4.867892 155.926422 -89.787537 -57.863541 117.960976 -90.648819 36.169834 154.378311 -48.086304               1220 
-47.824162 120.930359 -113.312050 3.113651 154.547104 -92.746208 -58.433071 115.572670 -92.831795 34.618446 154.708405 -51.169502               1229 
-48.669319 124.893463 -116.731712 2.699802 156.567261 -94.362076 -58.990318 118.514008 -97.076630 34.029064 154.130615 -52.723862               1238 
-48.965214 125.660156 -117.592148 2.530171 156.916260 -95.028763 -58.895882 118.912460 -98.374641 33.879086 154.016022 -53.435070               1247 
-49.087582 125.928421 -117.726151 2.504519 156.968048 -95.176872 -58.749611 119.038017 -98.810081 33.885548 153.899734 -53.619476               1256 
-49.390221 124.870270 -117.146873 2.209548 156.345398 -95.314316 -58.540039 117.991501 -98.461449 33.872738 153.878647 -53.931244               1265 
-49.493916 124.849052 -116.962479 2.176220 156.275543 -95.307411 -58.073750 117.723602 -98.741753 33.964790 153.793427 -54.021492               1274 
-49.606762 123.564140 -116.468513 2.100664 155.418549 -95.613815 -57.045918 116.930969 -99.311462 33.975426 153.814514 -54.350910               1283 
-49.689865 122.642799 -116.093163 2.045541 154.793335 -95.837357 -56.519310 116.425758 -99.587372 33.988308 153.828934 -54.607143               1292 
-49.846439 119.766167 -114.774826 1.710403 153.149368 -96.196938 -55.822292 114.490677 -99.040237 33.846020 154.224350 -55.119598               1301 
-49.786667 119.890060 -114.799438 1.778950 153.220673 -96.217720 -55.282387 114.916138 -99.854515 33.915424 154.259399 -55.140121               1310 
-49.559467 121.338638 -115.073448 2.101060 154.254761 -96.083557 -54.716312 116.256386 -100.678703 34.509563 154.371384 -55.207199               1319 
-48.910912 123.728516 -115.584160 2.826125 155.903229 -95.615051 -53.831829 118.241219 -101.689987 35.530773 154.368347 -55.004078               1328 
-48.034233 124.408447 -114.825287 3.795656 156.471832 -94.968979 -52.811016 119.064194 -101.185432 36.623356 154.825180 -54.461800               1337 
-47.679096 124.858292 -114.122047 4.370792 156.709915 -94.551300 -52.294430 119.701653 -100.714211 37.421627 154.920334 -54.232063               1346 
-47.012215 125.100204 -113.357040 5.529404 156.508347 -94.439957 -51.633228 120.617462 -100.134262 38.506290 155.075912 -54.045975               1355 
-46.745758 125.691353 -112.688362 6.284033 156.522079 -94.234398 -51.330032 121.755592 -99.689484 39.246635 155.146332 -53.826790               1364 
-46.110626 127.220398 -112.141487 8.354430 155.801468 -94.301552 -50.841362 124.434059 -99.453827 40.774231 154.276947 -53.462437               1374 
-46.002346 128.001556 -111.647018 9.152070 155.507111 -94.282402 -50.611427 126.214325 -99.423019 41.446735 153.987350 -53.344086               1383 
-45.905392 128.971741 -111.346077 9.819230 155.547089 -94.400215 -50.238640 128.175339 -99.676369 42.174198 153.818237 -53.517845               1391 
-45.914364 130.733047 -111.241951 10.486035 155.983948 -94.549988 -49.997501 130.614441 -99.980888 42.913937 153.589462 -53.759075               1401 
-45.422325 135.389893 -111.850327 12.073629 157.809128 -94.893013 -49.096977 135.534073 -101.048058 44.436775 153.290222 -54.230900               1409 
-45.356285 139.779617 -111.786125 13.125566 159.751099 -95.182510 -48.486603 140.113434 -101.407982 45.765423 153.364487 -54.994797               1418 
-44.133663 146.710907 -110.689682 14.923882 164.181900 -93.356422 -46.001232 146.361450 -101.445534 47.788567 154.251495 -54.081738               1427 
-42.826561 150.257141 -106.876671 16.722582 167.308151 -90.893539 -42.945236 149.629272 -99.041954 50.909367 156.071381 -53.128479               1437 
-42.302734 153.888550 -104.391655 17.467594 170.030533 -88.323624 -40.789341 152.615921 -98.088417 52.789715 155.495438 -52.795052               1446 
-39.891468 161.683319 -105.265816 19.788589 174.695236 -86.314713 -37.668724 159.863129 -99.953079 53.949795 155.737076 -51.748810               1455 
-35.932175 168.139847 -103.751366 24.063009 177.897598 -83.889671 -33.273205 166.161163 -98.976547 56.962669 156.464600 -49.546696               1464 
-33.129566 173.656693 -103.977287 26.814877 180.942123 -82.958839 -30.271391 171.472778 -99.511925 58.540043 157.411545 -48.884991               1473 
-30.219126 177.407074 -104.733063 29.444624 183.417908 -82.567253 -27.286600 175.107422 -100.414879 60.420185 158.463181 -48.818516               1482 
-27.786695 179.280884 -104.669785 31.914988 185.276917 -82.621994 -24.680527 177.014984 -100.497559 62.899853 160.402893 -48.822269               1491 
-23.050442 182.710083 -105.318855 35.930195 187.681244 -81.193535 -20.072186 180.476105 -101.053825 65.432777 162.023270 -46.661415               1500 
-15.963417 185.810913 -106.000099 41.649658 190.122375 -78.673309 -13.779238 183.909409 -100.949249 69.253242 163.640198 -43.205906               1509 
-11.264241 186.707016 -105.822861 45.537453 191.768677 -76.982552 -9.567793 184.959427 -100.362473 72.820831 165.263748 -41.285110               1518 
-6.325224 186.414246 -105.525070 49.547661 193.297638 -75.294861 -5.079897 184.833237 -99.756332 76.788208 167.668152 -38.931656               1527 
-0.762700 187.386520 -104.759598 54.247555 194.628418 -73.078850 0.203349 185.759094 -98.966087 80.794472 169.057434 -36.165619               1536 
2.411902 188.995453 -103.894417 57.344257 195.102249 -71.852318 3.352590 187.250900 -98.242455 83.201904 168.889999 -34.899643               1545 
5.476233 189.813324 -103.326447 60.253540 195.614594 -70.975197 6.463035 187.919800 -97.880768 85.942635 169.048706 -34.157742               1554 
11.605858 191.571518 -104.915825 64.953735 197.481781 -70.286232 12.169348 189.756058 -99.377876 88.697655 171.415298 -31.841906               1563 
16.633017 192.377838 -104.894310 68.974464 198.797760 -68.857727 16.886236 190.511185 -99.329552 92.093864 172.794083 -29.992533               1572 
20.849289 192.571640 -103.938461 72.613037 199.689163 -67.214249 21.001530 190.600677 -98.420662 95.848198 173.720367 -28.394802               1581 
26.201488 194.653290 -103.264809 76.962738 200.208023 -64.916023 26.089432 192.535721 -97.810432 98.622780 173.120956 -25.950216               1591 
29.685236 192.804672 -100.821083 80.692513 198.578659 -62.840748 29.538908 190.834625 -95.363182 101.806808 172.491760 -22.905037               1600 
32.999016 191.983246 -100.647377 83.803131 197.895401 -62.424355 32.763794 190.088577 -95.181732 104.345284 172.326569 -21.860136               1608 
36.195892 191.307220 -100.213905 86.720520 198.014755 -61.760250 35.926109 189.406403 -94.776871 107.264091 172.984894 -20.861973               1617 
39.641163 190.315414 -99.779160 89.530907 198.595535 -60.813686 39.335068 188.424576 -94.353065 110.233505 174.403107 -19.493849               1627 
42.689667 190.312500 -99.600533 92.254059 199.277969 -60.379211 42.377041 188.379272 -94.207855 113.128563 175.319580 -19.009512               1635 
50.033100 192.524704 -101.767014 97.522873 201.388596 -60.259941 48.919952 190.768906 -96.411285 115.107010 178.414307 -16.852783               1644 
56.006557 190.905396 -103.520409 101.575874 202.276642 -60.763088 54.132210 189.572250 -98.197990 116.094978 183.129593 -14.462038               1654 
60.663025 191.143326 -103.309326 105.616737 203.038818 -60.299385 58.263592 189.885513 -98.052261 118.927414 185.198334 -13.121591               1663 
63.599915 190.631622 -102.804787 108.393684 203.188446 -60.263924 60.689949 189.426117 -97.657623 121.661224 186.149734 -12.778602               1672 
67.187370 190.335495 -103.166931 111.483414 203.407761 -60.706661 63.593399 188.933701 -98.129524 124.673851 186.581482 -13.124206               1681 
70.305969 189.171280 -102.346809 114.150726 202.578827 -59.896812 66.056824 187.345932 -97.379013 127.612686 185.419418 -12.509774               1690 
73.922630 188.304337 -100.805893 117.014656 199.883728 -57.295975 68.934235 185.475906 -95.947067 130.324203 180.181564 -10.864507               1699 
76.491653 186.865677 -100.137192 119.062759 198.008087 -56.244488 71.001038 183.330276 -95.410515 132.378738 177.412094 -10.204389               1708 
79.235657 183.866272 -98.496193 121.493507 197.176041 -55.136539 73.509087 180.174515 -93.742058 135.648361 177.782181 -8.825425               1717 
80.942093 180.420074 -97.978172 123.205002 196.022293 -55.566700 75.062218 176.754562 -93.089989 138.188690 178.350662 -8.829094               1726 
83.372276 177.046417 -98.060852 125.070351 194.588638 -55.979172 77.111702 173.514053 -93.057625 139.713165 178.818542 -8.459775               1735 
85.370964 174.131866 -97.903427 126.634125 192.967178 -56.153793 78.897369 170.785995 -92.965324 141.143402 178.287720 -8.245598               1744 
85.416534 167.456512 -95.438866 127.380013 188.432068 -55.572273 78.859016 164.537933 -90.283630 142.097900 176.854172 -6.884110               1753 
88.106117 163.683395 -95.573822 129.039093 185.736130 -55.364868 81.380096 160.799423 -90.582306 143.187378 174.778397 -6.365326               1762 
89.523712 160.896515 -95.114120 130.255707 183.515472 -55.263622 82.668427 158.149399 -90.297691 144.504150 172.871246 -6.224011               1771 
91.586021 158.050720 -94.817474 131.819992 181.332565 -55.164768 84.573402 155.451218 -90.291962 145.990570 170.944366 -6.047760               1780 
92.980095 154.803024 -93.945633 133.018295 178.799866 -54.741688 85.871407 152.298447 -89.563026 147.455490 168.791748 -5.623402               1789 
93.283882 151.599457 -94.241989 133.654388 174.958710 -55.224979 86.002342 149.361542 -90.045349 147.851715 164.723175 -6.083647               1799 
94.458160 147.555939 -92.155800 134.828842 172.070755 -54.147469 87.074249 145.542435 -88.131355 149.284302 163.017334 -4.849637               1807 
96.026482 143.388168 -90.471077 135.993744 169.367752 -53.295319 88.497704 141.477493 -86.619682 150.846863 161.315063 -3.942102               1817 
96.836861 140.465698 -89.581215 136.837036 166.547745 -52.627827 89.223190 138.760696 -85.855148 151.402054 158.897781 -3.124905               1825 
97.077934 137.007309 -89.060661 137.656143 163.052048 -52.815865 89.362289 135.632492 -85.369781 152.402466 155.853088 -3.298981               1834 
98.038605 133.052765 -88.054367 138.303467 160.526077 -52.625484 90.314217 131.720352 -84.437660 153.499649 154.344986 -3.107092               1843 
98.164627 129.261887 -88.313461 138.450821 157.643585 -53.784958 90.340340 128.044922 -84.775238 154.438293 151.844330 -4.469953               1852 
98.379417 125.174835 -87.416901 138.834656 154.306946 -53.782753 89.373253 124.782646 -83.536011 155.294907 149.197647 -4.547032               1861 
99.599632 121.826485 -87.137489 139.646683 151.891006 -53.921055 86.502541 124.643646 -82.029869 156.264542 147.205276 -4.696148               1870 
99.649734 119.232819 -85.785934 140.284927 149.216537 -53.185284 85.613617 123.127434 -80.315750 157.290237 144.706360 -4.076441               1880 
99.811890 116.449615 -85.097603 140.771805 146.723587 -53.157913 85.429253 120.669510 -79.312859 158.685196 142.094452 -4.384123               1888 
99.747200 111.603996 -85.198837 139.918427 143.004868 -53.310486 84.993118 116.159981 -79.711731 157.422562 139.039291 -4.330077               1897 
99.594917 107.872246 -85.346565 140.021362 139.828430 -54.252197 84.704872 112.741936 -79.699738 158.416626 135.901260 -5.596338               1906 
98.485138 103.608627 -85.326981 139.522644 135.864655 -55.316563 83.539688 109.065468 -79.695465 158.450836 132.453003 -6.826511               1916 
98.506180 100.268738 -85.114899 139.727875 133.051956 -55.886963 83.464684 106.102394 -79.538452 158.986710 130.194901 -7.491353               1925 
96.227959 93.793480 -82.747902 138.159332 128.699875 -57.159103 81.215187 100.858780 -78.066803 157.167221 130.661942 -8.619932               1934 
95.928047 86.871452 -80.815193 136.829346 124.662811 -57.652660 80.663239 93.702637 -76.185814 156.959396 128.954514 -9.719756               1943 
96.471695 82.949303 -80.073318 136.684494 122.427391 -58.314438 81.054909 89.705757 -75.421524 157.516769 127.935944 -10.807882               1952 
94.850365 78.934341 -79.361633 135.465744 119.089859 -59.512409 79.445313 86.575935 -75.756813 155.372498 127.228546 -11.986798               1961 
94.279099 75.137260 -78.129303 134.683228 116.673950 -60.675022 78.785072 83.021179 -74.940086 154.983047 127.004318 -13.745269               1970 
95.277321 73.428535 -76.657959 136.477066 115.657471 -62.912804 79.948219 81.393799 -72.520599 160.193039 126.675323 -17.775669               1979 
95.965752 72.448975 -75.835930 137.420898 115.122658 -64.090195 80.739845 80.451111 -71.178917 162.868561 126.546501 -20.009441               1988 
96.305908 71.947548 -75.460793 137.833191 114.889030 -64.604530 81.109200 80.041611 -70.581345 164.019775 126.499023 -21.007830               1997 
96.480347 71.636589 -75.283234 138.036804 114.773659 -64.858521 81.269897 79.840927 -70.261086 164.583969 126.477455 -21.505667               2006 
96.533798 71.557259 -75.241875 138.013657 114.853477 -64.896881 81.277702 79.776146 -70.143654 164.641891 126.575775 -21.598778               2015 
95.726692 67.765800 -77.296791 135.492645 109.822487 -58.374935 79.951637 74.890289 -71.751709 159.665024 115.306007 -12.474736               2024 
93.256805 64.122192 -81.184013 131.117233 101.683823 -51.754795 76.959557 70.182159 -75.525139 151.906723 98.102798 -4.045526               2033 
92.276276 66.383331 -84.918259 130.649323 98.367630 -50.047821 77.486885 72.437500 -79.040779 149.586731 88.099419 -2.538460               2042 
92.248482 65.977692 -85.566322 129.949249 97.556259 -49.668091 78.397804 71.561150 -79.546371 149.277924 85.809036 -2.661642               2051 
92.101273 67.675255 -85.502792 129.261047 99.915916 -49.702061 78.825958 73.753906 -80.158073 147.269531 89.155571 -1.941086               2060 
92.696091 70.167595 -84.351288 129.086563 104.509850 -49.695446 79.540741 76.233566 -79.553368 145.972916 96.598282 -0.977283               2069 
92.778786 71.528938 -84.537880 128.548035 106.452309 -49.775700 79.884201 77.283997 -79.915421 144.531418 99.303696 -0.636817               2078 
92.865509 72.389870 -84.621910 128.679138 107.447868 -49.992222 80.248611 78.013336 -80.021408 144.326752 100.621979 -0.699619               2087 
92.521881 73.102448 -84.934174 128.545410 107.946564 -50.268738 80.178192 78.663933 -80.343758 143.630524 101.274139 -0.780160               2096 
91.969284 74.613091 -84.579704 128.206238 109.734627 -50.401909 79.861229 79.819977 -80.167381 141.985931 104.461052 -0.366820               2106 
89.353424 81.726997 -87.086327 130.925934 116.468704 -59.274773 77.872253 88.162743 -82.636177 146.354019 115.996758 -9.445538               2132 
87.917175 83.245613 -86.470955 130.671387 118.086128 -60.667446 76.664177 90.148048 -82.435234 145.816452 120.190735 -10.793621               2142 
88.261086 85.772568 -86.486053 131.213287 121.339325 -62.121830 76.938934 92.426796 -82.295029 146.994659 124.591675 -12.507603               2150 
88.641975 88.382309 -86.965317 131.268677 123.659286 -61.696373 76.877594 94.561913 -82.218506 147.291428 125.345665 -12.081573               2160 
90.152359 93.620979 -89.584061 132.269028 127.825829 -62.074703 77.425499 99.404091 -84.008957 148.031616 126.765945 -12.359330               2169 
90.835007 96.572990 -89.612572 132.638992 131.204727 -62.117954 77.300995 102.013031 -83.167091 149.255524 129.502731 -12.699389               2178 
91.598083 102.131142 -91.892159 132.632034 135.937378 -62.278515 76.075653 107.497986 -84.205200 149.018860 131.731842 -12.932935               2187 
91.956734 106.452217 -91.909760 132.584488 138.726898 -60.099144 74.872330 111.294312 -83.034203 149.153183 131.342896 -11.189479               2196 
90.359222 110.022690 -91.565933 131.253326 140.950867 -58.770462 72.584267 114.767952 -82.129097 147.740936 131.893417 -10.115326               2205 
89.009079 114.047447 -90.840752 129.961197 143.632507 -56.922638 70.839897 118.426849 -80.933418 146.598755 132.565781 -8.736326               2214 
86.916962 118.130775 -89.658401 128.255051 146.777145 -55.405212 68.560944 122.464394 -79.358772 145.264496 134.492035 -7.645857               2223 
84.837250 122.645950 -89.122826 126.754837 149.889496 -54.511288 66.129738 127.268646 -78.207336 144.334091 135.745636 -7.478086               2232 
82.360550 127.288666 -87.722466 124.503693 153.040771 -52.397076 63.380798 132.171753 -76.581566 142.002182 137.162216 -5.890347               2241 
79.329781 131.938660 -84.889435 122.308235 155.952744 -49.771801 60.488491 137.035614 -73.690331 140.127258 138.383560 -4.000554               2250 
75.897247 135.679092 -81.768677 119.405151 158.952011 -47.166428 57.197258 140.944016 -70.569061 137.730087 140.442200 -1.969254               2259 
72.674469 141.024719 -77.805878 117.156494 162.436890 -43.740440 54.567780 146.553452 -66.707359 135.828033 142.072235 0.507211               2268 
69.802780 146.876358 -73.537392 115.535316 165.259598 -39.607483 53.381607 152.825516 -62.580574 134.225128 142.278290 3.331447               2277 
66.437706 151.102753 -69.819092 112.508537 168.363800 -35.935410 51.579613 156.870453 -59.303616 131.457001 144.093521 6.172905               2286 
63.512749 155.841675 -64.994209 110.109192 171.672424 -31.832977 49.983337 161.639191 -55.109516 129.454041 145.797638 9.123991               2295 
61.070282 162.115173 -60.683849 108.125870 174.855316 -27.119591 48.818752 168.090164 -51.047890 126.796600 146.294312 12.337659               2304 
58.055367 166.961700 -55.248249 106.044006 177.559448 -22.428921 47.346600 172.991791 -45.690575 124.978119 147.166611 15.504910               2313 
54.312408 170.360474 -49.932396 102.947937 179.860931 -17.967127 46.737011 175.646469 -40.824295 122.423454 148.278839 18.699980               2323 
50.707611 173.097565 -44.728802 100.424896 181.521088 -14.272921 45.500187 178.047516 -35.778797 120.755417 148.981857 21.069239               2331 
47.016541 176.719696 -39.016483 97.664749 183.523926 -9.767633 43.444031 181.423203 -30.043465 118.380486 149.710419 24.124935               2341 
43.622009 179.248856 -33.522137 94.921608 185.273117 -5.316632 41.084694 183.839981 -24.553190 116.194756 150.688309 27.433105               2350 
40.043037 181.134933 -28.302443 91.972633 186.783417 -1.252492 38.344849 185.681503 -19.409624 113.955017 151.718689 30.503462               2359 
36.594124 182.926727 -22.747242 89.299515 188.206070 2.808926 35.642071 187.519882 -13.884967 111.971375 152.892441 33.794979               2367 
32.781105 184.812057 -17.048237 86.436493 189.973587 6.435141 32.609879 189.429230 -8.308716 110.186256 154.577179 36.505795               2377 
28.952082 187.003159 -11.343428 83.396873 191.737350 10.320171 29.423626 191.564484 -2.653023 108.017967 155.898224 39.139591               2385 
26.033451 188.521957 -6.498103 80.699089 192.078201 14.845885 26.800810 192.911057 2.232020 105.042252 155.257050 42.645420               2395 
22.410965 189.185516 -1.008841 77.632721 192.937698 18.834229 23.557329 193.487595 7.653420 102.987785 155.947357 45.480736               2404 
18.885931 190.376190 4.517776 74.806984 193.635529 22.433378 20.666071 194.514786 12.994118 100.730553 156.362030 48.121044               2413 
15.438026 190.598236 9.486856 71.835182 194.301590 25.818460 17.635632 194.688507 17.813658 98.716782 157.226242 50.798439               2422 
11.788026 190.729385 14.797904 68.776306 195.029373 28.891024 14.368205 194.978119 22.962500 96.827507 158.416504 53.259628               2431 
8.220574 190.793381 19.871607 65.662727 195.444412 32.086807 11.151886 195.178024 27.930470 94.591644 159.105820 55.831799               2440 
4.689630 190.185944 24.875141 62.445225 195.657608 35.356922 7.876947 194.714508 32.808693 92.479507 159.777008 58.416088               2449 
1.100467 187.988480 28.476809 58.867390 195.175140 38.099346 4.390485 192.549454 36.256504 90.239456 160.167618 60.715023               2458 
-2.139868 186.982971 32.982773 55.798988 195.514114 40.769783 1.426291 191.668472 40.456146 88.458809 161.636261 63.282612               2467 
-5.221332 186.048813 37.205875 52.873383 195.587509 43.697456 -1.346001 190.291519 44.117088 86.468063 162.605331 66.164627               2477 
-7.949526 186.645325 41.424404 50.564075 195.450089 46.286106 -3.760231 190.841385 48.212482 84.251846 162.338898 68.421692               2485 
-10.189858 187.104477 46.322643 48.740688 194.824020 49.435154 -5.680394 191.299744 53.093853 82.384163 161.259048 70.945839               2494 
-12.354127 187.414169 49.051292 46.894611 194.348984 51.616314 -7.599284 191.589981 55.942760 80.273354 160.402435 72.939827               2503 
-14.258252 186.038467 55.974075 45.370766 192.482437 54.830940 -8.848288 190.518951 62.681652 79.702286 159.260498 75.779686               2512 
-16.879864 180.393997 58.679749 42.794064 188.843369 57.478355 -11.224481 184.583191 65.585999 78.394508 156.083572 76.987457               2522 
-20.477598 177.577682 59.780029 40.016277 183.890289 59.104015 -13.905437 180.138382 66.644058 74.610321 149.059128 76.746117               2530 
-24.125837 174.147171 62.320728 36.788242 183.426132 61.439034 -16.280680 175.281357 68.796402 73.675781 151.398438 79.734879               2539 
-27.645494 175.199081 65.710655 34.074333 184.408218 64.371635 -18.450954 174.500458 71.981941 71.684219 152.510895 81.379219               2549 
-30.268875 174.684235 67.029900 32.053909 183.796188 65.817024 -20.282278 173.111313 73.485085 69.943863 152.445740 83.215340               2557 
-32.877914 175.582779 69.432991 30.485321 180.542297 67.210220 -22.300320 172.688339 76.295372 66.949997 146.883453 83.291611               2566 
-34.371502 177.156113 71.319756 29.424208 180.779175 68.756752 -23.716896 174.117172 79.140388 65.493782 146.779190 85.010612               2575 
-36.532528 175.891144 72.504700 27.567453 180.243896 69.816818 -25.955788 173.926102 82.224609 64.289688 147.404602 86.970810               2584 
-38.759010 174.827911 72.906815 25.810678 179.536499 71.260056 -28.026705 172.469315 83.329613 62.737770 146.821136 88.209869               2593 
-41.268055 167.317429 75.083862 23.311832 177.094452 72.716721 -29.576332 165.593857 85.896797 63.225834 148.129272 89.719437               2602 
-43.702896 157.897400 77.835327 19.570169 176.433090 72.106819 -30.390310 158.172974 88.791397 64.131271 155.079956 88.826645               2611 
-46.863319 158.526031 79.497589 17.760813 174.704102 73.469330 -32.577175 158.036423 90.932945 61.916470 152.195221 89.742920               2621 
-49.703575 161.114853 79.579712 16.568260 173.029160 74.971992 -34.902699 159.078278 91.788872 59.209435 147.775284 91.256126               2630 
-51.379990 161.912674 79.534782 15.897865 171.433777 75.867416 -36.028694 158.487854 92.098190 57.740463 144.580307 91.656326               2639 
-52.347908 161.355865 80.337280 15.625044 169.299377 77.247925 -36.589161 156.759003 92.976753 56.961365 141.338806 92.437256               2648 
-52.973675 158.374100 80.769234 15.486852 166.458954 78.313087 -36.555691 152.872818 93.249863 57.007954 138.728546 93.420135               2657 
-53.881550 157.175293 82.293808 14.889996 165.954559 79.171127 -36.382927 150.998001 94.053352 57.000000 139.273727 94.536072               2666 
-53.764801 156.175217 82.392014 15.169795 165.138626 80.171585 -35.672897 148.922668 93.463837 57.204887 138.824829 96.352913               2675 
-53.696785 154.808975 83.109016 15.584306 161.645538 82.289330 -35.714848 146.070023 93.700287 56.503529 133.684006 98.567253               2684 
-53.790775 154.739044 83.983932 15.846001 160.202240 83.550812 -35.177475 144.403885 93.599236 56.228416 131.526657 99.926773               2693 
-55.794064 156.627151 84.648560 14.318092 160.974915 84.697006 -36.771587 145.683380 94.677696 54.285694 132.679260 102.673325               2702 
-56.342964 158.063400 85.348579 14.079071 161.520767 84.599876 -37.222202 147.270126 96.022408 53.981071 133.678650 103.410721               2711 
-56.432533 157.226959 86.692169 14.107328 160.349442 84.640526 -37.432293 146.940598 97.797493 54.202599 132.640366 103.235626               2720 
-56.699226 156.501724 88.986229 13.986596 155.727036 84.904900 -38.199780 145.579193 100.052490 52.903790 125.309761 101.681129               2729 
-56.737656 154.085892 89.492378 14.064084 152.803925 84.810089 -38.428009 143.268585 100.653954 52.730103 121.350288 100.198669               2738 
-56.634972 152.754227 89.988632 14.348916 150.754913 84.853607 -38.458420 142.116119 101.290642 52.560318 118.232933 99.115822               2748 
-56.726509 151.893524 89.873474 14.528602 150.760361 84.908707 -38.403805 142.012207 101.655052 53.045128 118.780060 99.569473               2756 
-56.886475 150.768372 89.687973 14.626444 150.055679 85.071022 -38.495384 141.216202 101.553230 53.097050 118.017166 99.725288               2765 
-56.736137 149.910797 89.865501 14.978372 149.138382 85.175957 -38.358692 140.744064 101.555405 53.083969 116.515831 99.491470               2774 
-55.771172 149.118210 90.509636 16.096527 147.342712 85.924126 -37.626064 140.363770 102.299988 53.365551 113.759399 100.220352               2783 
-55.741264 147.279572 89.650688 16.317295 145.837158 86.055206 -37.741753 138.358124 101.281929 53.307419 111.670502 99.677673               2792 
-54.187412 148.803040 89.300217 17.902826 144.332535 86.345078 -36.705559 139.371185 101.053474 53.133972 108.435722 100.179314               2802 
-54.161762 149.597229 89.970901 17.896664 144.136536 86.018486 -36.777729 140.349213 101.506310 52.563046 107.477608 99.268623               2810 
-54.123196 149.072968 90.582565 17.795820 143.968491 85.695694 -36.977695 141.067139 101.817413 52.095161 106.857445 98.638893               2819 
-54.653671 148.205765 90.938789 17.214403 145.112259 85.575500 -37.599026 141.998016 102.053505 52.053967 108.810280 99.344017               2828 
-54.552227 147.663818 91.077881 17.218349 143.802536 85.418251 -37.709927 141.342773 101.800842 51.275009 106.340820 97.986664               2837 
-54.334213 147.779068 91.449287 17.354967 143.556656 85.515640 -37.619442 141.569290 101.921654 50.960396 105.509209 97.526802               2846 
-54.053249 147.439346 91.790344 17.500904 143.499786 85.458405 -37.484047 141.936279 102.039230 50.928436 105.323441 97.556633               2855 
-53.618816 146.968582 92.073914 17.819792 143.221161 85.339401 -37.154831 142.068268 102.128906 51.111378 104.975365 97.592171               2865 
-52.719345 147.482285 92.881310 18.546329 143.565811 85.408997 -36.379307 143.725250 103.388443 51.647289 105.237648 97.918182               2874 
-52.170429 147.163025 93.380112 18.907961 143.516632 85.531952 -36.058510 144.228607 103.990196 51.903229 105.078400 97.982483               2883 
-51.195702 146.899689 93.860573 19.546888 143.306747 85.454803 -35.388294 144.895584 104.477409 52.330849 104.758911 98.122772               2892 
-50.565910 146.520706 94.036903 19.913244 143.258209 85.346298 -35.039425 145.169434 104.555359 52.655327 104.730721 98.183327               2901 
-50.082859 146.335175 94.244797 20.171825 143.282867 85.343857 -34.804455 145.514526 104.729630 52.853451 104.739792 98.287704               2910 
-49.720451 146.146637 94.406654 20.339571 143.275696 85.344292 -34.659298 145.690781 104.809723 52.975323 104.708580 98.332199               2919 
-49.095875 146.108353 94.680069 20.782452 142.657669 85.410255 -34.190109 145.507233 104.986748 52.916492 103.446114 97.700851               2928 
-48.489532 146.949799 95.129936 21.079805 141.745804 85.055237 -33.646812 145.761444 105.272537 52.061447 101.172142 95.784492               2937 
-48.475628 147.211533 94.948792 21.039358 141.685730 84.978844 -33.771851 146.096146 105.198982 51.731808 100.848412 95.537613               2946 
-48.249920 147.796249 95.153618 21.182459 141.515472 85.154739 -33.749462 146.512146 105.427879 51.309139 100.100739 95.074631               2955 
-46.811417 151.728714 95.399887 22.232506 141.191681 86.322342 -32.887566 148.736725 105.702911 49.160442 97.155319 93.864639               2964 
-46.782181 152.368774 95.194374 22.174789 141.046677 86.429001 -33.108437 149.134628 105.494087 48.452026 96.541382 93.499046               2973 
-46.665096 152.920364 95.292908 22.263767 141.244171 86.794174 -33.155231 149.646912 105.676132 48.230984 96.531326 93.698257               2982 
-46.507828 152.684906 95.465942 22.389164 141.033493 86.791794 -33.050453 149.542892 105.795799 48.350323 96.311478 93.659142               2992 
-46.548805 152.165588 95.671661 22.325022 140.577591 86.828056 -33.125587 149.200150 105.967751 48.332100 95.896561 93.787804               3000 
-46.689220 151.101288 95.861244 22.206991 140.061798 86.552544 -33.210217 148.378937 106.045799 48.578114 95.579056 93.411919               3009 
-45.814114 149.311539 96.725769 23.026457 138.942535 86.300919 -32.130573 147.177536 106.721169 50.089622 94.973534 93.751595               3018 
-46.307854 148.114395 96.844070 22.632631 138.050461 86.717300 -32.812653 145.591614 106.233444 49.559483 93.788399 92.801285               3027 
-46.636360 147.245239 97.177643 22.352297 137.326508 87.170715 -33.219078 144.070206 104.661026 49.110882 92.822563 92.128304               3036 
-47.347973 145.970779 97.245499 21.836237 136.792908 87.834137 -33.078136 141.032608 99.274544 48.870193 92.404709 92.312370               3046 
-47.766880 143.572403 97.406929 21.677219 136.009079 88.424263 -32.267849 137.316025 95.378204 49.592617 92.132385 92.519028               3054 
-47.825596 142.449570 98.028214 21.632212 135.241577 88.801003 -31.436327 135.409256 94.593086 49.682724 91.402283 92.334518               3063 
-47.949394 140.425232 99.109581 21.479694 133.797379 89.202278 -30.431231 132.339478 93.260612 49.733532 90.002045 91.413696               3073 
-47.868744 140.157455 99.577484 21.504494 133.447586 89.294632 -29.867540 131.568878 92.990730 49.675598 89.587242 91.259377               3081 
-47.843143 139.971863 99.708168 21.517447 133.290344 89.279236 -29.366901 130.888535 92.371735 49.678402 89.419296 91.148201               3091 
-47.807545 139.851974 99.754051 21.550449 133.212601 89.243477 -29.205809 130.751144 92.405632 49.711365 89.338676 91.043999               3100 
-47.789410 139.799301 99.756973 21.591822 133.134171 89.221344 -29.062201 130.665756 92.361046 49.717777 89.233856 90.922653               3109 
-47.848446 139.906113 99.709808 21.599501 133.136871 89.272331 -28.922575 130.735565 92.446518 49.659359 89.191498 90.899933               3118 
-47.901642 139.965088 99.682343 21.602100 133.136551 89.277733 -28.825983 130.801910 92.546585 49.635494 89.173149 90.874176               3127 
-47.866066 140.657440 99.505089 21.754318 133.291626 89.365067 -28.672516 131.434769 92.858284 49.497616 89.139069 90.801048               3136 
-48.004002 141.081100 99.128693 21.782402 133.505310 89.512123 -28.668533 131.862595 92.811653 49.402466 89.269081 90.732231               3145 
-48.087482 141.491547 98.801414 21.815933 133.654480 89.577507 -28.653091 132.173492 92.564507 49.280750 89.316566 90.594284               3154 
-48.056499 141.659637 98.614983 21.918400 133.603699 89.544632 -28.551935 132.228897 92.395615 49.279976 89.200317 90.485748               3163 
-48.003162 141.840424 98.402008 22.026045 133.551086 89.497032 -28.445602 132.300171 92.202812 49.264450 89.070732 90.373634               3172 
-47.974537 141.972656 98.254868 22.100716 133.488129 89.477737 -28.348282 132.350891 92.154930 49.234531 88.942238 90.265915               3181 
-47.946358 142.075241 98.055824 22.184732 133.500412 89.440193 -28.229702 132.409576 92.108963 49.293098 88.939987 90.280571               3190 
-47.765621 142.236450 97.581871 22.390547 133.421005 89.088638 -27.976295 132.511353 91.934502 49.394878 88.801659 90.128036               3199 
-47.632641 142.399765 97.241776 22.540970 133.347824 88.844925 -27.767204 132.610138 91.869423 49.435101 88.665619 90.031006               3208 
-47.593552 142.505630 97.003136 22.606539 133.318069 88.705391 -27.650639 132.657074 91.798599 49.447227 88.606926 90.006508               3217 
-47.547031 142.827698 96.707626 22.668783 133.315826 88.475426 -27.541170 132.826080 91.672241 49.369102 88.525909 89.943939               3226 
-47.418213 143.205276 96.276978 22.814552 133.391022 88.144188 -27.355364 133.039063 91.485992 49.430023 88.571259 90.145683               3235 
-47.418850 143.503250 96.268524 22.856813 133.355255 88.147156 -27.268143 133.218033 92.011948 49.379799 88.484589 90.233994               3245 
-47.371880 143.551407 95.876328 22.942329 133.033676 87.942627 -27.143356 133.167465 92.111908 49.309643 88.073975 90.085281               3253 
-47.013874 143.080734 95.279602 23.322746 132.123840 87.282623 -26.677526 132.554489 91.934494 49.496826 87.039200 89.151970               3280 
-46.728848 143.135406 95.291458 23.549059 131.799942 87.073830 -26.418774 132.479843 91.940239 49.496937 86.575363 88.700500               3289 
-46.398300 143.389847 95.475273 23.820072 131.499924 86.937935 -26.107512 132.467697 92.043793 49.482445 86.100365 88.172112               3298 
-46.251633 143.364288 95.737915 23.981014 131.463806 86.784760 -25.895283 132.339005 92.254158 49.737137 86.112816 87.838600               3308 
-46.299759 143.349747 95.764656 23.989595 131.462112 86.748734 -25.820665 132.262238 92.424347 49.850597 86.171089 87.813164               3317 
-46.338020 143.378342 95.788368 23.991865 131.461823 86.733330 -25.697893 132.313629 92.780632 49.913124 86.205338 87.801033               3325 
-46.382755 143.363373 95.819809 23.981682 131.442673 86.739052 -25.546812 132.424393 93.263176 49.959282 86.217995 87.784584               3335 
-46.404884 143.386536 95.847519 23.983917 131.434235 86.738449 -25.490664 132.426285 93.390144 49.995007 86.228752 87.781967               3344 
-46.530895 143.096725 95.842720 23.923279 131.271988 86.854729 -25.491533 132.243942 93.588707 50.036995 86.123299 87.787994               3353 
-46.603718 142.893677 95.747551 23.903040 131.207977 86.894012 -25.424839 132.281647 93.866776 50.120049 86.119690 87.850662               3362 
-46.783642 142.274796 95.528381 23.817453 130.874298 87.045753 -25.382187 132.129913 94.317383 50.173210 85.863747 87.837051               3371 
-46.844414 141.557129 95.404182 23.831425 130.597214 87.007103 -25.274216 131.626083 94.323105 50.432945 85.728867 87.633049               3380 
-46.935986 141.312637 95.197304 23.783493 130.560272 86.942215 -25.198175 131.584259 94.361237 50.518288 85.772987 87.683998               3389 
-47.065453 140.997177 95.054672 23.707684 130.511749 86.924194 -25.178240 131.345810 94.260414 50.613308 85.828323 87.748589               3398 
-47.509029 140.589828 94.088928 23.399969 130.934708 86.634132 -25.465059 131.326431 93.674591 50.885567 86.658669 88.952667               3407 
-47.744724 140.044510 93.731453 23.203997 130.948334 86.635368 -25.564257 130.868301 93.106384 50.961353 86.866920 89.384842               3416 
-47.926517 139.587128 93.544952 23.036594 130.893372 86.736206 -25.531059 130.248947 92.418816 50.965214 86.933182 89.684837               3425 
-48.054611 139.240585 93.390579 22.908249 130.896744 86.856735 -25.489765 129.866455 92.058792 50.981911 87.047173 90.063934               3434 
-47.850979 139.206604 93.226097 22.953926 130.198975 86.911736 -25.426826 129.743744 91.924637 50.485535 86.013634 90.208244               3443 
-48.059967 138.585159 92.794769 22.691267 129.798828 86.943665 -25.485220 129.110336 91.353691 50.214924 85.644821 90.695007               3452 
-48.148579 137.963058 92.747612 22.502386 129.604248 86.884781 -25.402693 128.513931 90.836884 50.081680 85.469925 90.454811               3461 
-48.157185 137.478439 92.807976 22.379707 129.453644 86.909630 -25.330584 128.132980 90.600838 49.965984 85.311134 90.320961               3470 
-48.149372 136.969910 92.863174 22.254116 129.404770 87.013504 -25.215961 127.495934 89.865776 49.896431 85.300102 90.460388               3479 
-48.124454 136.515366 93.007515 22.180861 129.332809 87.188789 -25.091599 126.776955 89.155701 49.894653 85.280205 90.726456               3488 
-48.159393 135.971161 92.974838 22.080984 129.158813 87.274178 -24.973616 125.851059 88.124527 49.883717 85.167679 90.878258               3497 
-48.359219 135.604019 92.656067 21.794886 129.013077 87.216469 -25.175074 125.306580 87.177223 49.571922 85.013390 90.913025               3506 
-48.444271 135.239563 92.536148 21.646250 129.068146 87.162628 -25.114933 124.501976 85.998390 49.587868 85.205536 91.229362               3515 
-48.480530 134.750549 92.297989 21.436344 129.355576 86.947426 -25.329996 124.141953 85.334503 49.656281 85.749008 91.774757               3524 
-48.365128 134.082108 92.151436 21.266865 129.587662 86.773666 -25.526962 123.727074 84.692276 49.714298 86.201019 92.209106               3533 
-48.150833 133.401230 92.062172 21.111662 129.959137 86.454956 -25.728188 123.628456 84.460976 49.846497 86.863174 92.639496               3543 
-48.026466 132.770157 92.048225 20.925512 130.146667 86.202110 -25.994394 123.386230 84.180267 49.878094 87.257645 92.796112               3551 
-47.873135 132.149200 91.976006 20.761538 130.247711 85.970253 -26.268116 123.113777 83.859436 49.848820 87.521111 93.010750               3560 
-48.379063 133.302795 92.287102 20.132814 131.487503 85.897530 -27.007992 123.646950 83.396233 49.301361 88.920380 93.541931               3570 
-48.459171 133.326355 92.387138 19.932058 131.923447 85.950317 -27.314901 123.435684 83.114441 49.271683 89.569939 94.109245               3579 
-48.429882 133.232605 92.398445 19.851225 131.965683 85.955101 -27.538242 123.207970 82.816826 49.152023 89.593536 94.156593               3588 
-48.286800 132.945419 92.434944 19.889910 131.713501 85.835953 -27.633242 122.868156 82.695961 49.142361 89.324249 94.121231               3597 
-47.459133 132.112244 93.567894 20.577496 130.712097 86.367981 -27.098059 122.119476 83.411110 49.633362 88.016212 93.717766               3606 
-46.882996 131.458420 94.247139 21.022339 130.067825 86.686836 -26.754967 121.616646 83.831635 49.957436 87.197922 93.478935               3615 
-46.595211 131.232849 94.643188 21.257059 129.482239 87.133308 -26.628492 121.415352 84.071281 49.818886 86.292007 93.460014               3624 
-46.496124 131.137985 94.755501 21.333357 129.395233 87.272392 -26.609926 121.268921 84.022438 49.828465 86.155273 93.560127               3633 
-46.239628 130.702759 95.140068 21.548265 128.950653 87.483047 -26.448227 120.919167 84.135620 49.933014 85.550873 93.136848               3642 
-45.423317 129.861053 96.181763 22.223745 127.942101 87.564049 -25.888605 120.398582 84.527458 50.315468 84.139328 91.221031               3651 
-44.873573 128.931763 96.821953 22.622707 126.920929 87.231323 -25.604317 119.769424 84.600647 50.470482 82.853767 89.177605               3660 
-44.500202 128.287659 97.249954 22.883389 126.253693 87.013916 -25.453171 119.373810 84.649963 50.557251 82.041954 87.838829               3669 
-44.240131 127.891281 97.413559 23.085781 125.560524 86.961922 -25.321968 119.029205 84.612740 50.463791 81.158501 87.287292               3678 
-44.086243 127.591370 97.542168 23.190355 125.330032 86.851685 -25.242380 118.823074 84.580185 50.551720 80.916595 86.911156               3687 
-44.164604 127.368103 97.661621 23.170420 125.154633 87.419075 -25.274574 118.612717 84.692688 50.543896 80.749870 87.752281               3696 
-44.220119 127.141167 97.763306 23.163361 124.967445 87.915794 -25.295549 118.386719 84.680069 50.535954 80.564049 88.445740               3705 
-44.259430 126.804932 97.824379 23.165649 124.685547 88.332474 -25.309072 118.119331 84.641960 50.522408 80.272476 88.869003               3714 
-44.272682 126.596115 97.977982 23.187656 124.558624 88.798058 -25.281399 117.954010 84.689507 50.563751 80.158669 89.425812               3723 
-44.288849 126.444687 98.089165 23.193243 124.451675 89.133850 -25.253366 117.821144 84.578163 50.560146 80.046188 89.771355               3733 
-44.297035 126.337646 98.160522 23.196871 124.382248 89.351799 -25.222965 117.693199 84.329559 50.557804 79.973175 89.995537               3741 
-44.317482 126.208336 98.148605 23.196321 124.321510 89.548851 -25.200495 117.580070 84.133820 50.579021 79.927437 90.293449               3751 
-44.401112 126.220840 98.051575 23.145733 124.560837 89.728333 -25.210445 117.567833 84.086945 50.707424 80.289833 91.005943               3759 
-44.512791 126.040688 97.907318 23.074097 124.698891 89.923103 -25.206758 117.377007 83.909348 50.858074 80.583664 91.683273               3769 
-44.613560 125.316536 97.789650 23.011616 124.503029 90.123322 -25.202084 116.865799 83.752434 51.119175 80.601051 92.068161               3777 
-44.746162 124.868210 97.784592 22.907881 124.460304 90.406578 -25.236811 116.552460 83.712936 51.273746 80.740082 92.669449               3786 
-44.734695 124.689835 97.862457 22.926046 124.540184 90.596657 -25.174793 116.417847 83.689125 51.470116 80.955322 93.203697               3796 
-44.723568 124.546906 97.925056 22.940050 124.601761 90.743179 -25.118389 116.303383 83.664017 51.620831 81.123405 93.614807               3805 
-44.712292 124.514702 98.012886 22.951248 124.784866 90.888710 -25.071293 116.263786 83.675499 51.781837 81.426384 94.057281               3814 
-44.701187 124.483948 98.088577 22.960596 124.937691 91.010170 -25.025627 116.183273 83.600853 51.915905 81.681198 94.425758               3823 
-44.720650 124.587425 98.162399 22.941334 125.193634 91.149117 -25.008169 116.209740 83.569267 52.008087 82.039474 94.896584               3832 
-45.132851 124.776398 97.690002 22.551378 125.974159 91.026772 -25.257948 116.346031 83.178436 52.026115 83.178391 95.605354               3841 
-45.665535 124.932854 97.104347 22.033985 126.901443 90.839516 -25.591795 116.489563 82.739555 52.020077 84.572174 96.341225               3850 
-46.153484 124.965370 96.694763 21.547617 127.633850 90.766052 -25.919146 116.599709 82.512276 51.968750 85.703827 96.900230               3859 
-46.879395 125.734100 95.924324 20.841003 129.009949 90.559990 -26.438726 117.351204 82.044823 51.628876 87.499435 97.644089               3868 
-47.346149 126.238747 95.432541 20.377199 129.941406 90.416679 -26.781950 117.855461 81.729378 51.412868 88.723907 98.104729               3877 
-47.495190 126.404778 95.298515 20.223465 130.311066 90.397324 -26.896606 118.038696 81.621483 51.373737 89.213776 98.263382               3886 
-47.537479 126.497955 95.278236 20.178196 130.489136 90.411400 -26.935131 118.125816 81.575554 51.378059 89.441994 98.342430               3895 
-47.568596 126.538147 95.286903 20.142462 130.586777 90.431801 -26.982731 118.139534 81.487808 51.374302 89.568611 98.386848               3904 
-47.592682 126.569618 95.294312 20.113750 130.665237 90.448189 -27.016033 118.084366 81.331657 51.371254 89.670372 98.422546               3913 
-47.713287 126.522591 95.241013 19.996323 130.625565 90.500237 -27.126101 118.011681 81.159050 51.242844 89.601707 98.367813               3922 
-47.845100 126.607521 95.342865 19.848957 130.798904 90.466057 -27.190212 117.744270 80.862686 51.197140 89.877815 98.463341               3932 
-47.950054 126.619797 95.573006 19.711752 131.109009 90.543175 -27.210339 117.424507 80.903160 51.315090 90.479919 99.011177               3940 
-48.080502 126.596390 95.623878 19.560431 131.303314 90.510941 -27.163584 116.923615 80.539749 51.359047 90.873222 99.197487               3949 
-48.193851 126.696655 95.669304 19.441177 131.483490 90.503639 -27.333670 116.683098 80.306290 51.350735 91.179535 99.367760               3958 
-48.007027 127.007317 95.731567 19.518799 132.624374 90.065033 -27.186069 116.211487 80.380371 52.123714 93.261703 100.490974               3967 
-47.953499 127.070900 95.418648 19.522915 133.251160 89.837067 -27.124361 115.632607 80.349533 52.539181 94.634285 101.663467               3977 
-47.899879 127.116745 95.241302 19.552526 133.562073 89.735168 -27.074793 115.150650 80.322670 52.769714 95.372337 102.359100               3985 
-47.816853 127.187744 95.204590 19.621235 133.657547 89.601952 -27.107681 114.843147 80.348473 52.913231 95.640289 102.545341               3994 
-47.761612 127.256485 95.182159 19.668512 133.732376 89.491188 -27.131338 114.473267 80.282494 53.020966 95.848305 102.667374               4003 
-47.674294 127.336143 95.121552 19.747005 133.966248 89.456757 -27.038481 113.886360 80.218590 53.230591 96.383240 103.152306               4012 
-47.596382 127.368286 95.106087 19.821756 134.050537 89.352989 -27.092669 113.551697 80.245659 53.392082 96.627197 103.271614               4021 
-47.541458 127.398148 95.097382 19.882973 134.109558 89.260551 -27.132994 113.298317 80.301727 53.527187 96.813118 103.340416               4031 
-47.536495 127.485909 95.095116 19.907339 134.147675 89.176987 -27.175556 113.083435 80.250221 53.575184 96.885254 103.290421               4040 
-47.533325 127.569099 95.086449 19.933134 134.181290 89.091309 -27.188898 112.847336 80.204010 53.622372 96.955322 103.249809               4049 
-47.529510 127.595177 95.098511 19.953947 134.193924 89.075218 -27.140051 112.437172 80.135857 53.661980 96.998100 103.268173               4058 
-47.510113 127.698227 95.136101 19.994339 134.304611 89.079819 -27.043783 112.049179 80.079025 53.738564 97.151962 103.299820               4067 
-47.446693 127.687607 95.167412 20.056475 134.341660 89.068855 -26.934412 111.719475 80.064369 53.838745 97.218491 103.275528               4076 
-47.035297 127.146149 95.672546 20.493221 133.596405 89.565834 -26.629900 111.289024 80.181313 54.119495 95.986816 102.832085               4085 
-46.702976 126.608597 96.096352 20.847799 132.897079 89.998482 -26.371664 110.916992 80.263504 54.338158 94.878868 102.416702               4094 
-46.360695 126.367371 96.581070 21.258854 132.051712 90.453125 -26.205811 110.830986 80.280937 54.355606 93.348282 101.760216               4103 
-46.200966 125.973335 96.728874 21.473675 131.354172 90.623657 -26.099306 110.541153 80.146072 54.362778 92.295296 101.296616               4112 
-46.131126 125.755302 96.824585 21.602354 130.936340 90.725807 -26.032204 110.372009 80.071587 54.367367 91.670776 101.015167               4121 
-46.139137 125.620773 96.901001 21.663033 130.642639 90.828133 -25.991728 110.248268 80.004402 54.338589 91.236176 100.860046               4130 
-46.387344 125.737358 96.650803 21.477455 130.812180 90.657738 -26.082834 110.205368 79.883301 54.226936 91.569595 101.083267               4139 
-46.444328 125.711319 96.668503 21.475492 130.779053 90.671989 -26.050259 110.135117 79.872437 54.244877 91.557983 101.115913               4148 
-46.706356 126.458191 96.171188 21.258701 131.672134 90.091187 -26.070211 110.315941 79.887459 54.246162 93.032639 101.924065               4158 
-46.743595 126.443329 96.197533 21.259270 131.653839 90.101753 -26.021887 110.229599 79.866852 54.258404 93.028015 101.946732               4166 
-46.717411 126.044807 96.412743 21.347246 131.013458 90.338135 -25.981838 109.847412 79.841133 54.187252 92.121536 101.746620               4175 
-46.156231 124.896057 97.065948 21.985115 129.169113 90.923965 -25.631317 109.074600 79.686722 54.323139 89.381027 100.534416               4184 
-45.728065 124.064575 97.639244 22.471838 127.771271 91.407135 -25.395472 108.591789 79.658707 54.391582 87.324333 99.554314               4194 
-45.407627 123.622902 98.061386 22.845528 126.676102 91.752457 -25.267368 108.431580 79.545341 54.288891 85.616989 98.583656               4202 
-45.295403 123.477043 98.212715 22.991659 126.390030 91.897614 -25.034546 108.200630 79.395050 54.341591 85.224457 98.514145               4211 
-44.971264 123.196899 98.608582 23.340384 125.707069 92.112083 -24.715693 108.029510 79.129417 54.392323 84.169868 97.736977               4220 
-44.809883 123.162582 98.908211 23.521303 125.428398 92.278229 -24.477421 107.914024 78.956024 54.413818 83.723656 97.528763               4229 
-44.731773 123.163033 99.071785 23.618923 125.278618 92.365669 -24.281916 107.799835 78.705231 54.415871 83.477615 97.408073               4239 
-44.752666 123.190430 99.057869 23.619980 125.301315 92.362610 -23.659857 107.240692 77.577698 54.423241 83.510834 97.453369               4248 
-44.639248 123.004921 99.347725 23.702429 124.978348 92.110924 -23.259224 106.830299 76.514755 54.407639 83.023018 96.370201               4257 
-44.677254 123.073883 99.412758 23.657003 125.091614 91.963211 -23.308275 106.804985 76.477036 54.423077 83.186600 96.278244               4265 
-44.654686 122.967857 99.555145 23.688360 124.691589 91.946693 -23.336411 106.777390 76.140358 54.232075 82.566597 95.657112               4274 
-44.573124 122.943306 99.742119 23.774298 124.314728 91.955833 -23.239386 106.738129 75.670639 54.055752 81.951538 95.053337               4284 
-44.514984 122.925667 99.886543 23.837107 124.039284 91.962517 -23.060316 106.614777 75.124008 53.925278 81.508186 94.609848               4293 
-44.478432 122.914764 99.986946 23.879045 123.855370 91.966980 -22.866056 106.464020 74.616302 53.837433 81.215088 94.312752               4302 
-44.450851 122.906860 100.071648 23.913351 123.704918 91.970627 -22.664553 106.309486 74.121864 53.765163 80.977104 94.069199               4311 
-44.429203 122.960541 100.116150 23.943930 123.661705 91.970306 -22.466906 106.187271 73.686867 53.729164 80.881912 93.952637               4320 
-44.413483 123.005539 100.153358 23.968946 123.626350 91.970039 -22.325888 106.102570 73.349045 53.699608 80.804306 93.857193               4329 
-44.406250 123.041595 100.186714 23.985270 123.596245 91.974602 -22.191835 106.006721 73.032761 53.670506 80.739105 93.778236               4338 
-44.400600 123.073448 100.216217 23.999527 123.569946 91.978592 -22.081709 105.920197 72.752426 53.645042 80.682312 93.709221               4347 
-44.395782 123.104187 100.244728 24.013147 123.544830 91.982399 -21.981281 105.835144 72.502327 53.620678 80.628204 93.643257               4356 
-44.392029 123.131676 100.270226 24.025202 123.522591 91.985771 -21.903845 105.762779 72.290947 53.599087 80.580429 93.584831               4365 
-44.389103 123.156746 100.293480 24.036089 123.502510 91.988823 -21.841244 105.706963 72.117134 53.579559 80.537376 93.532043               4374 
-44.418152 123.171402 100.237411 24.022472 123.533928 91.979683 -21.819304 105.660362 72.040855 53.585415 80.585075 93.601173               4383 
-44.456753 123.177788 100.194115 23.999516 123.556099 91.986984 -21.750689 105.558861 71.854446 53.578869 80.620911 93.669983               4392 
-44.494812 123.141838 100.171890 23.971842 123.567589 91.981224 -21.711285 105.491806 71.653320 53.578529 80.649994 93.631889               4401 
-44.550282 123.090370 100.139900 23.931986 123.584145 91.972931 -21.650166 105.396683 71.341156 53.578079 80.691994 93.577126               4428 
-44.599922 123.040581 100.127480 23.886711 123.611137 91.966370 -21.644016 105.365479 71.220619 53.576630 80.747711 93.527214               4437 
-45.498760 122.898247 100.021469 22.957890 124.696701 91.721558 -22.131710 105.687393 70.597260 53.382061 82.339615 92.924896               4446 
-46.558311 122.892937 100.020805 21.887381 125.700081 91.844177 -22.741373 106.080338 70.203972 52.901211 83.767159 92.830650               4456 
-47.095428 122.891022 100.015694 21.342539 126.210754 91.906593 -22.915268 106.196899 69.824097 52.654942 84.497917 92.786049               4464 
-47.337936 122.858383 99.993919 21.082819 126.527245 91.826782 -22.890577 106.179146 69.423080 52.602608 84.968987 92.611000               4473 
-47.530899 122.913872 100.012596 20.873569 126.790283 91.745743 -22.944527 106.193619 69.172142 52.523491 85.330376 92.494118               4482 
-47.727238 122.930855 100.004639 20.682758 127.078278 91.856728 -22.910835 106.164986 69.024330 52.505188 85.753105 92.730904               4492 
-47.804165 122.941231 100.006729 20.604471 127.230667 91.868538 -22.841825 106.112907 68.835083 52.517151 85.975830 92.774117               4500 
-47.884914 122.961540 100.011986 20.520876 127.344849 91.843529 -22.892689 106.111862 68.811508 52.498337 86.141090 92.788742               4510 
-47.952072 122.968307 100.015083 20.451838 127.410477 91.809006 -22.957947 106.101418 68.791000 52.471386 86.239929 92.776199               4519 
-47.979122 122.918259 99.997246 20.424322 127.424088 91.773621 -22.971458 106.076149 68.733238 52.481720 86.282356 92.713005               4528 
-48.003468 122.913795 100.002640 20.400459 127.428558 91.737480 -22.997173 106.057632 68.675217 52.464703 86.291595 92.651527               4537 
-48.084583 122.865990 99.986450 20.326002 127.390450 91.733604 -23.060890 106.041672 68.613945 52.390266 86.252266 92.590355               4546 
-48.137482 122.906441 99.993294 20.276875 127.417717 91.717552 -23.059122 105.987167 68.522873 52.340267 86.279617 92.610214               4555 
-48.182629 122.933540 100.009781 20.227251 127.489128 91.678032 -22.976358 105.872673 68.349533 52.326904 86.380203 92.610344               4564 
-48.228748 122.962219 100.024536 20.181265 127.556389 91.669640 -22.867655 105.740112 68.164024 52.314693 86.475418 92.668373               4573 
-48.252064 122.995117 100.027107 20.161335 127.605301 91.668022 -22.769108 105.626213 67.999199 52.315098 86.542267 92.746696               4582 
-48.280014 122.997307 100.014511 20.137968 127.627769 91.662323 -22.712729 105.550850 67.854530 52.308002 86.578247 92.769646               4591 
-48.306202 122.996597 100.001755 20.116293 127.645538 91.655411 -22.675653 105.490059 67.732361 52.300560 86.607712 92.782516               4600 
-48.331139 123.000099 99.992447 20.095444 127.661102 91.649101 -22.669781 105.463669 67.679115 52.289246 86.631073 92.788010               4609 
-48.322342 123.053093 99.914055 20.129412 127.519379 91.630753 -22.665594 105.383217 67.636833 52.214920 86.407555 92.871284               4618 
-48.383289 123.068489 99.876137 20.080872 127.459412 91.619400 -22.627220 105.313202 67.344917 52.114567 86.305702 92.808929               4627 
-48.483139 123.169159 99.884048 19.991087 127.446075 91.612823 -22.654556 105.298790 67.091972 51.952946 86.235176 92.754082               4636 
-48.606861 123.227104 99.863167 19.877897 127.415375 91.598091 -22.716061 105.296677 66.852135 51.778725 86.155243 92.665825               4645 
-48.714638 123.308884 99.867538 19.778294 127.401184 91.586105 -22.781507 105.285355 66.684982 51.620953 86.095566 92.631142               4655 
-48.846031 123.443932 99.927849 19.646942 127.472420 91.582924 -22.895330 105.312119 66.616882 51.458241 86.143028 92.643066               4663 
-48.866425 123.460678 99.907082 19.634626 127.453888 91.577652 -22.857662 105.239258 66.506485 51.430031 86.113495 92.684563               4672 
-48.885849 123.497444 99.886223 19.623896 127.442543 91.572823 -22.861425 105.215874 66.441879 51.393879 86.083481 92.711823               4681 
-48.893734 123.522903 99.882545 19.621290 127.443230 91.568871 -22.949625 105.195129 66.533676 51.379307 86.075447 92.724785               4690 
-48.896111 123.580238 99.886864 19.624775 127.465836 91.573082 -22.977308 105.167244 66.586853 51.371365 86.091423 92.803154               4700 
-48.863930 123.654213 99.878288 19.658630 127.575607 91.566399 -22.917419 105.072449 66.686752 51.455971 86.248306 93.044327               4708 
-48.841679 123.503471 99.725410 19.694914 127.525612 91.546852 -22.823948 104.932648 66.591347 51.554981 86.250244 93.121780               4718 
-48.801495 123.528687 99.660851 19.750196 127.584526 91.597832 -22.717867 104.784462 66.677971 51.658150 86.359665 93.493652               4726 
-48.652760 123.450188 99.651390 19.904537 127.580612 91.643875 -22.531363 104.631195 66.742050 51.872784 86.410843 93.713326               4735 
-48.553322 123.444611 99.662476 20.014566 127.672821 91.768288 -22.362814 104.483902 66.906456 52.067329 86.586143 94.157028               4744 
-48.440689 122.941010 99.281319 20.169710 127.343735 91.835190 -22.085983 104.037773 66.752274 52.319073 86.350250 94.509865               4754 
-48.378151 122.557030 98.947433 20.264668 127.106583 91.867691 -21.928137 103.708694 66.652733 52.496944 86.196808 94.812408               4763 
-48.294842 122.318672 98.664192 20.371397 126.954834 91.840416 -21.848080 103.477882 66.630562 52.660889 86.112854 95.084221               4772 
-48.159966 121.997757 98.273376 20.544647 126.634438 91.815018 -21.679398 103.035049 66.630348 52.845692 85.845192 95.567558               4781 
-48.056293 121.743362 97.937370 20.683193 126.351051 91.804405 -21.549078 102.656868 66.643509 52.973564 85.598022 96.014282               4790 
-48.162952 122.179153 97.601501 20.618681 126.571541 91.612289 -21.586950 102.578941 66.663399 52.837402 85.840347 96.524017               4799 
-47.969242 121.919510 97.290764 20.861649 125.972450 91.448921 -21.460398 102.262711 66.388275 52.880146 85.083031 96.355270               4808 
-47.770695 121.712631 97.002281 21.102818 125.437347 91.274933 -21.402149 102.023941 66.189941 52.931202 84.402061 96.200432               4817 
-47.573265 121.622658 96.901871 21.327854 125.150566 91.227226 -21.303459 101.789108 66.260239 53.063610 84.070564 96.372734               4826 
-47.358177 121.536827 96.813194 21.572004 124.863243 91.220169 -21.160572 101.519768 66.367172 53.212284 83.745094 96.641533               4835 
-47.196598 121.461708 96.702698 21.758760 124.643402 91.194656 -21.044184 101.292671 66.433090 53.333694 83.508759 96.866150               4844 
-47.082836 121.411774 96.623070 21.893013 124.485367 91.176315 -20.970867 101.137512 66.485703 53.420921 83.339844 97.027634               4853 
-47.002701 121.379143 96.565567 21.989910 124.371300 91.163078 -20.925703 101.031555 66.527565 53.483852 83.218430 97.144188               4862 
-47.114529 121.372696 95.959877 21.889854 124.609283 90.378326 -20.962145 100.442970 66.412056 53.655739 83.815788 97.308014               4871 
-47.290623 121.422684 95.507156 21.755247 124.781982 89.831261 -21.041353 100.006096 66.371231 53.708794 84.270821 97.513573               4880 
-47.329895 121.304169 95.477928 21.772282 124.520187 89.795876 -21.075132 99.676483 66.479683 53.702446 84.031715 97.692009               4889 
-47.302029 121.130966 95.472221 21.851379 124.171356 89.769875 -21.063053 99.278519 66.609970 53.737045 83.690262 97.880768               4898 
-46.920803 120.601578 96.020821 22.182676 123.472107 89.253082 -21.402052 99.107033 66.778793 54.090126 82.840439 96.476852               4907 
