-46.119793 143.770889 53.050255 17.023525 119.902740 52.431789 -37.542824 142.517334 83.545502 30.478863 70.116837 44.588409                  0 
-45.610413 144.209015 53.374203 17.112623 119.399437 52.528030 -37.050293 142.640472 83.852074 29.748098 69.467285 44.262100                 18 
-45.165794 144.666321 53.508022 17.132479 118.869484 52.683472 -36.766632 142.691986 84.006203 28.974758 68.818855 43.971619                 36 
-45.077614 144.713470 53.584007 17.196352 118.980881 52.635006 -36.682381 142.683273 84.076805 29.009090 68.964378 43.690224                 54 
-44.847618 144.980133 53.647743 17.255295 118.888092 52.727116 -36.550228 142.764801 84.153427 28.761261 68.843452 43.542988                 72 
-44.126110 145.667297 53.524948 17.346834 118.118820 52.922916 -36.139961 143.029465 84.096024 27.739925 67.880325 43.474220                 90 
-43.316460 146.160553 53.460773 17.488991 117.175842 53.018211 -35.446850 143.393982 84.088463 26.702955 66.682182 43.707256                108 
-42.877602 146.382828 53.513981 17.604090 116.745583 53.036007 -35.001125 143.583893 84.171173 26.238045 66.134003 43.809753                126 
-43.229908 146.276550 53.406166 17.521994 117.226173 53.231480 -35.454746 143.656387 84.105629 26.637032 66.665619 44.190079                144 
-43.642921 145.965515 53.142677 17.561398 117.970863 53.345467 -35.852997 143.973663 83.826157 27.445862 67.433121 45.012714                162 
-43.894493 145.747162 53.025589 17.493334 118.265991 53.451832 -36.218906 144.050262 83.621338 27.691864 67.739311 45.436493                180 
-43.996937 145.625580 52.987473 17.438936 118.342781 53.506779 -36.375652 144.076996 83.533012 27.705017 67.810928 45.611164                198 
-44.076935 145.455643 53.164547 17.540617 118.643639 53.330772 -36.320244 143.934616 83.658684 28.078844 68.197044 45.250706                216 
-43.855427 145.520966 53.208904 17.574562 118.290886 53.335720 -36.200375 143.736130 83.689674 27.760813 67.825592 44.927643                234 
-43.938084 145.455002 53.241245 17.518890 118.298981 53.339520 -36.281990 143.695801 83.686714 27.725632 67.835220 44.947128                253 
-43.728802 145.682007 53.275650 17.510712 118.042564 53.343800 -36.030701 143.942017 83.716553 27.275869 67.478546 45.029804                271 
-43.461784 145.936584 53.247017 17.484951 117.650558 53.387123 -35.782543 144.164536 83.707550 26.681168 66.974861 45.104378                289 
-43.261875 146.106369 53.250881 17.463230 117.338547 53.411709 -35.569656 144.311768 83.735840 26.205021 66.584908 45.114105                307 
-43.253941 146.143234 53.265453 17.456667 117.321693 53.400291 -35.517818 144.356552 83.767624 26.112221 66.558403 45.071381                325 
-43.235596 146.188919 53.263615 17.440968 117.270264 53.404800 -35.473179 144.405212 83.783653 25.971296 66.492905 45.032608                343 
-43.220406 146.207321 53.278561 17.471397 117.269852 53.382610 -35.396912 144.438049 83.799805 25.951002 66.486572 44.994808                361 
-43.111092 146.286682 53.269539 17.619209 117.351799 53.366547 -35.291084 144.412811 83.800217 26.091154 66.596886 44.801155                379 
-43.198555 146.307755 53.295456 17.640537 117.446587 53.311787 -35.274063 144.414307 83.818222 26.172033 66.704414 44.730068                397 
-43.212154 146.309525 53.308792 17.679615 117.471832 53.266808 -35.241772 144.358902 83.835518 26.210669 66.747856 44.577679                415 
-43.440834 146.056641 53.273537 17.788113 117.897079 53.145061 -35.387859 144.183914 83.805557 26.825769 67.273788 44.381275                433 
-43.619625 145.833893 53.279003 17.877947 118.223557 52.998890 -35.495857 143.918228 83.843140 27.335791 67.711952 44.036297                451 
-43.832859 145.702667 53.310715 17.836008 118.432350 52.881752 -35.610062 143.769333 83.897614 27.543915 67.988098 43.807919                469 
-43.460022 146.247238 53.166779 17.783638 117.931053 52.964199 -35.485039 143.808868 83.851807 26.715912 67.430695 43.418041                487 
-43.183758 146.733932 53.147835 17.719707 117.496307 53.072632 -35.323868 143.918549 83.896309 25.984161 66.932137 43.266296                506 
-44.918003 145.468369 53.033890 17.629841 119.863838 52.747536 -36.538723 143.764114 83.698776 28.738049 69.666397 43.914345                524 
-45.780785 144.648560 53.140530 17.399750 120.609169 52.618221 -37.188770 143.259628 83.763245 29.703440 70.669952 43.906464                542 
-45.844273 144.517044 53.195755 17.329443 120.420746 52.531109 -37.153343 143.089859 83.821281 29.568195 70.477074 43.753666                560 
-45.938835 144.403595 53.213791 17.269320 120.314957 52.487556 -37.172733 142.934570 83.853500 29.519318 70.381989 43.665001                578 
-46.295670 144.216629 53.252930 17.084665 120.530113 52.414627 -37.409348 142.804291 83.874252 29.643723 70.674843 43.587246                596 
-46.599262 144.059509 53.314240 16.905794 120.691292 52.364994 -37.589539 142.698792 83.915886 29.699503 70.898392 43.522541                614 
-46.085491 144.381088 53.493416 16.692150 119.113297 52.483490 -37.022457 142.702164 84.101425 27.976601 68.973961 43.544258                632 
-46.049957 144.191620 53.438465 16.726812 118.878067 52.577293 -36.914749 142.804337 83.919037 27.970646 68.645325 44.124569                650 
-46.123363 144.095657 53.423267 16.630274 118.683823 52.640228 -36.944267 142.809555 83.814049 27.800816 68.400818 44.391655                668 
-46.143677 144.056244 53.422333 16.569473 118.528900 52.644836 -36.889606 142.846039 83.725166 27.639940 68.201729 44.531776                686 
-46.204731 144.007950 53.370064 16.520412 118.482811 52.625027 -36.879559 142.876801 83.618607 27.587818 68.137367 44.621933                704 
-46.140953 144.309235 53.255489 16.390543 118.275139 52.760090 -36.882111 143.137604 83.478378 27.076624 67.833130 44.847279                723 
-46.028614 144.362701 53.260227 16.415945 118.110031 52.698475 -36.682251 143.200989 83.453354 26.895662 67.622131 44.802349                741 
-45.937202 144.352036 53.274303 16.464912 118.041504 52.680412 -36.527481 143.269196 83.457268 26.804485 67.527008 44.769669                759 
-45.905884 144.369492 53.620274 16.540474 118.279800 52.597885 -36.348381 143.212540 83.713646 26.886717 67.838455 44.241627                777 
-45.735500 144.641846 53.718773 16.585541 118.276535 52.640430 -36.182934 143.395386 83.759399 26.651453 67.804489 44.128620                795 
-45.659904 144.781265 53.809807 16.604916 118.281517 52.638691 -36.150002 143.469238 83.659119 26.523951 67.791054 44.063896                813 
-45.281364 145.325607 53.939930 16.733503 118.207069 52.732700 -35.919136 143.803207 83.546387 26.149469 67.635765 44.067638                831 
-45.556683 145.192474 54.014301 16.737173 118.662949 52.887829 -36.263107 143.907288 83.340446 26.629974 68.124908 44.566788                849 
-45.512543 144.746872 54.200726 17.308636 119.469872 52.782093 -36.180698 143.565704 83.368317 28.174238 69.146591 44.373363                867 
-45.399757 144.893768 54.275372 17.365181 119.460602 52.852562 -36.125019 143.564041 83.453125 28.105225 69.142227 44.255238                885 
-45.354816 144.920242 54.306293 17.406830 119.484726 52.886154 -36.095272 143.584000 83.496078 28.101416 69.167145 44.227722                903 
-45.240391 145.109772 54.302555 17.401600 119.376656 52.961712 -36.092758 143.600250 83.531174 27.849665 69.042915 44.098652                921 
-45.107021 145.100662 54.371849 17.530762 119.383987 53.013512 -35.993420 143.508377 83.625206 27.944733 69.080399 43.941631                939 
-45.076122 145.076920 54.438053 17.554680 119.380020 53.036339 -35.958912 143.459930 83.711426 27.924786 69.091187 43.833382                957 
-45.037724 144.992844 54.503334 17.586739 119.385414 53.047100 -35.898159 143.440689 83.792274 27.918417 69.105659 43.751759                976 
-44.989040 144.976059 54.544983 17.602257 119.365768 53.049774 -35.841095 143.428528 83.868355 27.853476 69.088989 43.649811                994 
-44.901215 145.084595 54.598801 17.646204 119.374481 53.073086 -35.752800 143.444839 83.987694 27.808537 69.100128 43.564255               1012 
-44.137112 145.611191 54.757412 17.713188 118.309990 53.110611 -34.981007 143.678574 84.195534 26.534899 67.812225 43.448593               1030 
-43.717834 145.981186 55.012218 17.709927 117.818726 53.000122 -34.498631 143.755722 84.437180 25.731943 67.262054 42.956669               1048 
-43.502155 146.098343 55.240261 17.731718 117.541435 53.273964 -34.379242 143.684311 84.702118 25.420044 66.980057 42.995949               1066 
-43.149071 146.423782 55.553459 17.691936 117.014000 53.762955 -34.247074 143.648331 85.057930 24.733244 66.427750 43.149178               1084 
-42.842030 146.822571 55.827816 17.770802 116.849739 53.821129 -33.894577 143.795471 85.301743 24.377611 66.244637 43.019527               1102 
-42.906006 147.071457 56.117058 17.705502 116.986145 54.000820 -33.906307 143.942291 85.567261 24.264057 66.381805 43.166306               1120 
-43.381237 147.198380 56.660118 18.080719 118.936417 53.780094 -33.986618 144.211914 86.043861 26.024227 68.585495 42.694691               1138 
-43.879189 147.651657 56.770107 18.121876 120.582489 54.000023 -34.178200 145.404907 86.494385 26.996576 70.180351 43.897289               1156 
-44.465359 147.438705 56.560822 18.805393 123.585083 53.388794 -33.977295 146.884537 86.430717 30.109104 73.349701 45.032143               1174 
-44.648319 147.126099 55.887566 19.769501 126.698425 51.972775 -32.953598 148.662140 86.406235 33.688263 76.812866 45.735806               1193 
-42.580181 147.483704 55.300545 21.483917 125.921661 50.272388 -29.691320 148.855072 86.885170 34.604000 75.812180 44.099545               1211 
-39.907330 152.094559 53.135502 23.345186 127.647827 48.837566 -25.683828 153.241241 87.865059 34.556755 76.971100 43.605778               1229 
-37.950909 155.665543 49.205395 24.960449 129.791885 46.182934 -22.819340 157.733307 86.064369 35.384804 78.784286 42.902855               1247 
-36.830788 162.709579 42.164696 26.205904 136.314499 41.781830 -22.148130 165.504547 80.735031 36.724377 85.241074 40.344021               1265 
-35.668324 168.778976 35.070244 26.927561 140.568085 37.087242 -21.128580 171.919693 75.339806 36.495960 89.288727 37.360168               1283 
-35.161556 174.290787 25.985521 27.643709 146.518021 31.627319 -21.956203 178.662384 67.559715 37.709389 95.387444 33.982391               1301 
-35.487473 177.300552 15.876527 27.872526 151.667740 25.376167 -24.474764 183.004364 58.050888 39.466770 100.979568 29.557610               1319 
-34.764610 182.926300 4.364922 27.853163 157.141983 18.185562 -26.537901 188.753525 47.114548 39.094692 106.479683 23.492250               1337 
-34.377777 185.747147 -8.033459 27.480104 161.150391 11.095564 -29.525167 192.833237 33.876629 38.955750 110.916176 19.221706               1355 
-33.694786 187.603088 -18.761993 27.760042 164.614731 3.773430 -31.255583 195.397675 21.364002 39.767906 114.885162 13.970576               1374 
-33.817867 188.624054 -31.190054 27.182240 169.099014 -4.078915 -34.424358 197.240540 7.251315 40.743069 120.423454 8.882394               1391 
-34.596317 190.700394 -45.350620 25.105877 174.039063 -13.270489 -38.650414 199.166428 -8.053251 39.777176 126.317490 1.849187               1409 
-36.029900 189.211380 -57.913040 23.037943 177.317780 -22.527740 -42.452602 198.476791 -22.251421 39.539623 131.265518 -4.414627               1428 
-35.764408 187.918243 -71.829323 21.431890 180.272736 -32.360065 -45.371548 197.114258 -37.307232 39.277420 135.706131 -11.950356               1446 
-34.198452 185.819992 -85.730743 19.449240 181.744781 -40.941452 -47.537594 195.136658 -52.815830 37.085011 138.718948 -17.299175               1464 
-34.118267 183.563690 -98.169685 17.166792 181.595032 -50.440353 -49.556740 193.083221 -66.464630 34.191956 139.688599 -24.455845               1482 
-33.388451 180.526428 -110.669884 15.552242 182.980255 -60.561203 -52.286354 188.904556 -79.573517 33.919434 142.903122 -32.674458               1500 
-32.577557 172.740021 -117.494347 15.681065 181.815399 -67.480339 -54.638695 180.296936 -86.408226 35.980152 145.163208 -36.403584               1518 
-33.654308 165.136688 -124.018402 14.544542 179.318604 -75.137123 -57.110882 173.237320 -93.305725 35.584560 145.916138 -41.037361               1536 
-35.961960 154.097244 -125.214790 14.451461 175.716568 -81.423752 -58.273743 164.854599 -95.100227 37.623562 148.164169 -43.672997               1554 
-34.693958 145.125229 -126.090210 15.164961 173.902573 -85.764214 -57.280106 156.536026 -96.823372 40.274086 152.086411 -45.579792               1572 
-36.488914 134.920242 -124.856247 13.813744 171.085892 -91.524101 -58.313454 148.906998 -97.393974 40.526157 157.126953 -48.947159               1590 
-38.245945 125.000847 -124.671463 12.243065 166.005112 -97.617950 -59.397179 140.549210 -98.139572 40.603607 158.234711 -54.530811               1608 
-37.332584 126.215179 -128.345688 12.027931 166.401993 -97.669136 -58.960163 138.192978 -100.498734 40.075642 156.926300 -54.718723               1626 
-39.806309 113.830933 -126.447533 10.446354 156.398697 -99.942719 -59.912678 126.252769 -99.165199 39.316319 150.966553 -56.835667               1644 
-42.802208 100.380241 -126.705032 5.859277 149.330368 -107.591293 -61.688618 114.007286 -100.591049 35.550037 152.683640 -64.831314               1662 
-44.104790 96.452583 -127.211487 4.236264 146.931183 -109.613670 -60.480087 108.032890 -101.292099 34.417362 152.465637 -67.427505               1681 
-44.132145 95.714073 -127.262482 4.370184 146.685776 -109.300201 -57.462425 104.947754 -101.923210 34.392994 153.148956 -67.133163               1699 
-44.254086 95.382004 -127.376892 4.639421 146.537048 -108.911514 -53.430904 102.330498 -103.551338 34.483299 153.656982 -66.723244               1717 
-44.494858 95.181847 -127.912315 4.822356 146.452759 -108.686684 -50.997086 100.977676 -104.670807 34.480183 154.099319 -66.459389               1735 
-45.230419 95.280113 -128.045334 4.797540 146.552444 -108.226173 -49.571514 100.332626 -104.742271 34.373051 154.674301 -66.029900               1753 
-45.905205 95.343880 -128.418579 4.600481 146.510239 -108.134796 -48.708672 99.798721 -105.259529 34.145947 154.744431 -65.939247               1771 
-50.046131 96.560020 -128.747681 2.448602 146.624588 -108.951370 -50.890659 100.729706 -105.573135 32.744495 154.596207 -67.240303               1789 
-51.303684 96.439362 -129.061127 2.069438 146.178909 -109.411995 -51.106037 100.642799 -105.923332 32.402596 154.461456 -67.788689               1807 
-52.615410 96.719215 -129.690567 1.453902 146.337662 -109.798668 -50.960884 100.773453 -106.625710 31.927509 154.827652 -68.319992               1825 
-57.681671 97.246620 -132.033554 -2.588246 147.783600 -116.696884 -53.863552 102.334167 -109.850777 29.656359 158.375214 -77.082436               1843 
-60.340485 101.256874 -137.794281 -3.606202 150.007965 -121.904976 -55.204407 105.894424 -116.439995 28.895880 159.397949 -82.198006               1861 
-60.025154 101.420204 -139.718170 -3.779432 150.954605 -124.264206 -53.522270 106.018608 -119.555649 28.566286 161.150833 -84.628456               1879 
-56.843746 96.094749 -135.407059 -3.610564 149.861664 -123.666603 -48.293583 101.546021 -116.899231 28.778736 164.146133 -85.350967               1897 
-55.938179 93.534821 -133.654144 -4.397809 149.425735 -124.206024 -44.956612 98.842316 -116.555161 28.769384 165.338806 -87.220726               1916 
-55.512226 90.761307 -132.891083 -5.586124 148.571167 -125.872345 -42.952179 96.396645 -116.678024 28.134787 166.365280 -90.270782               1934 
-55.943420 89.230812 -132.164307 -6.168344 147.524796 -127.575905 -39.908421 94.469658 -117.687622 28.089127 166.593170 -93.166252               1952 
-55.468678 90.300880 -133.692703 -6.255326 149.111572 -129.203964 -37.096180 94.892731 -120.546524 28.708513 167.923615 -95.368507               1970 
-55.371014 90.675713 -131.410568 -7.017630 150.379639 -132.549911 -35.093540 95.643700 -120.530090 30.347122 170.645889 -102.311615               1988 
-54.682320 91.306641 -131.201691 -6.403310 151.041580 -134.186951 -33.574825 96.258766 -121.153244 31.700874 171.705322 -105.164864               2006 
-54.365143 92.516045 -126.258751 -5.598225 151.334579 -134.861618 -32.112579 97.344421 -118.167038 34.853230 172.371353 -109.517296               2024 
-56.544296 94.732925 -122.644257 -5.393487 150.602982 -135.859528 -33.537643 98.713287 -115.798576 36.987053 170.766006 -113.087982               2042 
-49.236958 89.732430 -104.413628 -2.696150 143.606216 -133.477280 -25.162163 95.138878 -101.759163 41.024578 168.680206 -120.023880               2060 
-42.054237 87.705879 -98.047050 -1.777296 142.502045 -133.947708 -17.328760 94.324203 -98.457832 40.977173 171.205215 -125.617981               2078 
-33.914722 80.590523 -95.271996 0.669877 139.171082 -131.108673 -9.710143 89.273033 -96.178680 40.849319 171.465530 -123.116051               2096 
-30.483015 77.322525 -93.232437 1.785453 136.903183 -129.537079 -6.570248 86.806786 -94.354141 40.858486 170.619812 -121.941803               2114 
999.000000 999.000000 999.000000 999.000000 999.000000 999.000000 999.000000 999.000000 999.000000 999.000000 999.000000 999.000000             2132.0 
999.000000 999.000000 999.000000 999.000000 999.000000 999.000000 999.000000 999.000000 999.000000 999.000000 999.000000 999.000000             2151.0 
999.000000 999.000000 999.000000 999.000000 999.000000 999.000000 999.000000 999.000000 999.000000 999.000000 999.000000 999.000000             2169.0 
999.000000 999.000000 999.000000 999.000000 999.000000 999.000000 999.000000 999.000000 999.000000 999.000000 999.000000 999.000000             2187.0 
999.000000 999.000000 999.000000 999.000000 999.000000 999.000000 999.000000 999.000000 999.000000 999.000000 999.000000 999.000000             2205.0 
999.000000 999.000000 999.000000 999.000000 999.000000 999.000000 999.000000 999.000000 999.000000 999.000000 999.000000 999.000000             2223.0 
999.000000 999.000000 999.000000 999.000000 999.000000 999.000000 999.000000 999.000000 999.000000 999.000000 999.000000 999.000000             2241.0 
999.000000 999.000000 999.000000 999.000000 999.000000 999.000000 999.000000 999.000000 999.000000 999.000000 999.000000 999.000000             2259.0 
999.000000 999.000000 999.000000 999.000000 999.000000 999.000000 999.000000 999.000000 999.000000 999.000000 999.000000 999.000000             2277.0 
999.000000 999.000000 999.000000 999.000000 999.000000 999.000000 999.000000 999.000000 999.000000 999.000000 999.000000 999.000000             2295.0 
999.000000 999.000000 999.000000 999.000000 999.000000 999.000000 999.000000 999.000000 999.000000 999.000000 999.000000 999.000000             2313.0 
999.000000 999.000000 999.000000 999.000000 999.000000 999.000000 999.000000 999.000000 999.000000 999.000000 999.000000 999.000000             2331.0 
999.000000 999.000000 999.000000 999.000000 999.000000 999.000000 999.000000 999.000000 999.000000 999.000000 999.000000 999.000000             2349.0 
999.000000 999.000000 999.000000 999.000000 999.000000 999.000000 999.000000 999.000000 999.000000 999.000000 999.000000 999.000000             2367.0 
999.000000 999.000000 999.000000 999.000000 999.000000 999.000000 999.000000 999.000000 999.000000 999.000000 999.000000 999.000000             2386.0 
999.000000 999.000000 999.000000 999.000000 999.000000 999.000000 999.000000 999.000000 999.000000 999.000000 999.000000 999.000000             2404.0 
999.000000 999.000000 999.000000 999.000000 999.000000 999.000000 999.000000 999.000000 999.000000 999.000000 999.000000 999.000000             2422.0 
999.000000 999.000000 999.000000 999.000000 999.000000 999.000000 999.000000 999.000000 999.000000 999.000000 999.000000 999.000000             2440.0 
999.000000 999.000000 999.000000 999.000000 999.000000 999.000000 999.000000 999.000000 999.000000 999.000000 999.000000 999.000000             2458.0 
999.000000 999.000000 999.000000 999.000000 999.000000 999.000000 999.000000 999.000000 999.000000 999.000000 999.000000 999.000000             2476.0 
999.000000 999.000000 999.000000 999.000000 999.000000 999.000000 999.000000 999.000000 999.000000 999.000000 999.000000 999.000000             2494.0 
999.000000 999.000000 999.000000 999.000000 999.000000 999.000000 999.000000 999.000000 999.000000 999.000000 999.000000 999.000000             2512.0 
999.000000 999.000000 999.000000 999.000000 999.000000 999.000000 999.000000 999.000000 999.000000 999.000000 999.000000 999.000000             2530.0 
999.000000 999.000000 999.000000 999.000000 999.000000 999.000000 999.000000 999.000000 999.000000 999.000000 999.000000 999.000000             2548.0 
999.000000 999.000000 999.000000 999.000000 999.000000 999.000000 999.000000 999.000000 999.000000 999.000000 999.000000 999.000000             2566.0 
999.000000 999.000000 999.000000 999.000000 999.000000 999.000000 999.000000 999.000000 999.000000 999.000000 999.000000 999.000000             2584.0 
999.000000 999.000000 999.000000 999.000000 999.000000 999.000000 999.000000 999.000000 999.000000 999.000000 999.000000 999.000000             2602.0 
999.000000 999.000000 999.000000 999.000000 999.000000 999.000000 999.000000 999.000000 999.000000 999.000000 999.000000 999.000000             2621.0 
999.000000 999.000000 999.000000 999.000000 999.000000 999.000000 999.000000 999.000000 999.000000 999.000000 999.000000 999.000000             2639.0 
999.000000 999.000000 999.000000 999.000000 999.000000 999.000000 999.000000 999.000000 999.000000 999.000000 999.000000 999.000000             2657.0 
999.000000 999.000000 999.000000 999.000000 999.000000 999.000000 999.000000 999.000000 999.000000 999.000000 999.000000 999.000000             2675.0 
999.000000 999.000000 999.000000 999.000000 999.000000 999.000000 999.000000 999.000000 999.000000 999.000000 999.000000 999.000000             2693.0 
999.000000 999.000000 999.000000 999.000000 999.000000 999.000000 999.000000 999.000000 999.000000 999.000000 999.000000 999.000000             2711.0 
999.000000 999.000000 999.000000 999.000000 999.000000 999.000000 999.000000 999.000000 999.000000 999.000000 999.000000 999.000000             2729.0 
999.000000 999.000000 999.000000 999.000000 999.000000 999.000000 999.000000 999.000000 999.000000 999.000000 999.000000 999.000000             2747.0 
999.000000 999.000000 999.000000 999.000000 999.000000 999.000000 999.000000 999.000000 999.000000 999.000000 999.000000 999.000000             2765.0 
999.000000 999.000000 999.000000 999.000000 999.000000 999.000000 999.000000 999.000000 999.000000 999.000000 999.000000 999.000000             2783.0 
999.000000 999.000000 999.000000 999.000000 999.000000 999.000000 999.000000 999.000000 999.000000 999.000000 999.000000 999.000000             2801.0 
999.000000 999.000000 999.000000 999.000000 999.000000 999.000000 999.000000 999.000000 999.000000 999.000000 999.000000 999.000000             2820.0 
999.000000 999.000000 999.000000 999.000000 999.000000 999.000000 999.000000 999.000000 999.000000 999.000000 999.000000 999.000000             2837.0 
999.000000 999.000000 999.000000 999.000000 999.000000 999.000000 999.000000 999.000000 999.000000 999.000000 999.000000 999.000000             2856.0 
999.000000 999.000000 999.000000 999.000000 999.000000 999.000000 999.000000 999.000000 999.000000 999.000000 999.000000 999.000000             2874.0 
999.000000 999.000000 999.000000 999.000000 999.000000 999.000000 999.000000 999.000000 999.000000 999.000000 999.000000 999.000000             2892.0 
999.000000 999.000000 999.000000 999.000000 999.000000 999.000000 999.000000 999.000000 999.000000 999.000000 999.000000 999.000000             2910.0 
-35.324146 153.567383 61.089622 30.583403 148.140366 56.108112 -35.222893 147.186707 78.461838 66.333618 112.922821 70.350578               2928 
-34.896564 148.996094 62.338867 31.277348 146.381775 58.549294 -34.862808 141.306976 79.073792 68.095680 111.633705 71.126373               2946 
-34.961735 147.653061 62.998447 31.348110 146.331528 60.164696 -34.932476 138.937057 78.979362 68.623909 111.654770 71.532967               2964 
-35.157246 147.219299 63.857773 31.300079 145.806488 61.202190 -34.957565 137.720505 79.241417 68.578674 110.810768 71.536926               2982 
-35.447140 147.242142 64.897293 31.211340 145.237106 61.808426 -34.946392 137.331619 80.025337 68.326546 109.851768 71.376122               3000 
-36.373039 145.667999 65.818878 30.527262 143.705841 62.489338 -35.500278 135.227737 80.380981 67.716042 108.109665 70.921852               3018 
-36.645340 144.519119 67.005104 30.633577 142.692093 63.637871 -35.223709 133.867020 80.853012 67.962814 107.177841 71.790565               3036 
-36.962570 143.701004 68.681458 30.772295 141.050934 64.714149 -34.823071 132.445236 81.341759 67.857758 105.040558 71.722878               3054 
-36.943729 142.068970 70.730995 31.285313 138.231384 65.523483 -33.998638 129.772476 82.143120 67.998062 101.466545 70.184052               3072 
-37.309448 142.314056 72.164368 31.488432 137.960342 66.784927 -33.601078 129.714645 83.141144 68.224571 101.227524 71.513214               3091 
-37.806957 142.331161 72.967621 31.554785 137.947128 67.428780 -33.332394 129.353577 83.670204 68.586861 101.513962 72.167038               3109 
-38.338730 142.700500 73.458275 31.469366 137.957565 67.596535 -33.249084 129.357071 84.009071 68.594971 101.600021 72.181198               3127 
-38.772564 143.305862 73.931107 31.334602 138.191010 67.860954 -33.250484 129.692581 84.438614 68.539536 101.934364 72.599014               3145 
-39.926903 144.871368 74.441429 30.598461 139.115616 68.242180 -33.858002 130.763626 85.050613 67.898590 103.002525 73.316238               3163 
-40.434978 145.431473 74.518219 30.589960 139.003372 68.283234 -33.756222 130.704147 85.066635 67.935455 102.934303 73.336678               3181 
-40.855423 146.127106 74.541817 30.565351 138.990875 68.286552 -33.714149 130.830917 85.078918 67.887314 102.892303 73.303032               3199 
-41.284969 146.853271 74.624229 30.486290 139.043320 68.327644 -33.732258 131.048981 85.168282 67.775124 102.911278 73.349487               3217 
-41.388927 146.895325 74.929214 30.508963 138.418030 68.151131 -33.515663 130.974808 85.325546 67.652130 102.126289 73.100441               3235 
-41.554649 147.302994 75.067650 30.627237 138.168610 67.861122 -33.165340 131.138367 85.545059 67.781807 101.912651 72.984047               3253 
-41.749023 147.870377 75.319656 30.722275 137.604370 67.649467 -32.824924 131.248688 85.742371 67.706497 101.167267 72.719582               3271 
-41.478146 147.641525 76.261200 30.868135 136.381531 67.041290 -32.145161 131.045685 86.308411 67.613960 99.646431 71.675720               3289 
-41.051159 147.907211 76.248001 30.993544 134.884705 66.327354 -31.837135 131.189545 85.934738 66.882828 97.263626 70.548126               3307 
-41.019997 147.929596 76.273949 31.073526 134.679443 66.129585 -31.611258 131.321686 85.947151 66.926506 97.033348 70.435036               3326 
-41.192493 148.036942 76.152222 31.064924 134.605042 66.000198 -31.526514 131.456650 85.778038 66.918747 96.971878 70.410309               3344 
-41.186089 148.206039 76.002716 31.106417 134.397842 65.819626 -31.393841 131.765366 85.591621 66.741928 96.542610 70.096634               3362 
-41.300438 148.142868 75.836945 31.109186 134.236679 65.752708 -31.282516 131.984039 85.396698 66.662079 96.305321 70.042709               3380 
-41.459969 147.936295 75.688248 31.086199 134.066360 65.626747 -31.138676 132.288025 85.284546 66.585403 96.097099 70.024742               3398 
-41.576347 147.775803 75.630737 31.097029 133.995102 65.624718 -30.919735 132.786041 85.414093 66.550896 96.000832 70.170082               3416 
-41.589123 147.912766 75.546509 31.133915 133.850067 65.573807 -30.655407 133.406265 85.707176 66.426910 95.712921 70.174171               3434 
-39.392616 148.470840 76.159019 31.646955 128.702377 63.547222 -29.094082 133.243744 86.045013 63.691856 87.606964 65.890770               3452 
-39.545826 148.431351 75.984917 31.687296 128.713821 63.950550 -28.952320 133.754059 86.515976 63.779072 87.687904 66.812912               3470 
-39.388275 148.352707 76.125999 31.820091 128.269882 64.176727 -28.667852 133.850967 86.868820 63.698067 87.076675 67.025536               3488 
-39.083267 148.768356 76.294662 31.835236 127.234764 64.234077 -28.468956 133.896851 86.996498 62.763012 85.274734 66.241325               3506 
-40.123249 147.732117 76.483742 31.104656 126.680283 64.996918 -29.312086 133.102631 87.449501 62.279335 84.910179 67.141312               3524 
-40.626236 146.795197 76.791374 30.712357 125.884979 65.311836 -29.642738 132.294922 87.905968 61.912418 84.120987 67.189774               3542 
-40.381420 146.074738 77.376030 30.604996 123.966301 65.526848 -29.436604 131.495773 88.688332 61.072056 81.649429 67.024155               3561 
-40.958534 144.409790 77.106064 30.057329 122.064079 65.112976 -29.893602 129.771408 88.476852 60.232506 79.520775 65.965782               3579 
-40.756199 142.576843 77.728455 30.310297 120.129997 65.256630 -29.504396 127.692429 89.042831 60.298092 77.446159 65.105141               3597 
-40.071419 140.926651 79.134155 30.418068 117.097298 65.081451 -28.619986 125.693062 90.568954 59.517162 73.825111 63.680820               3615 
-39.489662 139.329575 79.185577 30.420300 114.011131 64.229599 -27.871998 124.036072 91.069916 58.653595 70.179825 62.527103               3633 
-41.668217 139.301315 78.317261 29.180521 115.424820 64.966591 -29.502771 124.955833 91.380333 58.475151 72.262550 64.755280               3651 
-42.565201 138.754257 77.849464 29.010820 115.660606 66.522705 -30.192734 125.251480 91.831787 58.873249 72.916725 68.070923               3669 
-42.842766 138.086258 77.205826 29.047419 115.031601 67.294388 -30.509668 124.924591 91.668892 58.884575 72.311745 69.735458               3687 
-43.282360 137.404297 76.872467 28.844660 114.478951 67.818642 -30.958876 124.420128 91.606956 58.591675 71.706978 70.440514               3705 
-43.668808 136.492615 76.625198 28.647993 113.755356 67.944031 -31.325512 123.510132 91.390961 58.251770 70.858818 70.113052               3723 
-42.166508 134.555862 77.374664 29.377926 110.306206 66.063545 -29.677761 120.858032 91.412315 57.766289 66.542610 65.841248               3741 
-42.529823 134.453293 77.577812 29.222797 110.588730 66.169197 -29.709496 121.130127 91.950714 57.723824 66.898697 65.898521               3759 
-42.416225 133.768936 77.711227 29.294233 109.878754 65.543175 -29.407196 120.297684 91.908333 57.565933 66.056511 64.309166               3777 
