4.029005 122.536461 95.076843 41.102100 144.441360 86.091415 -15.205413 156.969986 110.095818 68.669327 101.438873 92.623657                  0 
3.480016 123.108589 95.193588 40.972080 144.454788 86.624489 -14.393644 157.761139 110.495613 67.579102 100.647888 91.610153                 18 
4.915940 122.487747 97.686172 42.266388 143.633591 87.852661 -11.780107 157.350632 113.016136 68.752853 99.640991 91.719734                 36 
4.696001 122.650200 98.368393 42.042892 143.954605 88.230415 -11.529207 157.372314 113.015770 68.775276 100.083595 91.773010                 54 
4.320700 123.318138 98.975822 42.102028 144.384750 88.860413 -11.147635 157.400009 112.444061 68.538742 100.280746 91.648262                 72 
3.715437 123.926659 99.345612 42.138126 144.679092 89.280678 -10.852031 157.469925 111.992889 68.346596 100.410477 91.569923                 90 
2.935874 124.684441 99.642822 42.497982 144.800461 89.600357 -10.273652 157.634735 112.004898 68.459679 100.371620 91.576027                108 
2.457339 125.273102 100.627487 43.780754 144.020630 89.979645 -8.408106 157.427460 113.121140 69.298203 99.320610 91.592896                126 
0.836982 126.702660 100.975929 44.315617 143.907379 90.407509 -7.772161 157.729141 113.340683 69.561302 99.063560 92.284233                144 
-0.318902 127.487160 101.027061 45.227001 143.146637 90.567986 -6.574329 157.082855 113.988983 70.071419 98.052483 91.620522                162 
-0.291024 127.453064 101.281380 47.176739 141.608261 91.000854 -4.457293 155.632690 114.697746 71.699959 96.328735 91.461143                180 
-0.927478 127.490349 101.202682 48.188049 140.714279 91.098961 -3.535207 154.326019 114.834732 72.958023 95.567604 91.347168                198 
-2.444981 128.799057 100.975273 48.130062 140.881348 91.184158 -3.730507 154.537231 114.590515 72.826355 95.695442 91.586449                216 
-3.971919 130.566315 100.922028 48.388794 140.959869 91.384438 -3.529925 154.878342 114.537704 72.868393 95.658463 91.990738                235 
-5.339120 132.122116 100.840591 48.809349 140.579224 91.624817 -3.126023 154.847260 114.600021 72.815636 95.023750 92.105988                253 
-6.528195 133.627869 100.853394 48.839336 140.877777 91.773415 -3.213380 155.306778 114.501869 72.730675 95.266235 92.564545                271 
-7.403498 134.942459 100.753357 48.881687 141.353775 91.916641 -3.357725 155.963318 114.224091 72.675003 95.702759 93.219955                289 
-8.215952 136.345367 100.750023 49.045116 141.532913 92.164986 -3.723026 156.111435 113.656235 72.512955 95.727928 93.896797                307 
-8.861649 137.400040 100.651657 49.297867 141.457550 92.196022 -3.907315 155.990417 113.227760 72.380951 95.461853 94.040703                325 
-0.368604 133.497559 94.477425 45.972260 148.184753 90.335907 -12.866163 155.533707 106.866592 75.087822 106.328270 97.557648                343 
0.658446 129.690399 94.415070 44.866451 146.825699 89.257225 -13.637250 157.977554 107.918915 71.754456 103.419228 95.946701                361 
0.416162 128.703354 94.231552 44.479214 145.812485 88.485649 -13.360350 158.764877 108.399040 70.373428 101.748108 94.782928                379 
-1.019083 131.571182 95.610001 42.997353 148.077377 88.152122 -13.788580 162.348648 110.030815 68.194237 103.510147 93.694199                397 
-1.390891 133.847122 95.813927 43.161648 148.861481 88.246346 -13.156977 165.361771 109.712654 66.839249 103.553329 94.441315                415 
-0.911508 135.124176 96.032585 44.153389 148.576080 88.370689 -11.436093 167.267471 110.103600 66.150345 102.422157 94.517662                433 
-0.954295 138.588959 95.715981 44.485863 150.522430 87.169762 -10.045579 171.359192 109.758499 65.001076 103.698578 93.373611                451 
-1.011267 143.438522 95.602425 43.572479 157.308716 84.808250 -12.291047 176.911423 103.625862 67.498955 113.674759 98.053513                470 
-0.673328 146.535721 94.109169 44.043839 160.341965 81.874542 -11.730282 180.075104 99.732697 68.845856 118.061501 97.656113                488 
-0.210472 151.506790 89.494652 45.919338 163.717819 78.177368 -9.451849 184.397385 94.707222 69.189049 120.589310 93.997879                506 
-0.703559 155.114105 84.208382 46.427223 167.305481 73.536720 -9.806024 187.695938 89.233925 70.192062 124.970924 90.708015                524 
-1.900776 162.159927 76.787956 47.004772 171.625504 68.302361 -9.219651 194.116470 83.280403 68.017197 127.397179 84.245033                542 
-5.240862 168.124908 65.899590 45.574783 175.990326 60.247993 -12.077248 198.356247 72.470772 65.694366 131.786041 77.365814                560 
-8.581229 172.097137 55.630375 44.439762 178.352493 51.922825 -14.600064 199.319916 62.355400 64.898689 134.742188 70.127457                578 
-12.887835 174.512329 42.557358 42.351364 180.894714 43.490715 -18.570314 199.111832 50.049786 63.664024 138.750961 64.021431                596 
-15.871260 176.068008 31.456104 41.231438 182.858505 34.837467 -20.854338 198.407333 39.798534 64.080894 142.666977 57.517391                614 
-19.277870 175.678146 16.777966 38.320965 184.490768 24.526800 -24.914865 196.690659 25.604912 61.862858 146.021210 49.380539                632 
-22.927053 174.180130 1.243193 34.235027 185.684280 12.674090 -29.850132 194.442444 10.039441 58.287647 149.212906 39.934784                650 
-25.588512 174.306076 -15.896413 30.499716 187.346100 1.439841 -34.077194 193.277374 -6.269322 53.721268 151.679001 30.430416                668 
-26.897018 172.875549 -32.333431 27.953983 187.143646 -9.850221 -37.213909 190.294388 -21.288527 50.646526 152.166534 20.373692                687 
-28.931364 170.240814 -48.119499 24.370298 185.980484 -21.478081 -41.688457 186.349564 -35.661797 46.657623 151.938644 10.085568                704 
-30.408848 165.057999 -62.052765 21.359945 183.940384 -32.959579 -46.100067 179.639252 -48.265953 44.132362 152.419937 0.800067                723 
-30.684410 158.192963 -73.026009 19.646233 180.708221 -43.118484 -49.495605 171.206375 -57.965977 43.029705 152.600357 -6.855608                741 
-30.234531 151.532623 -86.868958 17.037029 177.431046 -53.579945 -52.926495 161.917450 -70.207207 39.907085 152.227158 -14.933337                759 
-35.517773 139.438766 -87.378326 17.301191 167.232941 -60.092926 -53.871376 149.558701 -68.586433 42.000038 151.752502 -17.641090                777 
-37.243767 138.148514 -99.232155 14.250424 167.651031 -67.424889 -55.372421 143.952011 -78.059631 39.057602 153.077850 -24.715853                795 
-37.576897 133.058136 -101.552399 13.957204 165.283463 -70.801300 -54.944702 138.233109 -79.434097 39.586716 153.958664 -27.595827                813 
-36.683189 128.887741 -99.501595 15.222851 164.641632 -71.679466 -53.178276 135.291733 -77.086563 40.901730 159.027496 -27.397276                831 
-35.595852 119.556137 -102.577827 13.671674 161.585541 -77.359825 -52.662651 127.387772 -80.752892 37.994793 163.437454 -32.007957                849 
-34.989864 111.020477 -98.287460 12.089086 159.223816 -79.698616 -51.975407 120.966064 -77.244476 36.541901 169.178711 -35.485546                867 
-36.892853 108.412338 -101.459709 12.373504 154.534378 -82.475609 -54.042595 120.521400 -81.751869 35.175026 165.263794 -37.566750                885 
-38.435726 102.303429 -102.449471 10.925586 149.470551 -85.015282 -55.945068 116.570915 -84.744720 31.547091 164.311340 -40.223099                903 
-38.744904 99.493561 -102.615295 10.243930 147.826569 -86.670113 -56.138931 114.221962 -85.518242 30.612720 164.538986 -42.424858                922 
-43.165688 93.304657 -107.607185 3.518892 144.852081 -93.060921 -60.251976 106.760719 -88.842651 25.347849 162.174072 -49.756409                939 
-46.601425 89.235031 -105.668419 3.113369 139.955719 -95.505898 -62.142929 105.408272 -87.554451 26.104189 160.344711 -54.183430                958 
-47.172047 89.798492 -106.833290 3.291531 140.181992 -95.318382 -61.557178 105.543579 -88.323334 26.458908 159.701111 -53.675709                976 
-48.164364 89.696472 -108.320473 2.902093 140.213226 -95.473946 -60.931965 104.814949 -89.211357 26.216364 159.222321 -53.677601                994 
-48.504990 89.682175 -109.244164 2.949256 140.351959 -95.393784 -60.396080 104.637711 -89.789497 26.178831 159.173523 -53.465614               1012 
-49.125126 89.759361 -110.966698 2.681601 140.591904 -95.570541 -60.207905 104.386581 -90.608887 25.940918 158.853226 -53.411743               1030 
-49.966190 90.126434 -112.253418 2.651930 140.828354 -95.548920 -59.787994 104.460960 -91.073868 26.076948 158.664291 -53.299866               1048 
-50.053650 90.123917 -113.712074 2.475969 141.349640 -95.515633 -59.138309 104.045532 -91.823853 25.760794 158.829834 -53.040997               1066 
-49.717312 100.218864 -122.595726 1.515217 149.761353 -95.162140 -58.049088 109.964478 -98.227028 23.941727 161.440186 -50.301334               1084 
-48.881550 103.840508 -124.893051 1.365702 154.197906 -94.758934 -55.425804 111.079292 -98.626991 24.865429 164.332062 -50.072277               1102 
-49.556637 103.385719 -125.852058 1.424572 153.926941 -94.821198 -54.910542 110.854179 -98.596443 25.122618 164.527008 -50.347874               1120 
-50.434349 103.946587 -127.505745 1.467397 153.895966 -94.836639 -54.744190 111.374062 -99.237564 25.157896 164.400696 -50.336681               1138 
-50.382545 103.615067 -128.000336 1.575225 154.178741 -94.942360 -54.356140 112.403992 -99.673706 25.576260 164.963135 -50.676319               1156 
-46.912312 105.198967 -128.391861 3.961378 156.235321 -93.227333 -51.311100 114.702309 -99.782516 27.394613 166.756973 -48.595348               1175 
-45.970821 103.508675 -128.312607 4.774045 155.977005 -93.901085 -50.822403 115.310036 -99.646202 28.256248 167.870377 -49.640835               1193 
-46.024487 102.276100 -128.177902 4.769550 155.732269 -94.210892 -50.728477 115.222321 -99.365715 28.373301 168.517044 -50.264931               1211 
-47.287205 100.904968 -121.862747 4.429450 155.747849 -91.251343 -49.386833 112.904846 -92.153915 32.305626 167.942276 -49.705582               1229 
-44.570408 98.131660 -118.155930 5.757626 155.112961 -88.647812 -44.760258 108.536598 -87.564850 36.499649 167.003601 -49.082977               1247 
-37.121174 98.063896 -112.892960 10.908864 157.794312 -84.743248 -37.534557 109.172272 -82.723534 42.806992 170.124649 -46.242500               1265 
-35.288433 98.387886 -114.260376 12.621188 158.241608 -85.204056 -35.879410 109.713013 -83.986664 44.955658 169.535080 -46.749214               1283 
-37.369602 110.601028 -122.323021 14.665844 164.881866 -89.326141 -37.889835 120.878334 -91.631355 47.332153 170.882156 -49.972050               1301 
-34.031029 109.528999 -121.499252 17.454559 165.446640 -90.019424 -35.043545 121.381958 -91.287468 49.930538 172.676529 -50.714531               1319 
-31.784580 110.982666 -119.677521 21.017389 167.800919 -91.941078 -32.730659 125.320457 -90.468117 53.621899 176.738953 -53.096611               1337 
-26.269785 109.197845 -119.934364 26.067392 166.656723 -92.365814 -28.091837 124.728783 -91.303368 57.709846 176.303940 -52.900368               1355 
-20.581244 112.765808 -120.482605 31.147827 170.105972 -91.346474 -22.209585 127.183418 -91.190910 63.527222 178.398438 -52.171925               1373 
-16.780651 115.976410 -119.807602 35.450077 172.830627 -90.456512 -17.860308 129.880508 -90.179817 68.774834 180.112137 -51.878338               1391 
-9.744275 113.546791 -118.133377 40.591873 172.581665 -89.663269 -11.562139 128.267136 -88.880943 73.411133 181.567703 -51.011200               1409 
18.569407 116.320007 -97.059570 47.957478 173.783569 -87.058510 -4.280956 129.598358 -88.115303 79.196846 182.983292 -47.167374               1427 
30.507904 117.518150 -88.859818 54.561615 174.717682 -83.619041 1.247984 131.974625 -86.941643 85.054359 182.206436 -42.803036               1446 
34.223480 117.000633 -85.856079 57.725182 174.046402 -81.999550 3.822268 132.047653 -85.024544 88.632538 181.031631 -41.406727               1464 
36.551414 116.501877 -85.832130 59.851891 173.500931 -82.083679 5.779721 131.749802 -85.242714 90.882515 180.131989 -41.525513               1482 
19.975388 141.903214 -82.880913 75.448692 179.473328 -83.509109 24.665133 141.483444 -90.802338 99.868393 177.755005 -38.203915               1500 
23.087292 135.191864 -82.612656 79.701813 176.116135 -86.856323 32.452904 129.815445 -91.060120 101.455803 180.607697 -40.397472               1518 
27.272640 131.521500 -85.479301 83.211472 175.100098 -86.205986 36.935230 127.739136 -94.229454 102.258461 179.202591 -38.538208               1536 
29.454008 133.950424 -87.221909 86.371872 177.013153 -86.442261 41.504498 129.289520 -96.141472 104.800278 179.926758 -38.444969               1554 
32.606327 134.816986 -85.866440 90.115089 177.535416 -82.594498 46.628651 129.806870 -95.340187 108.854134 177.038956 -34.631626               1572 
35.614464 133.100159 -84.730400 93.605576 175.548233 -80.679451 50.578667 127.934975 -94.308464 111.943100 174.519714 -32.570065               1590 
37.628586 130.566010 -85.205719 96.259407 172.417984 -80.270515 53.775566 124.949585 -94.637077 113.800774 171.184311 -31.869961               1608 
39.499310 127.297791 -84.339302 97.944992 169.817780 -80.206261 56.455162 121.525154 -93.796432 115.606613 169.451538 -31.835110               1626 
43.109104 123.341927 -85.459167 100.287231 167.661530 -79.852798 60.779167 118.393997 -95.138123 117.946136 166.230804 -31.500429               1644 
47.475769 114.957077 -82.231003 102.336510 162.656265 -80.200722 65.618530 110.491219 -92.086914 120.632622 164.930847 -32.118355               1662 
55.164890 103.713829 -77.694374 105.106445 156.662048 -79.807205 74.123215 100.169205 -86.943268 122.144218 165.328201 -31.990389               1681 
59.781395 97.771820 -80.449448 107.505760 153.166107 -80.582100 79.798935 95.016922 -87.759468 119.744385 164.702148 -31.910023               1699 
62.241928 94.122940 -82.729080 109.535301 150.459549 -81.487709 82.778824 91.894775 -88.718391 118.896118 163.425598 -32.537811               1717 
60.249855 86.846954 -79.503128 109.341423 141.718643 -85.030090 80.861984 83.540909 -84.649948 118.065346 161.264221 -38.193146               1735 
59.449661 84.785156 -78.516441 109.280182 138.957611 -86.149033 80.060524 81.224998 -83.428627 117.918861 160.496552 -40.178581               1753 
60.169590 83.100967 -78.234009 110.153267 137.571030 -85.753098 80.858932 79.900177 -82.846008 118.230423 159.629517 -39.927139               1771 
62.624645 78.714867 -76.837608 110.621384 134.894562 -86.703247 83.017815 76.471161 -82.347267 119.852592 157.580933 -41.404812               1789 
65.548424 73.381218 -74.928413 110.328362 132.098221 -87.281197 85.495636 72.537392 -81.654533 121.347992 155.062546 -42.525826               1807 
67.397881 69.080467 -75.763168 110.229927 129.925598 -87.687302 87.084572 69.599800 -82.568245 121.366119 152.637848 -42.832272               1825 
68.909454 66.064018 -76.450066 110.126610 128.650833 -88.260574 88.341576 67.771027 -83.168327 121.405724 151.459198 -43.490105               1843 
69.202454 64.048103 -77.241623 110.355484 127.450935 -88.146172 88.541153 66.496902 -83.491325 121.632828 150.032455 -43.260410               1861 
69.256622 62.582836 -77.982826 110.774582 126.319435 -87.867027 88.650650 65.411171 -83.795341 121.923912 148.547714 -42.773445               1880 
69.161850 61.543297 -78.506340 111.076942 125.362770 -87.355560 88.596367 64.535835 -83.980789 121.889030 147.212738 -41.995747               1897 
71.417320 57.902843 -75.851143 111.036240 121.707581 -92.296814 90.574913 60.943684 -81.978333 121.698776 148.720963 -49.771259               1916 
70.772339 56.401367 -75.325211 111.123451 119.276611 -93.594505 89.732864 59.265999 -81.771240 121.488686 147.734848 -51.946865               1934 
70.164139 55.411827 -75.044296 110.756897 118.101128 -93.508324 89.017578 58.423637 -81.958885 121.107048 146.733704 -51.976589               1952 
69.114929 53.982761 -75.170418 110.501991 116.394951 -92.870483 87.924713 57.022369 -82.387512 121.076843 144.465652 -51.013058               1970 
69.768013 50.783989 -78.703743 111.250908 113.632774 -94.192986 88.870674 53.971706 -85.748611 120.479683 140.831635 -51.450886               1988 
68.450104 49.075188 -77.752655 110.618774 111.354858 -93.467003 87.701233 51.984749 -84.930031 119.601158 138.776794 -50.815037               2006 
67.596687 48.170124 -76.777946 110.311142 109.957138 -92.886688 86.754128 50.892532 -84.115540 119.285980 137.636017 -50.399429               2024 
66.744080 47.479893 -74.193642 109.764961 108.602646 -91.963173 84.475708 50.312614 -82.272057 119.131401 137.212555 -50.183060               2042 
66.643410 46.968693 -74.019409 109.708427 108.192978 -91.332069 82.549301 50.367123 -82.687553 118.803917 136.670456 -49.401875               2060 
65.300041 46.295895 -74.322647 109.519608 106.766808 -91.399231 78.393906 50.317841 -83.918472 119.033043 134.971039 -49.377197               2078 
64.076004 45.926174 -70.792442 108.981407 105.194130 -90.268921 75.077522 50.177582 -81.380066 119.267616 134.664963 -49.311626               2096 
63.499088 45.855919 -69.296707 108.615120 104.645714 -89.845131 72.219704 50.756058 -80.765198 119.316284 134.625427 -49.366280               2114 
63.286457 45.623417 -68.470772 108.530174 104.214561 -89.613037 71.066864 50.840538 -80.256279 119.476967 134.517792 -49.441936               2133 
63.266258 45.400867 -67.746857 108.382454 103.960419 -89.602547 69.651512 51.139465 -79.970146 119.475075 134.712250 -49.814178               2151 
62.882320 47.740490 -64.263428 108.748810 104.116180 -89.967873 68.360977 52.973862 -77.119804 121.367516 136.550583 -52.012463               2169 
63.237301 47.979832 -63.686867 108.809769 104.366989 -89.971130 67.947319 53.388565 -76.856262 121.191002 137.315460 -52.382057               2187 
64.012077 48.237103 -64.024284 109.240318 105.026627 -90.253464 67.538719 54.220741 -77.714058 121.253326 138.175186 -52.720863               2205 
65.043549 48.509285 -65.107712 109.802277 105.968582 -90.838638 66.660477 55.442471 -79.542473 121.209961 139.139343 -53.137173               2223 
71.216751 48.465843 -62.760967 109.109657 109.233627 -91.871529 70.100761 55.662170 -77.809029 119.423683 144.145935 -55.449184               2241 
74.363327 49.126595 -62.945892 108.876457 111.617706 -92.687599 71.900887 56.479080 -78.195557 118.211784 146.991989 -56.447468               2259 
82.432549 53.652981 -74.073418 111.712845 121.279434 -97.617065 78.899307 62.162136 -88.884705 117.021927 154.193802 -58.370491               2277 
83.412392 57.300289 -71.694092 107.965546 129.360321 -85.123383 74.995964 68.715820 -85.391640 114.139221 155.527908 -41.203239               2295 
83.906219 61.343258 -80.787285 106.183365 134.954285 -78.024208 78.837135 75.161293 -91.482666 109.461975 151.139557 -29.247952               2314 
80.681641 70.993416 -88.926224 102.812813 143.080750 -75.513268 78.218948 86.084206 -96.885124 106.261101 151.302444 -24.794945               2331 
73.979530 83.017189 -88.016808 98.354332 152.565842 -69.039459 73.764008 98.506859 -94.867264 102.614662 155.573822 -17.808250               2350 
74.656837 91.620842 -83.006210 93.310089 161.584366 -61.752506 74.950066 107.083778 -90.418213 94.222687 162.915176 -10.281820               2367 
72.835129 99.876106 -78.969940 87.570053 169.051575 -55.418854 74.693848 115.321327 -87.351906 82.871490 168.404999 -4.141756               2386 
70.274330 100.939293 -75.592094 85.437988 170.289581 -54.661526 73.681160 115.846779 -85.243317 78.057198 171.321121 -3.707674               2404 
63.393269 104.109901 -68.534447 81.940529 172.658844 -48.701492 76.199234 117.141655 -73.125862 67.298698 176.828018 0.492715               2422 
30.433090 160.522003 -41.526981 103.111404 180.149185 4.628407 52.694016 144.247131 -12.261922 121.430923 171.947525 52.051643               2440 
20.785379 197.378250 -8.454650 107.320602 178.317108 24.407930 41.385578 164.623749 18.206907 131.911377 153.981598 62.551239               2458 
32.957722 178.022797 1.048701 84.705788 197.129028 16.573557 22.516577 177.894379 -2.796797 104.907867 170.973831 56.065540               2476 
24.519224 187.432922 19.991713 87.370201 195.633270 36.589291 18.211864 185.222534 30.942436 113.219719 164.220947 68.163063               2494 
4.810239 192.455048 14.404789 81.945465 192.627777 40.785282 14.851904 186.091858 52.159126 116.934189 169.482147 70.650047               2512 
-2.837194 204.189545 31.887999 72.567879 202.832672 43.465160 6.992740 193.677475 45.219723 101.462860 171.837189 72.725983               2530 
-4.815831 194.606522 54.617607 71.531433 200.189697 52.973976 2.817469 197.828674 58.339947 97.765114 163.823517 78.294533               2548 
15.244008 178.740417 61.136112 56.498196 201.778473 52.413464 -8.454664 188.164032 59.416744 89.731033 170.012283 75.615242               2566 
-7.788213 195.252014 72.215485 59.874020 203.182114 64.217834 -5.273108 193.322601 77.630478 93.443306 172.364609 88.201569               2585 
-20.948124 197.916733 60.967812 63.524471 197.374359 72.710709 -2.849809 183.676254 84.213791 98.212044 166.501343 94.969742               2603 
-22.014402 187.729187 66.941986 53.889275 190.120895 71.756401 -12.424740 178.240005 92.202431 90.881378 163.371109 95.586388               2621 
-24.191780 186.210800 76.894890 49.941948 197.334015 71.455032 -15.110611 180.243301 79.389503 83.621094 166.709930 95.532326               2639 
-26.703754 181.397018 83.924393 47.106899 198.412415 73.829224 -17.278419 177.039536 75.951035 80.212128 166.264954 96.685722               2657 
-18.020296 173.826965 91.677437 57.178383 186.455719 81.073441 -9.324186 171.789825 83.266441 87.305916 149.370300 100.278618               2675 
-29.608910 167.823669 76.163071 43.490414 186.879013 72.577477 -21.927097 165.207077 77.819061 77.376564 158.346252 98.834778               2693 
-33.230755 161.016769 81.005081 35.615219 190.701248 76.780159 -23.295063 162.722336 81.005402 75.544487 164.214890 95.647110               2711 
-43.936832 170.207367 82.259689 27.649858 194.775330 75.023880 -33.795380 169.889816 79.559723 64.683884 167.848648 98.588051               2729 
-41.159206 168.568527 88.388924 28.642496 193.992798 74.062981 -32.383190 167.004333 79.170242 65.446579 167.707855 98.688095               2747 
-49.522221 229.679260 71.735725 30.943727 189.423294 77.069794 -28.895411 166.285767 94.005424 70.385323 161.437622 94.761543               2765 
-41.627228 244.653778 72.336533 36.754692 185.332825 80.579735 -24.931362 166.290390 95.735291 73.608040 152.945221 96.222946               2783 
-37.904518 187.681992 96.988075 35.595142 186.571976 80.051567 -26.480528 165.936798 92.403481 72.280434 154.556046 96.814751               2801 
2.785828 159.936172 91.881119 31.972496 185.570953 77.220459 -29.514282 167.374237 84.240616 69.509796 157.198120 98.143379               2819 
16.334791 146.325851 91.154716 40.324444 173.908035 76.193222 -23.175758 161.378693 83.772758 76.314125 145.782745 99.974442               2837 
-0.989209 152.718811 92.621796 40.514400 179.222244 75.285576 -21.549410 161.163330 80.409492 75.652283 149.939987 98.943863               2856 
-23.993307 163.106476 91.617836 44.974693 183.975098 81.851448 -18.413801 162.004745 83.737724 79.657700 153.274582 104.354843               2874 
-15.907562 155.881592 82.941635 45.820816 181.697540 80.469719 -14.798355 159.710968 88.394264 83.352921 155.449448 104.011467               2892 
-18.403997 159.673843 84.921684 44.662983 183.323105 80.709846 -16.455532 162.461533 87.871422 81.393784 155.538239 103.746460               2910 
-14.278449 161.719009 93.107506 53.132843 177.655457 82.403633 -10.703636 167.484528 95.735031 86.468597 143.376694 101.522476               2928 
-20.420773 163.455246 92.958931 51.708534 180.812210 83.276604 -11.991540 162.784744 89.727196 86.015137 148.088669 103.377884               2946 
-18.662727 163.664139 94.951675 56.947655 176.657959 83.176498 -7.937328 162.425613 92.776070 90.189522 143.202911 103.854362               2964 
-15.152488 162.002029 95.450348 62.141262 171.172073 79.929512 -4.482180 161.580368 96.807999 95.412689 137.757080 100.624588               2982 
-17.062845 161.947266 94.509750 61.566441 169.573212 78.170219 -6.056975 162.752502 99.189774 95.014023 136.447556 99.045700               3000 
-19.048283 161.905670 93.772804 60.473728 168.479782 77.324699 -7.579986 163.250412 100.152916 93.851418 135.258209 98.159592               3018 
-20.459410 161.885376 93.582748 59.784760 167.944183 77.212173 -8.406339 163.366821 100.806328 93.290886 135.031067 98.328560               3036 
-21.704966 162.123276 93.660866 59.274220 167.161514 77.048119 -8.824883 163.030594 101.227951 92.877434 134.370804 98.200630               3055 
-22.508282 162.412094 93.563049 59.018669 166.667435 76.801331 -9.005974 162.857727 101.365303 92.694130 134.005447 98.037926               3072 
-30.398195 169.004654 94.134300 51.519150 176.537689 80.708420 -16.144812 163.262970 94.854538 85.098907 142.949661 100.610184               3091 
-34.758553 170.021439 87.659286 46.334492 179.595200 76.011261 -20.218327 162.303421 82.643837 79.093513 146.738174 98.351761               3109 
-33.065689 168.128128 89.450058 46.060017 180.211624 76.453423 -20.018406 161.571915 80.986748 78.452301 146.877502 98.621239               3127 
-24.653828 164.653015 93.467216 54.639492 173.156662 81.248634 -13.266844 161.223389 86.721375 84.205879 135.004303 99.194710               3145 
-23.367409 162.164886 92.440201 55.961140 174.286377 84.153893 -12.379840 161.756241 89.297043 86.229637 136.277374 101.211700               3163 
-23.142590 161.728577 92.164673 56.272095 174.487320 84.662117 -12.479862 162.721573 91.229469 86.722748 136.532471 101.515091               3181 
-22.365347 161.171463 92.228737 57.019642 174.193832 84.145653 -11.877683 163.067352 92.517700 87.736023 136.341644 100.745361               3199 
-20.056602 160.353119 93.272919 59.986519 170.464493 84.515106 -9.209617 162.051529 94.184402 89.709671 131.966293 101.434288               3217 
-20.275969 160.202652 93.818924 59.971497 170.494614 84.723236 -9.108052 161.769119 94.862732 90.094452 132.520645 102.113503               3235 
