-30.225246 158.974899 84.614845 42.269585 134.814880 77.953102 -6.208783 135.055405 99.549751 59.524384 93.241104 84.259705                  0 
-29.623295 158.984528 85.365318 42.481495 133.840500 77.697350 -5.753264 134.515594 99.857910 59.243149 91.974640 83.369781                 17 
-29.651463 159.031113 85.383255 42.478027 133.864822 77.699913 -5.725636 134.588104 100.025749 59.271538 92.010376 83.362381                 36 
-29.669327 158.917801 85.495712 42.625542 134.017014 77.971519 -5.605946 134.529175 100.253761 59.656254 92.277245 83.770302                 54 
-29.654377 159.124725 85.782997 42.743370 134.330002 78.316689 -5.474673 134.752213 100.658333 59.936642 92.674164 84.237991                 72 
-29.801500 159.296478 85.909950 42.766766 134.703796 78.619888 -5.431953 134.998688 101.036652 60.222363 93.193489 84.790451                 90 
-30.020924 159.209152 85.926239 42.749561 134.906052 78.732338 -5.423911 134.936905 101.227226 60.515816 93.540504 84.987854                108 
-30.478941 159.110107 85.839630 42.600555 135.310242 78.908051 -5.564537 134.967819 101.428299 60.854588 94.206406 85.476524                126 
-30.844032 159.151199 85.814941 42.447838 135.502335 79.026009 -5.773631 134.684021 101.083138 61.021332 94.555885 85.681297                144 
-30.904547 159.549103 85.880119 42.436985 135.540100 79.051460 -5.816259 134.535294 100.833099 61.074013 94.609955 85.628990                162 
-30.939444 160.016129 85.931534 42.427345 135.562408 79.071465 -5.837632 134.498016 100.783913 61.098179 94.642265 85.615257                180 
-30.813744 160.005463 86.054413 42.395363 134.883499 78.804558 -5.803584 134.015457 100.666740 60.861969 93.833794 85.112167                198 
-30.878538 160.251877 86.256050 42.330502 134.833679 78.774323 -5.847981 133.873077 100.676811 60.832909 93.771729 84.894485                216 
-30.837580 160.773758 86.377876 42.314682 134.749512 78.813499 -5.930488 133.770111 100.524284 60.719955 93.607864 84.686317                234 
-30.799587 161.131973 86.440796 42.327751 134.724869 78.819763 -5.958590 133.747910 100.447403 60.700375 93.552536 84.578728                252 
-30.804750 161.346603 86.472504 42.315121 134.692261 78.838608 -6.046194 133.682190 100.291389 60.662334 93.490379 84.465683                271 
-30.382172 161.638489 86.490822 42.531300 134.190781 78.915520 -6.023267 133.530960 100.052711 60.574783 92.865974 84.622826                289 
-30.500490 161.910278 86.670326 42.499710 134.494476 79.061195 -6.184157 133.617996 100.029442 60.683125 93.217567 84.670181                307 
-30.735081 161.969177 86.915329 42.383202 134.750702 79.177452 -6.374550 133.568924 100.065079 60.752552 93.529182 84.584236                325 
-28.036484 161.137222 87.720581 43.811016 131.135529 78.216743 -4.803632 131.369476 99.728600 60.542576 89.054634 82.106926                343 
-26.394238 160.499084 88.183861 44.675137 128.930511 77.616219 -3.883422 130.046341 99.649490 60.467632 86.414749 80.597389                361 
-27.035067 160.418839 88.193489 44.385612 129.531509 77.828163 -4.282486 130.321899 99.878349 60.633003 87.198273 80.958534                379 
-28.683006 160.512192 87.848732 43.635689 131.408188 78.556557 -5.121338 131.640503 100.674057 61.119217 89.699318 83.092712                397 
-28.587179 160.391632 87.965195 43.751686 131.320999 78.684410 -5.076915 131.671478 100.929405 61.250187 89.612778 83.168442                415 
-29.135836 160.338837 87.798538 43.596199 132.102081 78.978523 -5.392427 132.087723 101.116234 61.573261 90.623573 83.694221                433 
-29.594374 160.108688 87.850601 43.320621 132.417923 79.148270 -5.750483 132.169128 101.183449 61.505562 91.026367 83.830910                451 
-29.758604 159.905914 87.760521 43.266911 132.582550 79.265594 -5.877590 132.270752 101.167351 61.548965 91.246895 84.062416                469 
-29.997328 159.892395 87.697205 43.177311 132.964447 79.428200 -6.037740 132.507202 101.191124 61.623959 91.716530 84.348625                488 
-30.534323 159.637894 87.642509 42.910927 133.553970 79.611771 -6.384154 132.708893 101.190933 61.700863 92.473625 84.634048                506 
-27.166868 160.314392 88.684822 44.154636 129.592178 78.658371 -4.872529 131.513535 100.922974 60.007080 87.114281 81.853424                524 
-27.519569 159.820099 88.435760 44.172859 130.038879 78.947403 -5.016727 131.692261 100.976021 60.412403 87.734467 82.482010                542 
-28.439753 159.561264 88.057785 43.828430 131.151840 79.463531 -5.533580 132.405838 101.227219 60.775326 89.205994 83.848541                560 
-29.788300 159.340652 87.517120 43.314041 133.149353 80.383514 -6.385324 133.570663 101.482353 61.272190 91.745422 85.777824                578 
-30.296434 159.577927 87.506317 43.141159 134.409210 80.788055 -6.733556 134.296799 101.591133 61.508339 93.186707 86.194702                596 
-30.238251 159.416260 87.642456 43.158016 134.363754 80.797287 -6.739736 134.285385 101.595299 61.439701 93.076424 85.995064                614 
-30.238440 158.787064 87.707169 43.153236 134.368652 80.798271 -6.757918 134.299133 101.581795 61.429729 93.073753 85.953941                632 
-30.132288 158.246689 87.939919 43.173389 134.273438 80.733742 -6.727384 134.229416 101.553734 61.322010 92.881218 85.549446                650 
-30.008837 157.963455 88.113052 43.230297 134.257431 80.717880 -6.636889 134.339233 101.640549 61.291927 92.818260 85.456245                668 
-29.972780 157.636246 88.159798 43.236191 134.262878 80.681999 -6.629325 134.395950 101.632217 61.248562 92.793282 85.341087                686 
-28.674698 157.110184 88.386360 43.968166 133.017807 80.169235 -5.831439 133.953674 101.458672 61.055988 91.062439 83.861450                704 
-28.505934 153.141937 88.271988 43.886738 133.218445 80.144356 -5.982481 133.921890 101.284691 61.128006 91.318840 83.755638                722 
-28.167234 149.022202 88.069023 43.742832 133.482681 80.071129 -6.193310 133.950714 101.044418 61.149162 91.647697 83.639542                741 
-27.685835 146.418594 87.477928 43.842754 133.789276 79.960403 -6.200923 134.335098 100.680122 61.402149 92.074425 84.133873                759 
-28.586811 144.897049 85.298431 43.357891 136.577972 80.527252 -7.326429 135.760513 99.552032 62.657391 95.988220 87.300827                777 
-28.002981 145.149475 84.536560 43.787193 136.961395 79.924622 -6.980803 136.458450 98.814835 62.836323 96.259354 86.733009                795 
-26.746851 144.931381 83.656387 44.923561 136.477158 79.374527 -6.133305 136.962189 98.505936 63.637093 95.715309 86.733597                813 
-26.490490 145.766861 82.105904 45.236538 138.319168 78.781929 -6.485269 139.511353 98.133789 64.311760 97.983223 87.443733                831 
-25.498928 150.339127 81.039619 46.145500 142.005676 78.143822 -6.007271 144.786224 97.852333 64.684402 101.563400 87.450356                849 
-24.576574 154.327545 78.236916 47.037704 145.195908 76.562675 -5.641656 149.324005 95.925285 64.992607 104.640739 86.501434                867 
-23.517904 158.467834 75.387817 48.109249 148.859619 75.431915 -5.235878 154.125107 94.250221 65.608551 108.246178 85.929626                885 
-0.201953 138.996719 69.403976 41.684494 155.786362 68.671394 -12.494073 165.431793 89.288139 65.202972 120.150993 84.256042                903 
4.660756 139.767761 70.056084 40.147240 157.666931 67.294052 -12.869645 175.999313 90.339249 61.294380 120.565094 82.854630                921 
3.222978 143.993256 67.656128 37.286503 163.189636 63.936855 -15.350815 181.879288 88.433914 59.445450 126.487122 79.029457                939 
3.780230 146.111298 65.599953 37.256260 166.210953 60.987282 -15.241966 184.674500 85.731812 60.635239 130.519211 76.652626                957 
3.918518 150.924179 63.658787 37.660221 170.709961 58.914452 -14.224672 189.773926 84.029671 60.812424 134.646362 74.056175                976 
3.046624 155.779892 61.164669 36.863159 175.591675 55.573692 -14.269243 194.857361 81.070610 60.468311 139.711853 70.450340                994 
1.130704 160.412476 56.852295 35.773144 178.991730 50.442314 -13.470780 199.647842 77.186386 58.561657 142.009308 63.816311               1012 
-0.426302 166.716690 51.309441 35.195332 184.761459 46.511189 -14.246080 204.903778 71.511887 57.189816 146.998764 59.005241               1030 
-3.055486 172.912750 43.994770 34.255367 189.465225 41.271008 -15.122249 209.496521 64.690506 54.868423 150.498306 52.341724               1048 
-5.012429 176.509155 37.372902 33.231953 193.084473 36.311230 -17.307486 211.474655 56.560890 54.332615 154.547958 47.955059               1066 
-5.386203 177.376785 31.618896 33.238918 194.812668 29.782185 -17.698952 210.985062 49.042728 56.141502 157.494019 41.975212               1084 
-9.709391 181.385101 24.342060 29.509342 198.669098 21.788500 -21.333092 213.190170 39.676456 52.993675 161.571457 33.541424               1102 
-10.211166 179.961960 16.534317 28.772055 198.677582 15.197326 -22.882086 210.143982 29.001286 53.430138 162.890656 28.507298               1120 
-13.478675 180.086441 6.368433 24.928825 200.462067 5.481788 -26.815542 208.561401 15.863556 50.965157 166.238388 20.203505               1138 
-15.539866 181.037323 -1.835864 22.612089 202.240906 -2.598202 -28.596188 207.266785 4.554295 49.382774 168.841553 12.688840               1156 
-18.070286 180.767853 -10.933078 19.367470 203.342865 -13.430016 -31.534315 205.330231 -8.593698 47.412868 172.634521 4.909379               1174 
-21.172863 180.051590 -18.606783 16.215700 202.943481 -23.053041 -34.266056 202.756668 -17.867279 45.440933 173.429749 -4.594832               1192 
-23.629927 178.882141 -26.223898 13.668165 202.291992 -31.893471 -36.598736 199.671478 -26.765602 43.974567 174.285172 -12.840390               1211 
-26.952679 175.785980 -36.930618 10.135300 200.410019 -42.353493 -39.906342 194.553665 -38.223160 41.506802 174.042892 -22.694311               1229 
-44.072765 200.199936 -71.120529 21.562452 195.884918 -40.420177 -34.921787 181.308960 -42.249210 50.477444 173.690781 -13.268317               1247 
-44.709946 199.949173 -87.521103 24.643711 192.255402 -42.854427 -35.396366 174.173798 -46.910198 51.248585 172.501358 -11.744329               1265 
-44.020912 193.956696 -94.351883 25.500788 189.161133 -46.617790 -35.363827 169.413391 -50.986217 51.563412 170.739609 -14.256288               1283 
-44.560154 186.644272 -100.490974 24.978230 185.549454 -51.495796 -35.975754 164.358383 -54.886471 50.936619 169.670990 -17.733147               1301 
-44.965088 179.506851 -104.870750 24.608360 182.382248 -55.381462 -36.413349 159.905823 -57.175171 50.506813 169.539688 -20.306993               1319 
-46.591339 171.941040 -109.035370 23.406364 178.005798 -59.859177 -37.680218 154.676865 -59.564194 49.362808 168.166901 -23.868359               1337 
-47.009277 165.830200 -112.518288 22.420649 175.078690 -62.623520 -37.932999 149.138977 -62.183922 48.346428 167.070206 -26.159868               1355 
-47.674213 162.086243 -116.502396 20.958248 172.195480 -65.437614 -38.863529 144.622086 -66.024277 46.540371 164.446686 -28.676340               1373 
-47.614838 155.260193 -119.022331 20.050331 169.561142 -67.014397 -37.492821 137.256027 -67.815773 45.857342 164.041672 -30.008810               1391 
-49.940353 147.197388 -121.307663 18.016151 165.375793 -70.670090 -38.111996 130.528442 -69.610756 44.496616 162.113297 -33.873070               1409 
-50.933903 145.645645 -122.913048 17.356110 163.875763 -72.241676 -37.737869 127.527061 -70.834297 44.128876 161.291687 -35.602604               1427 
-49.977539 143.525894 -125.744026 17.376431 163.510178 -73.548286 -35.706890 124.609245 -71.909622 43.507126 163.510040 -36.358681               1446 
-50.098278 141.556519 -129.332062 16.480549 162.296066 -75.632607 -35.107216 121.875809 -74.573227 41.726967 163.788284 -37.866596               1464 
-52.151634 138.042114 -131.575272 15.099558 160.367920 -79.336075 -35.649132 119.596642 -77.094780 40.803291 162.994614 -41.942245               1482 
-53.489117 132.521362 -135.603516 13.922515 156.788071 -84.414330 -37.754128 118.140915 -79.911789 39.147964 161.877289 -46.948929               1500 
-54.556507 136.065948 -137.338135 13.730522 157.626968 -86.005135 -37.664680 119.158562 -82.740402 39.374027 161.217575 -48.650105               1518 
-56.067181 140.219742 -136.431717 14.222999 159.338013 -86.855621 -36.388470 121.040321 -83.717270 41.089428 161.644562 -50.266624               1536 
-55.738327 142.455673 -139.238708 14.217982 161.125854 -89.015373 -35.054924 121.981483 -87.431793 40.864540 163.052475 -52.244068               1554 
-55.419014 150.345428 -142.323914 15.265232 165.853256 -92.015297 -34.386898 127.721733 -91.551239 42.108669 166.196274 -55.338436               1572 
-51.665176 154.223053 -146.093903 18.125093 170.280930 -94.702431 -32.572693 134.038788 -93.762665 43.919861 171.981537 -57.317703               1590 
-36.691963 151.895691 -157.949570 23.326668 169.503906 -95.792480 -30.120277 138.212296 -101.021812 41.566029 174.495911 -54.461067               1608 
-23.525709 147.747589 -163.289474 28.465263 167.174606 -94.630310 -26.594095 140.455444 -105.222862 41.120216 175.274109 -51.733574               1626 
-20.460081 156.028976 -167.624084 31.481960 167.571869 -97.026031 -25.233082 146.046844 -110.070229 43.942291 172.499557 -53.594036               1644 
-17.301981 159.493835 -169.621841 34.576122 166.894104 -98.306572 -23.443378 149.794601 -112.221466 46.971367 170.734787 -54.746418               1662 
-16.041634 165.041382 -171.655457 36.475693 166.301346 -100.344238 -22.832119 154.844299 -114.421837 49.343330 168.213379 -56.793716               1681 
-14.449823 168.815796 -173.915192 37.544857 166.036774 -102.215179 -22.181126 158.757919 -116.902443 50.232651 166.822113 -58.577087               1699 
-11.746678 178.970108 -185.925171 37.679134 164.300964 -113.725212 -22.042618 165.922577 -129.732208 49.432392 160.533752 -69.981079               1717 
-10.521362 175.350204 -184.856598 40.179893 159.693726 -113.638901 -19.360701 169.094482 -127.098305 53.864655 158.246201 -70.320175               1735 
-5.572125 175.094193 -184.817123 42.980930 157.398514 -112.391968 -15.488927 171.101105 -126.529366 56.418720 156.334106 -68.984909               1753 
-6.638696 170.346298 -185.344940 43.825130 155.360672 -113.311584 -14.648162 170.183823 -125.881248 59.335289 156.731827 -70.609894               1771 
-7.698102 165.738358 -185.653854 43.803303 152.940689 -113.650642 -14.217978 169.631897 -125.825455 60.770203 156.287857 -71.617317               1789 
-6.373521 164.503784 -186.619095 44.473049 150.412430 -114.094315 -12.784254 169.570908 -126.434990 61.980698 153.677261 -72.276817               1807 
-10.289180 153.246994 -179.930893 44.803371 139.589615 -110.299805 -9.332280 168.063858 -121.474358 66.628006 144.692276 -70.758331               1825 
-9.717371 150.401184 -181.763031 43.951881 138.575256 -110.587601 -9.270162 168.927750 -124.722687 64.906166 144.629379 -70.710976               1843 
-9.395361 150.181183 -182.186081 43.902065 138.466110 -110.631828 -8.693294 170.367264 -125.785080 64.728218 144.617889 -70.703056               1861 
-10.147982 150.332596 -182.042160 43.349636 138.005676 -110.711761 -8.735139 171.147507 -126.035362 64.354942 143.892303 -70.836899               1879 
-15.132786 149.948441 -177.123352 36.411552 131.392685 -105.675285 -7.283733 174.356186 -123.189667 59.385994 135.450607 -66.667740               1897 
-13.764605 155.027161 -179.785583 35.281555 133.182938 -107.476303 -8.379685 176.369156 -124.366325 56.712059 135.406204 -67.455429               1916 
-7.136881 157.571411 -182.406616 41.278019 137.839737 -109.024376 -7.685633 175.032715 -125.447380 60.298626 140.246902 -67.813919               1934 
-2.338720 166.958633 -181.558289 43.246475 142.305756 -107.799492 -8.130331 176.206940 -123.130409 59.458103 141.132568 -65.353210               1952 
-2.985669 169.859833 -180.961594 43.993866 143.924347 -108.461853 -9.104899 175.038834 -122.204590 60.478291 141.615784 -66.167480               1970 
-4.661218 169.928757 -180.533432 43.779713 144.624283 -108.716736 -10.472317 173.592285 -121.734550 60.732792 142.384415 -66.604317               1988 
-12.099579 160.097076 -179.236801 41.922825 142.578537 -109.050049 -13.742990 169.259216 -120.855766 61.893776 144.696213 -68.275589               2006 
21.224846 223.009796 -213.838470 17.758020 177.210327 -135.748917 14.131463 156.132797 -176.673813 22.503555 155.529495 -96.084045               2024 
36.110683 228.037827 -194.516449 20.072960 168.525879 -128.118362 18.193726 156.428085 -172.579315 18.528564 139.045425 -93.558289               2042 
28.902021 225.748840 -194.087265 17.672384 167.408386 -125.692291 12.740603 154.518875 -169.696823 18.610422 138.545517 -90.593353               2060 
33.655430 221.864670 -183.450867 18.010323 159.217834 -119.904106 7.110001 152.204559 -164.167007 16.741732 126.981651 -87.886932               2078 
50.384224 234.457932 -129.868423 22.023569 153.477005 -100.793472 19.152575 165.762054 -145.159805 14.221602 111.431511 -85.392647               2096 
-72.238228 139.821930 -112.379463 15.924799 135.208679 -98.757149 -6.714024 162.533722 -130.974197 60.334442 139.495041 -90.080139               2115 
-61.658558 126.604813 -164.075882 10.398902 134.164246 -112.720856 -5.407125 162.803421 -149.991821 45.829430 146.335312 -86.983276               2132 
-65.537231 117.687340 -162.720551 5.190463 127.390984 -110.041039 -11.689408 155.166443 -148.985504 40.471519 141.242722 -84.956062               2151 
-71.253151 118.531380 -160.097992 0.576302 126.420235 -108.651672 -15.932956 153.825378 -148.902390 37.155407 139.427719 -85.015800               2169 
-53.177834 131.331009 -192.621719 3.337281 136.833908 -124.484001 -4.261810 167.228958 -165.755844 32.513107 148.897781 -91.786690               2187 
-47.417709 135.254257 -201.026199 4.123398 139.798935 -128.991852 -1.461444 171.457581 -170.131058 30.864744 151.506821 -94.153572               2205 
-42.755558 134.593750 -207.201309 3.442473 140.000549 -131.689972 -1.518150 172.820419 -172.799988 27.204428 152.270874 -94.938263               2223 
-37.794266 135.682144 -213.533417 3.172844 140.736496 -135.040451 -1.713478 175.291107 -175.560196 23.909536 152.949875 -96.482666               2241 
-34.990360 137.452576 -216.723068 2.988947 140.988876 -136.662292 -1.995840 177.101669 -176.497879 22.046108 152.524109 -97.043579               2259 
-34.971508 136.949371 -217.530609 2.786072 140.987946 -137.390335 -4.197399 177.535538 -177.155975 21.483715 152.829712 -97.690834               2277 
-29.834745 139.241333 -221.266617 2.983262 140.654922 -138.894287 -3.201805 178.778336 -177.878281 19.165007 151.239044 -97.760262               2295 
-26.416477 144.448578 -225.085556 2.716552 141.620407 -141.375641 -8.307414 182.531738 -177.604889 16.333794 150.061310 -98.840927               2313 
-23.990232 149.583664 -227.160049 2.762847 142.401505 -142.918335 -10.854498 185.367065 -176.972366 14.851410 148.611084 -99.545677               2331 
-22.959452 156.496674 -227.249496 2.707213 141.719559 -143.662643 -13.628716 187.371384 -173.362732 13.736964 143.907257 -99.623589               2349 
-25.447481 157.985657 -226.160294 2.687323 141.072266 -143.781784 -15.337806 187.192139 -171.612579 14.633367 142.056290 -99.938835               2367 
-27.291149 157.989456 -225.304611 2.858604 140.762802 -143.707748 -16.263958 186.892654 -170.870560 15.563403 141.510437 -100.073952               2386 
-28.195837 158.434418 -224.754837 2.762573 140.492050 -143.616440 -15.439443 186.816238 -170.372864 15.720686 140.822800 -100.052032               2404 
-32.090900 161.564224 -221.745224 2.392717 139.877563 -142.978134 -15.289705 187.246841 -167.004150 16.998716 138.110413 -99.973228               2422 
-37.442059 160.903534 -218.491791 2.479113 139.072449 -142.378052 -15.858542 186.282852 -164.960861 19.642494 137.062225 -100.339287               2440 
-42.344227 160.855148 -215.431396 2.092488 138.876526 -141.906952 -13.036966 186.035309 -164.007385 21.448153 136.650085 -100.842590               2458 
-31.275331 172.777039 -208.398315 8.096781 139.149551 -136.408783 -5.284768 189.249710 -150.927078 23.945318 129.945175 -94.815720               2476 
-27.149834 182.356384 -204.236465 10.509457 143.658493 -133.948944 -1.100160 194.810287 -145.720581 25.514254 131.785751 -92.720634               2494 
-21.258072 184.606995 -203.764679 13.581261 145.523651 -132.408279 2.554290 196.538055 -144.594986 26.858900 133.750076 -90.563721               2512 
-30.897476 161.132721 -207.972260 14.362537 142.455002 -134.356674 -7.837082 187.226700 -153.640350 31.468718 141.091736 -92.268677               2530 
-33.795681 139.963333 -208.125458 15.071734 139.880737 -134.518219 -16.069801 176.393585 -158.332321 32.471836 147.372223 -93.202431               2548 
-33.491318 132.897751 -207.123886 14.219187 138.334702 -133.008499 -17.703541 172.473953 -159.461823 30.730305 148.809494 -91.977516               2566 
-33.488846 129.691330 -206.423553 13.677622 137.648148 -132.222900 -18.917713 170.549622 -159.841080 29.758093 149.519775 -91.401794               2584 
-38.446930 214.077728 -188.049881 0.837100 163.904068 -125.293709 2.966960 158.106384 -176.879776 29.257450 140.012604 -99.076118               2602 
-20.628035 219.252609 -199.061020 -6.228444 172.519623 -123.170296 1.854824 155.074585 -170.734436 10.643482 148.900635 -88.193718               2621 
-22.053045 215.509552 -201.062988 -11.697212 177.563568 -119.493591 0.424775 155.050766 -163.869629 3.373322 158.911194 -80.882095               2639 
-24.585199 210.503357 -200.136337 -13.799521 182.025650 -114.734161 -3.002815 153.988953 -156.119003 1.448730 167.791840 -74.351379               2657 
-9.659499 217.041351 -191.170837 -13.379224 188.120453 -105.239883 -0.318697 158.730896 -144.919601 -5.212565 172.704559 -63.269230               2675 
20.992119 164.439072 -153.022324 -8.031265 195.861740 -97.994621 10.181408 157.041809 -125.610855 -10.506650 191.035843 -52.867432               2693 
25.929432 149.817368 -104.486160 -2.442976 192.033981 -94.590492 17.459644 148.653641 -111.767014 -11.928273 195.106384 -50.245605               2711 
22.552782 155.982864 -88.646545 -1.011765 191.053650 -93.718666 18.312471 146.652603 -107.971886 -12.157591 196.137848 -49.948799               2729 
20.788980 159.123627 -73.116684 -1.496094 192.701447 -81.787666 17.525524 147.763046 -94.328468 -13.602427 198.978745 -38.429714               2747 
4.690942 214.848007 -93.764153 26.078016 189.806030 -25.623199 23.480783 154.482224 -65.488602 45.514782 175.328094 12.827822               2765 
-14.154249 227.763107 -68.923843 29.857046 187.917892 -4.545755 13.624734 153.290451 -45.012344 57.826569 170.173065 26.578300               2783 
-17.791391 230.859909 -51.879883 30.730513 186.199173 8.077747 8.991653 152.665894 -32.600948 60.515739 166.353302 36.093124               2801 
-17.053183 232.681992 -36.143883 32.758457 184.028473 19.974628 7.437320 152.421188 -21.143780 63.102734 162.085007 45.734852               2819 
-15.032942 232.077072 -24.466429 34.657440 180.949402 29.660486 7.308608 150.795578 -11.650404 64.932167 157.618256 54.256790               2837 
-13.775754 228.168808 -15.543946 36.232750 177.577591 38.842903 9.026381 147.287323 -2.626328 66.644608 154.477676 63.488247               2855 
-13.050816 225.132172 -8.387526 37.691269 174.874207 45.657841 10.086464 144.640503 4.542429 68.427635 151.860275 69.978912               2874 
-4.626853 168.785583 0.067276 38.896221 171.916702 52.674599 12.126403 143.013382 10.327116 69.654274 148.395859 76.477791               2892 
-3.247692 154.515701 6.730802 39.355305 168.744720 59.008881 13.080306 141.450607 15.625840 70.513306 144.749481 81.796768               2910 
-3.047601 149.399170 12.024711 39.630127 166.120697 63.881493 14.197458 139.237564 20.176613 71.369225 142.565491 86.323898               2928 
-3.407676 147.186218 15.533697 39.735149 164.602966 66.880936 14.733393 138.270935 23.024397 72.107307 141.321152 88.695610               2946 
-2.373131 146.105377 18.312302 40.601746 162.822723 70.067513 16.298460 137.709885 25.602964 72.948456 139.198105 91.548851               2964 
-1.298800 146.074173 20.940496 40.814644 161.283646 73.874802 17.775848 137.952271 28.192486 72.750595 136.977737 95.210175               2982 
-0.771337 145.637039 22.124950 40.622704 160.116302 75.839775 18.663965 137.897659 29.460819 72.533638 135.625153 97.000008               3000 
-0.948140 145.404343 23.475330 40.711136 159.525482 77.091843 18.928862 138.106033 30.607004 73.079895 135.063522 97.579803               3018 
-1.441188 145.082275 24.558382 40.408314 159.189636 78.039917 18.859676 138.297394 31.543945 73.239441 134.926163 98.021935               3036 
-1.729758 145.177673 25.206417 40.145344 158.916229 78.772392 18.914768 138.787704 32.159115 73.231941 134.647888 98.322449               3054 
-1.928100 145.243027 25.650728 40.015347 158.698685 79.242500 18.992044 139.203903 32.625217 73.277756 134.408218 98.463989               3072 
-2.436664 144.984009 26.123749 39.798275 158.600189 79.452003 18.824848 139.427444 33.094856 73.343895 134.469131 98.379860               3090 
-2.844626 145.010483 26.513577 39.683613 158.651337 79.607925 18.724266 139.850128 33.548931 73.395920 134.559494 98.287949               3109 
-3.334364 145.323975 27.111517 39.623875 158.626251 79.950417 18.527266 140.358795 34.093651 73.431862 134.371735 98.242996               3127 
-3.930512 145.292023 27.717373 39.584545 158.435654 80.143677 18.207594 140.498169 34.603977 73.596466 134.127151 97.980881               3145 
-4.487777 145.279068 28.301716 39.543777 158.261047 80.340210 17.945238 140.688080 35.106499 73.726646 133.888458 97.758270               3163 
-5.163912 145.333771 29.140045 39.545338 157.875473 80.710831 17.531225 140.826843 35.729527 73.883736 133.304123 97.533524               3181 
-5.701798 145.268875 29.849918 39.507877 157.505325 81.060448 17.180841 140.821182 36.263275 73.987381 132.815414 97.414406               3199 
-6.028144 144.907013 30.382961 39.459770 157.162277 81.345711 16.999716 140.561218 36.678173 74.066071 132.500000 97.471947               3217 
-6.542058 144.719086 30.883369 39.438076 156.800354 81.447853 16.649973 140.412262 36.992897 74.209846 132.086670 97.133438               3235 
-7.090124 144.750061 31.254850 39.380882 156.161514 81.528618 16.284288 140.304962 37.247654 74.249130 131.200272 96.595856               3253 
-7.513688 144.755966 31.451395 39.320290 155.803055 81.472153 16.036478 140.112106 37.459080 74.206825 130.663239 96.196251               3271 
-9.615911 144.220505 32.378670 39.798531 151.935913 80.508804 14.037263 138.077789 37.663372 73.555038 124.516014 93.719681               3289 
-9.743694 143.965103 32.180519 39.561073 151.714310 80.420425 14.014328 137.774521 37.768276 73.140320 124.201324 93.887039               3307 
-9.958169 143.602905 32.033676 39.292690 151.756332 80.264709 13.947545 137.528336 37.893219 72.919098 124.395416 93.922119               3326 
-9.876233 143.439011 31.764481 39.193119 151.772263 80.152039 14.031209 137.379807 38.056343 72.797318 124.479118 93.998413               3344 
-9.826427 143.332245 31.720081 39.158028 151.804886 80.171822 14.103105 137.333862 38.125599 72.759644 124.563301 94.125565               3362 
-9.981081 143.083023 31.715282 38.884403 151.735748 80.257500 13.977731 137.152252 38.246254 72.483994 124.564789 94.353127               3380 
-10.620842 142.305115 31.824358 38.373180 151.750870 80.090553 13.477894 136.574570 38.469437 72.201347 124.934334 94.317566               3398 
-11.204008 141.728439 32.011875 37.894451 151.636307 80.080948 13.020336 136.093231 38.845245 71.867546 125.028770 94.354965               3416 
-11.513836 141.381058 32.150791 37.675007 151.567581 80.070969 12.776861 135.782364 39.142292 71.728783 125.075882 94.368172               3434 
-11.851566 140.989365 32.410648 37.406281 151.511307 80.189163 12.483822 135.477081 39.473568 71.530731 125.150528 94.559662               3452 
-12.194916 140.698227 32.675861 37.109631 151.503250 80.344711 12.175668 135.266342 39.807980 71.275192 125.243393 94.802017               3470 
-12.621244 140.311630 33.033325 36.849518 151.474701 80.448547 11.806284 134.972916 40.187340 71.134796 125.366547 94.897209               3488 
-13.018466 139.997955 33.400707 36.594555 151.416595 80.607651 11.459635 134.756058 40.563114 70.981903 125.422585 95.019508               3506 
-13.222083 139.957443 33.745293 36.432079 151.390839 80.907005 11.253213 134.709366 40.953369 70.746170 125.343689 95.397285               3524 
-13.513306 139.949127 34.213688 36.323261 151.241470 81.218292 10.967100 134.660110 41.378815 70.580879 125.076836 95.630325               3543 
-13.822113 139.992279 34.639000 36.191238 151.187225 81.480354 10.665206 134.658966 41.768921 70.388840 124.918045 95.844688               3561 
-14.063937 140.017838 34.985313 36.089165 151.139969 81.695869 10.428041 134.664810 42.091454 70.245140 124.793236 96.017120               3579 
-14.324204 140.019501 35.311142 35.980362 151.127106 81.863426 10.176303 134.670181 42.372150 70.129784 124.740845 96.127426               3597 
