-1.939329 136.272171 75.862068 6.844255 184.449783 81.008026 -11.591676 181.302399 138.654251 56.770542 181.027542 71.741135                  0 
-1.991753 136.288208 75.847801 6.896764 184.469604 81.015030 -11.528863 181.252670 138.650040 56.818604 181.069611 71.716049                  9 
-1.434016 136.338028 76.290627 7.029312 184.663330 81.045776 -11.478482 181.753738 138.661407 56.996990 181.671539 71.853317                 18 
-0.804174 136.266663 76.958664 7.083982 184.812103 81.049706 -11.654209 182.471436 138.607498 57.127861 182.379532 72.110252                 27 
-0.398190 136.193115 77.459785 7.106095 184.915787 81.087799 -11.797187 182.952072 138.597061 57.199352 182.922562 72.317741                 37 
-0.050265 136.150620 77.850250 7.123090 184.995483 81.117073 -11.908118 183.314285 138.585388 57.250286 183.343735 72.470856                 46 
-0.087224 136.028107 78.177391 7.138042 185.065598 81.142830 -12.006606 183.627213 138.572372 57.292179 183.716843 72.600899                 55 
0.046467 135.958862 78.454063 7.150451 185.123779 81.164200 -12.089061 183.882507 138.559555 57.324852 184.028198 72.705467                 64 
0.046834 135.866013 78.693680 7.161203 185.174210 81.182724 -12.161203 184.100098 138.546829 57.351620 184.299179 72.793587                 73 
-0.103322 135.690659 78.872864 7.170495 185.217773 81.198730 -12.224153 184.285156 138.534561 57.373585 184.534180 72.867851                 82 
-0.091257 135.387650 78.930992 7.497261 185.211929 81.265327 -12.677927 184.380157 138.326538 57.809940 184.667694 73.612915                 92 
0.011481 135.223175 78.937057 7.929840 185.247284 81.026360 -12.344926 185.173782 137.786880 58.273457 184.676224 73.582222                101 
-0.184375 135.072296 78.942825 8.012114 185.276871 80.967628 -12.147285 185.660690 137.516373 58.357624 184.772339 73.531494                110 
-0.544694 134.896545 78.932289 8.061340 185.294556 80.932487 -12.016487 185.991501 137.331436 58.407921 184.829849 73.500992                120 
-0.642068 134.886139 78.884300 8.171943 185.514206 80.998672 -11.826513 186.201523 137.298950 58.517513 185.328278 73.548157                129 
-0.558551 134.919281 78.842857 8.268144 185.705246 81.056236 -11.667505 186.368866 137.279495 58.611687 185.761795 73.589928                138 
-0.580186 134.914551 78.805634 8.340049 185.848038 81.099266 -11.547241 186.500778 137.261322 58.681374 186.085815 73.621597                147 
-0.655284 134.876450 78.765320 8.396971 185.961075 81.133324 -11.450355 186.612167 137.243179 58.736118 186.342300 73.646950                157 
-0.824562 134.859894 78.633408 8.371049 186.044144 81.078033 -11.304184 186.687790 137.193085 58.690250 186.470810 73.461143                166 
-0.981876 134.872940 78.557869 8.310896 186.136078 80.980621 -11.209417 186.861511 137.101974 58.611580 186.593262 73.244133                175 
-0.786809 135.036636 78.343117 8.556875 186.417328 81.108971 -10.686595 186.742523 137.288879 58.819252 187.106796 73.144089                184 
-0.904334 135.426010 77.787323 8.762482 186.854156 81.136871 -10.146394 186.593811 137.392899 58.980228 187.564819 72.897095                193 
0.170400 135.882828 77.698746 9.596127 187.526901 80.996552 -9.080874 187.200119 137.296829 59.773460 188.693954 72.564804                203 
0.598881 136.348053 77.588264 10.099422 188.212540 80.814224 -8.573855 187.977753 137.086029 60.272484 189.593079 72.389313                212 
0.442305 136.658478 77.523666 10.269975 188.715515 80.822075 -8.454646 188.509613 137.051285 60.452030 190.110580 72.453300                221 
0.351777 136.834381 77.465446 10.381025 189.042999 80.827194 -8.373625 188.868027 137.022217 60.568897 190.447525 72.494965                230 
0.264219 136.930145 77.410385 10.459422 189.274200 80.830803 -8.313726 189.130676 136.996567 60.651382 190.685394 72.524376                240 
0.272978 137.029358 77.305977 10.579288 189.523773 80.660370 -8.241098 189.526917 136.790802 60.778088 190.965469 72.400635                249 
0.343479 136.938492 77.461807 10.697412 189.650269 80.775108 -8.175814 189.750046 136.868301 60.900265 191.236786 72.566719                258 
0.365840 136.825348 77.567604 10.791260 189.750778 80.866272 -8.122881 189.930786 136.927704 60.996914 191.452560 72.698189                267 
0.313094 136.699081 77.637009 10.863217 189.827850 80.936165 -7.455707 191.347931 136.986298 61.070763 191.618118 72.798706                276 
0.205572 136.570175 77.689560 10.922385 189.891220 80.993637 -6.908362 192.520264 137.032410 61.131325 191.754333 72.881157                286 
0.104052 136.467239 77.733185 10.969344 189.941498 81.039253 -6.578213 193.240967 137.067749 61.179283 191.862488 72.946480                295 
-0.023986 136.348938 77.760658 11.009720 189.984741 81.078468 -6.358331 193.731018 137.097534 61.220444 191.955505 73.002556                304 
-0.060223 136.271606 77.787178 11.044077 190.021545 81.111847 -6.199943 194.090057 137.122574 61.255413 192.034698 73.050201                313 
-0.201873 136.149078 77.795372 11.073568 190.053131 81.140488 -5.625735 195.309479 137.183105 61.285393 192.102692 73.091064                323 
-0.257480 136.075089 77.810547 11.099271 190.080658 81.165459 -5.173531 196.275787 137.231842 61.311485 192.161957 73.126633                332 
-0.229572 136.059479 77.817902 11.122435 190.120926 81.145073 -4.902215 196.928223 137.232574 61.335602 192.233627 73.120399                341 
-0.388781 135.953384 77.800392 11.143835 190.158127 81.126244 -4.718720 197.390625 137.224686 61.357849 192.299881 73.114586                350 
-0.707135 135.825806 77.795235 11.117261 190.200638 81.072937 -4.650339 197.791687 137.165665 61.333614 192.371521 73.083801                359 
-0.642043 135.927170 77.617760 11.234597 190.401672 81.125404 -4.500987 197.973419 137.242233 61.453892 192.701401 73.190994                369 
-0.562215 136.021729 77.465706 11.335202 190.574051 81.170387 -4.699414 198.580170 134.444016 61.556828 192.984024 73.283585                378 
-0.665451 136.024612 77.331490 11.412859 190.707108 81.205109 -4.754910 199.123764 131.577667 61.636162 193.202011 73.355492                387 
-1.082330 135.923538 77.212914 11.474099 190.812042 81.232498 -4.732452 199.379715 129.535309 61.698647 193.373840 73.412453                396 
-1.536620 135.809158 77.117516 11.522037 190.894165 81.253929 -4.725328 199.412888 128.021942 61.747513 193.508270 73.457207                405 
-1.619010 135.639267 77.114571 11.575835 190.919464 81.330780 -4.757022 199.296432 126.879242 61.794964 193.739990 73.565170                415 
-1.718907 135.487762 77.111389 11.621433 190.940887 81.395912 -4.854124 199.181763 126.116333 61.834541 193.936386 73.656921                424 
-1.019595 135.974365 77.721611 11.983913 191.713181 81.326279 -5.458543 199.809387 124.814743 62.255337 195.088760 74.142204                433 
-0.610531 136.053726 78.053497 12.190643 192.036621 81.359673 -6.472668 198.078064 123.496559 62.476299 195.754959 74.449677                442 
-0.755703 135.927490 78.067047 12.179646 192.039230 81.369713 -6.786090 197.421127 122.857574 62.468246 195.847229 74.530334                452 
-0.992935 135.795380 78.037849 12.179197 192.039658 81.369125 -6.877493 197.197449 122.557175 62.468243 195.866058 74.543297                461 
-1.025401 135.579422 78.016632 12.183491 191.980652 81.371635 -7.007055 196.919571 122.246696 62.467102 195.988998 74.610542                470 
-1.053027 135.381027 78.001976 12.187683 191.923019 81.374092 -7.053555 196.830551 121.976158 62.465256 196.109100 74.676071                480 
-1.022936 135.215164 77.976753 12.151774 191.882965 81.312263 -7.552116 195.569565 121.051331 62.425587 196.264328 74.711609                489 
-0.571790 134.564743 78.098587 11.992960 191.523254 81.043983 -8.204556 194.967606 120.244431 62.251781 196.547394 74.796577                498 
-0.477498 133.990738 78.204163 11.865820 191.235275 80.829208 -8.645948 194.650299 119.808563 62.103325 196.779068 74.855888                507 
-0.460874 133.574890 78.275047 11.778209 191.036819 80.681213 -8.934365 194.473969 119.534935 61.996204 196.941086 74.892097                516 
-0.850120 133.279617 78.426895 11.702128 190.939453 80.589973 -9.218960 194.587784 119.271950 61.924198 197.015198 75.017723                525 
-0.998759 133.080429 78.541336 11.643524 190.864441 80.519691 -9.444123 194.731323 119.078033 61.867340 197.073959 75.113091                535 
-1.101182 132.803574 78.804443 11.613243 190.743332 80.508713 -9.689415 194.723984 118.919006 61.835545 197.130859 75.298996                544 
-1.163530 132.575974 79.285667 11.655869 190.645264 80.554993 -9.946133 194.675735 118.705788 61.879910 197.156052 75.517517                553 
-2.132884 131.868073 81.657143 11.774038 189.960892 80.909569 -11.019991 195.485626 118.087608 62.167641 195.980896 77.106216                563 
-3.060822 131.401443 83.411362 11.861957 189.451721 81.173370 -11.812737 196.042328 117.553612 62.352051 195.178192 78.313507                572 
-4.199387 131.168137 84.545250 11.981431 189.085205 81.413536 -12.183168 196.411346 117.272774 62.548882 194.364975 79.116096                581 
-4.840545 131.029816 85.310081 12.063831 188.832443 81.579178 -12.446989 196.633148 117.053947 62.677635 193.817566 79.678482                590 
-5.201899 130.949387 85.816193 12.118969 188.663300 81.690010 -12.631047 196.758469 116.892548 62.760590 193.457626 80.058479                600 
-5.518478 130.902618 86.193291 12.160302 188.536499 81.773102 -12.774700 196.836548 116.762138 62.821095 193.191208 80.345154                609 
-5.684218 130.871109 86.501137 12.193932 188.433334 81.840706 -12.895760 196.888702 116.649597 62.869263 192.976624 80.579475                618 
-6.020129 130.984192 86.582130 12.185470 188.424377 81.778831 -12.978823 197.047089 116.466873 62.885418 192.714737 80.625954                627 
-6.190928 131.203094 86.956108 12.318056 188.488083 81.767136 -12.922230 197.411285 116.298218 63.039314 192.543518 80.704773                636 
-6.425278 131.762131 87.193382 12.729329 188.784622 81.824760 -12.708665 198.094421 116.084633 63.495995 192.317245 81.126610                646 
-6.268220 131.972061 86.845970 13.492634 188.756760 81.902977 -12.186484 198.114304 115.950432 64.296501 191.779922 81.681816                655 
-6.223265 132.327347 86.539429 13.917914 188.811234 81.730698 -11.845275 198.288040 115.662170 64.746979 191.385605 81.726189                664 
-6.685700 132.110855 85.682831 13.883145 188.227478 81.140518 -11.292430 197.684952 115.524139 64.737053 190.134628 80.459404                673 
-6.038966 131.302505 84.356911 14.202645 187.448563 80.590317 -10.944167 196.318436 115.159523 65.049171 189.521027 79.844284                682 
-6.162250 130.048309 82.839439 14.248636 186.016663 80.030914 -10.785251 194.412720 114.807655 65.105865 187.780960 79.224411                692 
-6.160681 130.190948 82.990952 14.162103 186.071991 80.012901 -11.018820 194.309143 114.666000 65.019882 187.839233 79.248611                701 
-6.207558 130.276245 83.091454 14.100236 186.111557 80.000023 -11.423260 193.631699 114.419823 64.958382 187.881058 79.265869                710 
-6.217475 130.318420 83.175629 14.090693 186.124619 80.003265 -11.689316 193.075989 114.251625 64.949127 187.888351 79.275452                719 
-6.165585 130.422150 83.271828 14.082683 186.135574 80.005981 -11.874516 192.703110 114.135323 64.941360 187.894485 79.283493                729 
-6.495629 130.721375 83.822517 14.107177 186.252319 80.046188 -11.923326 192.925751 114.058632 64.972961 187.768692 79.275665                738 
-8.499685 133.272217 87.524818 14.900780 187.302444 80.189491 -10.573990 197.155975 113.821106 65.770027 186.183472 79.054283                747 
-13.503122 134.901398 86.070992 16.307100 185.678192 78.939339 -6.612465 197.636017 113.686363 66.550148 178.184464 75.824669                757 
-14.904912 135.939163 86.352570 16.319044 185.781342 78.931664 -6.060217 198.283356 113.823402 66.297852 176.834671 75.424980                766 
-16.632113 136.946655 86.186104 16.072777 185.764709 78.834442 -5.605920 198.545197 114.052773 65.698318 175.255081 74.702263                775 
-18.279167 138.052811 85.936089 15.897232 185.746124 78.511871 -4.915642 198.820938 114.131485 65.079735 173.627640 73.567680                784 
-20.414259 139.388229 85.750412 15.486666 185.693695 78.084656 -4.395216 199.287552 114.031395 64.089615 171.700317 72.413689                793 
-23.923647 142.597351 85.688026 14.098880 186.891068 76.727364 -4.911854 202.155640 112.466599 61.935410 170.462860 71.070412                803 
-27.360506 147.154800 85.216965 13.035615 188.697983 74.036949 -4.494403 206.315262 109.442871 59.710560 169.235016 68.304291                812 
-30.200163 149.959030 80.997704 11.494419 190.232941 70.431282 -6.551888 208.690323 105.136925 57.758480 169.451706 66.188797                821 
-32.694855 152.663055 78.804703 10.271731 191.370728 67.613174 -8.363539 211.839859 100.843002 56.109116 169.332123 65.754349                830 
-34.471554 153.309952 75.668060 8.802602 192.261948 66.868942 -11.121943 211.965927 99.807167 54.716339 170.313370 66.228622                839 
-35.309345 153.782806 70.798241 7.911024 193.404007 65.526573 -13.688106 211.490738 98.332359 54.045689 171.919327 65.998245                849 
-34.085991 155.050598 68.347923 8.819389 194.871994 63.386108 -13.344417 212.955521 95.810822 55.072861 173.671143 64.552917                858 
-35.934162 158.488205 61.350582 8.007437 197.387772 60.026566 -15.205007 214.563156 92.206917 53.665863 175.016602 62.275982                867 
-37.461323 163.293503 57.951309 6.333472 201.761169 51.097286 -18.720800 224.710648 77.832573 51.887688 181.001007 60.265194                876 
-35.713856 164.994492 58.106621 6.852139 203.620773 46.301575 -18.154778 229.578293 69.994102 53.030937 185.602371 57.837482                885 
-35.246536 166.413040 57.306324 6.852540 203.849640 41.073990 -14.588322 232.322296 62.381527 53.375973 186.742599 52.612652                895 
-39.407471 169.930237 54.664242 2.874261 204.814484 33.974289 -16.480190 235.844986 51.757675 49.339378 188.478394 46.794048                904 
-45.360710 185.862823 46.733593 12.621802 211.868073 29.607849 -33.371559 203.216522 51.417198 56.880379 193.356781 46.599941                913 
-48.038872 194.154449 38.849617 18.141113 211.682053 27.966787 -40.514297 197.104858 48.972294 58.897823 189.599548 48.978077                922 
-49.642494 198.019226 28.713961 20.252949 210.665070 22.860186 -43.115025 197.856522 41.419930 58.311275 186.708420 46.690090                932 
-50.216736 198.159821 20.444689 21.069134 209.205200 18.242865 -43.847984 195.538147 33.644932 57.901928 183.447571 42.119858                941 
-50.691795 197.742737 12.209421 21.090195 207.189835 13.206325 -44.893810 193.749573 25.494583 56.596645 179.821930 37.300125                951 
-51.234001 196.967102 5.358476 20.597002 206.164917 7.192129 -45.743511 192.737259 18.644100 55.759785 178.517883 31.470543                959 
-52.089340 194.722809 -2.943942 19.607735 204.516663 0.948274 -47.007717 190.289078 10.519657 54.385048 176.714874 25.602276                969 
-53.181862 192.237213 -11.671587 18.407516 202.258469 -5.515608 -48.486134 187.489380 2.105054 52.660896 174.145523 19.516151                978 
-53.546154 189.649445 -18.477005 17.885603 200.147919 -11.065735 -49.102180 184.558151 -4.551043 52.054214 171.757858 13.768356                987 
-54.236069 176.260391 -49.872314 15.416744 189.510315 -34.060555 -51.837349 171.458908 -34.545166 47.488579 162.544403 -5.173579               1015 
-53.907879 172.506805 -54.610725 15.157762 187.563766 -37.595692 -51.829067 167.709183 -38.766987 47.505852 161.443863 -8.243130               1024 
-55.540005 180.243423 -76.354149 18.436426 182.671997 -36.275253 -46.634575 156.462479 -36.492222 53.345837 162.831100 -5.003971               1034 
-56.603058 180.297943 -88.684952 19.532413 181.626007 -38.445351 -43.934593 151.502930 -38.355019 55.140472 166.457657 -5.396769               1042 
-55.958591 177.846680 -95.510094 20.612486 180.922455 -40.821762 -41.649281 148.295135 -40.795937 56.224411 168.687134 -6.582761               1052 
-55.003174 175.393478 -100.919350 21.536171 179.975372 -44.006153 -39.784206 145.643463 -43.552967 57.165401 169.894104 -9.089866               1061 
-54.468269 170.963226 -105.369804 21.784857 178.687439 -47.603226 -38.887463 143.294144 -46.253670 57.357758 170.676819 -12.098016               1070 
-53.667530 165.145981 -109.262489 21.729765 177.081161 -50.707195 -37.632030 139.647903 -48.989090 57.155998 171.486481 -14.597607               1080 
-52.369644 163.008209 -112.288879 22.518806 175.707352 -52.445644 -35.545929 136.691315 -50.317833 57.851460 172.203934 -15.982637               1088 
-53.284859 160.970734 -118.445152 20.465652 173.300842 -56.550880 -37.938892 135.103439 -55.116936 54.756332 170.517532 -19.045900               1098 
-54.371975 154.626953 -122.126083 19.834280 173.311722 -62.187691 -38.243488 135.298630 -56.682323 54.335678 174.610733 -24.795347               1107 
-54.065823 145.428192 -124.585564 19.678091 173.303619 -67.294456 -37.262615 135.261978 -56.858562 53.893242 180.919464 -30.395359               1116 
-55.780861 145.275513 -129.024826 18.777351 171.317276 -71.514687 -38.375660 133.987183 -60.765263 53.302685 178.762909 -34.870655               1125 
-56.024162 147.057419 -133.391281 18.259064 169.068405 -73.589317 -39.188431 131.785095 -65.077377 52.514347 174.682190 -36.369938               1135 
-56.272434 147.870346 -137.192856 17.519293 167.370148 -75.717140 -39.592812 129.340271 -68.783058 51.606182 171.989716 -38.207607               1144 
-56.490211 148.127731 -139.110397 17.611633 166.295364 -77.363022 -39.287292 128.274689 -69.823021 52.057663 171.160492 -40.214367               1153 
-56.498093 144.877884 -140.522614 17.718309 165.569336 -79.209435 -38.619217 127.790627 -69.474831 52.101440 173.216187 -42.473251               1162 
-57.302055 142.362091 -144.055054 16.473162 163.342010 -81.787415 -39.280315 124.947594 -72.151817 50.407467 172.090744 -44.880184               1172 
-57.996456 140.720032 -145.397491 16.460184 162.650787 -83.934151 -38.649536 123.852905 -73.152061 50.682022 172.485153 -47.569710               1181 
-57.983429 140.715317 -146.624588 16.579996 161.510513 -84.580322 -38.510761 123.011826 -74.202835 50.699745 171.345963 -48.120373               1190 
-59.130367 143.080475 -150.222382 15.233500 159.294434 -86.367706 -40.089535 120.607887 -78.616142 49.126278 166.926590 -49.175629               1199 
-62.197479 143.835999 -151.206863 13.605717 157.276917 -88.243797 -41.146141 117.731163 -81.247559 48.268166 163.451752 -51.493191               1209 
-62.243412 146.296509 -152.697861 13.553841 157.021011 -88.984596 -41.148479 117.247978 -83.653900 48.083851 161.972763 -51.925457               1218 
-62.136616 148.855515 -153.566406 13.755455 157.063782 -89.304840 -41.250439 117.671745 -84.968483 48.174950 161.158737 -52.038891               1227 
-63.074654 149.136642 -154.214844 13.450333 156.408493 -90.269585 -41.229622 116.606789 -86.291344 47.990334 160.344772 -53.098152               1236 
-64.098114 149.848633 -154.551376 13.249846 155.693619 -91.054214 -41.354107 115.853439 -87.089333 47.970421 159.512833 -54.039131               1245 
-64.571198 151.452072 -154.960419 13.282495 155.012924 -91.487915 -41.573807 115.566025 -87.802742 48.016411 158.442459 -54.447201               1255 
-65.095894 152.834671 -154.957581 13.194294 154.926331 -91.700531 -41.727646 115.610069 -88.347198 48.016285 157.931870 -54.705708               1264 
-65.277367 153.675552 -155.170517 13.224031 154.470840 -91.995842 -42.113663 115.818275 -88.935120 48.052010 156.945236 -54.967331               1273 
-65.919380 153.177322 -154.850266 13.120869 154.137573 -92.230591 -42.009579 115.317474 -88.992699 48.145050 156.743027 -55.396645               1282 
-50.232716 115.201721 -116.318535 13.246391 153.407928 -93.345024 -41.890015 115.039261 -88.219406 48.275146 157.930359 -56.701401               1292 
-44.619087 106.349648 -103.184357 13.463064 153.563431 -93.585823 -41.690601 115.648010 -88.086212 48.632420 158.377472 -57.114426               1301 
-42.873913 104.254303 -98.423264 13.483206 153.608704 -93.557442 -40.775749 116.194511 -88.941124 48.860611 158.543991 -57.304123               1310 
-41.860886 110.768204 -98.048126 15.366156 158.299286 -92.458923 -39.878914 123.241074 -90.779915 50.690437 159.935928 -55.856503               1320 
-41.926834 114.680023 -99.097206 16.287886 161.149704 -92.604942 -39.375969 127.210640 -92.013794 51.291115 161.925415 -55.667248               1329 
-41.967068 120.418449 -102.437218 17.814962 164.553070 -92.918518 -38.819374 132.501816 -94.704910 52.070213 162.930054 -55.313137               1338 
-41.410271 125.803680 -105.645340 19.572273 167.440552 -93.029175 -38.043964 137.452499 -97.364143 52.694706 163.465149 -54.593231               1347 
-39.193081 126.448463 -104.484894 20.917656 169.455750 -92.698700 -36.104073 138.303543 -96.416748 54.185638 166.811340 -54.273838               1356 
-37.699760 129.730896 -105.057503 22.516983 172.231415 -92.299858 -34.619705 141.443939 -96.795647 55.628925 168.787994 -53.803581               1365 
-33.082268 136.382294 -105.834129 27.061728 177.120773 -89.570984 -30.601301 148.013763 -97.413773 58.385422 171.790817 -49.813736               1375 
-30.026876 140.361908 -106.399689 29.877979 179.978836 -88.456955 -28.097923 152.048523 -98.130409 60.170525 173.520203 -48.072941               1384 
-26.984381 146.771484 -108.521088 32.391106 185.048508 -87.464981 -25.728312 158.284042 -99.708252 61.886826 176.106750 -46.964756               1394 
-24.003094 153.788055 -112.655296 35.080498 189.324600 -87.247345 -23.849232 165.385040 -102.804291 62.550610 177.452454 -46.081024               1402 
-22.341881 154.732239 -107.130692 38.067913 191.131256 -86.942345 -21.531591 167.282059 -98.668709 66.672791 182.417969 -45.759087               1412 
-18.136879 160.762375 -108.751877 41.729424 195.770233 -85.114403 -17.679277 173.065842 -99.581085 69.333664 184.633972 -43.832317               1421 
-15.215284 164.046188 -109.593651 43.829601 198.950119 -84.229820 -15.116627 176.022034 -99.967682 71.527374 186.381683 -43.424324               1430 
-11.171936 169.721634 -110.449226 47.013802 202.843277 -81.801102 -11.547647 180.947830 -100.079956 74.466286 187.004578 -41.980026               1440 
-7.770647 178.730652 -112.489243 50.795242 206.744247 -80.064438 -8.139915 189.030853 -101.413467 76.523277 186.471436 -41.111874               1449 
-5.268640 184.053665 -114.132538 53.149403 210.436050 -80.423637 -5.726221 193.769608 -102.825676 78.273506 188.904099 -41.753555               1458 
-1.680256 188.654053 -114.215187 56.815456 213.902130 -80.014816 -2.095156 198.012787 -102.939362 81.326782 191.874695 -41.230690               1467 
2.258987 189.874435 -112.592110 60.205780 216.106583 -78.395424 1.882272 198.691528 -101.509789 85.241188 194.455933 -39.734089               1476 
7.152085 191.960266 -111.152946 64.655243 218.067215 -76.293770 6.967586 200.225479 -100.428276 89.061150 196.488968 -37.191956               1486 
12.249155 191.898514 -110.225136 68.663498 219.171341 -74.650734 12.041766 199.864288 -99.900742 92.432037 198.563766 -34.643158               1495 
14.889004 194.089661 -110.387939 71.867485 220.156906 -75.056015 15.599426 201.362534 -100.777542 94.680122 199.591782 -34.474243               1504 
17.532839 189.654922 -107.721153 75.360435 218.137970 -76.025620 19.575888 196.800171 -99.605560 98.012444 201.842041 -33.463303               1513 
20.239031 188.565140 -106.372780 78.026573 217.923965 -76.019531 23.948193 194.371490 -99.375999 100.769493 202.987000 -33.009441               1522 
25.334114 184.976730 -103.330399 81.609039 217.342728 -73.863899 29.619282 190.601227 -97.086250 104.418739 204.798004 -30.130972               1531 
30.734734 182.873184 -102.065384 85.112564 216.985199 -72.093918 35.494106 188.400085 -96.412254 107.389259 205.242004 -27.866467               1541 
33.827961 181.278549 -100.986855 87.492149 215.510712 -71.430145 39.271084 186.765228 -96.431885 109.490318 203.700104 -27.081396               1550 
37.335529 179.986176 -100.056145 90.077278 214.707611 -71.020103 43.072300 185.579254 -96.593491 111.655869 203.177444 -26.392300               1559 
41.917328 175.484756 -97.561790 92.649635 213.026291 -69.705803 47.813087 181.329895 -94.965149 114.385078 203.374664 -24.709829               1569 
46.453026 173.147263 -96.221291 94.868202 212.634689 -67.801079 52.135727 179.291321 -93.983368 116.600395 203.318481 -22.732897               1578 
48.672977 170.574417 -93.407249 98.162994 209.318512 -66.403862 55.190479 176.656754 -91.900269 118.863068 201.203949 -20.623060               1587 
54.031807 170.093597 -91.882263 101.220833 211.014877 -64.401222 62.076164 176.111740 -90.938210 120.370804 204.774551 -17.661964               1596 
59.191109 169.660324 -91.272995 104.267159 212.038269 -62.760574 68.828873 175.569504 -90.613297 121.804604 206.827103 -15.268440               1605 
59.927429 168.381744 -91.369034 105.015884 210.564499 -62.957375 71.504051 173.756210 -91.191170 121.651810 205.837387 -15.091711               1615 
62.400639 165.959549 -89.261528 106.345543 209.852219 -61.907494 74.830116 171.497040 -89.644463 123.151924 206.493195 -13.985852               1624 
63.336201 161.572159 -87.590691 106.949242 206.187927 -61.180660 76.256561 167.067139 -88.417587 123.417191 204.011795 -13.073570               1633 
65.854332 157.296127 -85.556335 108.097702 203.918930 -60.652279 78.914597 163.092590 -86.828827 124.606071 203.659576 -12.510534               1643 
67.636726 152.862915 -83.929047 108.786774 201.257111 -60.740479 80.593079 158.918365 -85.552979 125.451401 202.922470 -12.680746               1652 
69.511032 146.834381 -83.463318 109.155823 197.443268 -62.719872 82.125389 153.357300 -85.789070 127.063354 200.972443 -15.211069               1661 
71.015549 143.687866 -82.589432 110.019096 195.241669 -63.302464 83.432076 150.358551 -85.405434 128.596893 199.729996 -16.133175               1670 
70.848724 137.534897 -78.974701 109.933540 190.136490 -63.347801 83.392349 144.005905 -82.631218 128.998291 197.427094 -16.725876               1679 
73.397446 134.945587 -81.266617 110.340553 189.064194 -64.357124 85.741760 142.515411 -85.029831 130.499069 195.321365 -18.046181               1689 
75.044861 132.869293 -81.805618 111.280243 187.351730 -63.676918 87.562469 140.823196 -85.306854 130.886353 193.244629 -17.081902               1698 
76.407944 130.785843 -82.196564 112.167648 185.370071 -63.113731 89.037094 138.979355 -85.581627 131.543472 190.774078 -16.363380               1707 
78.008705 127.774643 -83.721245 112.515282 182.937210 -64.016914 90.504379 136.383026 -87.198105 132.126312 188.032288 -17.329992               1716 
79.140724 118.653740 -79.301552 111.571945 176.516739 -64.383057 91.330833 127.501625 -83.736664 131.358505 185.970398 -18.455486               1726 
79.998718 115.382629 -80.362160 111.784195 173.465439 -64.881989 92.411453 124.219307 -84.501801 129.764664 183.461044 -18.330811               1735 
80.743080 113.690750 -81.762016 112.185814 171.783096 -65.615875 93.225861 122.573936 -85.735626 129.334961 181.672134 -18.729471               1744 
81.238869 108.139214 -79.614098 111.947281 167.375885 -66.458939 93.687233 116.898552 -84.011612 128.079803 180.201340 -19.924328               1753 
80.854713 105.912109 -79.487373 112.171677 165.025375 -67.189445 93.403595 114.447052 -84.016998 128.048615 178.529449 -20.759029               1762 
80.966125 104.635635 -80.132889 112.576530 163.582474 -67.745186 93.755806 113.090073 -84.684502 128.209625 177.075073 -21.228769               1771 
81.215820 101.491989 -79.360664 112.461403 160.811646 -67.797234 94.189766 109.923340 -84.048073 127.552574 175.235855 -21.381502               1781 
81.220360 99.486816 -79.616409 112.376373 158.853287 -67.960274 94.330826 107.938400 -84.328125 127.237556 173.304153 -21.478676               1790 
82.366234 97.644524 -81.511490 112.781265 157.186493 -68.745384 95.460854 106.316139 -86.014412 127.002678 171.149048 -21.915701               1799 
83.298431 97.403183 -84.676193 113.077271 156.567169 -68.959412 96.483650 106.312462 -88.605858 125.902534 168.816376 -21.255213               1809 
83.316711 96.387428 -85.434212 112.835869 155.532669 -69.095329 96.432434 105.385551 -89.315025 125.413902 167.375778 -21.223051               1818 
83.157738 94.354095 -85.846977 112.740746 153.550781 -69.698158 95.706024 103.318787 -89.820007 125.250832 165.567810 -21.851429               1827 
82.699020 92.323647 -85.724876 112.438255 151.440872 -69.457924 94.706261 101.241554 -89.687561 124.466873 163.562958 -21.514328               1836 
82.128357 90.866196 -85.521988 112.368996 149.831696 -69.310600 94.225471 99.750618 -89.478149 124.613258 161.882965 -21.403757               1845 
82.113152 89.590111 -85.601219 112.551308 148.495636 -69.085732 94.194557 98.519836 -89.429146 124.729851 160.389191 -21.122753               1855 
81.971558 88.254524 -86.218445 112.346405 147.051605 -68.734894 94.006012 97.287323 -89.748795 124.061012 158.474304 -20.542454               1864 
81.117493 85.465523 -84.791367 111.723892 144.680801 -68.496819 92.926773 94.548096 -88.440941 124.032043 156.930328 -20.656670               1873 
80.062096 79.446304 -81.618668 110.953575 140.084579 -71.234200 92.056953 88.284744 -86.068680 124.181564 156.709641 -24.986506               1882 
80.351189 76.505966 -81.450478 110.836098 137.854813 -73.623192 94.538094 85.070526 -85.754593 123.571281 156.744125 -28.112421               1891 
80.394127 75.377411 -81.063889 110.912437 136.914505 -74.384216 96.983925 83.704132 -85.044044 123.737732 156.631104 -29.251202               1901 
80.253349 74.636475 -80.965042 110.966904 136.195984 -74.553589 98.316948 82.801552 -84.562912 123.706886 156.189514 -29.518351               1910 
80.081139 74.168884 -81.034164 110.963432 135.739227 -74.598892 98.951286 82.204208 -84.273865 123.685860 155.766434 -29.573658               1919 
79.954132 73.816475 -81.145096 110.947075 135.457748 -74.640480 99.099403 81.869850 -84.183060 123.654472 155.525406 -29.629013               1928 
79.911766 73.309990 -81.334427 111.125420 135.008621 -74.441292 99.463425 81.390633 -83.927582 123.673721 155.041809 -29.369873               1938 
79.805412 72.780090 -81.553017 111.135971 134.612854 -74.396111 99.881699 80.919327 -83.697105 123.636414 154.688095 -29.330105               1947 
79.600716 72.189117 -81.740829 111.231728 134.004181 -74.192276 100.433014 80.316208 -83.446411 123.749954 153.950058 -29.073799               1956 
79.252281 71.683800 -81.711761 111.289955 133.393143 -74.142715 101.064713 79.730621 -83.174263 123.987274 153.313766 -29.063139               1966 
79.186157 71.172699 -81.809761 111.393394 132.937210 -73.952248 101.301544 79.286087 -82.982010 124.145576 152.808243 -28.866278               1974 
79.049339 70.387825 -82.426109 111.454674 132.240784 -73.917892 101.276901 78.635475 -83.095757 124.224106 151.960175 -28.770266               1984 
78.519104 69.666275 -82.036003 111.414268 131.408813 -73.683128 100.842926 77.828926 -82.607933 124.454445 151.216705 -28.651775               1993 
78.534370 68.906998 -82.460289 111.380394 130.790634 -73.721703 100.867073 77.188148 -82.695152 124.287209 150.602081 -28.653509               2002 
78.523033 68.504005 -83.217178 111.367119 130.469528 -73.854744 100.852135 76.889496 -83.092804 124.196205 150.098083 -28.684448               2011 
78.726479 68.201050 -83.989601 111.423470 130.331772 -74.003799 100.903595 76.737312 -83.470108 124.087219 149.869644 -28.747612               2021 
79.061256 67.799858 -85.673431 111.338814 130.070084 -74.940987 100.957397 76.508629 -85.058937 123.907036 149.194946 -29.482208               2030 
79.966858 67.205032 -87.091454 111.398277 129.842499 -76.119408 101.240768 76.217278 -86.664986 123.934860 148.821136 -30.590658               2039 
80.015045 67.034760 -87.315125 111.465652 129.667267 -76.373795 101.222191 76.023476 -86.811836 123.766075 148.792160 -30.841837               2048 
78.769211 65.983047 -85.760315 111.309204 128.468063 -77.382317 100.095840 74.599205 -85.434456 123.543243 149.465927 -32.664993               2058 
78.763382 65.757439 -86.329620 111.617996 128.163818 -78.290695 99.284760 74.355133 -86.053337 123.506622 149.708206 -33.740482               2067 
78.756866 65.906792 -86.647003 111.736992 128.282852 -78.429733 98.557297 74.631721 -86.430534 123.342445 150.061615 -33.918835               2076 
79.612938 66.436592 -87.272682 112.526962 128.928604 -79.391266 98.896561 75.272484 -87.025627 123.483086 151.444092 -35.082832               2085 
80.201088 67.209908 -88.572067 112.966499 129.760406 -80.353004 98.801880 76.156113 -88.226852 123.311028 152.489105 -36.006439               2095 
80.447929 68.559708 -88.929710 113.373314 131.028137 -80.588303 98.762741 77.486031 -88.419815 123.089172 154.116150 -36.285183               2104 
81.132828 71.583893 -88.192841 113.844254 134.105804 -79.360886 99.455566 80.561295 -87.525215 123.332710 157.015167 -34.915962               2113 
83.147339 75.742302 -91.747444 114.375175 138.485886 -79.045662 101.312080 85.038918 -89.680496 121.684402 159.939514 -33.476616               2122 
85.234093 79.063522 -94.161682 114.351265 142.430054 -79.616310 103.830338 88.967697 -91.630959 120.406670 163.047546 -33.480942               2131 
88.400467 83.108688 -98.868454 114.117218 146.800766 -80.272110 107.049339 93.745354 -95.340126 117.366814 165.252518 -32.951984               2141 
87.341690 87.186447 -96.919472 113.556190 150.823059 -80.105377 106.338249 97.662529 -94.426704 116.941193 169.907120 -33.046246               2150 
84.742065 92.226433 -93.859276 112.821426 155.452225 -79.730453 104.070824 102.157936 -92.570953 117.522224 175.615753 -33.237911               2159 
68.663315 108.916748 -86.049370 104.071732 168.889114 -78.442268 79.124512 117.858978 -88.553993 111.225525 192.228027 -33.784233               2187 
65.445518 111.089485 -85.480232 101.315384 170.587173 -78.121048 72.283714 120.780975 -89.007156 109.459625 193.186859 -33.252945               2196 
65.413292 116.010902 -83.148911 98.332359 175.702896 -73.330582 66.167023 127.454323 -88.985260 107.019081 194.009995 -26.644260               2206 
63.784584 124.971527 -76.603355 96.118538 182.111649 -67.027565 60.863922 136.693451 -87.052017 106.579224 194.937973 -18.899813               2214 
60.354599 135.680481 -71.032654 95.122452 189.764114 -59.595329 56.177181 148.716110 -82.840271 108.409256 196.371323 -10.912409               2224 
56.825577 145.198593 -66.867332 93.951515 196.471649 -52.067928 52.243214 159.839111 -77.856911 109.878326 196.745178 -3.730747               2233 
52.319077 155.686157 -62.085148 92.893234 202.965652 -44.030415 46.752094 172.565491 -71.151436 111.361710 196.508209 2.952964               2242 
48.712852 165.284500 -55.357166 93.028656 208.165253 -35.466980 42.498608 184.442093 -61.683750 114.032600 195.540283 9.138690               2252 
45.716194 173.119324 -46.786621 92.547615 213.440094 -27.673904 39.209175 193.518600 -51.433540 115.893387 197.348572 14.590257               2261 
42.202087 180.027008 -39.239922 91.417717 217.829269 -21.014751 36.289799 200.783615 -42.399899 116.103363 199.242096 19.424795               2270 
38.396732 185.657867 -31.105223 89.786957 221.371597 -14.727449 33.075314 206.638489 -33.120876 115.897957 201.037399 23.937225               2280 
35.754555 189.389145 -22.052759 88.722855 223.902634 -8.169098 30.750834 210.510513 -23.394550 116.365814 202.784576 28.980812               2289 
32.491219 193.393860 -13.894721 87.783287 224.815643 -1.332995 28.371273 215.046204 -13.764497 115.849815 201.373734 34.064301               2298 
28.961065 195.868256 -8.273252 85.223564 226.069702 3.800449 25.051313 217.584015 -6.624242 114.033089 201.198318 37.588718               2307 
24.943844 197.784210 -3.007270 82.129974 226.770386 9.073854 21.346758 219.323502 0.316642 111.536858 200.447113 41.207043               2316 
21.235218 200.846619 4.096089 80.173195 227.527420 14.423403 18.476465 222.567657 8.898369 110.007240 199.950165 45.077042               2326 
17.200138 210.110031 15.612125 80.609009 228.674652 20.160940 16.887205 223.325638 17.120716 108.780678 197.190826 48.539562               2334 
12.497260 218.381592 25.847906 78.606857 228.118637 24.148308 11.973325 228.489578 27.837320 104.896721 194.055450 51.328529               2344 
9.232894 221.785187 32.805599 76.864479 226.976196 29.046427 9.317197 230.935532 36.430573 101.931496 190.496231 54.167675               2353 
6.446598 222.782700 36.731644 75.088295 225.442642 33.829315 6.851827 232.062485 42.261040 98.628189 187.365417 58.041290               2362 
4.558756 222.144684 41.125229 73.584435 224.504379 37.828857 4.777763 232.091614 48.422256 97.053986 185.866470 61.206470               2371 
3.186557 221.883621 45.768578 72.563324 223.200531 42.323570 3.326349 232.927963 55.533627 95.460625 183.801163 64.986855               2381 
1.634816 220.366928 49.833801 71.263176 221.641342 45.388000 1.968973 232.955719 62.245949 94.471970 182.139313 67.550209               2390 
0.282442 219.713135 53.263962 70.112869 220.049759 48.556862 1.008290 234.187134 68.690552 92.835342 180.164917 70.536621               2399 
-2.864484 218.383987 57.004776 67.039139 217.911392 51.175797 -1.367967 235.061874 74.525467 89.684059 178.331451 73.777924               2408 
-5.727477 217.778595 60.457325 64.216362 215.511063 53.935490 -3.100149 236.480896 80.007248 86.066170 175.740753 76.981743               2418 
-9.295050 213.270996 62.317932 60.935627 211.973816 56.477528 -6.724407 231.725128 83.637825 82.970238 171.444214 77.972847               2427 
-12.596571 208.920029 64.920059 57.760571 209.845581 58.923859 -10.365871 227.176910 86.731346 81.049522 169.594254 79.604195               2436 
-15.526096 206.681625 67.924088 54.759830 207.850266 60.312195 -12.743872 225.037094 89.765915 78.621292 167.637207 80.406013               2445 
-19.708313 201.194916 70.330826 50.424309 206.900330 62.364334 -17.951197 220.121399 91.878441 76.980614 168.691223 82.981026               2455 
-21.498409 200.193665 73.053444 48.972160 205.676437 65.113312 -19.240183 218.444885 95.227470 75.468307 166.866714 84.657623               2464 
-23.705570 194.203110 76.001427 46.171555 205.262619 66.178589 -22.026840 212.794571 97.944321 76.323380 169.045944 85.399445               2473 
-25.693682 193.022812 77.710899 44.867611 202.211853 68.385757 -22.970190 209.586472 99.975388 73.921158 163.874359 85.009521               2483 
-25.328161 188.165131 80.850311 45.187992 196.829788 69.241188 -21.377678 204.334030 103.360580 74.523277 158.038025 84.236542               2491 
-25.964365 188.422760 83.905830 44.904125 193.631210 70.560760 -20.319641 204.368271 106.359406 72.961060 153.761124 85.169182               2501 
-27.024504 186.101120 85.697777 43.881989 189.473129 70.683121 -20.088593 201.564484 108.256828 71.394699 148.890533 84.333214               2510 
-29.666744 184.196014 86.755638 41.441338 191.673721 72.612221 -23.576296 199.895203 109.310852 71.481216 153.195724 87.009109               2519 
-30.877243 182.711578 89.186584 40.162041 192.963882 76.252975 -25.880981 198.889236 110.505997 71.544304 156.111923 91.978973               2528 
-32.318760 181.451080 88.933929 39.090981 192.400650 76.955383 -27.512045 197.214722 109.230858 70.971138 156.365433 93.548744               2538 
-33.274376 180.217621 89.175323 38.061954 192.235489 77.436661 -28.806269 196.191483 108.950012 70.511101 157.034973 94.705078               2547 
-33.450382 176.456741 88.769409 37.514721 190.810394 77.374542 -29.619347 192.317413 107.695427 71.018600 156.725052 94.864555               2556 
-34.401539 174.095352 88.445175 36.358303 189.867722 77.636070 -31.048113 189.175446 105.427948 70.402603 156.556839 95.569069               2565 
-35.798424 173.494537 88.777534 34.994057 189.716537 78.861923 -32.728111 187.736282 104.036987 69.033653 156.734299 97.401070               2574 
-36.592926 173.185577 88.909813 34.318935 188.718643 78.498512 -33.327881 186.580353 102.799507 68.230675 155.743454 97.282883               2584 
-36.980591 173.607361 89.241211 34.026623 188.433029 78.413208 -33.581146 186.877808 102.747902 67.740395 155.381241 97.417984               2593 
-37.396980 173.564880 89.779945 33.554390 188.157394 78.635406 -34.030849 186.929047 103.035622 67.207008 155.173462 97.865120               2602 
-37.096474 172.073425 91.121201 33.163486 187.749542 79.060959 -34.216644 185.455856 103.481583 67.292580 155.145142 98.097229               2611 
-36.626888 169.183456 91.965080 32.767769 185.994553 78.468292 -34.146973 181.939423 102.689728 67.544960 153.815598 97.050079               2621 
-36.432220 167.384552 92.607521 32.353687 184.881760 77.983025 -34.189594 179.566269 102.057610 67.637596 153.208267 96.477783               2630 
-36.431320 166.633850 93.323875 31.916298 184.292587 77.861870 -34.391300 178.284134 101.613640 67.406578 152.977020 96.570061               2639 
-36.546349 166.114304 94.088661 31.402670 184.022568 78.002777 -34.611092 176.706741 100.759010 67.103722 153.069992 96.912949               2648 
-36.697670 165.321106 94.428505 30.896229 182.916443 77.421570 -34.828815 175.138046 99.921394 66.620415 151.888611 96.163979               2657 
-36.524956 164.382416 95.081970 30.489172 182.312469 77.247337 -34.886082 173.292999 99.083984 66.460953 151.466049 95.814812               2667 
-36.516739 164.163620 95.339363 30.181887 181.949921 76.993797 -35.085133 172.723862 98.575417 66.154938 151.166519 95.663124               2676 
-36.324280 163.897507 95.651237 29.946804 181.971649 76.991577 -35.243778 172.361496 98.410378 66.036346 151.394150 95.774071               2686 
-36.245625 163.729630 95.827820 29.736940 181.900848 76.641762 -35.286221 171.960434 98.217796 66.014496 151.555420 95.438423               2694 
-35.744289 162.931702 96.274536 29.626411 181.514496 76.040176 -34.998146 170.835098 98.090820 66.369461 151.664963 94.726395               2704 
-35.472118 161.977097 96.945015 29.316027 181.032242 76.308952 -35.053848 169.572937 98.003845 66.255074 151.280533 94.763336               2713 
-34.964283 159.825775 97.104614 29.262405 179.447891 76.109726 -34.763649 166.981522 97.340759 66.397606 149.488434 93.819290               2722 
-34.650780 158.824677 97.554070 28.999529 178.542496 75.970627 -34.869698 166.144226 97.542320 66.217018 148.540680 93.434036               2732 
-34.032204 157.519440 97.652618 29.026804 177.775986 75.819298 -34.671177 165.068573 97.531395 66.415680 147.752319 92.874298               2741 
-33.357361 154.863190 98.007965 28.389463 176.984299 75.387161 -34.413448 162.632217 97.639877 66.806519 148.356110 92.556259               2750 
-32.705574 152.828949 98.335350 27.876303 176.247040 75.137970 -34.193008 160.762512 97.672668 66.961128 148.556503 92.337746               2759 
-31.801102 150.212296 98.660271 27.886995 174.533066 74.986572 -33.463291 158.356018 97.936974 67.434570 147.166260 91.637939               2769 
-31.569250 148.425720 98.577629 27.521238 173.454117 74.696167 -33.243961 156.916412 97.864021 67.424141 146.500168 91.172363               2778 
-31.377441 146.950607 99.199539 26.788940 172.694916 74.340004 -33.167812 155.705978 98.408813 67.308937 146.538376 90.593826               2787 
-31.204983 146.471817 99.673294 26.320103 172.373917 73.999733 -32.955662 156.415375 99.445076 67.168488 146.733231 90.253540               2796 
-30.942019 145.786835 99.839722 26.191469 171.692581 73.722336 -32.617012 156.629364 100.148201 67.132126 145.910019 89.512955               2805 
-30.766285 145.276810 99.919502 26.089773 171.180038 73.550842 -32.362110 156.835007 100.588112 67.068039 145.263458 89.021263               2814 
-30.513638 145.171310 99.792854 26.494104 170.560745 73.430244 -31.838779 157.193710 100.673378 67.198807 144.053696 88.619888               2824 
-30.268885 144.996277 99.683571 26.756149 170.072235 73.295990 -31.338993 157.701492 100.803902 67.284584 143.148666 88.222092               2833 
-30.003906 144.991791 99.715073 26.838150 169.912018 73.202042 -30.909185 158.901733 101.347870 67.312759 142.868454 88.057121               2842 
-29.654848 144.720764 99.890625 26.723614 169.702408 73.069374 -30.444244 160.182663 102.130013 67.293816 142.731705 87.795563               2851 
-29.227913 144.462082 100.045433 26.629562 169.506332 72.956871 -30.115698 160.845367 102.419823 67.269867 142.567505 87.547493               2861 
-28.451374 144.677948 99.480225 27.139500 169.248352 72.554779 -29.548281 161.531357 101.777290 67.441895 141.785202 87.105148               2870 
-27.896528 144.845459 99.099907 27.355499 169.056976 72.406479 -29.267597 162.248245 101.410088 67.341393 141.130875 86.948921               2879 
-27.421326 145.108307 98.952408 27.377054 169.173691 72.356911 -29.201681 162.929733 101.175903 67.215881 141.114624 87.046272               2888 
-26.939224 145.782104 98.695808 27.731857 169.495575 72.283394 -28.787609 163.602905 100.510658 67.317162 141.148438 87.104469               2898 
-26.693495 146.214310 98.358131 27.990276 169.586853 72.185249 -28.277805 162.603409 98.458046 67.273445 140.752075 86.868904               2907 
-25.992970 146.594421 98.070755 28.053118 169.891937 72.007835 -27.946749 161.081207 95.759827 67.163589 140.910248 86.862228               2916 
-25.367474 147.467773 97.640121 28.232471 170.476608 71.837494 -27.823669 161.185272 94.241394 66.979973 141.037109 86.742821               2925 
-24.631521 147.918991 97.406517 28.350849 170.852097 71.747673 -27.730553 161.179825 93.223587 66.858376 141.114319 86.682732               2934 
-24.239193 148.420944 97.204216 28.455193 171.241684 71.626213 -27.630875 161.284714 92.532333 66.849403 141.410568 86.666489               2944 
-23.786776 148.634369 96.915970 28.563618 171.463898 71.426949 -27.529402 161.164307 91.832527 66.885582 141.555695 86.498383               2953 
-23.477251 148.803024 96.680244 28.701843 171.622742 71.264069 -27.415411 161.169815 91.437584 66.981407 141.670837 86.356422               2962 
-23.088654 149.192368 96.473526 29.004244 171.855881 70.992554 -27.121864 161.456940 91.138550 67.233879 141.855698 86.115547               2972 
-22.799006 149.247223 96.226433 29.189882 171.881378 70.807404 -26.959488 161.295837 90.724533 67.370514 141.784760 85.862434               2981 
-22.264378 149.581451 95.990219 29.456903 172.035248 70.537483 -26.728605 161.536407 90.421509 67.534790 141.762238 85.498795               2990 
-21.854542 149.872757 95.989853 29.645006 172.077347 70.415649 -26.565622 161.797211 90.392731 67.624138 141.661331 85.337860               2999 
-21.396656 150.157791 95.973595 29.906557 172.115051 70.264488 -26.341511 162.063446 90.370750 67.790909 141.558945 85.141350               3008 
-20.877254 150.465057 95.952148 30.137791 172.070892 70.133705 -26.212902 162.448853 90.403412 67.843094 141.288544 84.999046               3018 
-19.834661 150.579193 95.962410 30.380320 172.038376 69.939186 -26.068069 162.877884 90.515923 67.963921 141.111618 84.812965               3027 
-18.801462 150.585251 95.980278 30.527153 172.004547 69.819374 -26.009052 163.223953 90.642548 68.018829 140.977585 84.716446               3036 
-18.109285 150.987640 96.083282 30.590166 172.198227 69.702789 -26.029785 163.913757 90.825333 68.004570 141.198151 84.848030               3045 
-16.846136 150.844055 95.953873 30.787737 172.013367 69.559975 -25.903851 163.980774 90.775658 68.081909 140.845245 84.656776               3054 
-15.845396 150.587616 95.751434 30.902010 171.722000 69.420906 -25.818245 163.809372 90.631004 68.071388 140.315994 84.331322               3064 
-15.232886 150.721451 95.748924 30.878578 171.767639 69.388397 -25.860714 164.027039 90.698784 68.004715 140.330002 84.339867               3073 
