-30.651007 152.143021 78.776634 40.455349 153.670563 77.805626 -19.528942 155.704742 84.649940 66.935165 113.099525 86.610153                  0 
-30.508615 152.575562 78.587799 40.632168 153.002945 77.751007 -18.948597 155.730499 83.942154 66.562263 112.066055 86.498085                 18 
-27.553896 152.433838 79.694344 43.396744 147.123734 77.396317 -15.533548 154.257431 84.765694 66.192924 103.968475 83.928307                 37 
-28.315342 153.462585 79.437599 42.657555 148.003510 76.613037 -16.175354 155.438293 84.455742 65.613144 105.124672 84.304359                 56 
-29.375502 154.643463 79.419868 41.639824 149.498337 75.574272 -17.267199 157.027283 84.438637 65.149956 107.169807 84.534119                 75 
-29.903492 155.523712 79.374229 41.209530 150.044189 75.252266 -17.913002 158.023102 84.906059 64.900589 107.952629 84.830620                 94 
-30.787580 160.247635 71.884079 42.675491 150.562378 74.165794 -18.051060 156.628036 82.498207 67.921143 110.321266 87.128029                113 
-31.708645 160.731583 67.717400 42.796135 149.741470 74.503258 -19.339586 156.165451 83.295807 68.446365 110.872940 90.503670                132 
-32.075073 157.944595 64.212570 42.619606 147.844406 73.790535 -20.602112 156.036057 83.746216 68.325661 110.773720 93.530647                151 
-30.390650 154.930176 61.537701 43.910931 143.102478 73.239746 -19.690636 154.836319 83.556267 68.232239 106.361115 95.222832                169 
-29.691824 152.550964 59.973843 44.500843 140.286774 72.313171 -19.243948 154.079620 83.553482 68.399414 104.022408 95.518005                188 
-30.557266 151.714584 59.203789 43.835293 140.254211 71.363052 -20.080227 154.713760 83.806343 68.154572 104.748909 95.293282                207 
-30.297577 151.000137 59.167786 44.221180 139.224701 70.527077 -19.606588 154.466583 84.569565 68.690514 103.565163 94.071899                226 
-31.524704 151.530502 59.021084 43.190235 140.100662 69.702797 -20.580578 155.975082 85.258751 68.048149 104.765587 93.329620                245 
-32.785278 151.547134 57.791962 42.146412 141.174316 68.498466 -21.745928 157.142624 84.265732 67.428047 106.670219 92.891411                264 
-33.380810 151.967194 56.672104 41.625980 141.887726 67.262428 -22.252319 158.214539 83.292259 66.940300 107.535904 91.835732                282 
-32.682644 154.392075 56.251179 42.220928 142.960754 66.157806 -21.158836 161.109970 84.000809 66.999184 107.657440 89.915428                301 
-31.088488 157.450470 52.953957 43.528740 145.014587 63.320702 -19.299704 166.082382 82.414619 67.452225 109.444496 87.551781                320 
-29.303724 163.627625 50.664955 44.730122 146.615921 58.005463 -15.195563 173.169525 81.230476 67.211510 109.483528 81.253746                339 
-25.781094 166.364777 43.266018 47.808277 147.982986 51.640106 -11.174843 177.315750 75.234138 69.200233 110.573692 75.465286                358 
-26.023981 168.033188 29.783060 47.606007 151.446106 40.383144 -11.997552 181.101486 63.160698 68.953667 114.638855 65.166473                377 
-27.317106 170.313522 14.361295 45.867882 156.108368 29.725506 -15.303397 185.747299 48.198944 66.466301 120.714935 57.069977                396 
-27.282076 167.265564 0.057203 45.523140 157.871490 19.129457 -17.785603 185.060989 33.453613 66.394310 124.431389 48.639854                415 
-28.811687 163.799515 -14.373560 43.388847 160.515289 7.666241 -21.775663 183.106598 17.965019 65.246292 128.980225 38.528858                433 
-30.896267 162.576843 -31.582647 39.833553 163.415253 -5.380893 -26.248148 181.647018 -0.267903 61.536446 132.858917 26.556620                452 
-31.336317 160.133514 -51.251984 36.295078 165.648361 -18.408012 -30.545307 178.698578 -20.345608 56.992374 136.189621 15.185361                471 
-33.966656 156.380829 -70.109154 29.194231 169.973221 -31.411085 -37.601608 172.389145 -39.539997 51.594719 141.786636 2.181244                490 
-31.263939 149.672943 -86.506096 25.642242 171.867981 -42.684616 -39.785465 165.334808 -56.904728 48.449764 146.967285 -6.844941                509 
-30.238060 143.006210 -101.601364 21.053621 171.981094 -55.395763 -42.311199 158.025787 -73.134094 44.563801 149.833603 -18.227629                528 
-33.268627 135.130844 -110.975166 16.768400 169.239838 -68.122429 -46.195675 152.364716 -84.709915 40.903080 150.343246 -29.584835                547 
-34.199623 126.359383 -118.195335 13.782420 164.755768 -77.557587 -48.382633 145.693878 -94.486931 37.293976 149.015839 -37.256573                565 
-33.316021 122.384445 -124.030426 11.423427 164.824219 -84.525688 -49.441944 142.541214 -102.100090 34.719513 151.655426 -43.190651                584 
-32.304924 120.375381 -128.479126 11.214785 162.814621 -87.743896 -49.397366 140.817581 -106.902374 33.362629 149.602737 -45.795967                603 
-29.858513 112.138321 -132.243011 10.323030 158.971527 -93.005753 -49.633762 133.740158 -111.260597 32.512455 149.083176 -50.173996                622 
-25.926786 108.875687 -137.788605 8.519097 158.608932 -96.834213 -49.408123 129.432831 -117.466660 29.041470 150.530304 -52.808334                641 
-23.629457 99.050827 -132.105560 7.993368 154.512573 -96.784767 -48.521214 120.285889 -113.912659 28.749910 152.279129 -52.187824                660 
-21.154594 90.738647 -128.184616 6.925457 150.575134 -97.499451 -47.373882 111.786514 -112.017860 27.257809 153.318619 -52.735863                679 
-22.663477 88.691292 -128.291428 5.743105 149.270355 -99.664619 -48.720818 110.072517 -112.658264 26.346685 153.321793 -55.124882                698 
-21.526827 83.411697 -125.684265 4.097075 146.746155 -100.993210 -48.496746 104.197693 -111.083412 24.846769 154.360168 -56.991089                716 
-21.244200 81.252754 -123.809082 2.873962 145.738037 -101.216599 -48.533504 101.392731 -109.722771 23.758627 155.075821 -57.612164                736 
-20.202023 79.045021 -123.805328 2.201149 144.202942 -101.892395 -47.993462 98.561829 -110.573380 22.259254 154.557617 -58.129822                754 
-20.442175 82.474182 -130.769470 1.069770 145.850204 -103.218811 -46.876381 99.022011 -115.527023 20.839642 153.537949 -58.780533                773 
-22.832489 85.328239 -134.385010 0.791557 146.643600 -103.862083 -46.572216 100.672226 -118.511658 20.506023 152.312744 -59.097023                792 
-22.633326 83.571411 -136.029160 -0.279045 145.422318 -105.723885 -45.287270 97.679878 -120.509636 19.307899 151.804779 -60.998886                811 
-23.995106 83.611610 -137.311432 -0.861668 145.505508 -107.787376 -45.079002 97.454361 -122.231018 19.073334 152.152390 -63.255093                830 
-23.326563 83.735611 -138.262741 -0.365349 145.764801 -108.984322 -44.207375 97.587402 -123.501411 19.415268 152.661194 -64.421143                848 
-25.162075 94.097794 -144.764313 1.789315 152.539627 -111.822800 -44.622215 108.028114 -128.937393 22.605526 155.239319 -67.279488                867 
-27.372650 113.630890 -152.385803 7.717370 162.584702 -112.532753 -44.385078 128.465668 -135.363998 27.606056 156.594864 -67.886681                886 
-20.702208 117.899246 -149.517380 14.083892 167.550293 -110.393097 -37.551025 133.315292 -133.518448 33.006481 162.627182 -65.200089                905 
-18.572128 136.399292 -158.576035 17.933054 177.080750 -111.422943 -33.275146 148.613831 -140.563034 36.359730 164.159821 -67.625481                924 
-14.883463 152.331787 -156.355713 26.134979 183.331467 -105.632874 -25.611357 162.308838 -137.470520 44.399284 163.752808 -64.307327                943 
-10.105268 160.975952 -150.719986 32.628578 188.478882 -99.449539 -15.810694 168.270981 -133.073364 52.413815 166.146606 -60.276535                962 
-4.013815 166.791473 -147.812729 40.682892 193.790512 -97.998138 -6.063707 174.019882 -131.809906 60.504627 171.585220 -58.771446                981 
5.358730 172.056244 -145.038300 49.767063 198.004089 -94.440529 4.553373 178.863739 -129.696152 68.925781 175.164993 -55.248318               1000 
12.279154 173.530029 -145.095535 56.177876 198.681656 -93.682449 12.949711 179.811066 -130.501434 74.451660 175.435013 -54.307682               1018 
24.774368 176.474228 -142.696777 66.933357 199.993820 -89.123291 25.386730 182.551041 -128.241470 82.899246 175.905670 -49.253986               1037 
36.601032 177.212936 -139.964539 77.264076 200.114670 -85.005455 36.990055 183.284744 -125.606293 91.367653 175.879288 -44.527744               1056 
43.121494 175.075623 -139.985458 82.952827 198.832153 -84.799324 44.941879 180.883041 -126.278671 96.675758 175.162003 -43.858936               1075 
53.417973 170.744171 -137.043427 91.866455 196.046005 -81.581573 55.556446 176.546295 -123.792183 104.161316 173.712540 -39.453640               1094 
61.704941 161.716843 -133.534439 98.814819 191.021439 -79.158318 63.772820 168.244049 -120.771561 110.387474 171.705521 -35.367001               1113 
67.509399 151.038940 -129.740692 103.478195 183.753510 -76.571602 69.383034 158.149963 -117.322861 115.086220 166.854263 -31.801306               1131 
73.408546 148.832550 -128.241074 108.615334 182.839310 -75.388962 75.427055 154.855087 -115.984955 120.302879 166.756226 -30.339592               1150 
76.966743 143.014694 -127.162689 113.414909 177.636154 -75.581062 79.666214 147.945221 -115.167442 124.041367 163.057220 -29.763563               1169 
81.900536 132.181366 -104.395882 116.310677 170.273087 -73.799454 82.447319 137.207184 -110.896385 127.022011 158.535568 -27.192505               1188 
90.496964 122.869705 -88.297096 121.225212 163.277390 -69.861069 90.685760 123.669289 -104.240433 130.048431 156.489838 -21.894524               1207 
95.111145 115.715027 -80.225319 124.442505 157.271576 -66.299973 95.769402 113.603333 -98.024315 131.956985 154.249649 -17.729296               1226 
94.932167 107.525711 -75.331917 125.188812 148.857025 -64.397522 95.826080 103.384567 -93.288994 132.707382 148.369247 -15.736009               1245 
94.322853 98.741623 -72.938339 124.846703 140.207993 -65.724915 95.879150 92.211395 -90.865364 133.090973 142.630005 -17.239084               1264 
90.316360 87.761169 -65.449646 120.970039 129.478439 -64.741135 91.621384 78.866776 -83.108116 133.134811 135.907822 -17.461210               1283 
88.407448 80.741142 -62.471405 118.836739 122.449219 -64.714676 90.281166 70.722977 -80.182350 133.541824 129.973358 -18.326557               1301 
86.881699 78.711525 -61.902939 118.956688 118.999382 -65.269615 88.586189 68.270889 -79.969810 135.933578 125.299522 -19.478752               1320 
86.868851 75.397141 -60.985909 118.461525 116.030731 -64.526596 88.810127 65.023148 -79.389343 136.887497 121.415596 -19.181295               1339 
87.325401 72.461487 -60.047760 118.207314 113.558723 -64.282700 88.812119 62.262066 -78.688499 138.234039 118.630005 -19.584578               1358 
87.443718 69.025497 -58.873600 117.330894 110.867905 -62.814632 88.527252 58.405628 -77.084724 138.474319 115.109673 -18.546436               1377 
86.483093 65.143188 -58.118984 116.619514 106.797493 -62.031719 86.899757 53.772423 -75.644554 138.128510 110.565857 -17.897005               1396 
87.054665 62.672466 -56.589588 115.907822 105.172562 -60.939976 86.153984 50.924438 -73.446251 138.561096 109.078407 -17.393637               1415 
87.537186 61.809177 -56.225163 115.706497 104.731613 -60.807205 84.977158 49.741081 -72.269104 138.966873 108.710899 -17.588802               1433 
87.774796 61.683281 -56.278446 115.725113 104.742126 -60.834564 83.815216 49.355835 -71.599022 139.028946 108.722656 -17.639696               1452 
88.566048 61.055870 -56.445595 115.438271 104.834045 -60.445412 84.133141 48.639793 -71.529793 138.742111 108.745239 -17.244211               1471 
88.676613 61.021488 -56.171211 115.285469 104.947365 -60.140728 84.127853 48.445534 -71.132881 138.504532 108.980919 -16.905144               1490 
89.377579 61.828316 -56.022121 115.267418 106.171921 -59.936550 84.893768 49.048717 -70.866859 138.111603 110.695122 -16.549990               1509 
89.553566 63.615002 -55.119858 115.103439 108.127998 -59.183140 85.422958 50.452888 -69.772705 136.718323 113.679482 -15.289088               1528 
87.726936 65.382141 -53.432701 115.116890 108.631363 -58.800957 83.135292 51.671162 -67.463997 135.762558 115.375229 -14.608350               1546 
93.995796 73.933525 -59.545029 118.718506 119.031937 -61.010841 92.090302 59.982887 -74.007980 132.235184 126.854668 -14.311652               1565 
93.934158 78.635361 -61.225445 118.412247 123.852211 -60.080414 93.649010 64.637512 -75.818832 126.821693 131.736725 -12.207399               1584 
90.581512 81.765015 -61.812271 116.498306 126.140465 -60.350040 90.269661 67.572433 -76.297226 123.946465 134.087799 -12.328433               1603 
84.221115 88.246414 -62.883793 110.640907 132.320557 -62.149158 84.477371 73.412361 -76.833160 116.984596 141.666809 -14.220934               1622 
84.856346 89.333054 -59.802303 109.550987 134.197525 -60.781418 87.246506 73.080437 -72.410103 110.822708 147.917923 -13.507287               1641 
79.760277 95.157425 -56.176105 100.444740 141.831665 -54.999409 85.368797 78.856995 -68.158569 94.190514 156.017670 -8.262361               1660 
80.262253 108.143242 -58.702007 95.987656 155.199448 -47.137272 88.981956 94.568054 -72.464867 82.467751 160.426147 -0.077698               1679 
67.998756 142.399506 -23.079937 97.131638 176.420502 -15.077652 53.774590 139.694626 -43.219353 112.095589 162.803253 29.815111               1698 
57.518818 155.866714 -12.589216 90.380493 185.501587 -2.594501 38.521324 161.250992 -27.432505 108.826820 163.158417 37.220394               1716 
48.098038 163.736145 -1.898216 83.819122 189.937042 7.185009 27.595741 173.520416 -13.115265 103.665024 163.201141 43.462303               1735 
39.630989 166.989975 9.352668 76.825829 191.353287 16.070932 18.327728 180.049957 0.958028 98.235741 162.698730 49.912369               1754 
31.105503 168.910202 20.073786 68.751816 192.507263 23.301926 8.869544 185.505295 14.994628 92.656616 162.699188 54.362335               1773 
24.606750 170.706879 30.009697 62.888351 192.841888 31.282797 2.753280 190.045135 28.030373 87.801460 160.583328 58.913078               1792 
18.274305 171.806793 39.711666 56.830746 193.330231 37.832703 -3.096103 192.640213 39.968075 83.302109 160.829224 63.671844               1811 
12.389622 167.853500 47.189877 50.393585 189.847443 43.175873 -9.019575 189.265594 49.259773 78.694153 157.462311 67.154846               1829 
5.797482 164.584259 53.026268 43.060585 187.236664 47.143375 -15.738610 186.179916 56.540985 73.092857 155.220627 69.453598               1848 
2.484494 160.622284 59.481548 38.964939 184.061417 52.185814 -19.248842 182.065414 63.841412 70.508667 152.817841 73.482338               1867 
0.229970 157.997391 65.932610 35.422062 182.609451 56.608822 -21.985895 178.881134 70.811523 69.013397 153.024551 77.128716               1886 
-2.107535 154.324966 70.285286 31.784992 180.017242 59.326984 -24.764879 174.649353 75.440292 67.116554 152.105347 79.259781               1905 
-3.803140 152.047028 74.290634 29.591349 178.123962 62.778862 -26.085728 171.916336 79.364868 65.602707 150.454147 81.812325               1924 
-5.779020 148.702484 77.566956 27.112339 175.231369 65.237198 -27.455114 167.725235 82.379898 64.038246 148.152100 83.345215               1943 
-7.682240 146.205124 79.765533 25.551241 172.919617 67.748055 -28.401175 164.563202 84.195618 62.634254 145.652771 85.243172               1962 
-9.710508 143.906158 81.169037 23.811428 171.014236 69.490891 -29.227491 160.958420 84.571793 61.238304 143.810455 86.340019               1980 
-11.665566 142.186478 81.630920 22.552069 169.608490 70.694122 -29.526167 157.494690 83.333641 60.131416 142.338791 87.091270               1999 
-13.427177 140.938599 81.930290 21.407612 168.608322 71.621811 -29.733543 154.565948 81.651199 59.105122 141.316650 87.708206               2018 
-14.933654 139.837891 82.255096 20.601778 167.365936 72.220634 -29.853546 152.278870 80.252525 58.221466 139.909164 88.207970               2037 
-16.447397 138.681534 82.418907 20.231932 165.743179 72.752518 -30.148705 150.683121 79.557686 57.531944 137.727234 88.517212               2056 
-17.747025 138.162231 82.390472 20.025640 164.907776 73.004196 -30.120584 149.610550 78.670898 57.162273 136.623047 88.674377               2075 
-18.780128 138.207550 82.587547 19.970854 164.297043 72.911972 -30.204241 149.330276 78.284515 56.846375 135.807770 88.826324               2094 
-19.752253 138.497559 82.615044 19.973228 164.020554 72.890419 -30.320105 149.409042 78.101913 56.607609 135.274734 88.900108               2113 
-20.629036 138.876205 82.461861 20.201130 163.599564 72.885559 -30.374201 149.747650 77.931259 56.366627 134.313202 88.981377               2131 
-21.311769 139.357330 82.435097 20.361401 163.419586 72.792221 -30.541431 150.226318 77.914948 56.201443 133.805511 89.015900               2150 
-21.882671 139.740967 82.382484 20.537683 163.249969 72.710442 -30.636133 150.680557 77.875305 56.054653 133.289780 89.008965               2169 
-21.623615 141.314880 83.223816 23.534433 160.162445 72.883240 -28.664721 152.942780 78.966461 56.089119 126.759758 88.668129               2188 
-21.268000 143.183273 83.847870 24.776093 160.644669 72.887062 -27.553284 154.882706 79.721054 56.626163 126.396660 88.293442               2207 
-21.641150 145.045181 84.294899 25.541973 161.324860 73.121590 -26.861938 156.517975 80.321487 56.877556 126.559280 88.423424               2226 
-22.064812 146.069046 84.514320 25.962873 161.698654 73.250481 -26.460648 157.421997 80.645439 57.010876 126.653625 88.500961               2245 
-21.818384 147.559372 84.799141 26.823240 162.362946 73.273697 -25.671814 158.799515 80.939880 57.575726 127.228386 88.912025               2264 
-21.620647 149.027435 84.751778 27.863073 162.634964 73.298210 -24.818861 160.251282 81.069984 57.979187 127.129143 89.331482               2282 
-21.541983 150.016357 84.573654 28.835821 162.749344 73.277237 -24.095963 161.321503 81.254921 58.563889 127.018036 89.532257               2301 
-21.729750 150.501999 84.148674 29.548164 162.731201 73.260048 -23.657070 161.732819 81.122093 59.122032 126.985168 89.762070               2320 
-21.235386 150.621094 83.867706 31.024422 161.979675 73.359833 -22.480553 161.839951 81.261681 60.181400 125.797371 89.651604               2339 
-20.945980 150.945877 83.620781 32.355053 160.970810 73.623070 -21.608253 162.253967 81.452560 60.752884 124.216537 89.975334               2358 
-20.946371 151.298843 83.420616 33.100594 160.670288 73.733246 -21.286331 162.714874 81.616348 61.264935 123.802879 90.233978               2377 
-21.282330 151.485092 83.268517 33.348782 160.574310 73.735878 -21.402651 162.996094 81.735939 61.553822 123.814339 90.405922               2395 
-21.652079 151.661728 83.175102 33.647469 160.354172 73.908363 -21.329063 163.020142 81.786583 61.800686 123.625168 90.733528               2414 
-22.071859 151.704132 83.090515 33.801392 160.135468 74.102829 -21.395065 162.948547 81.809921 61.954376 123.450089 91.023315               2433 
-22.337872 151.761581 83.114990 34.104321 159.897690 74.343384 -21.293058 162.858978 81.868858 62.262974 123.262512 91.362892               2452 
-22.741753 151.887634 83.047104 34.214825 159.788605 74.467346 -21.406750 162.899811 81.795380 62.423317 123.276764 91.668411               2471 
-23.167635 152.017197 82.956673 34.275955 159.707153 74.554901 -21.651762 163.132904 81.779243 62.522305 123.285820 91.885223               2490 
-23.637983 152.195877 82.841515 34.323490 159.643829 74.622993 -21.925669 163.465256 81.776802 62.598999 123.293098 92.053719               2509 
-23.884331 152.053726 82.671280 34.655708 159.013153 75.026985 -21.982994 163.624680 81.933258 62.665386 122.525017 92.599236               2528 
-24.197437 152.070068 82.521797 34.822319 158.856415 75.173859 -22.091995 163.794464 81.976982 62.855682 122.430908 92.838013               2546 
-24.343231 151.837463 82.592789 35.236568 158.317627 75.420631 -22.013474 163.917633 82.541069 63.298630 121.893196 93.041405               2565 
-23.733566 150.393845 82.631836 36.964603 154.570572 74.984062 -20.304226 162.588654 83.835236 64.218742 116.829041 91.030823               2584 
-23.190233 149.752014 82.551247 38.511650 151.916382 75.042206 -18.679657 161.544846 84.139610 65.003426 113.580116 90.955284               2603 
-22.848841 149.700760 82.617401 39.815495 149.629318 75.236984 -17.165443 160.857834 85.017723 65.347038 110.130905 89.822105               2622 
-23.714615 150.823761 82.396576 39.992416 149.809326 75.438278 -17.085127 161.284317 85.278419 65.536568 110.295692 89.959938               2641 
-24.384506 151.777420 82.194839 40.233959 149.812378 75.673477 -16.902739 161.351318 85.376083 65.755386 110.258423 90.125175               2660 
-25.336212 153.422195 82.128868 40.908119 148.274017 75.824638 -16.011559 160.698029 85.884338 65.820412 107.993164 89.298370               2678 
-26.027998 151.389313 79.980415 41.185890 151.947388 77.213455 -16.638733 156.923920 83.404701 68.653206 112.899162 89.275513               2697 
-26.132177 153.463348 78.922112 41.784554 150.513855 77.100449 -16.020428 157.243240 82.721207 67.638786 110.567986 89.773109               2716 
-26.238338 155.911423 79.628136 41.891674 149.133102 75.895615 -15.392890 158.527435 83.186447 66.204239 108.206146 88.489006               2735 
-26.019905 157.044067 80.105759 42.326790 148.036469 75.421974 -14.644377 158.340225 83.002983 65.825310 106.589966 87.860474               2754 
-26.205090 157.641907 80.080780 42.662212 147.344604 75.533272 -14.384059 157.776993 82.944679 65.817490 105.554314 87.454483               2773 
-28.140896 156.526169 78.803307 42.379612 155.559296 75.587769 -18.330786 157.899979 74.610481 65.268257 114.356514 89.840851               2792 
-29.224583 150.981476 76.934181 41.188454 155.454849 76.746895 -19.570219 154.141418 74.698158 67.129692 114.933662 87.225266               2811 
-28.536642 151.977615 76.451645 41.694584 151.288086 76.991882 -19.214619 156.693985 78.252281 65.453049 109.217331 86.494377               2829 
-29.119467 154.025848 76.568893 41.279457 151.047455 76.634560 -19.729702 159.548447 81.702095 64.597328 108.737572 86.166649               2848 
-28.270155 154.899216 76.875244 42.257153 149.537048 76.856674 -18.583410 159.806641 83.108253 64.929382 106.861122 86.314255               2867 
-27.687416 155.842010 77.164223 42.871361 148.643158 77.123932 -17.782196 159.953537 83.749664 65.029236 105.720261 86.682327               2886 
-27.329750 156.813614 76.917305 43.438229 147.205475 77.457390 -17.046209 159.511688 83.920837 64.981163 104.036255 87.307777               2905 
-24.680389 155.183548 77.652771 46.142132 141.270416 75.882477 -13.610979 155.501068 84.990593 66.497520 97.061287 83.360466               2924 
-25.837017 156.561218 77.253853 45.613232 142.266357 75.555717 -14.244699 155.917694 84.903770 66.701355 98.558044 83.897446               2943 
-26.308327 157.485794 76.846001 45.534092 142.611557 75.630539 -14.390782 156.109222 84.775253 66.831467 99.095238 84.431732               2961 
-26.626146 157.978134 76.686508 45.518238 143.238876 75.857040 -14.524829 156.308701 84.734062 67.253899 100.061745 85.238197               2980 
-26.803175 158.208389 76.607384 45.520851 143.666885 76.015640 -14.595621 156.468323 84.751892 67.548538 100.728462 85.802544               2999 
-26.799147 158.276306 76.601387 45.608620 143.719162 76.051361 -14.509503 156.477982 84.785614 67.727333 100.848022 85.927505               3018 
-26.746113 158.257446 76.647446 45.822567 143.966690 76.175453 -14.350526 156.437424 84.885246 68.220291 101.284233 86.238243               3037 
-26.340076 157.891663 76.740547 46.403957 141.298065 75.790909 -13.505404 154.432327 85.198219 68.262344 98.061821 84.597031               3056 
-26.685833 158.920563 76.496826 46.439728 141.615631 75.838448 -13.462172 154.599655 85.064728 68.506416 98.546768 84.940331               3075 
-26.702240 159.719833 76.501831 46.668491 141.409470 75.863762 -13.148967 154.569382 85.273170 68.671715 98.279243 84.827682               3094 
-32.110165 164.743652 60.432064 41.094296 152.941727 68.370377 -21.089741 161.183304 73.869225 64.610069 112.203629 82.934937               3112 
-31.715591 165.351776 54.579723 40.303768 151.971375 66.417892 -22.257511 161.929688 70.447105 61.433781 111.287880 84.392487               3131 
-32.471703 165.810043 53.758354 39.553036 151.925232 65.140701 -23.022390 162.313370 70.379196 60.447273 111.473869 83.897766               3150 
-32.827568 165.057938 53.724171 39.434273 151.184158 64.300812 -23.067160 161.621826 70.625221 60.570641 111.055099 83.474304               3169 
-32.998470 164.586517 53.746143 39.367500 150.767517 63.828621 -23.078655 161.258209 70.810669 60.647873 110.823364 83.227608               3188 
-33.040028 164.353348 53.748493 39.358521 150.533234 63.611217 -23.070734 161.172852 71.121521 60.656101 110.637772 83.091347               3207 
-33.245884 164.126831 53.683815 39.186539 150.122055 63.013184 -23.106325 161.073639 71.373665 60.495983 110.104553 82.228218               3226 
-33.229477 164.367599 53.731667 39.152782 150.123184 62.895279 -23.028582 161.689743 72.111809 60.312382 109.932526 81.913483               3244 
-33.293472 164.374664 53.761017 39.074436 150.034561 62.848106 -23.049116 161.769730 72.397881 60.186623 109.715210 81.645325               3263 
-33.371799 164.344101 53.700230 38.992565 150.018021 62.751289 -23.090801 161.856689 72.597992 60.105671 109.627037 81.393066               3282 
-33.499332 164.308105 53.650097 38.863323 150.040451 62.695023 -23.146255 162.045181 72.924316 59.995197 109.599930 81.207657               3301 
-33.851665 163.547012 53.619518 38.573837 149.429138 62.428753 -23.316063 161.869339 73.421425 59.851486 109.174332 81.177689               3320 
-34.034023 163.533340 53.580315 38.424919 149.505463 62.380585 -23.428579 162.084213 73.732010 59.794685 109.298653 81.127716               3339 
-34.095879 163.579483 53.522972 38.383179 149.526978 62.391106 -23.450197 162.128616 73.813080 59.799164 109.346390 81.141716               3358 
-34.256706 163.831924 53.545521 38.263515 149.595688 62.498714 -23.555639 162.144272 73.971840 59.737358 109.411919 81.176208               3377 
-34.465027 164.173157 53.589138 38.106136 149.685074 62.586895 -23.651217 162.193130 74.059021 59.644009 109.494789 81.176422               3395 
-34.671848 164.289444 53.669746 37.943470 149.761581 62.679134 -23.758211 162.203278 74.100136 59.581818 109.594254 81.201500               3414 
-34.915131 164.201340 53.772346 37.745491 149.841309 62.806313 -23.925734 162.244690 74.279877 59.524216 109.747581 81.323608               3433 
-35.358639 163.278687 53.735924 37.447433 149.680389 62.770237 -24.134968 161.946472 74.352798 59.658916 109.963585 81.583412               3452 
-35.953377 160.775070 53.483326 37.080490 148.530685 62.520668 -24.253483 160.851212 74.458313 60.012203 109.519180 81.935837               3471 
-36.152077 160.149307 53.558678 36.960556 148.493011 62.540646 -24.057354 161.186035 74.927429 60.236126 109.666428 81.917290               3490 
-36.346054 159.744827 53.824200 36.821480 148.510590 62.683563 -23.906218 161.489090 75.480438 60.370392 109.789886 81.941460               3509 
-36.458508 159.189407 54.388706 36.785961 148.510712 62.956474 -23.683750 161.376663 75.932495 60.710583 109.925865 82.022980               3527 
-36.435677 158.482712 55.379990 36.822536 148.447952 63.531502 -23.428915 161.111221 76.812393 61.154095 109.941444 82.238029               3546 
-34.791103 155.589874 58.335815 38.554512 146.305939 64.546249 -21.270418 158.585739 79.320663 63.671116 107.840752 82.274635               3565 
-33.520065 153.474884 60.257477 39.545170 145.080750 65.126663 -19.946823 157.308105 80.767769 65.097595 106.644180 82.285126               3584 
