-41.621262 169.225250 85.644653 38.590450 158.870499 93.676956 -20.148493 166.495087 94.746689 64.843689 122.711418 114.365082                  0 
-41.355152 167.090057 86.777946 39.224365 158.582138 94.626488 -19.770237 163.927948 95.386024 66.529945 122.907333 114.786446                  9 
-41.077549 166.512634 87.620567 39.721462 158.754959 95.066872 -19.387434 163.097549 95.974228 67.586662 123.539276 115.268272                 18 
-41.018250 165.870712 88.109093 39.879238 158.772766 95.310402 -19.294046 162.517883 96.337120 68.103424 123.848244 115.518898                 28 
-40.956203 165.431808 88.354355 39.990856 158.686218 95.348900 -19.210558 162.109619 96.449165 68.406364 123.873581 115.482178                 37 
-40.600960 164.038742 89.259819 40.443336 158.561951 95.462044 -18.813852 161.199585 97.030121 69.468163 124.285530 115.646095                 47 
-40.338367 162.858963 90.061630 40.731766 158.355835 95.570679 -18.552156 160.420395 97.522018 70.210747 124.468498 115.753548                 56 
-40.205173 160.935455 90.711143 40.865742 157.618484 95.297073 -18.426693 158.997742 97.776627 70.908981 124.110092 115.279587                 66 
-40.025391 159.602814 91.225212 40.975845 157.180573 95.131355 -18.322758 158.101776 97.950935 71.385696 123.939835 115.006058                 75 
-39.932388 158.278503 91.572060 41.030376 156.801407 95.078278 -18.288116 157.122879 98.094025 71.831329 123.904213 114.922310                 85 
-39.886116 157.587738 91.713356 41.051369 156.644592 94.984993 -18.285975 156.626999 98.120201 72.075356 123.970345 114.849907                 94 
-39.898590 157.261169 91.875214 41.032387 156.596497 94.791962 -18.293175 156.404266 98.137291 72.229874 124.075684 114.636932                103 
-39.935917 156.946365 92.014702 40.955715 156.556198 94.679764 -18.352707 156.214600 98.114113 72.279556 124.141190 114.498795                113 
-40.020309 156.486832 92.089493 40.812187 156.559998 94.525902 -18.465443 155.960541 98.000130 72.319801 124.328087 114.352257                122 
-40.072170 157.357590 92.915520 40.699322 157.244949 93.785561 -18.490742 156.942947 98.280685 72.441505 125.227127 113.584610                132 
-40.032040 157.609070 93.407707 40.577038 157.645996 93.276169 -18.556826 157.420532 98.343872 72.496750 125.705818 112.914566                141 
-40.068695 157.704117 93.707115 40.391430 157.831741 93.180428 -18.721655 157.676239 98.394524 72.339333 125.888557 112.768051                150 
-40.138065 157.792664 93.926483 40.141628 157.993713 93.206123 -18.949795 157.924927 98.343224 72.040909 126.016792 112.817902                160 
-40.126392 157.821167 94.157143 39.909405 158.164032 93.278938 -19.173737 158.189575 98.296005 71.736397 126.156990 112.958908                170 
-39.921730 157.368805 94.262802 39.786598 158.071945 93.162910 -19.297928 158.113113 98.094803 71.585182 126.023369 112.821198                179 
-39.670151 156.798004 94.430054 39.645424 157.975616 93.083206 -19.438244 158.013962 97.900406 71.422195 125.886467 112.710556                189 
-39.504650 156.098633 94.376480 39.485672 157.746307 92.965080 -19.597109 157.730057 97.562355 71.230637 125.560905 112.486031                198 
-39.430672 155.463470 94.350136 39.292751 157.451248 92.948349 -19.762423 157.421860 97.258812 70.978874 125.116966 112.318253                208 
-39.391506 155.010376 94.299469 39.105648 157.215591 92.953171 -19.926725 157.277390 97.006721 70.696564 124.702957 112.179535                217 
-39.294018 154.571533 94.305344 38.965534 157.037750 92.946487 -20.039925 157.201157 96.804909 70.486595 124.386719 112.052582                226 
-39.146080 154.182434 94.304893 38.912807 156.904129 92.919685 -20.120953 157.238220 96.807404 70.399460 124.164948 111.931450                235 
-39.073158 153.914001 94.263107 38.834904 156.769623 92.913918 -20.198963 157.232132 96.722534 70.267662 123.932953 111.846550                245 
-39.052227 153.820023 94.186684 38.726513 156.602661 92.911674 -20.284286 157.272964 96.559731 70.025589 123.565262 111.716133                254 
-39.003330 151.889526 92.755676 38.703300 154.667099 92.581772 -20.388958 155.525009 95.724457 69.715538 120.790718 110.339630                264 
-38.960163 151.828888 92.713631 38.679432 154.464050 92.676483 -20.503483 155.772293 96.133736 69.581940 120.440269 110.343613                273 
-38.812607 150.671585 91.774727 38.726135 153.603302 92.554848 -20.537649 154.996017 95.844948 69.572662 119.277908 109.729515                283 
-38.518379 150.838394 92.118172 38.926537 153.858810 92.503418 -20.339344 155.316055 96.110268 69.871384 119.687729 109.808441                292 
-38.286446 149.812988 91.720985 38.971958 153.288101 92.470856 -20.319025 154.568436 95.880707 69.990356 119.096931 109.603638                301 
-38.113354 148.810760 91.281258 38.948223 152.644470 92.449570 -20.367496 153.791733 95.623138 69.994637 118.359772 109.343063                311 
-37.992977 148.120010 90.906563 38.930897 152.251114 92.388786 -20.382875 153.242065 95.327271 70.026527 117.952637 109.163338                320 
-37.891968 147.587265 90.749863 38.904686 151.993027 92.379227 -20.401733 152.825226 95.208336 70.088287 117.723114 109.048523                330 
-37.806622 146.940155 90.633591 38.859985 151.734924 92.376419 -20.440790 152.296417 95.129517 70.197006 117.520111 108.870300                339 
-37.676575 146.791061 90.690933 38.847248 151.708328 92.394653 -20.445253 152.251236 95.167648 70.231544 117.536270 108.887276                349 
-37.547947 146.815109 90.740211 38.851147 151.704086 92.393066 -20.405519 152.370911 95.181923 70.223366 117.519615 108.882950                358 
-37.430691 146.796478 90.752457 38.835342 151.681335 92.390907 -20.383600 152.484802 95.194466 70.196487 117.479988 108.866844                368 
-37.387165 146.711487 90.681389 38.723454 151.745605 92.477142 -20.453033 152.572601 95.135925 70.101563 117.592972 109.021683                377 
-37.179314 146.648041 90.609482 38.712589 152.080322 92.401329 -20.421906 152.816086 95.038986 70.225220 118.161850 109.170387                386 
-36.933067 146.436218 90.471771 38.685719 152.190643 92.289032 -20.399570 152.981155 94.961891 70.280495 118.375580 109.112259                396 
-36.614647 146.200821 90.368401 38.673866 152.311340 92.200645 -20.380459 153.193649 94.900574 70.317902 118.623558 109.185890                405 
-36.187412 145.940735 90.512573 38.672077 152.303391 92.208778 -20.331261 153.390350 95.017303 70.336952 118.651360 109.226021                434 
-36.076752 145.288345 90.091011 38.601532 152.072418 92.199669 -20.405582 153.011230 94.775627 70.325180 118.516052 109.296173                443 
-35.584972 144.384888 89.758911 38.870579 151.702316 91.658272 -20.110069 152.696060 94.702026 70.821968 118.409531 108.845757                452 
-35.363735 144.040894 89.642479 38.922054 151.716461 91.385941 -20.021879 152.782501 94.743889 71.029366 118.610085 108.642776                462 
-34.854324 144.345657 90.233765 39.313206 152.097351 91.061752 -19.584316 153.440521 95.193245 71.600876 119.301598 108.573296                472 
-34.657345 144.305313 90.374664 39.395546 152.128891 91.073235 -19.491680 153.564026 95.331985 71.715889 119.435905 108.716179                481 
-33.758385 144.561691 90.887100 40.172867 152.479172 90.561882 -18.673611 154.105392 95.746597 72.733040 120.013885 108.184326                490 
-33.613358 144.901443 91.073402 40.129982 152.915390 90.464798 -18.699600 154.619720 95.832809 72.743050 120.565544 108.201340                500 
-33.228889 146.515213 92.159927 40.351719 154.755463 90.371391 -18.490435 156.656708 96.840836 73.289871 122.949554 108.486931                509 
-32.446674 147.844528 93.158455 40.976898 156.105164 89.741295 -17.773943 158.276932 97.523552 74.287872 124.735489 107.935585                518 
-32.191631 150.661072 94.209991 41.144234 157.806595 89.088936 -17.525867 161.643021 98.917007 74.382858 126.487885 107.502045                528 
-31.720531 153.272690 94.397255 41.433743 158.180069 86.513222 -16.789469 164.870255 99.520653 74.415375 126.462219 104.703880                537 
-31.405420 155.645950 94.276413 41.604168 159.119812 85.156364 -16.334538 167.692520 99.817078 74.317108 127.190269 103.461487                547 
-30.866037 157.478088 93.228256 42.170422 159.354095 84.444389 -15.661065 169.310394 99.069092 74.122864 126.749992 102.903114                556 
-30.358669 159.419693 91.476524 42.690411 160.074326 83.121078 -15.094397 171.093857 97.656456 74.144737 127.236641 102.016098                566 
-29.253181 163.526535 89.125641 43.811119 162.006897 81.123161 -13.726837 174.992783 96.027069 74.496109 128.713791 100.480621                575 
-28.677864 167.069504 84.698578 44.576359 164.252151 78.539970 -13.012082 178.295715 93.064812 74.460228 130.258133 97.932549                584 
-28.909422 172.406204 81.182999 44.478970 167.571548 75.176506 -12.809071 182.241760 90.276581 73.961349 132.766388 93.726448                594 
-26.856716 173.688950 79.363152 46.581093 168.220230 72.399223 -10.377509 182.743301 88.398773 76.485390 133.416153 90.263115                603 
-22.613159 174.685944 79.685150 50.399887 166.419113 70.161774 -5.357668 182.289124 88.181679 79.693863 130.119507 85.938698                613 
-18.731184 175.406845 78.288071 54.092766 165.939407 67.826111 -1.167907 181.391418 85.618492 82.916695 128.563202 81.858559                622 
-16.169798 175.550568 74.652344 56.324291 163.635406 63.948376 1.648916 179.823425 80.787209 83.852882 124.898720 76.846275                632 
-16.235504 172.638168 68.272011 57.186646 161.445129 61.134998 1.471680 174.539581 74.379288 84.342728 121.604362 71.133514                641 
-18.750240 170.942703 62.802742 55.787216 161.607635 59.799614 -0.912811 171.518829 69.106781 83.837914 122.229805 69.140671                651 
-20.311798 169.223190 54.825710 54.807491 161.415955 56.268242 -2.517899 168.969849 61.794823 83.433655 122.277130 64.835922                660 
-23.806152 183.126068 33.898109 50.646446 177.288361 43.558468 -10.148892 179.796722 44.660744 78.536659 141.513580 62.716015                669 
-23.605303 190.238739 21.671606 49.692162 184.741882 35.254890 -11.851290 184.427109 32.910328 76.143692 151.485123 60.134895                679 
-24.240705 193.318863 12.378961 48.204872 188.872498 28.345472 -13.404862 186.427734 23.356239 73.670532 157.590317 56.587891                688 
-25.445415 194.512177 3.466965 46.404716 190.933685 21.479462 -15.060081 187.423004 14.503489 71.200027 160.684311 51.393963                698 
-26.819225 195.168060 -5.048149 44.640362 192.097473 14.748848 -16.614965 187.963943 6.136335 68.718712 162.591904 45.963669                707 
-29.344210 195.552017 -15.224928 42.166245 193.118027 7.732960 -18.712912 187.780777 -2.854229 65.666992 164.489380 40.180233                716 
-31.080175 195.378479 -24.109451 40.642120 193.665161 1.364476 -19.856071 186.893951 -10.629622 64.026627 165.635208 34.412872                726 
-33.541382 193.339920 -33.507843 38.114887 194.651230 -6.054045 -21.765114 184.880600 -19.452141 62.175785 167.597000 27.320368                735 
-35.396263 189.517563 -42.036259 35.970737 194.704605 -13.194979 -23.202755 181.444427 -27.503620 61.114208 168.980087 20.431870                745 
-37.109074 185.435104 -49.510433 34.021145 193.843658 -19.013271 -24.015903 176.974579 -34.441833 60.526546 168.921234 14.168743                754 
-38.633728 182.223206 -58.087605 31.726730 192.275482 -24.929443 -25.314047 173.415192 -42.249203 58.303501 167.805527 8.531083                764 
-39.724724 178.306580 -65.515274 29.934153 190.681992 -30.747124 -26.251415 169.652130 -49.068394 56.940201 167.079987 2.992010                773 
-40.706211 174.248444 -72.817986 28.053978 188.351395 -36.092369 -27.586248 165.743057 -55.492268 55.168392 165.300430 -2.060445                783 
-41.256729 169.932495 -78.670135 26.304947 185.346054 -39.792892 -28.644785 161.522736 -60.734486 53.523342 162.289871 -5.847623                792 
-41.664703 163.744125 -84.395203 24.255314 182.611847 -43.392662 -28.752161 155.508438 -65.892815 52.465515 160.663834 -9.522628                801 
-42.558887 158.120010 -89.988403 22.332783 179.552719 -47.272293 -28.915543 149.705887 -70.690819 51.312481 158.893478 -13.241683                811 
-43.321476 153.213394 -94.702232 20.679276 177.601624 -50.916630 -28.935163 145.003281 -74.387680 50.058609 158.945572 -16.081066                820 
-43.980148 144.947342 -99.690819 18.295452 175.358093 -55.538601 -28.130730 137.624237 -77.959526 48.683643 160.833984 -19.617603                830 
-45.589672 143.077713 -102.545006 17.173565 175.717041 -60.260612 -29.595997 136.924698 -80.145218 47.404160 163.398346 -23.395035                839 
-44.938595 137.311096 -103.677887 16.526178 175.173737 -63.357029 -28.194412 132.908707 -80.813385 47.528313 166.483398 -26.100412                848 
-43.971252 136.924072 -105.157494 16.780094 176.584946 -65.262985 -27.320406 133.327744 -81.914261 47.354187 169.414352 -27.335194                858 
-42.701012 134.107773 -105.481033 16.743490 176.798172 -66.638390 -25.835604 131.636276 -82.162086 47.332752 171.762344 -28.380745                868 
-44.917244 131.086502 -105.153946 15.117395 176.937454 -71.271164 -27.835901 130.820541 -82.413780 45.995220 175.108994 -32.957634                877 
-44.364792 127.408997 -105.116364 14.634647 176.563812 -74.381744 -27.453907 129.078339 -82.833206 45.222923 177.730499 -35.810951                886 
-46.397953 124.452049 -104.241974 12.966347 175.351303 -77.442924 -29.246550 127.495163 -82.670242 43.978035 178.705734 -39.341312                896 
-43.189629 115.464233 -99.097939 12.715443 172.786835 -79.421249 -26.922871 122.499954 -78.676804 42.602711 182.969955 -41.635468                905 
-42.685650 114.918556 -95.740608 12.847171 172.645203 -79.568405 -27.172318 122.713081 -77.410660 43.079346 183.474243 -42.239365                914 
-41.216324 113.993965 -92.873047 12.780542 172.488907 -79.562897 -26.976507 122.396507 -76.974640 43.233223 183.601410 -42.497334                924 
-39.848309 113.387802 -90.433205 12.702154 172.417923 -79.593506 -26.851744 122.228317 -76.687881 43.326870 183.747879 -42.736099                934 
-38.731766 112.975357 -88.191544 12.544655 172.341461 -79.738762 -26.922585 122.573235 -76.898796 43.424530 183.823166 -43.142128                943 
-37.610828 111.654167 -86.583557 12.022993 171.993073 -79.965942 -26.815044 122.095749 -76.922592 43.293877 183.943588 -43.854633                953 
-36.547924 110.399765 -84.981651 11.619781 171.533920 -80.083366 -26.992493 121.773399 -76.732910 43.223366 183.953018 -44.422611                962 
-34.829208 109.397400 -82.891151 11.400599 171.089966 -80.163406 -27.167435 121.586670 -76.628342 43.231567 183.865234 -44.832226                971 
-33.246525 108.244217 -80.142097 11.264438 170.615921 -80.067024 -26.980215 121.226204 -75.465401 43.501865 184.320190 -45.459927                981 
-31.721121 106.804008 -77.960670 11.312178 169.729431 -79.325180 -26.874594 120.722137 -74.417625 43.966702 183.841049 -45.277355                990 
-29.907925 105.531700 -76.079468 11.545594 169.046524 -78.658302 -26.738737 120.969673 -74.038101 44.367210 183.672821 -44.990475                999 
-28.433558 100.611198 -72.863548 9.212405 165.778000 -79.178329 -27.031176 116.970695 -72.772888 41.776531 183.242874 -46.631962               1009 
-27.048611 98.247917 -71.471977 7.982227 164.338028 -79.380211 -26.967705 115.024345 -72.465530 40.334721 183.141068 -47.372841               1019 
-26.621000 96.660370 -69.027550 6.763566 162.929855 -79.821846 -27.058651 113.501419 -71.543373 38.814034 183.500504 -48.607655               1028 
-27.126608 96.145599 -67.828735 5.713446 162.042175 -80.405479 -26.987951 112.826492 -72.280815 37.499828 183.429031 -49.471069               1037 
-27.442846 95.974915 -66.970146 5.086330 161.534042 -80.645706 -26.351318 112.373688 -73.073936 36.726822 183.348053 -49.860352               1047 
-27.218864 95.975060 -66.960785 4.704123 161.644531 -80.772591 -25.463816 112.228584 -73.932259 36.254848 183.596848 -49.993416               1056 
-27.283911 96.099251 -66.774475 4.403700 161.703705 -80.930603 -25.097767 112.241257 -74.334465 35.984898 183.773163 -50.266666               1066 
-28.941378 96.615326 -67.228363 3.619921 161.428833 -81.821335 -26.164276 112.444801 -75.581932 35.305374 183.177017 -51.035648               1075 
-29.585180 95.921646 -65.638504 1.677608 159.796249 -83.628098 -26.869747 110.780777 -75.933716 33.163086 183.024353 -53.731102               1085 
-30.068844 97.057884 -64.768784 0.841739 159.945969 -84.778877 -27.363361 111.163895 -76.275429 32.421364 183.714249 -55.410423               1094 
-29.386190 96.878525 -63.863991 0.238606 159.454483 -85.282936 -26.987402 110.458397 -76.269989 31.914722 183.775497 -56.476315               1103 
-28.544485 97.062935 -63.077908 0.186307 159.108017 -85.544212 -26.852499 110.120850 -76.201485 31.846651 183.698578 -56.949863               1113 
-27.765188 97.359848 -62.491188 0.217086 158.902435 -85.710297 -26.203808 109.829582 -76.409576 31.857538 183.601974 -57.187946               1122 
-26.904287 97.743614 -61.898479 0.309239 158.716492 -85.867317 -25.068329 109.469154 -76.721153 31.913607 183.487030 -57.366535               1132 
-26.461594 98.580528 -63.775063 0.319927 159.493530 -87.204414 -23.970900 109.932632 -79.179649 31.745249 183.854248 -58.157661               1141 
-26.093348 99.198944 -65.026260 0.327306 160.030014 -88.127594 -23.223337 110.265091 -80.868927 31.627642 184.103073 -58.708447               1150 
-25.620996 99.702301 -65.654366 0.497844 160.308868 -88.785728 -14.336671 109.952538 -84.785080 31.681721 184.254074 -59.139427               1160 
-27.350767 100.977226 -68.458618 -0.766716 161.173630 -91.326057 -11.788621 110.550789 -89.275253 31.167570 184.105865 -61.677715               1169 
-26.768507 102.641113 -70.066711 -2.571427 162.956680 -94.406960 -9.833449 111.548546 -91.794701 29.169930 187.118088 -65.537903               1179 
-25.740143 103.857567 -73.201225 -2.289572 164.469467 -96.836525 -7.805517 112.721329 -95.314194 29.351288 188.316757 -67.598320               1188 
-25.211472 104.514023 -74.505890 -2.272784 165.185471 -97.838654 -6.892035 113.271645 -96.967316 29.400616 188.782730 -68.433296               1198 
-25.729860 105.765656 -78.645416 -2.455258 166.926285 -99.579025 -7.237108 115.011169 -101.080330 29.516186 188.821732 -69.196030               1207 
-24.777437 106.363846 -85.447670 -2.228057 168.842194 -102.027977 -6.650818 117.130547 -107.466721 29.699650 188.518387 -70.119064               1216 
-23.354078 107.437363 -85.970673 -1.743377 169.876007 -102.719406 -5.976434 118.170265 -108.532005 30.545315 189.404297 -71.084038               1226 
-21.734371 108.526711 -93.842422 -0.614000 171.497009 -105.105476 -5.684804 120.767075 -116.415932 32.345608 187.014267 -71.975601               1235 
-19.632645 110.062218 -101.029259 0.057581 173.471390 -107.014282 -5.005448 124.100151 -123.392174 33.379269 185.632004 -72.860298               1245 
-17.095518 109.004494 -97.384300 0.245138 172.516342 -106.376114 -3.586153 122.388306 -120.795769 33.690235 186.915359 -73.227898               1254 
-14.756420 107.828445 -92.595924 0.390734 171.122818 -105.602913 -2.038847 120.109001 -117.015915 33.716347 188.437668 -73.754684               1264 
-12.585618 107.419250 -94.902611 0.638120 171.412811 -106.103424 -0.277254 120.739876 -119.190643 33.896786 188.542816 -74.085716               1273 
-11.496036 106.985298 -98.163055 1.025160 171.395966 -107.084946 0.398079 121.266945 -122.210426 34.717712 187.422028 -74.949493               1283 
-10.703066 106.796013 -100.233017 1.280981 171.384842 -107.733704 0.420887 121.453964 -123.877655 35.279861 186.690140 -75.569534               1292 
-11.157891 106.685799 -103.395782 0.999130 171.377441 -108.568764 -0.509947 121.909317 -126.379875 35.328186 185.197830 -76.084572               1302 
-12.011715 106.668793 -106.163445 0.738591 171.304779 -109.301064 -1.418591 122.418388 -128.681274 35.344116 183.621841 -76.506889               1311 
-12.420015 106.683487 -108.165924 0.607237 171.253113 -109.822777 -1.890911 122.829124 -130.340561 35.346867 182.534302 -76.798500               1320 
-13.355858 107.080666 -112.431351 0.301571 171.431076 -110.860458 -2.682791 124.110229 -133.786560 35.012833 180.578461 -77.153435               1330 
-13.904620 107.431770 -115.151962 0.104526 171.545807 -111.529388 -3.185600 124.998665 -135.978271 34.800594 179.298660 -77.459084               1339 
-14.187253 107.683235 -116.747200 -0.013654 171.614609 -111.930588 -3.483772 125.544922 -137.269516 34.674534 178.527008 -77.671890               1348 
-13.244208 108.916153 -120.253876 0.901866 172.255920 -112.486343 -2.902231 127.594208 -140.209366 35.642452 177.083328 -77.924843               1358 
-12.350604 109.937218 -122.497276 1.548427 172.708832 -112.878838 -2.498036 129.114365 -142.237503 36.342804 176.057663 -78.196762               1367 
-11.816903 110.538254 -123.733833 1.914540 172.965286 -113.101082 -2.271215 129.991287 -143.357895 36.745434 175.478409 -78.385056               1377 
-13.691769 109.886261 -124.602257 3.340340 170.953003 -112.908424 -2.934402 128.893417 -144.090073 37.412701 170.506500 -77.361488               1386 
-15.290873 109.389664 -123.860725 4.187197 169.345993 -112.383217 -3.640013 127.622803 -143.678665 37.324348 167.085800 -76.030357               1396 
-15.865761 109.332420 -122.843956 4.426039 168.659317 -112.063057 -4.228859 127.049667 -143.304199 37.139305 165.609909 -75.385361               1405 
-15.767629 109.394539 -121.950615 4.541533 168.327271 -111.908241 -4.507117 126.766991 -143.115112 37.037594 164.907288 -75.070496               1415 
-17.226692 109.731903 -121.365387 3.961354 168.116013 -111.928551 -6.595934 126.925934 -143.163055 37.183987 163.817734 -75.838509               1424 
-18.517008 110.315605 -121.688942 3.522805 168.147614 -112.182869 -8.862735 127.785820 -143.834335 38.082764 162.601746 -77.548164               1433 
-19.449196 110.747429 -121.873055 3.211210 168.170074 -112.363556 -10.509246 128.417770 -144.244522 38.674118 161.725128 -78.814270               1443 
-20.072639 111.050583 -121.959808 2.998278 168.185425 -112.487038 -11.648847 128.856262 -144.489136 39.053402 161.121964 -79.702202               1452 
-20.488708 111.273849 -121.981186 2.845663 168.196411 -112.575539 -12.471902 129.172012 -144.644989 39.312122 160.688278 -80.349228               1462 
-20.855593 111.439133 -122.034576 2.729363 168.204803 -112.642982 -13.102266 129.412415 -144.752014 39.501656 160.357300 -80.847931               1471 
-21.229916 111.593124 -122.072266 2.623943 168.212036 -112.727417 -13.730198 129.630966 -144.836426 39.711304 160.052689 -81.379967               1480 
-27.765869 111.269081 -120.759857 1.741574 165.204742 -112.044426 -19.323849 128.581924 -143.728104 38.753853 153.227600 -81.855865               1490 
-27.360613 110.887222 -109.667931 2.303631 157.687195 -111.508904 -23.238562 120.579422 -139.091202 37.831951 144.725662 -79.974052               1499 
-27.231976 113.903122 -101.018654 2.748992 154.054153 -112.490334 -27.155788 116.313393 -134.234055 37.448936 141.985779 -79.703468               1509 
-27.104433 116.123756 -97.822136 3.272636 152.724716 -112.791161 -29.059120 115.669197 -132.132141 37.498806 140.453995 -79.584106               1518 
-28.306122 118.818932 -95.946838 4.123409 151.913818 -112.493523 -31.206671 117.039185 -130.636169 37.279846 137.920654 -78.884720               1528 
-28.976143 120.286148 -95.059715 4.587283 151.471695 -112.331230 -32.270901 117.865547 -129.843231 37.085102 136.625854 -78.446091               1537 
-29.314285 121.151505 -94.553841 4.858290 151.213394 -112.236420 -32.856716 118.363968 -129.382278 36.951328 135.902023 -78.173111               1547 
-29.537651 121.708733 -94.242935 5.034044 151.045868 -112.174934 -33.223286 118.689957 -129.081055 36.857834 135.446243 -77.990028               1556 
-30.181835 122.695663 -94.022911 5.287000 150.850174 -112.086594 -33.946552 119.586647 -128.832550 36.584255 134.462845 -77.784302               1566 
-30.688875 123.523849 -93.845215 5.496176 150.688339 -112.013535 -34.513680 120.341599 -128.631836 36.333202 133.672745 -77.600502               1575 
-30.984858 123.903336 -93.690536 5.480980 150.631790 -111.999886 -34.879097 120.647728 -128.448929 36.171749 133.406693 -77.560333               1584 
-31.598984 125.516403 -93.443741 6.308000 150.506058 -111.647552 -35.088558 121.984795 -128.142731 35.850914 132.519073 -76.599098               1594 
-31.854317 125.860100 -93.101166 6.301506 150.448044 -111.627106 -35.396835 122.130669 -127.727676 35.817146 132.500809 -76.535309               1603 
-29.287130 124.271751 -86.196655 6.625265 148.563812 -109.804489 -32.188583 114.798500 -120.217468 39.256107 135.916122 -75.163841               1631 
-28.205482 122.289940 -82.659424 6.036811 146.836121 -108.634827 -30.705004 110.278877 -116.153923 40.161800 137.537949 -74.374947               1641 
-27.216042 120.866791 -79.101257 5.270527 145.650681 -107.462631 -29.183376 106.585938 -111.957596 40.860729 139.688492 -73.958908               1650 
-26.870359 120.151001 -77.370743 4.894181 145.068481 -106.886932 -27.932827 104.609543 -109.952667 41.133976 140.737946 -73.831924               1660 
-27.165926 119.971451 -76.094490 4.281162 144.883163 -106.224991 -27.574240 103.674065 -108.571548 40.799938 141.366867 -73.381050               1670 
-25.953468 118.775345 -75.278648 3.683686 145.953278 -105.997795 -25.547224 102.858856 -107.984283 41.216988 144.146042 -74.174927               1679 
-26.351263 116.013199 -75.440437 2.798819 146.902603 -105.816254 -23.357655 101.886757 -107.909233 41.052715 147.199097 -74.812042               1688 
-27.260788 113.459381 -75.541687 1.901802 147.648056 -105.781075 -21.886520 101.334152 -107.720848 40.722363 149.685104 -75.556503               1698 
-24.734232 107.763298 -73.116585 -2.041465 146.493317 -106.038948 -18.022030 96.913628 -105.046417 37.780205 155.899063 -78.644119               1707 
-25.893030 106.177078 -74.486992 -6.542933 146.609756 -108.901276 -16.964169 95.657486 -105.791634 31.724010 161.532410 -81.741272               1717 
-25.171391 105.622414 -74.735321 -9.122238 146.518036 -110.498840 -15.242146 95.002304 -105.697289 27.741421 165.446060 -83.899773               1726 
-25.194235 105.156059 -75.404999 -11.249983 146.971634 -111.078232 -14.888215 95.204056 -106.469955 24.846624 167.484833 -84.602707               1735 
-22.840771 104.766830 -73.401176 -12.748196 147.284653 -109.590942 -12.679088 95.414413 -104.711472 22.567978 170.343445 -84.178940               1745 
-29.499603 108.920471 -72.453644 -16.529419 149.920105 -107.373970 -21.651834 98.170464 -104.202492 21.352541 168.372238 -81.894844               1754 
-34.228916 114.929512 -69.479637 -19.979328 153.365509 -104.034698 -29.759981 102.245712 -101.707268 20.162344 167.675339 -79.365181               1763 
-37.322903 119.728394 -67.340874 -22.406525 156.462875 -101.393166 -35.860558 106.147270 -100.114937 19.193747 167.124817 -77.300629               1773 
-35.764015 119.028603 -63.776920 -25.457788 157.660095 -95.656624 -38.442509 107.252960 -97.851631 18.069027 166.634155 -74.453026               1783 
-34.139751 121.788330 -65.760849 -26.087481 164.308578 -91.808601 -37.386688 114.357559 -101.375351 17.308222 171.534256 -69.688202               1792 
-35.399487 124.071671 -65.788864 -27.552378 168.311172 -88.065941 -39.136307 119.483978 -102.066513 15.930639 173.268402 -65.496864               1801 
-38.186733 126.584793 -62.563869 -27.985315 169.644806 -85.292290 -39.699619 120.803566 -99.134605 13.740689 174.048660 -59.519112               1811 
-38.894089 127.925491 -60.488628 -27.245886 170.455887 -82.850349 -38.280777 121.614273 -97.238914 12.643563 174.726471 -54.296818               1820 
-56.130093 148.029160 -60.838226 -4.562314 180.231476 -66.321327 -51.141949 147.266129 -64.071877 34.759827 171.605453 -37.965179               1830 
-58.117886 165.984360 -55.260731 7.793911 183.052475 -52.653118 -51.316097 166.306839 -46.601311 43.346802 166.383057 -22.940634               1839 
-55.334469 178.388489 -48.587036 14.968479 184.203720 -42.695713 -48.296566 179.008728 -35.196331 47.257626 162.465088 -12.536925               1849 
-51.240856 185.272385 -40.329048 20.247021 182.981964 -34.141876 -43.921230 185.655258 -25.230364 50.277451 157.980194 -4.178658               1858 
-48.375126 187.272400 -31.980524 23.457254 181.319885 -27.115252 -40.651623 188.890762 -16.767765 52.267868 154.793839 2.734832               1867 
-46.367134 187.825378 -24.540642 25.485519 179.474258 -20.636539 -38.330570 190.611450 -8.912580 53.619156 152.262253 9.241800               1877 
-43.872387 190.177155 -17.617914 27.587456 177.945847 -14.521732 -35.448616 193.655685 -1.314808 54.401695 149.055176 14.991585               1887 
-42.349361 190.432724 -9.748503 28.497475 174.905594 -9.288634 -33.161701 194.629440 6.496409 54.468929 144.187958 19.112425               1896 
-42.282990 188.532166 -1.249942 28.420572 173.783707 -4.191767 -32.291317 195.297516 13.990531 55.094257 143.311554 23.820240               1905 
-41.064877 186.821136 5.815497 29.467834 171.964539 1.574587 -30.430462 195.661652 20.762451 55.999454 141.451828 29.677216               1914 
-40.343296 187.253189 12.243258 29.891520 171.495682 6.964463 -28.934687 197.208542 27.503965 55.859833 139.790558 34.261730               1924 
-40.221439 186.101318 19.257854 29.738054 169.952057 12.088673 -27.715973 197.516449 34.923546 55.883354 137.644165 38.495739               1933 
-40.136513 186.840057 25.018957 29.451807 169.675903 16.614374 -26.555136 199.139236 41.408253 55.357471 136.485703 42.148994               1943 
-39.591045 187.602036 28.876177 29.665751 168.867310 21.054094 -24.821383 201.208511 47.075562 54.370121 134.595337 46.349072               1952 
-39.303223 186.768265 35.534286 29.860685 168.417511 26.104311 -23.663925 200.724197 54.673317 54.898712 133.245453 49.784126               1962 
-39.637276 184.804459 41.357868 29.545298 167.246719 30.613289 -23.062096 199.483719 61.680130 55.070766 131.552322 52.953163               1971 
-39.714718 182.816727 46.218563 29.496323 165.960297 34.639389 -22.099876 198.556503 67.953964 55.357727 129.939926 56.050377               1980 
-37.348976 178.594055 51.930225 31.177149 160.743744 38.059776 -18.257925 193.738388 74.672073 56.563824 123.133881 57.183708               1990 
-37.598545 175.943832 56.519447 31.361265 160.057602 42.461918 -18.339964 192.296906 79.785294 57.788551 123.101692 61.450577               1999 
-37.771576 175.360825 61.225487 31.176229 159.960327 46.625912 -17.562227 193.058289 85.058357 58.031464 123.294861 65.577156               2009 
-38.411591 174.047424 65.272949 30.632872 159.780670 50.034424 -17.631359 192.888718 89.464157 58.224106 123.543663 68.751068               2018 
-38.564911 173.898102 69.071457 30.591747 160.416901 53.533455 -17.434517 193.189926 93.718170 58.520969 124.205879 71.793533               2028 
-38.170605 173.701416 72.609901 30.790865 160.383347 56.004604 -15.790788 193.720078 97.736053 58.941208 123.981468 73.530914               2037 
-37.149487 175.267563 73.768440 31.669912 159.528580 58.689693 -13.782160 196.805557 98.621513 58.722507 123.380447 78.341148               2047 
-37.060505 175.922485 74.774216 31.831116 159.913376 60.309151 -13.180547 198.322357 99.961433 58.657570 123.885155 80.483849               2056 
-34.946865 174.841156 79.694405 33.397507 158.571411 63.073368 -9.493250 195.170349 106.948303 59.551819 120.338104 79.772972               2065 
-35.990196 172.188248 81.079765 32.665325 157.500610 64.259430 -10.761895 192.092285 109.313347 59.259586 119.042870 79.701523               2075 
-36.600693 168.925262 81.507530 32.797443 156.610138 65.862709 -12.448351 189.914185 110.143814 60.449108 119.141197 81.868141               2084 
-37.883629 169.337112 81.506798 32.266682 158.515762 68.291832 -15.018806 193.403595 109.196663 60.813992 123.314827 87.544258               2094 
-37.448444 163.584167 80.162407 33.535477 156.923096 69.848526 -17.280752 188.147491 109.488144 62.925652 122.586609 89.391647               2103 
-36.873470 161.163620 80.223633 34.187855 157.763947 70.857033 -18.579500 188.412201 108.378983 64.885818 125.833328 92.369377               2113 
-36.427467 157.777390 80.942307 34.383690 157.877853 71.622299 -19.861765 185.697784 109.138130 66.262489 126.907242 92.818375               2122 
-36.015583 156.590408 81.215347 34.496021 158.055969 71.936485 -20.420202 185.657883 108.584900 66.795731 128.044708 93.862785               2131 
-35.843193 155.065094 80.559692 34.648212 157.326813 73.081551 -21.689734 183.001099 108.452866 66.458725 126.685547 94.851112               2141 
-34.890915 152.992905 81.449844 35.439369 156.670502 74.501900 -22.065121 179.689270 108.689362 67.522400 125.963730 95.773560               2150 
-33.088848 153.204178 84.114861 36.639244 156.665421 75.802612 -21.014404 177.934357 109.257492 68.659943 125.251038 96.113235               2160 
-31.523815 153.386169 85.455246 37.786499 154.322342 75.883385 -18.891554 175.179489 110.085999 68.489830 120.201927 93.710701               2169 
-29.732481 152.483780 86.621361 39.298332 151.715729 75.615181 -16.570389 171.953018 110.486664 69.218185 115.909454 91.344887               2179 
-29.904169 152.796341 86.396950 39.154633 151.856705 75.726082 -17.367586 171.050522 108.521843 68.875275 115.912254 91.518181               2188 
-30.051073 153.463196 86.153053 39.029598 152.246307 75.910934 -17.987463 170.538010 106.342072 68.458405 116.108498 91.807899               2197 
-30.142174 153.818253 85.983467 38.896027 152.566681 76.163445 -18.507326 170.155136 104.673752 68.090714 116.279175 92.150864               2207 
-29.930853 153.547363 86.952301 38.759277 153.992218 77.043716 -19.168926 170.090378 103.877777 68.641876 118.526550 93.594467               2216 
-29.672050 153.005493 87.392494 38.745190 153.951431 77.419495 -19.225283 169.553406 103.526237 68.636444 118.413971 93.799721               2226 
-29.494814 152.765976 87.648277 38.717449 153.970062 77.581596 -19.221418 169.229095 102.967110 68.574547 118.351585 93.847771               2236 
-29.426092 152.862976 87.961037 38.746216 154.079529 77.797836 -19.121050 168.979355 102.551666 68.579208 118.362953 93.892204               2245 
-29.320158 152.609848 88.409180 38.811634 154.146301 78.038330 -18.994150 168.444763 102.263809 68.840698 118.535210 94.001274               2254 
-28.799017 151.600494 89.756630 39.181236 153.392181 78.501671 -18.283188 167.192307 102.853455 69.527161 117.866158 94.049530               2264 
-28.803967 151.493042 89.813736 39.157234 153.379257 78.475868 -18.222425 166.998627 102.612686 69.559738 117.884575 93.984749               2273 
-28.817682 151.353516 89.878746 39.140095 153.354156 78.507042 -18.183310 166.827591 102.443100 69.603325 117.920921 94.037239               2282 
-28.442472 150.025879 90.073776 39.554115 151.646851 78.794502 -17.471453 164.947052 102.596878 69.653740 115.522514 93.414841               2292 
-28.122732 149.581009 90.599136 39.813240 150.918320 78.881859 -16.739986 164.177277 102.253128 69.849190 114.635254 93.237717               2301 
-27.792782 148.776611 91.134140 40.225269 149.870789 79.094620 -15.847818 163.087921 102.562721 70.280777 113.401192 92.927345               2311 
-27.727757 148.046463 91.391655 40.453217 148.902985 79.271042 -15.060228 162.183243 102.851013 70.518158 112.229706 92.533028               2320 
-27.774479 148.123596 91.297333 40.485950 148.551651 79.280678 -14.518407 162.337692 102.799644 70.348854 111.638153 92.331009               2329 
-27.912046 148.339844 91.180405 40.538456 148.256226 79.324417 -14.090399 162.323074 102.765251 70.286064 111.188133 92.198662               2339 
-27.896652 148.076630 91.422768 40.719814 147.773575 79.515732 -13.427593 162.049255 103.161980 70.593285 110.754478 92.238625               2348 
-28.036297 148.008820 91.420845 40.708347 147.600266 79.531868 -12.933584 162.236465 103.359566 70.678207 110.651062 92.231216               2358 
-28.186920 148.071564 91.384102 40.700901 147.487747 79.542351 -12.639786 162.256577 103.391388 70.733246 110.584030 92.226326               2367 
-28.489676 147.829788 91.606644 40.389889 147.895142 79.275642 -12.782353 162.241821 103.369308 71.013672 111.510963 92.046112               2377 
-28.704948 147.582870 91.838058 40.113129 148.270691 79.046936 -12.933129 162.260422 103.357033 71.241470 112.347672 91.902771               2386 
-29.020983 147.385315 92.209915 39.714218 148.751984 78.840195 -13.197011 162.283783 103.461441 71.402634 113.319717 91.689651               2396 
-30.764360 146.294815 92.152084 37.992249 149.843033 78.279037 -15.049477 161.472672 103.112198 71.178696 115.813736 91.138908               2405 
-32.017696 145.963425 92.278938 36.846531 150.611847 78.098610 -16.158216 161.038025 102.913269 70.962746 117.541290 91.026550               2415 
-32.440567 145.673416 92.304405 36.459496 150.666473 78.017471 -16.405344 160.651474 102.754707 70.837334 117.813683 90.806870               2424 
-32.793789 145.166931 92.202629 36.129353 150.436859 78.046158 -16.637547 159.860077 102.327362 70.589462 117.587471 90.621056               2433 
-32.979412 145.209366 92.116142 35.984505 150.478012 77.969704 -16.672968 159.596405 101.812469 70.498795 117.694878 90.568893               2443 
-33.055424 145.295135 92.035980 35.928188 150.452408 77.879921 -16.645515 159.402603 101.358627 70.416603 117.651657 90.504112               2452 
-33.435402 145.888916 91.789909 35.615734 150.945251 77.900215 -16.986391 159.389023 100.614311 69.994896 118.019447 90.496811               2462 
-33.572506 146.267441 92.168449 35.342045 152.069565 77.910034 -17.273037 159.776886 100.388466 70.232742 119.817657 90.839203               2471 
-33.600998 146.285141 92.243477 35.212791 152.517532 77.860619 -17.426477 159.788849 100.151199 70.369064 120.643898 91.006645               2481 
-33.899227 146.939224 92.147812 34.827736 153.683777 77.640656 -17.886841 160.570053 99.785393 70.315613 122.332161 91.146080               2490 
-34.097767 147.430328 92.102676 34.569862 154.507111 77.488747 -18.200148 161.159424 99.567398 70.283340 123.521202 91.241241               2500 
-34.211052 147.823013 92.067352 34.471622 154.678955 77.472702 -18.322702 161.541580 99.507019 70.107834 123.672386 91.378220               2509 
-34.249638 148.114563 92.099464 34.406822 154.822189 77.429382 -18.504778 161.514282 99.245132 70.008224 123.805412 91.401131               2518 
-34.304806 148.428589 92.127899 34.353268 154.897339 77.499222 -18.760790 160.957764 98.632835 69.820892 123.689537 91.385559               2528 
-34.342209 148.679565 92.121773 34.307076 154.954422 77.560684 -18.979149 160.406113 98.008057 69.652390 123.575233 91.372459               2537 
-34.307522 148.856140 92.133385 34.298992 155.009415 77.595703 -19.107521 159.936493 97.493988 69.555939 123.495903 91.327286               2546 
-34.324677 149.128540 92.111916 34.261894 155.091156 77.648567 -19.186525 160.140121 97.501404 69.388763 123.407578 91.322044               2556 
-34.467739 149.446228 91.968559 34.138939 155.157471 77.717804 -19.455570 160.460419 97.547394 69.071297 123.238770 91.342667               2565 
-34.495495 149.588211 91.884949 34.109955 155.150879 77.758743 -19.538641 160.507446 97.480476 68.917351 123.064911 91.310356               2575 
-34.744061 150.087204 91.754158 33.953602 155.072357 78.025284 -19.808851 160.435440 97.072388 68.328522 122.405319 91.289505               2584 
-34.840797 150.462234 91.701790 33.886738 155.071609 78.135178 -19.908817 160.492767 96.796722 68.007675 122.075264 91.239105               2594 
-34.971775 150.817795 91.657471 33.787781 155.051895 78.265976 -20.034655 160.636429 96.697250 67.651382 121.731552 91.216705               2603 
-34.913292 150.941345 91.653130 33.787956 155.083023 78.285889 -20.048567 160.554825 96.383423 67.566574 121.666595 91.210930               2612 
-34.772110 151.215988 91.778999 33.830139 155.153671 78.429871 -19.997528 160.681885 96.213249 67.431435 121.549492 91.330338               2622 
-34.919228 151.461807 91.707481 33.666412 155.135086 78.655037 -20.194258 160.859222 96.167854 66.989639 121.221977 91.468033               2631 
-34.874233 151.921509 91.801064 33.719677 155.127396 78.938385 -20.139328 161.147812 96.308243 66.706131 120.815590 91.559944               2641 
-34.762035 152.206589 91.805641 33.724548 155.186325 79.049187 -20.145363 161.465347 96.311249 66.483795 120.650772 91.652252               2651 
-34.869198 152.493088 91.716690 33.577305 155.211105 79.298637 -20.382847 161.823761 96.426155 66.043434 120.388130 91.869278               2660 
-34.976490 152.582214 91.671860 33.484085 155.150696 79.593285 -20.537165 161.845291 96.494621 65.746857 120.105339 92.069130               2670 
-35.024082 152.671997 91.728699 33.433601 155.140091 79.808357 -20.629719 161.783096 96.503319 65.579445 119.963753 92.217216               2679 
-35.055588 152.746216 91.809875 33.405266 155.125641 80.027679 -20.697021 161.650467 96.490471 65.450363 119.833229 92.367340               2688 
-35.109394 152.721039 91.808823 33.353500 155.075897 80.155296 -20.783041 161.348709 96.261963 65.336273 119.708313 92.441315               2697 
-35.090584 152.704041 91.875816 33.360619 155.040756 80.239975 -20.756544 161.226166 96.215370 65.317902 119.634903 92.481987               2707 
-35.115124 152.689117 92.015526 33.322750 155.076355 80.382111 -20.772764 161.176376 96.266197 65.303093 119.687508 92.613091               2716 
-35.113846 152.714890 92.306381 33.289268 155.085236 80.536430 -20.736713 161.276001 96.569450 65.275108 119.658730 92.643394               2726 
-35.196381 152.780045 92.622185 33.176991 155.145874 80.729813 -20.763147 161.540482 96.993309 65.180153 119.710159 92.763832               2735 
-35.264214 152.748734 92.826706 33.084583 155.261368 80.871353 -20.732403 161.975327 97.505791 65.187035 119.930923 92.950348               2745 
-35.352436 152.578079 92.922028 32.977722 155.287994 80.977837 -20.759817 162.163147 97.865189 65.176376 120.043640 93.052238               2754 
-35.385838 151.920120 92.721535 33.063805 154.225510 81.446793 -20.684774 161.369049 98.075142 64.811745 118.408821 93.020164               2763 
-35.410873 150.941742 92.789497 32.901855 154.253510 81.414268 -20.580647 161.475113 98.391685 65.319748 119.357269 93.905968               2831 
-35.411690 150.811188 92.841148 32.878475 154.192780 81.404335 -20.578043 161.366669 98.437996 65.338326 119.318054 93.847061               2839 
-35.377754 150.496796 92.952316 32.845879 154.031021 81.305328 -20.462955 161.236328 98.593437 65.421181 119.240494 93.681854               2850 
-35.549046 150.000534 92.909485 32.590809 153.824356 81.137016 -20.517279 161.128082 98.694572 65.329781 119.203568 93.557587               2861 
-35.533173 149.777252 92.976173 32.525463 153.741455 81.067528 -20.425898 161.153564 98.840843 65.342155 119.186401 93.466034               2867 
-35.279385 149.604538 92.991997 32.513088 153.710648 80.891548 -20.176672 161.552948 98.946182 65.338196 119.212448 93.425354               2877 
-34.911690 149.153534 93.149330 32.489956 153.561050 80.766647 -19.940630 161.717972 99.073631 65.308426 119.051537 93.286690               2886 
-34.581806 148.827759 93.325256 32.457253 153.496475 80.635666 -19.744181 161.888245 99.146523 65.266747 118.969139 93.130066               2896 
-34.580391 147.785370 92.526367 32.378914 152.621902 80.207214 -19.769415 161.091766 98.500214 65.082733 118.009537 92.743340               2905 
-34.620743 147.151077 91.581825 32.327698 152.015686 79.670288 -19.656858 160.882935 97.830238 64.932495 117.420982 92.509399               2915 
-34.210392 146.574097 90.819023 32.674252 151.817657 79.480675 -19.413412 160.653183 97.184326 65.313339 117.444771 92.818764               2924 
-33.861786 146.224243 90.316132 32.835144 151.704391 79.399162 -19.363388 160.567673 96.707672 65.358589 117.323036 92.995399               2933 
-33.495987 146.025238 90.041138 32.964657 151.676285 79.326408 -19.303394 160.647446 96.347656 65.377182 117.294846 93.184792               2943 
-33.182549 145.903549 89.841911 33.076496 151.658020 79.266174 -19.231308 160.721863 96.057686 65.382553 117.268639 93.351593               2952 
-32.964718 145.913345 89.739677 33.123623 151.683685 79.242569 -19.217430 160.736450 95.852509 65.306190 117.228539 93.449432               2962 
-32.788258 145.928711 89.538620 33.198635 151.682083 79.190094 -19.238558 160.736115 95.655510 65.258743 117.172638 93.541321               2971 
-32.629169 145.945679 89.385391 33.247196 151.671265 79.150269 -19.338375 160.688736 95.510338 65.178169 117.098351 93.635986               2980 
-32.494167 145.960693 89.185310 33.296661 151.664429 79.107872 -19.454107 160.633499 95.363792 65.099396 117.027519 93.722275               2990 
-32.385426 146.193436 89.015694 33.377464 151.751709 79.105194 -19.563459 160.588837 95.133278 65.026581 117.064766 93.932861               2999 
-32.286079 146.392319 88.820824 33.444794 151.849609 79.072701 -19.706112 160.432007 94.806641 64.967194 117.161545 94.165291               3009 
-32.458225 147.171738 88.219643 33.308201 152.210846 78.879768 -20.056452 161.031891 94.103661 64.515556 117.549042 94.671249               3018 
-32.636749 147.604797 87.618195 33.154057 152.449478 78.717178 -20.479330 161.343872 93.507271 64.139320 117.841690 95.055008               3028 
-32.844028 148.227615 87.115005 33.013931 152.755402 78.470291 -20.860449 161.729538 92.968140 63.820339 118.213081 95.278122               3037 
-32.980335 148.595184 86.708054 33.011856 152.904434 78.501923 -21.072523 161.869278 92.730148 63.692787 118.398865 95.612038               3047 
-33.146549 149.115936 86.286049 33.035130 153.082413 78.538139 -21.252096 162.122467 92.580635 63.597332 118.650070 96.004547               3056 
-33.227394 149.372345 86.105507 33.080338 153.156647 78.606796 -21.406643 162.298279 92.765213 63.622345 118.846756 96.347351               3065 
-33.242321 149.473526 85.967758 33.167328 153.129501 78.697975 -21.506634 162.435760 93.113159 63.686832 118.882545 96.598129               3075 
-33.082901 149.381638 85.857208 33.425388 153.001419 78.844215 -21.433428 162.502747 93.447266 63.981194 118.987030 97.121910               3085 
-32.562157 148.809357 85.842491 34.058357 152.445358 79.198418 -20.970879 161.889008 93.597046 64.648735 118.692780 97.898727               3094 
-31.981937 147.949722 84.754120 34.964867 151.642960 80.064812 -20.542089 160.872574 93.136742 65.221268 118.076118 99.623131               3103 
-31.422400 147.730682 83.954567 35.855011 151.043747 80.771027 -19.944481 160.364822 92.845436 65.712074 117.531059 101.023575               3112 
-30.480021 147.586639 83.791733 36.891891 150.559738 81.420387 -19.010880 160.744232 93.547813 66.378189 117.005653 102.142143               3122 
-29.885202 147.331253 83.704941 37.519436 150.170380 81.787743 -18.448370 161.128784 94.197891 66.810463 116.715141 102.941772               3131 
-29.519592 147.549591 83.597839 37.910671 150.018234 81.948433 -17.991068 162.175323 94.970947 66.935303 116.554573 103.453407               3141 
-28.707314 148.186417 83.610725 38.767128 149.520523 82.163673 -16.899252 163.536087 95.901085 67.161430 115.686310 103.928757               3151 
-28.155462 148.763229 83.673180 39.365707 149.271667 82.527710 -16.073917 164.945023 97.085106 67.260567 115.118484 104.439957               3160 
-27.744160 149.083923 83.644493 39.865551 149.073761 82.916473 -15.447138 166.014023 98.312378 67.397324 114.608582 104.799416               3169 
-27.783306 148.874725 83.438324 39.881977 149.166199 83.170807 -15.585663 166.267136 98.706963 67.435471 114.846954 105.254837               3179 
-27.765820 148.842651 83.304260 39.952862 149.086182 83.267395 -15.532624 166.543289 98.987671 67.431679 114.795258 105.488037               3188 
-27.703135 148.878311 83.175385 40.045315 149.042358 83.400543 -15.476793 166.694366 99.189461 67.402863 114.663673 105.635223               3198 
-27.774366 148.652969 82.168922 39.972126 149.499741 83.636986 -16.263643 165.821320 98.519073 67.257935 114.931313 105.664665               3207 
-27.763622 149.093399 81.624207 39.975689 150.297180 84.090515 -16.786049 165.704453 98.069405 67.118950 115.638527 106.152504               3216 
-28.091677 149.470520 81.462204 39.657494 150.792374 84.164948 -17.662607 163.754486 96.732025 66.820412 115.703377 105.510849               3226 
-28.552469 149.826950 81.577415 39.213112 151.363586 84.134048 -18.448092 162.335236 95.625145 66.558571 116.108383 104.966866               3236 
-28.893595 150.342850 81.909439 38.885971 151.894241 84.083878 -18.892843 161.567062 94.868828 66.347946 116.490578 104.507637               3245 
-29.794355 151.156677 81.855621 38.000793 152.690399 83.631088 -19.878099 161.061203 93.789528 65.587204 116.976906 103.335052               3254 
-30.798176 151.889267 81.723129 36.995197 153.568542 83.085457 -20.979877 161.140594 92.962006 64.756020 117.829659 102.496254               3264 
-31.700548 152.199387 81.425385 36.051105 154.296860 82.588074 -22.005995 161.470062 92.433014 64.033409 118.765572 102.061867               3273 
-33.100395 152.704437 82.227196 34.528191 154.583313 81.546509 -23.250095 161.963043 92.818199 62.764244 118.745644 100.069397               3282 
-34.168419 151.189896 82.679749 33.041611 154.917328 80.486633 -24.665991 161.189392 92.774597 62.304031 119.692604 98.587456               3292 
-34.366512 150.092133 83.360237 32.259510 155.248169 79.944183 -25.372986 160.995255 92.882385 62.114449 120.463783 97.928581               3301 
-35.274349 150.598083 83.302399 31.014788 155.252365 78.669174 -26.348225 162.086349 92.225700 60.618172 120.398743 96.933197               3311 
-35.767673 151.065002 83.573013 30.391188 155.175018 78.217430 -26.752363 162.671585 92.217545 59.776360 120.077393 96.366188               3320 
-35.780590 151.258270 83.919487 30.271622 155.207718 78.258293 -26.729490 162.750992 92.242096 59.524204 119.869171 96.151962               3330 
-35.966995 152.186539 84.163361 29.988888 155.587219 78.192451 -26.732086 163.054153 91.776955 58.878887 119.752693 95.684280               3339 
-36.083591 153.149261 84.170418 29.783131 156.049805 78.146225 -26.669605 163.417038 91.227287 58.235916 119.621765 95.121117               3348 
-35.959373 154.042252 84.991417 29.796824 156.657043 78.418221 -26.306715 163.521652 91.175560 58.100780 119.819214 94.745216               3358 
-36.068974 154.375259 84.452202 29.663937 157.307602 78.364128 -26.422842 163.686386 90.369774 57.936344 120.488007 94.786644               3367 
-36.256466 154.478973 84.401466 29.658670 157.298737 78.443787 -26.383347 163.489059 90.191788 58.006641 120.660011 95.138290               3377 
-36.605778 155.780548 83.785980 29.550982 158.451797 78.812569 -26.574308 164.547668 89.753250 57.643898 121.674927 95.633965               3386 
-37.256462 155.781601 83.488831 29.050846 158.802979 79.291000 -27.043104 164.301559 89.514252 57.190178 122.015129 96.010506               3395 
-37.890816 156.398361 83.439262 28.934200 158.904007 79.358658 -26.919466 163.983475 89.345871 57.354248 122.582832 96.615051               3405 
-38.352753 156.462952 83.278709 28.862076 158.808838 79.373550 -26.819489 163.316833 89.192558 57.568935 122.723618 96.650200               3414 
-38.835751 155.790726 83.370720 28.616951 158.524139 79.362160 -26.805555 162.524887 89.285660 57.857548 123.104805 97.115135               3424 
-39.888668 152.795517 84.848068 27.532339 156.843536 79.066986 -27.075768 160.355011 90.655006 58.129066 122.645203 96.928223               3433 
-40.178680 147.981979 88.789734 26.720907 154.183472 78.864105 -25.929216 158.304764 94.492142 59.707703 122.078018 96.351845               3443 
-40.615440 146.872101 89.949883 26.119761 153.460571 78.592529 -25.296871 158.195587 95.385406 59.780792 121.827538 95.651138               3452 
-40.937717 148.034988 90.062340 26.139542 153.519302 78.548790 -23.126465 162.466827 96.872131 59.649605 121.800987 95.745697               3461 
-41.133209 145.060425 91.703911 25.888481 151.142563 78.879227 -22.011906 160.835678 98.589333 60.194080 119.636086 94.853500               3471 
-39.745518 146.629700 90.996483 27.832006 148.637497 78.425499 -19.526260 160.777939 98.119507 60.413910 115.321335 94.336609               3481 
-39.031654 149.386047 90.121246 29.007851 148.549805 77.750824 -18.046865 162.202545 97.252968 60.843285 114.838440 94.326675               3490 
-37.912418 150.825470 88.909935 30.769810 147.632141 78.980598 -16.516775 161.967926 97.599442 61.015701 112.269730 95.086380               3499 
-37.156376 151.296204 89.462509 31.761225 147.372665 79.987053 -15.555942 162.231964 98.805206 61.808491 111.858925 96.131592               3509 
-37.096130 150.848755 89.311317 32.017937 146.982376 80.192078 -15.506979 161.520065 99.036110 62.164864 111.464508 96.140549               3518 
-36.073605 150.102539 88.801971 33.038803 145.824158 79.837555 -15.100848 159.853500 97.968933 63.080330 110.549416 96.508163               3528 
-35.110920 151.586884 87.932892 34.000561 146.209259 79.581078 -14.833424 159.976166 96.569618 63.514019 111.007370 97.315010               3537 
-34.707645 151.883057 87.082672 34.441525 146.161438 79.560814 -15.108729 159.073212 95.470108 63.625530 110.942886 97.799706               3546 
-34.231197 152.142441 86.668335 34.683815 146.286789 79.535225 -15.419219 158.803513 94.846802 63.638256 111.068047 98.136047               3556 
-33.842796 152.082382 86.559494 34.810783 146.338959 79.586639 -15.590254 158.819031 94.680038 63.628819 111.123749 98.404709               3565 
-33.392845 152.130157 86.501976 35.072182 146.544815 79.742302 -15.685547 158.876831 94.631691 63.781265 111.306358 98.682999               3575 
-33.042770 152.245880 86.493584 35.294971 146.754181 79.920959 -15.840210 158.740646 94.488083 63.895164 111.431053 98.868645               3584 
-32.830944 152.355530 86.646599 35.438656 147.135147 80.395576 -16.434742 157.860916 94.215752 63.932510 111.487434 98.890205               3594 
-33.166225 155.025162 87.584076 34.969475 149.509216 81.140610 -17.269655 159.497574 94.811165 63.138596 113.000961 98.413628               3603 
-33.235966 156.488846 88.367706 34.534695 150.240448 81.083511 -17.760006 159.956116 95.175468 62.108448 112.372551 96.263100               3612 
-33.711990 156.917679 88.445198 33.846241 150.694031 80.859558 -18.701847 159.575226 94.613976 61.225384 112.250488 94.901863               3622 
-34.803566 157.044571 88.297348 32.612335 152.184082 80.746994 -20.346157 159.472977 93.823517 60.561699 114.014496 94.408104               3631 
-36.100388 157.228653 88.043274 31.107649 153.671173 80.267883 -22.032053 159.946899 93.308983 59.738182 115.996170 93.891281               3641 
-37.903152 158.302002 86.364731 29.201319 155.117477 79.353889 -24.139797 161.277420 91.677490 57.864426 117.774513 93.798241               3651 
-39.594021 161.229553 85.144852 27.251755 156.484543 78.017776 -25.921124 164.054611 90.353630 55.050144 118.615540 92.779137               3660 
-40.451580 162.859955 84.076843 26.208630 157.171341 77.154633 -26.850286 165.748093 89.346260 53.391338 118.957848 92.172615               3669 
-41.114220 163.636108 83.835365 25.380266 157.473251 76.778328 -27.527411 166.577377 89.105225 52.254253 118.974579 91.622574               3679 
-41.505787 164.262756 83.861351 24.843813 157.807251 76.578651 -27.858868 167.351379 89.086525 51.582512 119.242111 91.494476               3688 
-42.298069 165.248154 83.672348 23.905172 158.196594 76.037094 -28.451290 168.340286 88.815170 50.387558 119.466904 90.983788               3697 
-43.230896 165.703568 83.550850 22.884756 158.363754 75.769432 -29.088308 168.879028 88.700882 49.224106 119.530067 90.699059               3707 
-44.787975 166.719482 83.438751 21.067947 158.944061 74.293068 -30.021347 169.991913 88.361870 47.480232 120.028458 88.876495               3716 
-45.496952 167.071350 83.547729 20.222292 159.107086 73.843735 -30.090801 170.512115 88.369987 46.715973 120.310791 88.596443               3726 
-46.080292 168.339050 83.612534 19.471785 159.472748 73.702614 -30.178190 171.573502 88.204933 45.857998 121.054985 89.594513               3735 
-46.322250 169.850418 83.492966 19.191223 159.858154 73.459938 -29.906384 171.928879 87.984802 45.704220 121.804466 90.003464               3745 
-46.778782 172.731903 83.696045 18.669563 160.639267 72.913712 -29.451284 171.212921 87.379242 45.718449 123.345573 90.298981               3754 
-47.229980 175.690887 83.283714 18.372496 161.120255 72.563011 -28.987167 169.371506 86.285149 45.720383 124.283310 90.447159               3763 
-47.327499 179.474319 83.612129 18.127789 161.666565 72.777985 -28.452871 168.053833 85.827118 45.313099 124.825020 90.898941               3773 
-46.382149 182.026123 85.047577 18.801285 162.042725 73.901337 -27.396370 167.179779 86.282295 45.313442 124.190514 90.902077               3782 
-46.444000 180.798355 84.820053 19.660017 162.194214 75.457970 -26.916710 165.162964 86.045258 46.548809 124.393822 91.975624               3792 
-46.886707 179.565460 84.962677 19.776041 162.375031 75.750015 -26.834784 163.818405 86.066887 47.559998 125.025459 91.805267               3801 
-48.159706 177.141632 86.176979 19.021833 162.385834 75.763252 -27.339085 161.904907 86.997253 48.655373 126.290771 91.374451               3811 
-49.488407 174.349548 87.318817 18.105993 162.021515 75.874504 -27.925468 159.706238 87.800522 49.368366 127.057022 90.869766               3820 
-50.493835 170.397644 88.326675 17.567110 161.320114 76.190346 -27.963898 156.890060 88.709846 50.770187 128.098465 90.975075               3829 
-51.212429 166.541199 89.777199 17.056091 160.873169 76.429253 -27.545765 153.967865 89.575287 52.320232 129.721848 90.946320               3839 
-51.809319 164.332825 90.586723 16.628506 160.542999 76.576042 -26.498272 151.001221 89.163254 53.157162 130.743454 90.801178               3848 
-52.268009 162.160400 91.300636 16.276165 160.073059 76.674675 -25.561272 148.437408 88.940536 53.892544 131.486771 90.550652               3858 
-51.779469 159.925644 92.044632 16.849409 158.893646 77.113800 -24.110786 145.888916 89.139702 55.175987 131.267639 90.991394               3868 
-51.409077 158.639587 92.308846 17.258778 158.261780 77.107925 -23.286610 144.836029 89.436340 56.067848 131.342697 91.033791               3877 
-50.175426 156.946503 90.397141 19.128897 156.837784 77.969116 -21.484566 144.359894 89.358536 57.664845 130.739120 94.048615               3886 
-46.881870 154.641327 90.500343 22.978363 154.817764 81.209618 -17.799261 144.042023 91.608185 60.980896 129.263626 99.306686               3896 
-45.029587 153.667664 89.922424 25.086996 152.889908 82.348236 -16.041956 145.908524 92.734314 62.242702 126.110672 100.432365               3905 
-43.725430 153.099030 90.521202 26.483780 151.922333 83.415459 -14.804412 147.932770 94.632362 63.385303 124.700691 101.358955               3915 
-43.166885 152.595917 90.603630 27.136139 151.690887 83.998466 -14.340007 149.112228 95.588112 64.016045 124.290932 101.713562               3924 
-40.683857 150.158173 91.487045 29.593422 149.563492 84.201614 -11.972569 148.072784 96.865295 66.633209 121.181580 99.925201               3933 
-40.325642 152.062851 91.010628 30.224159 149.871704 84.621674 -11.732053 149.879562 97.446526 66.816414 121.219170 100.892776               3943 
-40.196079 152.469284 90.595093 30.576984 149.950928 84.814110 -11.688027 150.674561 97.843292 67.206154 121.480507 101.320137               3952 
-39.840092 152.769531 90.120255 31.110594 149.878693 85.080566 -11.267584 152.448761 98.584534 67.616058 121.302429 101.677521               3961 
-38.991333 152.647415 89.687500 32.127285 149.573227 85.834160 -10.549315 153.261536 99.290108 68.382217 120.599289 102.290192               3971 
-38.160435 152.462982 89.041382 33.101128 149.560944 86.436554 -9.903032 153.907333 99.544800 69.258141 120.812279 103.492195               3980 
-37.670765 152.316620 88.647591 33.615353 149.578110 86.703644 -9.571885 154.387589 99.615677 69.701385 121.009033 104.205528               3990 
-37.080837 151.876328 88.350578 33.948730 149.470490 86.757439 -9.359736 154.321136 99.489952 69.945732 120.807159 104.288551               4000 
-34.784065 150.378433 89.322708 35.100189 148.864655 86.903404 -8.126554 153.742126 99.940033 70.975998 119.520844 103.534012               4028 
-33.731312 150.368225 89.543755 35.615715 148.824524 86.915848 -7.563028 154.014740 99.969254 71.195244 118.978546 103.287300               4037 
-32.523621 149.983582 89.932129 36.080795 148.870560 86.907646 -7.030370 154.106644 100.010445 71.505821 118.613655 102.854324               4047 
-31.541075 149.185364 90.312614 36.223392 148.984085 86.838654 -6.677071 154.042145 99.812363 71.633133 118.573685 102.525192               4056 
-30.992004 148.358444 90.390366 36.070690 149.351974 86.593925 -6.543779 154.005386 99.427612 71.658058 118.968109 101.925903               4065 
