-37.732029 113.591316 60.262432 18.166395 178.745453 49.177486 -10.691171 128.854416 93.412003 65.538841 188.850388 58.034771                  0 
-38.137741 115.226692 60.517490 18.876184 179.414169 49.310310 -10.216464 129.557861 93.308441 66.545906 188.529404 57.630192                 18 
-38.298347 115.811684 61.145271 19.729815 178.868179 48.757450 -10.111677 130.190247 93.422142 67.559921 187.246597 56.930153                 36 
-38.970421 120.686417 61.600327 20.578588 182.676437 50.970341 -9.465575 132.513550 93.509377 68.792374 189.293549 58.477314                 54 
-39.191189 121.558655 61.238094 20.858818 183.230270 51.405674 -9.350579 132.620651 92.986397 69.121910 189.350418 59.016697                 72 
-39.820595 121.973793 61.912865 21.032730 182.699356 51.001488 -9.239952 132.770096 92.874664 69.431259 188.201263 58.214062                 90 
-41.445271 123.204498 63.013672 19.603233 183.752686 52.065693 -9.570977 132.706223 92.987480 68.242348 188.643661 57.983864                108 
-40.222870 120.975189 62.724857 20.179333 181.559113 50.873787 -9.982883 131.887238 92.533272 68.699844 186.400391 57.731754                126 
-39.674515 120.747009 62.893822 20.196016 181.539673 50.655235 -9.870464 131.902252 92.202164 68.759163 186.151321 57.368156                144 
-39.791439 120.550140 62.940746 19.897127 181.438812 50.455997 -9.947463 131.829483 91.925491 68.464539 186.050964 57.137642                162 
-39.442089 120.194641 62.881271 19.903261 181.299942 50.433315 -9.884796 131.627777 91.724808 68.465340 185.866440 57.184750                180 
-36.771420 102.780655 60.013725 13.894979 171.241913 47.485844 -10.419483 120.201042 91.439949 60.985596 182.865646 55.975426                198 
-35.713272 97.295181 59.288876 11.885480 167.877960 46.500050 -11.017701 117.812958 93.486130 58.253578 181.802902 55.489243                217 
-36.564835 99.520332 59.461700 12.774465 168.891235 46.627079 -11.077774 119.291138 93.671555 59.548038 181.563232 55.365700                235 
-36.235626 117.098228 55.148968 22.458157 179.646332 47.768139 -7.248798 129.050827 90.198837 70.796326 184.395248 55.866241                253 
-37.464725 122.469757 57.242386 23.734861 182.395126 48.699478 -6.390021 132.021469 91.058823 72.576805 184.567932 54.569168                271 
-38.142002 123.777359 57.590923 23.394001 183.240051 48.426468 -6.803869 133.112213 90.838470 72.298683 184.973694 53.907024                289 
-38.699165 124.881172 57.783325 22.666899 184.264130 47.500038 -7.285620 134.485474 90.269440 71.618904 185.901337 52.572548                307 
-40.202255 125.410385 56.902359 19.008591 186.818481 46.267292 -9.689793 136.500702 88.589462 67.798935 190.213669 51.984352                325 
-41.381287 129.648895 52.251793 16.567787 192.492264 44.160122 -12.298103 140.717621 83.819878 65.087158 196.678101 51.444302                343 
-42.184914 130.677841 47.696114 15.414996 193.306900 39.585133 -15.113477 142.453384 78.617577 63.732468 197.112778 48.282658                361 
-41.012676 126.615204 35.278984 13.296909 192.171814 31.691086 -19.174604 140.693436 68.004341 60.023876 198.528717 45.864662                379 
-41.782223 128.072098 22.326866 14.559368 191.132309 24.419603 -22.706758 139.825241 55.761650 60.734295 193.852585 41.307064                397 
-43.195038 130.644073 11.505163 14.675959 191.435013 19.515324 -25.066465 140.111908 44.051971 60.290543 190.954712 38.056870                415 
-43.503216 135.605087 -0.968007 15.800879 193.606781 12.995491 -26.165689 143.421295 30.180910 60.231632 190.094894 33.930737                433 
-42.995033 138.450638 -17.204786 15.287166 195.124680 3.757218 -26.894995 144.553116 13.423602 58.523857 189.690201 26.686783                452 
-41.157871 140.203415 -33.044147 15.303707 195.880112 -5.829334 -26.792650 145.147308 -2.479168 57.038925 189.147522 19.420488                470 
-39.984051 141.251450 -49.087379 14.371933 196.850525 -17.970215 -27.705029 146.669510 -18.800692 53.767677 189.905212 10.742985                488 
-37.983391 142.022171 -64.935677 14.324045 196.383881 -28.684917 -27.906771 147.106384 -35.043724 50.676338 188.364594 3.547238                506 
-36.925838 141.629288 -78.322433 14.250412 195.152893 -39.384308 -28.592964 146.532013 -48.866631 48.574512 186.453796 -5.166010                524 
-36.420551 139.198456 -89.764915 13.742634 192.849625 -49.650177 -29.466635 144.608185 -60.889088 46.065804 184.358231 -13.486398                542 
-36.630032 134.523285 -99.863716 12.538210 189.188248 -59.790432 -30.598766 140.815140 -71.660522 43.248352 181.683060 -22.037693                560 
-36.325481 123.705032 -106.894150 10.233138 182.931931 -70.252258 -30.679520 131.998810 -79.724312 40.737316 179.199463 -31.777931                578 
-39.837166 114.624329 -112.466225 8.225514 176.283005 -82.028946 -33.773598 125.833046 -87.640656 36.618046 176.695847 -41.799557                596 
-39.111893 97.033272 -109.924171 6.687603 165.453201 -93.403725 -32.462582 113.265137 -89.785820 32.404240 176.729340 -52.953594                614 
-41.721321 93.976997 -113.202606 6.277744 161.364594 -97.861328 -32.664898 109.515823 -94.146011 32.200977 172.797562 -57.587475                632 
-40.704475 89.762161 -108.008698 8.625189 157.494736 -98.931580 -30.376749 106.616020 -91.106285 33.468990 173.153442 -59.405628                650 
-41.206718 89.251556 -107.632507 9.380540 156.323822 -99.020287 -29.141857 105.504288 -91.128487 34.624176 171.946045 -59.733967                668 
-44.611786 89.465363 -114.808929 9.689424 153.760361 -100.924789 -30.430960 103.946503 -95.641312 34.131222 167.705444 -60.516342                687 
-45.584118 89.002609 -117.627518 8.230297 153.694427 -100.383263 -29.845188 102.261612 -96.981323 33.503567 166.207733 -60.017570                705 
-46.912449 86.139244 -116.559006 6.837837 151.624054 -101.377563 -29.579966 99.719948 -97.168976 32.844086 165.177612 -61.821449                723 
-48.256355 85.059586 -116.969215 5.625448 150.435043 -102.034081 -29.775656 98.280861 -98.790169 32.490154 163.324677 -62.831341                741 
-48.579357 83.564453 -114.115105 4.496336 149.476135 -102.276848 -29.615366 97.089165 -98.983482 32.469986 162.431259 -63.879593                759 
-48.944752 83.819023 -114.059746 4.351092 149.398285 -102.316376 -28.832031 97.039673 -100.264076 32.481316 161.921875 -63.890343                777 
-51.427139 84.672050 -115.469604 2.158399 150.000168 -104.036606 -29.540270 97.255615 -103.204865 32.215485 161.105026 -66.647255                795 
-51.539646 83.770233 -116.883591 0.785927 150.302597 -106.483009 -29.122269 96.776909 -105.510971 31.552042 161.967911 -69.848640                813 
-50.637825 82.630638 -116.663643 0.775287 150.076035 -107.218369 -27.911345 96.170639 -105.747330 31.369078 162.833420 -70.804375                831 
-55.788628 86.873306 -127.323608 -1.189408 150.832748 -112.689728 -31.246592 98.318161 -116.009148 29.673790 159.457291 -75.302696                849 
-55.668064 86.302002 -125.481415 -1.084200 150.812912 -113.247551 -29.957104 98.087341 -115.215714 29.730846 160.970978 -76.207619                867 
-54.972752 88.341316 -127.535248 0.751211 151.583633 -113.758514 -28.760612 99.631996 -116.720581 30.210611 161.515289 -75.571922                885 
-55.610203 89.948898 -128.358383 1.485118 152.040390 -114.847534 -28.433969 100.801903 -117.988106 30.996565 161.685516 -76.627693                903 
-48.369923 73.414932 -113.452400 2.141225 142.352921 -115.417198 -20.477476 88.792496 -107.583725 31.586674 162.534256 -81.499809                922 
-44.040325 71.528122 -119.109947 2.992501 142.962677 -117.963310 -16.280893 88.167145 -112.686531 31.155376 163.364990 -83.102036                940 
-41.981091 71.047211 -118.314476 3.685717 143.418839 -117.993370 -14.410452 88.312370 -112.077187 31.655123 164.720016 -83.516106                958 
-54.309422 92.327850 -141.632874 4.856335 151.846939 -124.730751 -24.203650 101.743622 -131.108231 34.141590 159.351486 -85.862190                976 
-57.791317 97.322166 -149.277786 4.581773 152.255905 -128.654755 -27.491068 104.403328 -137.224792 32.599594 157.077148 -88.449440                994 
-57.458534 100.286278 -154.277603 5.805376 153.549042 -131.958206 -26.622305 106.374161 -141.062820 32.103134 158.421890 -90.613396               1012 
-55.522461 97.161377 -150.746841 6.393515 153.071350 -131.219513 -23.913454 104.495567 -138.242981 32.983047 160.347534 -90.417999               1030 
-53.814510 95.427414 -147.606369 7.627305 152.632187 -130.390366 -21.382992 103.414795 -135.492355 34.062618 161.931458 -89.900772               1048 
-45.002289 87.110580 -137.858658 12.785298 149.564301 -127.537865 -13.475804 98.634964 -125.985962 37.018227 166.357819 -88.098633               1066 
-38.852303 82.200745 -139.387894 15.698956 147.169220 -127.061996 -8.270076 95.164604 -126.700447 38.309536 164.574600 -86.930656               1084 
-37.868279 81.547523 -139.142273 16.650015 146.499573 -126.518196 -7.729817 94.725838 -126.378670 39.287106 163.733963 -86.328049               1102 
-37.825901 79.932907 -134.826935 17.015966 145.247543 -125.989716 -8.313323 94.128922 -123.752380 40.840405 163.808044 -87.097382               1120 
-30.692970 62.476868 -108.349564 13.463608 134.490891 -123.085678 -2.845582 82.882355 -105.239624 37.550274 165.560333 -93.433830               1138 
-28.574957 58.664711 -101.151451 12.282985 130.992798 -122.437294 -0.414669 80.191338 -100.985451 36.236759 164.876099 -95.926003               1157 
-28.167873 58.021412 -99.912605 12.070494 130.363190 -122.320595 0.645311 79.728226 -100.565849 35.969208 164.723557 -96.379753               1175 
-18.248215 61.509422 -77.708954 12.746613 129.047714 -120.520645 8.637649 84.474983 -86.712418 35.251160 170.368454 -105.999916               1193 
-4.484810 69.952423 -58.886627 13.703645 127.263184 -120.043694 18.711523 92.260567 -76.652122 32.519146 172.748367 -118.707588               1211 
3.290645 89.926765 -39.719395 13.315826 122.323837 -118.497734 23.062960 106.849319 -65.567513 25.675642 167.066559 -134.930466               1229 
7.685957 100.941681 -34.032516 13.221331 119.191704 -117.656311 25.132826 114.270874 -63.072018 21.864281 160.952484 -142.274338               1247 
12.938381 103.821327 -32.412567 13.770683 117.590889 -117.069969 27.738268 117.006996 -62.681164 17.607811 158.452530 -144.278641               1265 
24.183741 105.577087 -26.220411 15.804863 113.783905 -111.191681 34.990829 117.560539 -58.528858 14.402343 152.916046 -141.048325               1283 
68.845322 94.306198 -36.129543 25.003721 109.531693 -108.270081 64.421219 110.263229 -68.298256 9.109787 150.938248 -129.661438               1301 
79.080383 90.799309 -41.347897 27.400991 108.423546 -107.508698 71.052391 107.860718 -72.205421 9.074947 150.487595 -125.382767               1319 
81.037430 90.045105 -42.543079 27.627144 108.299683 -107.143295 72.083939 107.340469 -72.798599 8.551661 150.490051 -123.900658               1337 
81.677963 89.791313 -42.951046 27.702204 108.258575 -107.022018 72.518646 107.201653 -73.128441 8.388120 150.487244 -123.405418               1355 
87.951508 94.213959 -53.597290 27.437092 113.891640 -111.167328 75.288406 112.439072 -81.014046 5.579229 156.205368 -123.677025               1373 
90.741104 96.269890 -59.111992 27.072178 116.376312 -113.100494 76.097931 114.460243 -83.376755 4.317877 158.686157 -123.909203               1392 
105.367653 91.890923 -51.784714 33.549976 109.383858 -95.830765 87.681953 106.926453 -75.770119 13.157248 151.171341 -112.037331               1410 
113.650330 94.181747 -48.360191 36.091331 112.556557 -81.558296 93.044373 105.383049 -70.610130 18.317934 149.834579 -108.375565               1428 
113.943703 89.439064 -42.087372 34.015533 112.738373 -66.081421 92.256233 101.372063 -60.319118 15.618735 145.147873 -98.266701               1446 
-43.954006 120.089859 -80.145088 42.034370 148.353333 -65.559967 8.947363 104.193871 -51.495426 85.196350 159.019165 -44.394115               1464 
999.000000 999.000000 999.000000 999.000000 999.000000 999.000000 999.000000 999.000000 999.000000 999.000000 999.000000 999.000000             1482.0 
999.000000 999.000000 999.000000 999.000000 999.000000 999.000000 999.000000 999.000000 999.000000 999.000000 999.000000 999.000000             1500.0 
999.000000 999.000000 999.000000 999.000000 999.000000 999.000000 999.000000 999.000000 999.000000 999.000000 999.000000 999.000000             1518.0 
999.000000 999.000000 999.000000 999.000000 999.000000 999.000000 999.000000 999.000000 999.000000 999.000000 999.000000 999.000000             1536.0 
999.000000 999.000000 999.000000 999.000000 999.000000 999.000000 999.000000 999.000000 999.000000 999.000000 999.000000 999.000000             1554.0 
999.000000 999.000000 999.000000 999.000000 999.000000 999.000000 999.000000 999.000000 999.000000 999.000000 999.000000 999.000000             1572.0 
999.000000 999.000000 999.000000 999.000000 999.000000 999.000000 999.000000 999.000000 999.000000 999.000000 999.000000 999.000000             1590.0 
-61.465134 180.501816 -70.059967 5.310329 213.684341 -55.068630 -56.927307 185.073303 -51.713470 37.361092 197.182205 -21.525553               1608 
-60.753616 180.509995 -60.323486 5.353667 215.240479 -46.196541 -55.641937 184.129364 -41.962837 39.612335 197.654785 -15.507830               1627 
-63.239681 185.309616 -45.142426 5.310672 216.980240 -37.237865 -56.752247 189.468430 -27.290291 41.014046 198.243500 -8.972806               1645 
-61.850517 181.508774 -34.868088 5.541869 215.622040 -28.991041 -56.004402 187.353973 -16.569912 42.576855 198.037338 -1.716551               1663 
-63.266655 179.691956 -24.234299 4.240249 213.125687 -19.072975 -58.064648 186.762360 -4.313250 42.215752 193.268173 5.180892               1681 
-61.781269 169.361023 -17.713926 2.216661 208.235229 -10.102249 -57.248734 175.216904 2.116066 42.169735 189.488907 11.738933               1699 
-62.719326 168.082977 -15.722328 1.400889 205.883942 -7.444572 -59.103504 174.958069 2.683182 39.992046 186.677490 16.357635               1717 
-65.361870 170.778366 -0.954962 0.134314 206.192764 -3.901271 -60.930054 181.600952 16.897068 40.020668 187.838409 18.390127               1735 
-64.969711 160.804413 9.361055 -0.523814 197.626724 8.419176 -61.289413 172.052032 29.689322 40.228127 177.262833 27.108786               1753 
-64.532455 155.017868 16.587540 -0.166602 191.403320 16.099623 -60.778091 170.244415 38.328770 40.830944 169.146851 31.865419               1771 
-63.509945 146.716736 22.341888 0.135870 183.890259 22.774210 -60.357346 165.044846 45.711071 41.350796 161.338928 37.521332               1789 
-61.394573 142.726135 25.434338 1.391827 180.853394 28.592978 -58.862381 161.615967 51.649288 42.962658 157.697998 41.258057               1807 
-58.389317 139.150787 31.249859 3.170905 179.094543 33.147453 -55.913357 159.041794 58.600540 45.712563 156.864380 44.135513               1825 
-56.014240 136.546143 34.415382 4.835477 177.379227 37.714012 -54.253246 156.770538 64.643829 47.641911 155.449585 48.269119               1843 
-54.051163 131.342331 38.073524 5.015259 174.782822 38.740032 -53.510544 154.358414 68.190300 48.600964 155.375824 50.920536               1861 
-51.791046 128.048904 41.867271 6.226033 172.821945 40.411781 -51.774597 152.499542 71.222931 50.278881 154.925659 53.209427               1880 
-49.617397 125.471603 45.627522 7.956327 170.733368 43.072479 -49.448017 150.150558 74.862823 52.329685 153.266693 55.345623               1898 
-47.021683 123.175583 46.284885 10.970500 167.921051 45.285606 -47.048561 147.358200 75.993347 55.005470 149.768066 57.779617               1916 
-44.798553 121.446999 46.480450 13.339659 165.945068 47.070995 -45.179188 145.109802 76.648727 57.117001 147.301086 59.746021               1934 
-43.432896 119.919434 47.913010 14.663576 164.388931 48.899910 -44.992065 144.743317 76.784477 57.884182 146.172745 63.895237               1952 
-42.666100 118.683769 48.613853 15.967590 162.375687 50.085537 -44.020195 143.277008 77.434792 58.898144 143.408249 64.982300               1970 
-42.186996 117.881966 49.056015 16.796804 161.010178 51.212315 -43.425568 141.682693 76.384743 59.432499 141.470078 66.215385               1988 
-41.599861 116.626122 48.914375 17.212946 159.872406 52.129906 -43.206413 139.749374 74.646736 59.623295 140.331085 67.757088               2006 
-41.280979 116.105492 49.050289 17.939276 158.735031 52.752472 -42.662579 138.765656 74.252998 60.115112 138.615204 68.279900               2024 
-41.362587 116.536888 50.029556 18.491053 158.293839 53.408207 -42.410667 139.386398 74.392578 60.304440 137.704453 69.296188               2042 
-41.478519 117.036430 50.876297 18.900442 158.063919 53.791073 -42.201851 140.160995 74.946266 60.468288 137.088608 69.817940               2060 
-41.571068 117.549568 51.427921 19.266411 157.919785 53.977444 -41.928528 141.024216 74.879356 60.604912 136.596802 70.138153               2078 
-41.852959 119.341393 52.624210 20.410883 157.534866 54.449879 -41.114132 143.528091 75.519180 61.039089 134.911163 70.643288               2096 
-42.204250 121.017754 53.325817 21.126112 157.445404 54.937298 -40.430420 146.440308 75.719139 61.086685 133.780411 71.302818               2115 
-42.506676 121.992867 53.811466 21.446270 157.347229 55.309959 -39.824238 148.597183 75.630463 60.983940 133.074463 71.811958               2133 
-42.760647 122.608505 54.195118 21.663399 157.114792 55.679516 -38.975681 150.546356 75.401703 60.841656 132.372559 72.340736               2151 
-42.951580 122.874001 54.783604 21.817602 156.740982 56.087555 -38.118736 152.656174 75.643211 60.700439 131.761307 73.083160               2169 
-43.604908 124.860146 55.252960 23.332123 154.116653 57.907677 -35.774063 156.085373 77.460815 60.244678 126.063522 74.496674               2187 
-43.768375 125.247124 57.132191 23.367979 154.114807 58.799324 -35.381683 157.551910 78.515984 60.148922 126.251167 75.989151               2205 
-43.864433 125.155899 58.121925 23.309315 153.973175 58.944168 -35.269234 157.782623 79.026169 60.181103 126.287560 76.226746               2223 
-44.038452 124.989059 59.417068 23.110477 153.871979 59.280117 -35.208889 157.792770 79.989777 60.203960 126.323456 76.305458               2241 
-44.128254 124.518463 60.978588 22.877966 153.706970 60.015270 -35.160934 157.456192 81.015289 60.255978 126.429466 76.853668               2259 
-44.059563 124.035706 62.210018 22.871490 153.360245 60.745304 -34.846485 156.477692 81.565323 60.454239 126.066681 77.094864               2277 
-43.799873 123.973351 63.568150 23.028790 153.486603 61.708229 -34.465733 155.574539 81.905746 60.797920 126.226768 77.680214               2295 
-43.615116 123.963791 64.411690 23.143307 153.602829 62.281918 -34.257328 154.933548 82.065536 61.034195 126.371933 78.013062               2313 
-43.445511 123.935768 65.123230 23.178131 153.851089 62.849285 -34.186123 154.113861 81.887154 61.204018 126.783600 78.536652               2332 
-43.336922 124.043533 65.724602 23.189684 154.150757 63.328709 -34.124863 153.436096 81.556786 61.296223 127.242233 79.093636               2350 
-43.307892 124.181953 66.139175 23.213377 154.300400 63.820183 -34.113537 152.319168 80.958878 61.317638 127.352921 79.523949               2368 
-43.349731 124.526611 66.573372 23.220970 154.503006 64.053276 -34.297699 152.152985 81.040337 61.284107 127.544334 79.837364               2386 
-43.447636 124.989563 66.824669 23.337700 154.470016 64.295837 -34.425350 152.192810 81.369385 61.207371 127.201401 80.012726               2404 
-43.603741 125.501266 67.242096 23.451050 154.354370 64.504150 -34.616467 152.137085 81.797447 61.107670 126.779732 80.198982               2422 
