-5.528856 183.054855 47.573784 36.090179 135.156082 93.913567 15.149080 169.883347 41.312534 64.911247 95.530479 89.028084                  0 
-6.221732 181.121521 47.490643 36.717739 133.834381 93.683769 14.128749 167.513123 41.324593 65.557549 94.221756 88.803734                 18 
-6.700127 178.012405 47.338207 37.893982 131.564117 93.122787 13.062896 163.790482 41.185173 66.292084 91.635185 88.230080                 37 
-6.124283 177.983337 48.510006 39.147526 131.360550 93.701324 13.030710 163.173187 42.811180 67.530487 91.471085 88.414749                 55 
-8.503339 177.144775 49.729740 39.999634 130.851624 93.778259 9.750035 158.892578 44.125080 68.532356 91.028358 88.808197                 73 
-14.218113 175.474899 51.267521 40.807476 130.174484 91.184975 2.070323 150.702072 46.664387 69.649582 90.649155 85.654030                 92 
-17.416559 174.260910 52.287102 41.216915 129.734894 89.585571 -2.897224 143.340622 51.218292 70.158951 90.327873 83.741333                110 
-20.795530 170.933212 54.148788 42.288391 126.982872 86.186783 -6.630575 136.634277 54.336628 70.741455 87.422096 79.110207                129 
-23.375954 171.744492 55.872360 40.799580 126.148491 84.256943 -9.780114 135.934540 55.687176 68.189133 86.114983 75.781082                147 
-26.228937 168.992355 55.832661 39.278419 124.196465 82.670616 -12.298310 133.299255 55.654789 66.617279 84.171921 73.991203                166 
-27.631950 168.493057 55.636124 38.381157 123.932709 81.759354 -13.562303 133.124359 55.364399 65.545158 83.788956 73.081467                184 
-28.275051 168.985611 56.081757 37.596336 123.843834 81.303406 -14.505978 134.009613 55.595558 64.022072 83.270317 72.349083                203 
-28.395214 169.344559 56.466393 37.384541 123.797516 81.209106 -14.686601 134.599152 55.770706 63.478577 83.049522 72.076088                221 
-28.559515 169.456757 56.832520 37.291214 123.709358 81.133614 -14.741831 134.950104 55.951019 63.229538 82.886879 71.890335                239 
-28.643284 169.643738 57.202644 37.332691 123.725388 81.074997 -14.569597 135.459335 56.064728 63.198807 82.862953 71.805946                258 
-28.683134 169.661209 57.501034 37.412212 123.706779 81.041939 -14.401998 135.766541 56.255409 63.212563 82.800079 71.784859                277 
-28.258085 170.733490 58.066536 37.418255 123.677780 80.643784 -14.249252 136.786362 56.405125 62.679871 82.568954 70.813965                295 
-27.868465 171.574860 58.458626 37.436420 123.772621 80.591705 -14.039330 137.553284 56.759495 62.335728 82.508476 70.491989                313 
-21.517321 176.244125 69.985603 42.943455 135.074646 97.029701 -9.185059 152.930695 71.674942 66.317970 94.740517 81.170944                332 
-32.576717 178.265762 73.988869 35.710209 140.424652 95.665657 -20.556505 158.681396 75.820351 57.195988 101.798836 73.960411                350 
-27.212563 176.340317 73.925568 39.233128 134.701309 94.637444 -16.915873 156.703247 75.715378 57.269676 94.831276 72.059288                369 
-26.642242 179.824310 76.441055 39.412502 135.252213 91.718796 -17.219688 159.881683 76.608650 54.961060 96.294273 65.926735                387 
-26.542238 180.989899 76.763664 39.148083 135.619568 91.345711 -17.551035 160.882767 76.603920 54.203491 96.923836 64.875252                406 
-27.962685 182.064926 77.133347 37.654938 136.090378 90.144821 -19.312622 161.821182 76.578781 51.906425 97.600327 62.939648                424 
-29.229610 183.244522 77.261383 36.336346 136.940430 89.410858 -20.727066 163.057465 76.287086 50.359493 98.852814 61.529060                443 
-30.594175 185.076355 78.445839 34.902508 138.147095 88.449722 -22.276442 164.979492 76.612473 48.443115 100.960052 59.149796                461 
-18.789122 186.380463 59.993500 38.216969 142.622208 93.703094 -9.401681 168.124649 57.936516 60.419987 102.270920 76.281578                480 
-11.945247 189.187073 60.070789 38.667576 141.067032 95.485786 -0.868128 172.954468 53.719791 60.401218 99.896088 79.444855                498 
-9.822680 189.955124 60.846317 38.543797 139.936554 95.838432 3.307248 175.688354 51.921135 59.981525 98.616020 79.783936                516 
-9.319225 190.662323 60.845150 37.625462 140.236954 96.330986 5.254068 177.882935 50.861351 59.185997 98.858185 80.594048                535 
-8.677073 191.869385 60.448685 35.822460 140.298294 96.673729 7.262280 180.272293 49.726707 56.819347 98.493492 81.304947                553 
-7.062844 191.567490 62.404175 35.693203 135.723175 93.541412 8.647600 180.634933 49.441647 53.075668 93.484398 75.144524                572 
-7.663972 191.334183 63.028587 35.517387 135.873947 93.345596 8.573841 181.459427 49.099552 52.451408 93.563118 74.697731                590 
-7.794981 190.593658 63.228279 35.406071 135.757492 93.525154 8.885729 181.747009 48.867809 52.331303 93.443275 74.876991                609 
-8.699207 189.781128 63.407619 34.992226 136.189865 94.046898 7.940791 181.694809 49.008194 52.089157 93.827660 75.666260                627 
-11.692382 188.270554 63.409962 34.250042 137.447113 94.449722 4.648880 180.912964 48.941437 52.035366 95.082306 76.740547                646 
-11.886200 188.054031 63.457928 34.281044 137.414948 94.438622 4.250482 180.574493 48.916306 52.095081 95.052383 76.752930                664 
-12.543616 187.601883 63.774002 34.352810 137.425537 94.539398 2.138176 178.484680 49.772655 52.385834 95.136749 76.899162                682 
-14.443280 185.390900 64.764664 35.335049 137.809097 95.833153 -1.266761 173.342209 51.725185 54.949604 95.866432 79.076324                701 
-15.239372 184.377594 64.500725 35.789703 137.825211 95.606377 -4.460340 168.321762 53.462002 55.401772 95.603889 79.561546                720 
-15.461106 183.123062 64.482109 36.556129 137.373398 95.382027 -5.883057 164.895554 54.847328 56.398949 95.193687 79.512444                738 
-16.632277 180.728973 64.137245 37.165154 136.640091 94.585854 -7.537233 161.146530 55.495846 57.592693 94.660004 78.930252                756 
-17.388653 180.253601 63.222027 37.355988 137.157562 93.619392 -8.847197 159.036102 55.793076 58.012356 95.158371 78.319321                775 
-17.750437 183.067276 64.675583 38.284618 138.161133 93.103592 -8.672928 158.954605 56.111568 59.445114 96.584373 77.345520                793 
-23.734219 184.702515 63.606285 37.587280 142.828232 88.457741 -13.295666 158.939972 54.439026 59.965622 101.786949 72.980888                812 
-25.219820 185.534409 61.814655 38.431545 145.652054 84.639771 -14.527884 159.540482 52.865505 60.902199 104.608963 69.302094                830 
-27.568853 184.457428 60.234695 38.310028 148.364532 83.314415 -15.218699 159.275970 51.114040 63.376221 108.898430 67.860542                849 
-28.639500 184.704208 56.321854 37.914810 150.481155 80.484123 -15.335356 160.166092 47.081676 64.487640 111.926155 65.249084                867 
-31.501572 187.376724 50.302021 35.322659 153.648697 74.536095 -17.233635 163.951111 39.943340 63.451401 116.805489 57.920998                886 
-32.838802 188.482758 40.538696 34.383808 156.852570 66.522011 -17.235941 166.054565 30.077305 64.649864 121.680801 50.041039                904 
-32.442020 188.017014 26.574919 34.699047 159.438538 56.114891 -15.316273 166.361786 16.983940 67.357384 125.711914 41.260345                922 
-32.227669 187.365158 12.039031 34.966030 163.580719 45.387951 -13.771648 166.371521 4.149520 69.820496 131.013321 33.171516                941 
-31.053694 187.445511 0.564701 35.891373 164.564911 34.928070 -12.302935 166.984055 -7.006236 71.500557 132.777405 22.834671                959 
-33.817608 183.108215 -16.505119 32.989880 168.610550 21.852406 -13.624224 164.446640 -21.746063 71.670296 139.523483 12.770689                978 
-33.913822 176.971207 -35.048195 29.921850 171.497971 9.664784 -12.188573 160.783829 -37.315716 71.995140 146.328384 5.077856                996 
-32.221554 169.522339 -54.318775 26.645348 173.048889 -3.162012 -9.118672 155.755524 -53.388485 71.316658 152.354248 -2.205021               1015 
-29.544905 160.266144 -71.083565 24.043671 172.591873 -15.698233 -5.397340 149.476059 -67.825256 70.580070 157.385056 -10.423224               1033 
-25.143509 153.230194 -85.403122 22.746946 172.055710 -26.779102 -1.313506 143.955444 -79.522995 69.093597 159.122513 -16.318214               1052 
-23.051264 144.851151 -96.614891 20.995651 170.705368 -37.771091 0.654142 137.842484 -89.665794 67.539978 161.311264 -24.729370               1070 
-20.520618 141.415817 -108.405388 20.606504 170.728836 -49.165779 1.867183 134.060608 -99.301254 65.381134 160.019562 -31.694263               1089 
-16.067476 117.469116 -114.432144 14.571407 161.263062 -57.838844 6.322805 115.412369 -103.002792 58.871243 160.963455 -36.341290               1107 
-16.011866 119.327072 -124.213745 13.283431 161.010742 -65.434242 6.343967 117.485001 -113.106010 57.714733 161.107010 -44.207844               1125 
-14.996387 109.272552 -130.945633 10.635384 157.120972 -75.402290 7.011423 109.818176 -119.778023 54.805923 161.839203 -54.155838               1144 
-14.650064 101.912781 -132.188812 8.605412 154.804962 -80.372063 7.111165 104.160568 -121.034897 52.451019 162.932419 -59.486244               1162 
-15.230448 98.738434 -133.655273 7.234684 151.693298 -81.566742 6.213005 100.924881 -122.371056 50.561878 159.342239 -59.454350               1181 
-19.561047 94.476364 -137.994370 3.653446 147.908630 -86.730232 1.801712 96.633026 -127.293137 46.829269 154.731689 -64.058578               1199 
-20.696262 93.259933 -140.695419 2.861496 146.548828 -89.161026 1.191452 96.116570 -131.497742 46.046638 153.296036 -66.484413               1218 
-22.344547 93.160370 -142.139938 2.464089 146.194321 -89.788002 0.903365 96.085342 -132.851959 45.662384 153.006378 -67.155884               1236 
-25.434311 92.490227 -143.267349 1.442268 145.216583 -90.789963 -1.115304 95.016350 -133.834473 44.955029 151.624771 -68.647591               1255 
-26.227852 90.020645 -143.179382 0.993913 144.088074 -91.773331 -0.631982 94.204086 -136.264877 44.556389 151.361893 -69.999214               1273 
-29.048313 87.009125 -143.992264 -0.368257 141.968796 -94.043205 -2.526590 91.384880 -138.500305 43.005390 148.387634 -71.632599               1292 
-28.138466 82.433296 -148.535858 -4.470641 136.593155 -94.993210 0.972062 91.847549 -147.517410 36.949348 143.431702 -69.257462               1310 
-29.007072 80.568962 -149.687698 -6.705842 134.602737 -95.276802 9.620944 101.999008 -160.687775 34.164829 141.693817 -68.743530               1329 
-27.882698 77.768448 -149.544815 -7.154883 133.130600 -95.720856 10.546443 112.717834 -166.036011 33.130531 141.289703 -68.605835               1347 
-27.640612 75.146767 -148.377655 -7.422357 131.970520 -95.843109 10.427117 115.493965 -167.322754 32.580898 140.882675 -68.547997               1365 
-28.528234 74.225189 -148.283585 -7.622141 131.516312 -96.510002 9.831628 118.027885 -168.544678 32.308773 140.080643 -68.998474               1384 
-25.445486 70.617752 -147.666061 -6.652457 130.868912 -98.485168 11.912127 115.289932 -168.844986 32.284798 141.286285 -70.199509               1402 
-24.219423 72.675461 -150.402878 -6.071229 132.740143 -100.722054 12.662086 117.684906 -170.730560 32.569561 143.129593 -72.022598               1421 
-11.768949 82.041550 -155.259201 0.448530 138.883438 -100.231583 24.707073 129.793945 -169.147049 36.269451 148.134598 -67.735619               1439 
13.106791 71.841713 -145.446274 8.993283 138.747681 -101.659370 46.095284 121.154373 -162.409729 36.926888 158.388062 -66.181511               1458 
18.177982 72.685478 -145.355606 10.635962 142.694534 -107.214104 47.490063 123.359261 -167.177338 37.673031 166.744080 -73.817604               1476 
24.580349 81.665344 -155.450455 14.069107 149.352203 -113.939423 51.468723 136.153336 -175.077774 39.926476 172.734772 -79.163536               1495 
26.964685 81.211395 -153.826965 16.903971 150.190765 -114.356453 55.496937 136.751465 -174.783936 42.260227 173.818695 -79.378029               1513 
29.514858 81.350983 -153.716980 20.320456 151.191742 -115.545326 60.016098 137.097809 -175.203552 45.361782 174.648926 -80.226738               1532 
31.234570 83.719635 -158.103592 24.401224 153.104706 -116.876816 62.965260 141.411560 -178.276947 50.395752 175.669113 -81.665436               1550 
41.647263 86.179764 -158.752396 34.116283 156.035965 -117.047523 74.298973 147.096863 -176.947510 58.321781 178.383224 -80.449661               1569 
44.447189 84.038460 -157.391815 39.683086 155.397446 -117.035812 72.053482 156.735947 -178.524994 64.672943 177.989761 -81.121971               1587 
38.056850 82.613777 -151.192078 46.596752 156.219009 -114.464134 72.393913 155.245270 -178.606079 76.780930 177.074753 -81.621117               1605 
37.817924 90.961555 -138.548203 58.070347 161.331284 -99.234871 70.078308 167.697388 -165.427841 94.598450 178.047119 -70.757019               1624 
39.417065 89.946892 -126.444565 65.389603 161.277618 -91.622269 71.323021 166.469635 -158.170135 104.515533 177.881424 -66.758942               1642 
46.114849 85.227982 -118.575928 71.608894 158.906250 -88.149483 75.152054 161.486160 -154.836502 111.029846 177.595612 -65.315170               1661 
51.033443 81.458878 -111.802719 76.868515 156.569687 -85.081573 80.601860 155.991714 -151.719025 116.268410 176.211227 -63.023277               1679 
54.943897 93.183037 -115.892632 86.165710 165.336761 -86.472855 117.321068 151.645721 -143.822464 116.231606 180.273087 -50.449837               1698 
64.778900 92.940643 -110.902199 93.179176 165.570007 -84.802948 134.730713 146.059555 -133.112839 115.877228 181.317261 -44.041054               1716 
74.291534 91.219009 -106.869537 97.683250 163.826721 -84.168297 143.109467 146.318024 -129.622986 116.932175 179.408859 -41.607922               1735 
81.579292 87.852272 -101.301208 100.530045 160.580765 -82.381653 148.486725 146.115692 -124.995506 116.493523 176.975266 -38.780075               1753 
86.078026 85.172699 -97.903419 102.808571 157.308105 -81.425789 150.666687 147.141022 -123.656807 117.661285 173.511887 -37.362827               1772 
83.526360 77.501320 -88.720909 105.392570 146.953796 -78.290901 152.069656 132.958618 -119.341400 120.760521 163.439667 -34.510170               1790 
80.578362 73.173119 -84.460144 107.829079 138.866287 -77.613480 156.706650 119.155830 -112.640480 119.876602 155.795670 -32.970863               1808 
83.182976 64.316795 -76.345772 104.830940 131.259720 -78.566811 151.972473 113.028404 -116.254486 118.974625 152.766006 -36.588894               1827 
86.204506 59.217239 -73.854996 104.366829 126.473106 -78.205917 151.786621 110.240410 -116.204269 117.871109 149.307663 -36.721863               1845 
92.753983 55.513531 -75.975876 104.377090 123.594276 -80.127914 151.623917 112.856621 -120.056480 117.133766 146.628998 -38.518078               1864 
96.732590 50.631920 -72.873276 106.233498 117.676888 -80.830811 155.134125 107.175003 -118.457489 116.542458 142.726639 -39.709709               1882 
96.131783 44.947117 -71.625771 107.081413 110.674255 -82.107948 156.669281 98.501465 -118.023849 116.629189 136.575790 -41.332211               1901 
100.351707 40.885643 -66.772903 107.975578 105.750900 -82.794327 158.911560 93.838593 -116.575104 114.948685 135.443176 -44.136150               1919 
101.369041 38.086388 -67.005821 108.651718 102.840927 -83.161461 159.304474 91.477638 -117.326263 115.665314 132.517303 -44.498405               1938 
103.471878 36.789272 -68.458199 109.350845 101.829742 -83.620712 159.897003 92.355370 -118.340843 115.955467 130.940887 -44.459122               1956 
103.650414 35.725552 -69.490280 109.443619 100.960220 -83.450668 157.074646 88.249535 -117.710762 115.966095 129.277267 -43.697529               1975 
103.610062 34.598347 -70.352837 109.728493 99.956070 -83.217934 157.272720 88.008194 -117.616608 116.154961 127.522835 -42.925453               1993 
103.286133 34.045376 -70.834831 109.763199 99.426826 -83.064255 157.228317 87.766975 -117.558037 116.239494 126.510582 -42.453449               2012 
104.440178 34.195499 -70.496300 109.785324 99.645851 -82.600616 156.917130 88.956741 -117.777557 116.358902 126.645256 -41.949291               2030 
104.343834 34.221077 -70.093994 109.486748 99.598106 -82.402222 156.240036 89.022377 -118.048485 116.406105 126.648552 -41.842316               2048 
104.222481 34.269653 -69.655899 109.270744 99.567833 -82.172783 155.761749 89.026489 -118.114555 116.424042 126.682098 -41.696159               2067 
102.410957 35.109798 -64.095528 106.700981 99.429893 -81.056053 150.961426 86.612709 -118.422035 115.708961 129.093307 -42.798401               2085 
100.889038 35.909676 -61.443760 105.812408 99.459534 -80.875130 152.973083 85.789635 -118.312904 115.052299 130.477127 -43.763901               2104 
100.469269 37.095703 -58.727272 105.856247 99.771271 -80.530670 155.399277 85.185646 -117.572365 114.982391 132.090210 -44.518036               2122 
99.226448 40.051929 -55.331532 105.483597 101.458611 -80.220810 156.596741 85.285110 -115.831612 114.175522 135.513504 -45.732769               2141 
100.822281 45.880924 -50.257557 106.498375 105.383766 -79.477722 159.559525 88.187393 -112.416466 113.346977 142.091568 -47.378761               2159 
104.984604 59.506130 -38.718700 108.178276 115.471664 -74.518166 168.238586 102.816017 -98.265083 106.318329 156.183914 -46.881897               2178 
96.078934 69.220604 -33.012394 103.219940 124.485321 -69.292542 163.040115 108.112671 -93.501892 104.533455 165.433807 -41.975765               2196 
99.560898 69.826447 -39.631889 96.986526 130.204193 -67.324966 156.214645 125.752739 -98.327972 96.203949 166.580933 -34.146206               2215 
109.853622 75.960762 -62.633171 93.163757 140.217957 -59.610535 151.255203 163.604660 -84.124260 85.149025 155.858444 -13.612176               2233 
108.042122 93.056549 -75.646637 88.091705 150.662384 -49.226768 145.825516 185.674438 -59.202057 78.488922 147.391144 -1.041754               2251 
101.140381 100.255882 -70.685066 82.774261 156.816650 -41.089718 141.245941 189.039383 -44.805050 69.746178 150.495010 5.974236               2270 
84.507240 110.262772 -52.694443 73.420525 162.785706 -32.543377 131.941620 190.122055 -36.013996 59.795349 156.175690 14.311423               2288 
65.542488 142.376801 -26.733873 76.818260 179.388199 15.803730 78.828697 167.365707 -38.140564 110.484711 160.545197 46.401463               2307 
41.860519 159.132828 -14.635859 66.411674 184.909409 32.006126 48.077320 171.212738 -22.113474 107.149605 163.488708 49.507118               2325 
24.536879 173.857468 -9.833438 56.127296 191.695145 37.016708 28.697592 177.911713 -11.372967 96.193275 165.739243 49.088104               2344 
15.839844 181.711227 -0.951879 50.229256 193.339401 46.126472 18.971371 182.075195 0.107705 89.649933 164.927856 54.095398               2362 
5.194673 186.539520 9.197828 44.070747 194.972275 53.509270 7.856971 184.508286 11.635639 82.741142 164.724442 57.301193               2381 
0.447981 186.240570 19.589155 40.434231 193.360779 63.234737 2.894848 182.744751 22.951927 78.536766 162.301636 66.104675               2399 
-4.193875 185.283936 26.809639 37.526077 193.020111 68.775116 -1.814361 179.756775 31.686073 76.050102 162.391800 70.361229               2418 
-5.923947 184.838516 30.051058 35.873013 192.311295 72.058846 -3.845699 177.182220 36.783791 74.374481 161.652008 73.593567               2436 
-11.198195 185.334122 35.520290 31.659554 191.305847 76.754669 -9.161080 175.755585 43.602451 70.068115 160.493118 76.494125               2455 
-14.850787 184.644333 41.596470 29.112320 189.454636 81.863510 -12.895884 174.168900 50.259178 66.897568 157.906143 80.568398               2473 
-17.154236 183.702271 45.281265 27.124266 186.987183 85.406425 -15.198900 172.256622 54.077549 64.889336 155.499268 82.756828               2491 
-19.591890 182.150574 49.419430 25.772932 185.906113 88.317169 -17.038691 170.146683 58.152584 64.426926 155.727005 83.867432               2510 
-21.393785 180.435303 52.180912 24.887089 185.200546 89.914391 -18.472069 168.142868 61.197575 63.896130 155.588837 84.800583               2528 
-22.725740 178.753784 54.352448 24.127295 183.517944 91.414131 -19.568541 166.004074 63.378216 63.362442 154.386292 85.359360               2547 
-23.892849 177.650482 56.391453 23.764786 181.346222 92.576599 -20.531994 164.225922 65.141228 63.007328 152.668289 84.683029               2565 
-24.421154 176.636673 57.538643 23.724100 179.886002 93.152107 -20.948719 162.578262 66.348450 62.974796 151.504761 84.286568               2584 
-23.802200 176.403824 56.544895 23.143322 175.606918 93.890457 -21.258362 160.808594 65.272896 61.573360 146.220306 84.710640               2602 
-23.433418 176.659912 56.641232 23.232004 174.568527 94.316277 -21.049826 159.702377 65.654243 61.647259 145.337799 84.592972               2621 
-23.426573 176.493530 56.623100 23.250990 174.165344 94.296181 -20.967316 158.587997 65.998116 61.806709 145.217728 84.286087               2639 
-23.409655 176.611465 56.671009 23.331856 173.818512 94.258743 -20.923082 158.096771 66.134102 61.889183 145.005524 83.873466               2658 
-23.467833 176.727234 56.685432 23.318802 173.845978 94.234467 -20.944708 157.572327 66.479576 61.883308 145.068619 83.777298               2676 
-23.506742 178.092392 57.251083 23.308601 173.205917 94.578896 -21.246063 157.515259 67.086769 61.265812 143.958893 83.239937               2695 
-23.283669 178.788803 57.035862 23.605417 172.790222 94.129601 -21.036879 156.507401 67.262344 61.226002 143.339142 82.211700               2713 
-23.472353 179.226898 57.222351 23.643888 172.482986 93.918602 -20.967575 155.167099 67.803467 61.140736 143.176483 81.276390               2731 
-23.851955 179.223373 57.372463 23.940845 172.392807 93.186691 -20.820051 154.190323 67.828445 61.550816 143.720230 79.472351               2750 
-23.340464 179.613113 57.411018 24.604122 171.947220 92.870461 -20.345964 153.951981 67.577263 62.005692 143.313889 78.519012               2768 
-23.210243 180.126617 57.609905 24.916527 171.942795 92.723389 -20.173761 153.767502 67.640266 62.177120 143.382263 77.868965               2787 
-23.032280 180.373001 57.530571 25.113802 171.746170 92.528847 -20.061062 153.338547 67.557869 62.231159 143.109390 77.464119               2805 
-22.770285 180.569351 57.759808 25.389397 171.078491 92.531685 -19.941309 152.963547 67.391151 62.327690 142.489883 76.944412               2824 
-22.768780 180.549438 57.795410 25.414061 170.744446 92.464088 -19.918640 152.291626 67.327217 62.328850 142.252502 76.645828               2842 
-22.686808 180.332977 57.662930 25.522282 170.389572 92.270981 -19.783958 151.435669 67.210136 62.448135 141.981262 76.328621               2861 
-22.629734 180.308960 57.835388 25.411058 169.110733 92.308723 -19.760105 150.373062 66.613281 62.356781 141.167068 75.609169               2879 
-22.835585 180.129288 58.197510 25.493992 168.976974 92.294327 -19.626740 149.766891 66.650345 62.635818 141.611160 75.080772               2898 
-23.021799 179.925354 58.631634 25.534767 168.613922 92.365410 -19.603678 149.295486 66.669296 62.781040 141.726715 74.631172               2916 
-23.246744 179.269318 58.341351 25.314371 168.095978 92.127922 -19.616526 148.297913 66.206955 62.843456 141.665970 74.302879               2934 
-22.623695 178.053833 57.414570 25.281023 166.208420 91.914658 -19.310150 146.676086 64.991676 63.005516 139.827209 74.433113               2953 
-23.125336 176.527084 57.051582 24.905535 165.335190 91.606552 -19.340647 144.957047 64.552757 63.092880 139.632431 74.119301               2971 
-23.094816 176.801620 57.611732 25.139658 164.477982 91.503273 -19.510611 144.692886 64.409706 62.994835 138.900421 73.132523               2990 
-23.169046 177.008774 57.971897 25.161278 164.126266 91.528931 -19.809196 144.486145 64.568558 62.754421 138.423721 72.798080               3008 
