-14.643826 153.569733 92.259552 49.181629 135.733719 77.189774 -4.758123 146.894394 97.554436 69.044151 90.773880 80.156639                  0 
-15.175838 154.050461 92.157745 49.134323 135.654373 77.038628 -4.883795 147.012726 98.397377 69.113701 90.739716 79.903458                 18 
-15.507351 154.505630 92.164085 49.179207 135.645401 77.003563 -4.773260 147.350555 99.505745 69.252457 90.772301 79.863586                 37 
-15.782510 154.926559 92.176308 49.217228 135.637787 76.973854 -4.627192 147.651947 100.483345 69.369904 90.800041 79.829689                 56 
-16.027699 155.294724 92.197731 49.245853 135.636215 76.964630 -4.675633 147.623154 100.723045 69.464294 90.828552 79.827835                 75 
-16.907764 155.493530 92.329979 49.229984 137.195770 77.954269 -5.208585 148.127426 101.265152 70.825638 93.136993 82.097031                 94 
-17.524775 155.759018 92.460060 49.219437 138.232498 78.612144 -5.537919 148.448914 101.613144 71.710678 94.712425 83.597839                113 
-17.099653 156.333893 93.087845 49.960430 138.547531 79.006126 -4.753378 148.662903 102.387688 72.820351 95.258423 84.315262                131 
0.413149 135.969589 76.575325 41.153824 152.962082 74.060890 -17.044697 162.836105 97.313148 68.798256 114.013954 86.041664                150 
-4.180690 150.305847 82.052162 42.206818 152.476227 70.102341 -6.494802 171.599503 105.727638 68.626022 112.082329 79.852654                169 
-12.230536 163.646957 77.996651 43.888927 151.409409 71.777084 -7.972861 167.790833 100.945244 69.259781 110.421959 81.829865                188 
-14.490936 167.502747 75.326637 44.357235 151.269928 71.490105 -8.519735 166.775635 95.788635 69.285751 110.177925 82.201149                207 
-14.909989 171.676987 70.483925 44.934895 154.189453 68.820259 -8.584377 169.720520 90.691345 69.494507 113.100624 80.363358                226 
-17.074711 178.199432 60.635487 43.031143 159.413208 59.859509 -10.360428 175.906723 80.526169 67.040932 118.258186 72.289482                245 
-19.619314 183.548355 50.095299 40.850159 164.563156 49.767960 -12.441090 181.436996 69.610870 64.989700 123.800507 63.199219                264 
-19.565826 185.328323 42.720497 41.381859 167.528671 42.958786 -12.176683 182.823563 60.883915 66.258324 127.315506 56.698235                282 
-20.413870 184.654892 31.992929 41.167141 169.034653 34.741665 -13.390375 182.281952 49.204197 66.909126 129.948410 50.049381                301 
-24.304073 183.930618 16.864033 38.018185 172.659271 23.127619 -17.658066 182.462128 33.236942 65.507469 136.430420 42.009350                320 
-26.643932 182.159760 3.250453 36.023396 175.945282 12.936952 -20.476067 181.212463 18.997972 65.150269 142.675766 34.604332                339 
-28.257072 180.509872 -10.784213 34.281494 177.171219 1.448221 -22.500397 179.266907 4.329682 63.957645 145.452713 24.642447                358 
-29.723164 177.022842 -24.766218 32.542435 178.003799 -10.230476 -24.260643 176.114670 -9.947549 63.264320 149.005005 15.066673                377 
-31.792442 172.655624 -39.594555 29.752153 178.478256 -22.260550 -26.619762 172.211395 -24.941629 61.079304 152.820969 5.757720                396 
-32.944984 167.653030 -53.414764 27.190138 178.629517 -32.877167 -28.205122 167.652023 -38.817417 58.559929 156.530701 -2.017994                415 
-33.794682 161.941391 -66.547997 24.719872 178.677185 -43.731758 -29.355568 162.885132 -51.742271 55.851284 161.290588 -9.772204                433 
-34.089237 158.982986 -79.036423 23.703962 177.530060 -53.890507 -29.845819 160.224304 -63.634132 53.391174 162.498596 -17.594028                452 
-35.326004 154.595322 -90.529327 21.842691 175.156601 -62.578388 -31.001814 155.217255 -73.387184 50.895264 162.435120 -24.911135                471 
-35.526676 151.534897 -97.795944 21.399818 173.339737 -67.531723 -31.028313 151.558228 -78.744972 50.072495 162.267715 -29.060984                490 
-34.731674 130.869415 -92.361153 20.801401 166.089935 -72.952721 -29.794880 137.664673 -74.052933 50.357197 171.647110 -33.961914                509 
-34.591576 130.995346 -109.480217 16.937941 167.346741 -81.154823 -31.734955 135.577942 -89.128479 43.201447 170.461563 -39.618862                528 
-35.050167 128.217926 -115.391685 15.216235 165.823486 -85.130508 -33.110054 132.227890 -93.751762 41.057709 169.247208 -43.354839                547 
-34.355137 121.377869 -115.248734 13.854685 164.460846 -87.442459 -33.051224 127.156380 -92.643402 39.576691 173.017746 -46.334454                565 
-34.658756 113.726997 -109.027794 13.018716 161.270569 -87.426682 -33.074276 122.433289 -86.974098 38.929760 175.843445 -48.171631                584 
-36.074978 112.910820 -108.250069 11.884693 160.882935 -87.501251 -33.326668 120.943977 -85.956711 39.339993 174.956955 -49.123672                603 
-36.300327 112.889969 -108.620209 11.861455 160.912659 -87.615753 -33.155441 120.652802 -86.132965 39.481350 174.794373 -49.286270                622 
-37.904194 111.044060 -108.177162 10.025149 160.134842 -88.467041 -34.018394 118.765755 -85.689224 38.399708 174.669556 -50.939224                641 
-39.593178 108.237129 -106.692139 8.992889 157.711105 -89.085579 -35.145607 116.522667 -84.533340 37.593891 173.561111 -52.268875                660 
-41.392906 105.951897 -107.578712 6.344481 156.843216 -91.324913 -36.342297 114.272804 -85.655754 35.185719 173.824341 -55.206581                679 
-40.834930 104.496498 -107.430153 5.731906 156.811157 -91.736732 -36.463371 113.996597 -86.376640 33.565254 175.408310 -55.623577                698 
-41.051464 103.142975 -107.335724 4.352451 156.754807 -92.083313 -36.859970 113.295059 -87.091026 32.053261 176.133728 -56.280617                716 
-41.043087 102.057487 -106.882889 3.145550 156.846283 -92.031647 -37.052467 112.600281 -87.613274 30.297466 176.934158 -56.199253                735 
-42.381298 104.653992 -107.707680 1.206075 158.993774 -92.818329 -39.089108 114.709808 -91.337158 28.684900 176.562195 -55.926937                754 
-43.308746 105.971069 -108.663544 -2.409614 162.085281 -93.143311 -41.209564 116.441582 -93.732460 24.219749 179.335388 -55.486694                773 
-47.961536 106.822144 -111.751602 -8.232054 163.846512 -96.240776 -46.434120 117.748535 -97.408760 17.348555 181.761795 -58.169983                791 
-56.268875 111.924294 -120.485695 -16.539179 167.021118 -99.077705 -55.049915 121.602692 -105.613907 9.770866 179.883972 -59.491867                810 
-65.938293 119.499115 -124.178062 -22.931023 170.650543 -99.508560 -64.681717 128.603516 -108.951439 5.061387 178.377960 -59.741467                828 
-74.883163 124.454170 -124.004807 -30.189112 173.455627 -98.657387 -74.300774 134.073639 -109.534477 -1.229981 177.825470 -59.072247                847 
-83.904709 132.460571 -117.503204 -36.369972 178.799026 -92.460403 -82.974358 142.214951 -103.337708 -5.489041 179.632172 -54.114819                865 
-94.747444 130.755432 -110.019180 -47.422073 180.037369 -91.021889 -93.796181 142.028748 -97.184654 -14.933103 184.174149 -54.251472                884 
-108.175331 137.004028 -109.550987 -58.205605 182.133759 -87.366417 -106.590279 147.212082 -96.059525 -24.783083 180.989517 -51.223152                902 
-119.065277 127.677704 -101.873268 -70.192497 176.699249 -87.325897 -117.586044 139.524612 -90.134293 -34.786179 179.895798 -53.254143                921 
-130.514603 129.387238 -95.402756 -80.920692 177.808411 -82.253372 -128.905914 141.345505 -84.187485 -44.271832 179.793335 -49.426083                939 
-139.859390 126.104240 -89.367607 -91.185371 175.804123 -79.773933 -138.668442 138.637573 -79.178314 -52.918770 178.420776 -48.894650                957 
-147.524231 120.532425 -84.213760 -101.668259 172.774750 -77.212227 -147.232330 133.354187 -74.673279 -61.726036 176.578751 -48.666508                976 
-153.674835 116.255402 -79.790535 -110.019539 170.213913 -75.378624 -154.275436 129.520966 -71.464256 -69.808662 175.846573 -47.520611                994 
-156.606705 109.625702 -77.314667 -117.430351 166.768326 -73.173607 -158.462646 122.864693 -69.234978 -77.232399 174.968536 -45.941433               1013 
-157.655548 103.600281 -72.530502 -124.316231 164.269394 -73.075867 -160.946930 117.125298 -65.995438 -84.912216 177.971481 -46.917000               1031 
-162.560822 100.018600 -74.367386 -130.940948 160.927673 -72.190109 -165.868088 112.183769 -67.551895 -90.131325 172.896301 -47.370033               1050 
-162.391602 96.840996 -72.169640 -135.583054 159.368164 -73.046631 -166.787781 108.303337 -66.991035 -95.747261 174.796478 -48.556091               1068 
-163.137314 96.677322 -69.416672 -139.598389 159.448059 -73.811913 -167.543869 106.379822 -65.327118 -99.208855 176.592972 -51.463593               1087 
-170.488251 97.605453 -73.731552 -142.666077 158.128082 -71.948647 -173.936356 105.761665 -69.199936 -100.893539 169.196106 -48.342205               1105 
-171.202942 95.098595 -77.163887 -143.255859 154.822983 -70.097145 -174.573624 101.962517 -72.244560 -101.595215 163.225082 -45.227375               1124 
-171.329254 94.215752 -78.421356 -143.493988 153.488541 -69.349594 -174.653229 100.301437 -73.459801 -101.863480 160.783005 -44.082977               1142 
-171.920212 91.784409 -77.200790 -143.315704 150.677078 -69.223732 -174.731659 97.407967 -72.733696 -101.445259 157.598129 -44.250256               1161 
-172.868988 82.825798 -78.219429 -144.052307 140.932571 -67.060020 -174.963196 87.448936 -73.430374 -100.039146 145.764053 -45.514515               1188 
-172.947983 81.606438 -78.271301 -144.153046 139.599869 -66.764099 -174.916504 86.025932 -73.541992 -99.866318 144.204758 -45.735764               1197 
-173.455551 80.241104 -76.651108 -144.582611 138.161713 -65.439209 -175.246078 84.432671 -72.055183 -99.788849 142.626587 -45.481911               1207 
-174.250565 79.217857 -72.855904 -144.463089 137.023346 -64.154465 -175.746201 83.348091 -68.448013 -98.728699 141.371246 -46.429585               1216 
-175.091125 79.439301 -70.520203 -144.464920 136.957748 -63.479065 -175.809738 85.359383 -68.885811 -98.268921 140.945938 -46.903961               1226 
-180.760254 81.520340 -70.819557 -146.499329 136.516418 -61.309933 -180.126404 89.144333 -71.564850 -99.231728 136.597061 -47.508556               1234 
-183.939774 82.566162 -68.587166 -147.137512 135.804291 -58.926216 -182.681915 91.304054 -70.633286 -99.045982 133.547134 -48.590809               1244 
999.000000 999.000000 999.000000 999.000000 999.000000 999.000000 999.000000 999.000000 999.000000 999.000000 999.000000 999.000000             1253.0 
999.000000 999.000000 999.000000 999.000000 999.000000 999.000000 999.000000 999.000000 999.000000 999.000000 999.000000 999.000000             1262.0 
999.000000 999.000000 999.000000 999.000000 999.000000 999.000000 999.000000 999.000000 999.000000 999.000000 999.000000 999.000000             1271.0 
999.000000 999.000000 999.000000 999.000000 999.000000 999.000000 999.000000 999.000000 999.000000 999.000000 999.000000 999.000000             1280.0 
999.000000 999.000000 999.000000 999.000000 999.000000 999.000000 999.000000 999.000000 999.000000 999.000000 999.000000 999.000000             1290.0 
999.000000 999.000000 999.000000 999.000000 999.000000 999.000000 999.000000 999.000000 999.000000 999.000000 999.000000 999.000000             1299.0 
999.000000 999.000000 999.000000 999.000000 999.000000 999.000000 999.000000 999.000000 999.000000 999.000000 999.000000 999.000000             1308.0 
999.000000 999.000000 999.000000 999.000000 999.000000 999.000000 999.000000 999.000000 999.000000 999.000000 999.000000 999.000000             1317.0 
999.000000 999.000000 999.000000 999.000000 999.000000 999.000000 999.000000 999.000000 999.000000 999.000000 999.000000 999.000000             1327.0 
999.000000 999.000000 999.000000 999.000000 999.000000 999.000000 999.000000 999.000000 999.000000 999.000000 999.000000 999.000000             1336.0 
999.000000 999.000000 999.000000 999.000000 999.000000 999.000000 999.000000 999.000000 999.000000 999.000000 999.000000 999.000000             1345.0 
999.000000 999.000000 999.000000 999.000000 999.000000 999.000000 999.000000 999.000000 999.000000 999.000000 999.000000 999.000000             1354.0 
999.000000 999.000000 999.000000 999.000000 999.000000 999.000000 999.000000 999.000000 999.000000 999.000000 999.000000 999.000000             1364.0 
999.000000 999.000000 999.000000 999.000000 999.000000 999.000000 999.000000 999.000000 999.000000 999.000000 999.000000 999.000000             1373.0 
999.000000 999.000000 999.000000 999.000000 999.000000 999.000000 999.000000 999.000000 999.000000 999.000000 999.000000 999.000000             1382.0 
999.000000 999.000000 999.000000 999.000000 999.000000 999.000000 999.000000 999.000000 999.000000 999.000000 999.000000 999.000000             1391.0 
999.000000 999.000000 999.000000 999.000000 999.000000 999.000000 999.000000 999.000000 999.000000 999.000000 999.000000 999.000000             1400.0 
999.000000 999.000000 999.000000 999.000000 999.000000 999.000000 999.000000 999.000000 999.000000 999.000000 999.000000 999.000000             1410.0 
999.000000 999.000000 999.000000 999.000000 999.000000 999.000000 999.000000 999.000000 999.000000 999.000000 999.000000 999.000000             1419.0 
999.000000 999.000000 999.000000 999.000000 999.000000 999.000000 999.000000 999.000000 999.000000 999.000000 999.000000 999.000000             1428.0 
999.000000 999.000000 999.000000 999.000000 999.000000 999.000000 999.000000 999.000000 999.000000 999.000000 999.000000 999.000000             1437.0 
999.000000 999.000000 999.000000 999.000000 999.000000 999.000000 999.000000 999.000000 999.000000 999.000000 999.000000 999.000000             1447.0 
999.000000 999.000000 999.000000 999.000000 999.000000 999.000000 999.000000 999.000000 999.000000 999.000000 999.000000 999.000000             1456.0 
999.000000 999.000000 999.000000 999.000000 999.000000 999.000000 999.000000 999.000000 999.000000 999.000000 999.000000 999.000000             1465.0 
999.000000 999.000000 999.000000 999.000000 999.000000 999.000000 999.000000 999.000000 999.000000 999.000000 999.000000 999.000000             1474.0 
999.000000 999.000000 999.000000 999.000000 999.000000 999.000000 999.000000 999.000000 999.000000 999.000000 999.000000 999.000000             1484.0 
999.000000 999.000000 999.000000 999.000000 999.000000 999.000000 999.000000 999.000000 999.000000 999.000000 999.000000 999.000000             1493.0 
999.000000 999.000000 999.000000 999.000000 999.000000 999.000000 999.000000 999.000000 999.000000 999.000000 999.000000 999.000000             1502.0 
999.000000 999.000000 999.000000 999.000000 999.000000 999.000000 999.000000 999.000000 999.000000 999.000000 999.000000 999.000000             1511.0 
999.000000 999.000000 999.000000 999.000000 999.000000 999.000000 999.000000 999.000000 999.000000 999.000000 999.000000 999.000000             1520.0 
999.000000 999.000000 999.000000 999.000000 999.000000 999.000000 999.000000 999.000000 999.000000 999.000000 999.000000 999.000000             1530.0 
999.000000 999.000000 999.000000 999.000000 999.000000 999.000000 999.000000 999.000000 999.000000 999.000000 999.000000 999.000000             1539.0 
999.000000 999.000000 999.000000 999.000000 999.000000 999.000000 999.000000 999.000000 999.000000 999.000000 999.000000 999.000000             1548.0 
999.000000 999.000000 999.000000 999.000000 999.000000 999.000000 999.000000 999.000000 999.000000 999.000000 999.000000 999.000000             1557.0 
999.000000 999.000000 999.000000 999.000000 999.000000 999.000000 999.000000 999.000000 999.000000 999.000000 999.000000 999.000000             1567.0 
999.000000 999.000000 999.000000 999.000000 999.000000 999.000000 999.000000 999.000000 999.000000 999.000000 999.000000 999.000000             1576.0 
999.000000 999.000000 999.000000 999.000000 999.000000 999.000000 999.000000 999.000000 999.000000 999.000000 999.000000 999.000000             1585.0 
999.000000 999.000000 999.000000 999.000000 999.000000 999.000000 999.000000 999.000000 999.000000 999.000000 999.000000 999.000000             1594.0 
999.000000 999.000000 999.000000 999.000000 999.000000 999.000000 999.000000 999.000000 999.000000 999.000000 999.000000 999.000000             1604.0 
999.000000 999.000000 999.000000 999.000000 999.000000 999.000000 999.000000 999.000000 999.000000 999.000000 999.000000 999.000000             1613.0 
999.000000 999.000000 999.000000 999.000000 999.000000 999.000000 999.000000 999.000000 999.000000 999.000000 999.000000 999.000000             1622.0 
999.000000 999.000000 999.000000 999.000000 999.000000 999.000000 999.000000 999.000000 999.000000 999.000000 999.000000 999.000000             1631.0 
999.000000 999.000000 999.000000 999.000000 999.000000 999.000000 999.000000 999.000000 999.000000 999.000000 999.000000 999.000000             1640.0 
999.000000 999.000000 999.000000 999.000000 999.000000 999.000000 999.000000 999.000000 999.000000 999.000000 999.000000 999.000000             1650.0 
999.000000 999.000000 999.000000 999.000000 999.000000 999.000000 999.000000 999.000000 999.000000 999.000000 999.000000 999.000000             1659.0 
999.000000 999.000000 999.000000 999.000000 999.000000 999.000000 999.000000 999.000000 999.000000 999.000000 999.000000 999.000000             1668.0 
999.000000 999.000000 999.000000 999.000000 999.000000 999.000000 999.000000 999.000000 999.000000 999.000000 999.000000 999.000000             1677.0 
999.000000 999.000000 999.000000 999.000000 999.000000 999.000000 999.000000 999.000000 999.000000 999.000000 999.000000 999.000000             1687.0 
999.000000 999.000000 999.000000 999.000000 999.000000 999.000000 999.000000 999.000000 999.000000 999.000000 999.000000 999.000000             1696.0 
999.000000 999.000000 999.000000 999.000000 999.000000 999.000000 999.000000 999.000000 999.000000 999.000000 999.000000 999.000000             1705.0 
999.000000 999.000000 999.000000 999.000000 999.000000 999.000000 999.000000 999.000000 999.000000 999.000000 999.000000 999.000000             1714.0 
999.000000 999.000000 999.000000 999.000000 999.000000 999.000000 999.000000 999.000000 999.000000 999.000000 999.000000 999.000000             1724.0 
999.000000 999.000000 999.000000 999.000000 999.000000 999.000000 999.000000 999.000000 999.000000 999.000000 999.000000 999.000000             1733.0 
999.000000 999.000000 999.000000 999.000000 999.000000 999.000000 999.000000 999.000000 999.000000 999.000000 999.000000 999.000000             1742.0 
999.000000 999.000000 999.000000 999.000000 999.000000 999.000000 999.000000 999.000000 999.000000 999.000000 999.000000 999.000000             1751.0 
999.000000 999.000000 999.000000 999.000000 999.000000 999.000000 999.000000 999.000000 999.000000 999.000000 999.000000 999.000000             1760.0 
-33.042744 178.694489 9.974295 11.214059 185.841248 58.710758 -21.698002 172.493408 12.110022 43.621788 152.800247 75.525658               1770 
-31.939543 179.166946 11.007694 12.552523 185.503738 59.641891 -20.700247 172.746185 13.157992 44.165394 151.774063 76.601997               1779 
-30.346073 179.035309 12.605208 14.267982 184.800140 61.198795 -19.118439 172.478058 14.802923 45.353523 150.621246 78.234131               1788 
-28.306278 178.992691 14.203125 16.444431 184.270020 62.726395 -17.167858 172.220047 16.555305 46.606834 149.524994 80.268433               1798 
-26.567118 178.785751 15.638512 17.941830 183.512650 64.440086 -15.455763 171.836060 18.230482 47.195396 148.268250 82.516884               1807 
-26.267447 178.219055 17.393398 18.822094 183.308487 65.622177 -14.924089 171.205597 20.363932 48.119186 148.140762 83.777649               1816 
-25.937614 178.209396 18.919064 19.491100 183.163422 66.842682 -14.334363 170.978775 22.549994 48.601273 147.841827 85.000145               1825 
-25.316940 178.238663 19.981001 20.233164 182.937729 67.814995 -13.489594 170.627090 24.697439 49.058624 147.415512 86.035164               1834 
-24.609131 177.956711 20.652037 20.582327 182.167603 68.870132 -12.585263 169.882065 26.722113 49.211517 146.441879 87.001648               1844 
-23.708330 178.146820 21.338377 21.039843 181.579376 70.029266 -11.531616 169.549866 28.650904 49.268250 145.489761 88.068275               1853 
-13.676496 169.185333 27.283819 21.116688 180.804489 71.375076 -11.034929 168.928635 30.679171 49.458717 144.614227 89.030205               1862 
-8.518820 164.842545 30.757893 21.386829 180.246948 72.757317 -10.445496 168.585693 32.638943 49.845341 143.943405 89.987396               1871 
-6.406453 163.170685 33.360977 21.578711 179.069366 74.824799 -10.171494 168.437286 35.239765 49.924091 142.171921 90.943977               1881 
-7.326792 161.355118 38.274048 22.727108 178.126755 77.181915 -11.689616 167.403229 40.344463 52.788986 141.518784 90.629959               1890 
-8.940156 159.347733 43.174870 23.381634 177.179657 79.570763 -12.812073 166.259613 45.242714 54.512638 140.891907 91.350784               1899 
-9.852507 158.288315 47.741062 24.284502 176.580063 82.150352 -12.175224 166.956741 48.739914 55.643444 140.138947 92.797981               1908 
-9.866445 156.829086 50.033504 25.229601 174.120636 84.201065 -10.749594 166.794861 50.208828 56.837177 137.411179 93.037743               1917 
-9.774973 155.693008 51.434952 26.014397 173.028946 85.349663 -9.354683 166.684708 50.810165 58.170959 136.633240 93.474785               1927 
-9.058587 154.847931 52.824623 27.406317 172.649155 86.636841 -7.056728 166.651169 50.954323 60.404667 137.015961 94.766724               1936 
-7.408541 152.194443 52.842709 28.037275 170.564438 88.679924 -3.987970 164.695770 50.300911 63.652836 137.466949 96.477249               1945 
-7.734156 151.232635 53.269035 27.740067 169.091171 90.453835 -2.770443 164.170425 50.392872 64.102531 136.844452 98.367767               1954 
-7.497875 149.213531 54.763603 28.086336 168.219650 91.859322 -1.591362 163.458160 50.435478 65.344978 137.100983 100.113533               1964 
-7.339928 147.921814 55.413692 27.585419 166.210358 93.542068 -0.595708 163.475677 50.064045 64.514801 134.790283 102.127495               1973 
-7.062313 146.865204 56.157051 27.346289 164.832092 94.967896 0.293261 163.443039 50.039066 64.133995 133.314011 103.798798               1982 
-7.189748 146.312347 56.943760 26.983707 163.960831 96.166100 0.672450 163.604156 50.253754 63.625069 132.295685 105.078926               1991 
-7.209067 145.737839 57.885975 27.239943 162.256714 97.414368 1.090030 163.725967 50.883541 63.612846 130.067612 105.512703               2000 
-7.705857 145.965958 58.269466 26.900621 161.440140 98.125168 1.117072 164.247803 51.136581 62.619846 128.469925 105.987228               2010 
-8.047920 145.953323 58.684204 26.735216 161.016937 98.565636 1.007171 164.465439 51.342270 62.186218 127.711578 106.226563               2019 
-8.386540 146.012070 58.722824 26.389687 160.135223 98.955421 0.909701 164.732483 51.537117 61.445309 126.323578 106.207062               2028 
-8.443270 145.985779 59.022617 26.444536 159.833374 99.250336 0.933507 164.893433 51.761158 61.323750 125.794189 106.284859               2037 
-8.564837 145.923065 59.159916 26.347271 159.436890 99.468063 0.891077 164.982513 51.899971 61.057526 125.182663 106.291252               2047 
-8.625409 145.919128 59.206501 26.278296 159.188278 99.598793 0.890380 165.113800 51.958878 60.849297 124.764343 106.273209               2056 
-8.624599 145.876892 59.268288 26.264463 158.943787 99.733444 0.926309 165.245453 52.030231 60.715481 124.368576 106.244339               2065 
-8.657188 145.924133 59.284443 26.231459 158.703583 99.864830 0.969257 165.380707 52.096127 60.528786 123.948669 106.228722               2075 
-8.662897 146.000320 59.398563 26.355707 158.809784 99.887367 1.028836 165.452393 52.106602 60.533539 123.944054 106.287888               2084 
-8.696984 145.963013 59.431522 26.394070 158.686768 99.908089 1.039787 165.464478 52.147114 60.467255 123.705933 106.238106               2093 
-8.713857 145.942902 59.524597 26.504873 158.736664 99.905190 1.068794 165.459778 52.172268 60.493710 123.677986 106.257980               2102 
-8.467402 145.920761 58.653164 26.391674 157.452362 99.623337 1.478709 165.559464 51.800327 59.814796 121.769897 105.485672               2111 
-8.379627 146.160553 58.568218 26.484711 157.540909 99.537506 1.574380 165.684540 51.738968 59.698410 121.656960 105.360085               2120 
-7.758620 146.261429 57.506054 26.572615 156.245667 99.165489 2.167634 165.760468 51.389740 59.443230 119.935692 104.246658               2130 
-6.998933 146.336533 56.673981 26.585884 155.605438 98.867004 2.598896 165.693848 51.066055 59.308899 119.112122 103.573631               2139 
-6.257919 146.238724 56.270355 26.623526 155.308197 98.689682 2.845417 165.582642 50.870758 59.268970 118.721306 103.204628               2148 
-5.160664 146.028366 55.639809 27.379467 154.109665 98.311516 3.587251 165.221268 50.655651 59.901123 117.320778 102.003357               2157 
-4.442203 146.019104 55.008873 27.754131 153.174011 97.985687 4.187072 165.012192 50.385132 60.055367 116.140617 101.126892               2167 
-3.794472 145.643356 54.773888 28.122000 152.883911 97.754448 4.504423 164.567261 50.136471 60.516106 115.921745 100.776161               2176 
-2.621880 145.095917 53.565369 28.389027 151.431580 97.155754 5.395385 163.909393 49.466087 60.765667 114.420761 99.736816               2185 
-1.653515 144.733383 52.663662 28.640795 150.485428 96.696243 6.095677 163.295456 48.942440 61.013893 113.456940 99.059067               2194 
-0.748148 144.744980 52.051407 29.286587 149.557571 96.238251 6.586951 162.784607 48.786133 61.603626 112.438766 97.823578               2203 
-0.187818 144.825256 51.816715 29.638329 149.294312 96.068085 6.821573 162.483826 48.657749 61.925129 112.137978 97.363945               2213 
0.166442 145.111099 51.538124 29.717457 149.119629 95.908333 6.908642 162.206757 48.510548 61.753548 111.741447 97.035728               2222 
0.766891 145.355820 51.316219 30.286251 148.485748 95.736519 7.423024 161.967178 48.473816 62.001453 110.822578 96.320969               2231 
1.108582 145.269119 51.223961 30.370932 148.653091 95.697121 7.438378 161.482025 48.337029 62.241402 111.123886 96.433403               2240 
1.887446 144.715454 51.010746 31.031065 149.211792 95.399063 7.760845 160.607834 47.915237 63.445957 112.166412 96.673691               2250 
2.616081 144.183228 50.847332 31.654318 149.711182 95.123001 8.172001 160.053711 47.520424 64.565643 113.125870 96.875046               2259 
2.930947 144.047195 50.637535 31.700588 149.629486 95.012558 8.353582 159.899704 47.374863 64.699181 113.126900 96.846710               2268 
3.188600 144.187439 50.630291 31.999273 149.542847 94.967216 8.616117 159.999390 47.413380 64.875648 112.922089 96.632721               2277 
3.038277 145.283630 52.066689 33.235321 151.568802 95.294617 8.378243 160.963745 48.277809 65.992310 114.833206 96.773201               2287 
2.855479 145.801971 52.801357 33.730907 152.290085 95.426735 8.127725 161.410858 48.750893 66.352852 115.423180 96.588531               2296 
3.122102 145.541763 52.898434 33.948967 152.697983 95.332085 8.006700 161.134872 48.806248 67.242599 116.432732 96.369118               2305 
2.756242 146.994827 53.061802 34.270031 154.606506 94.710320 7.156480 162.121292 49.139141 68.043747 118.773323 94.878410               2314 
2.586710 147.865417 53.138832 34.513073 155.443039 94.328125 6.673558 162.198257 49.662987 68.448051 119.767410 93.714188               2324 
1.985898 149.574860 53.378471 34.520969 156.676956 94.125053 6.151433 162.904922 50.200737 67.863678 120.457321 93.070877               2333 
1.547442 150.808258 53.441189 34.686356 156.872009 93.859612 5.854861 162.647415 50.861118 67.342888 120.063301 92.021172               2360 
1.453105 151.013260 53.466602 34.698971 156.872345 93.848732 5.810398 162.268051 51.040329 67.272560 119.995972 91.898323               2370 
1.538948 151.218628 52.906387 34.663841 155.253326 93.634598 6.138859 161.971985 50.912567 66.860291 118.120155 90.597092               2379 
1.591877 150.940659 52.491501 34.239613 154.533188 93.627861 6.265706 161.403793 50.657562 66.497681 117.457176 90.546257               2388 
1.626311 151.148849 52.337116 34.126835 154.551666 93.581886 6.398015 161.312820 50.528351 66.253479 117.357796 90.548119               2397 
1.631850 150.960022 51.892754 33.827091 154.094391 93.376991 6.462777 160.917465 50.192337 65.938736 116.886566 90.355537               2406 
1.705542 150.665192 51.576931 33.809338 153.694046 93.123558 6.612284 160.445679 49.949532 65.925545 116.492821 90.069466               2416 
1.741171 150.474625 51.240318 33.643585 153.340820 92.934242 6.715455 160.170883 49.673012 65.753426 116.133453 89.887924               2425 
1.822630 150.171463 50.882904 33.471172 152.835098 92.742676 6.789208 159.820297 49.396740 65.583206 115.631126 89.678108               2435 
1.946053 149.971466 50.527012 33.260654 152.344528 92.577522 6.872873 159.608932 49.119144 65.296242 115.075996 89.497238               2444 
1.911196 149.873581 50.247292 32.722515 151.679810 92.611710 6.863182 159.468307 48.960979 64.577690 114.261253 89.479660               2453 
2.232135 149.407043 49.738590 32.090710 149.181427 92.726097 7.469684 158.829315 48.713100 62.880768 110.914055 89.220345               2462 
2.347764 149.290359 49.484177 31.486414 148.005569 92.858955 7.791118 158.592133 48.501934 61.594025 109.201752 89.322685               2471 
2.345917 149.202850 49.594261 31.444773 148.155106 92.901817 7.719323 158.479797 48.488300 61.627415 109.401482 89.455864               2480 
2.487241 149.081100 49.636917 31.441202 148.160568 92.903992 7.751921 158.349289 48.457829 61.673252 109.442451 89.492249               2490 
2.653816 148.972824 49.715462 31.459362 148.151413 92.908791 7.756446 158.243805 48.468452 61.718704 109.456200 89.479149               2499 
2.791260 148.848007 49.768795 31.497915 148.161774 92.893066 7.758025 158.021118 48.494465 61.867493 109.556068 89.429329               2508 
2.913200 148.783936 49.863167 31.486280 148.236176 92.918320 7.753849 157.843338 48.544857 61.915146 109.677322 89.452988               2517 
3.008127 148.828537 50.017750 31.483019 148.589981 92.934685 7.682042 157.651108 48.640491 61.937527 110.043167 89.561920               2527 
3.157291 148.812317 50.117191 31.522036 148.608612 92.942802 7.722745 157.334091 48.744518 61.956066 110.050507 89.514648               2536 
3.128906 148.970322 50.192776 31.295620 147.656006 92.985107 7.708937 157.198608 48.927219 61.284252 108.821449 88.829552               2545 
3.349102 148.997864 50.342815 31.223646 147.790024 93.051048 7.710598 157.050064 48.980099 61.118565 108.878944 88.936188               2554 
3.603486 149.329834 50.456406 31.216036 146.155396 93.047745 7.942510 157.052979 49.268002 60.168621 106.688858 87.676498               2563 
3.513854 149.761078 50.583054 30.970840 145.360229 93.012245 7.664837 157.091110 49.384186 59.162132 105.456909 86.873405               2573 
3.610629 149.893875 50.828087 31.117523 145.427856 93.108551 7.516860 156.878479 49.425571 59.213444 105.481888 86.811821               2582 
3.568530 150.109787 51.229855 31.296375 145.191925 93.275360 7.213566 156.467987 49.578594 59.075207 105.097061 86.533768               2591 
3.646557 150.361420 51.660954 31.599415 144.962616 93.463943 7.097358 156.212173 49.837997 59.145191 104.798531 86.198563               2600 
3.649522 150.508224 51.858871 31.619272 144.884781 93.571480 6.922199 155.939651 49.872005 59.076172 104.694115 86.119041               2610 
3.644512 150.605881 52.273891 31.799049 144.785034 93.815720 6.772439 155.470490 50.086742 59.160088 104.574501 86.121788               2619 
3.628598 150.654282 52.583813 31.918457 144.717468 93.986626 6.481359 154.916733 50.224495 59.234371 104.509399 86.121399               2628 
