-44.186836 167.847198 75.996422 33.149254 121.229317 63.364902 -21.176346 106.906395 80.431099 60.980167 80.678734 60.956493                  0 
-44.261055 167.854736 75.909538 33.158901 121.323792 63.414768 -21.156359 106.879967 80.332542 61.058735 80.813980 61.120304                  8 
-44.252377 167.868759 75.935829 33.169666 121.318298 63.416508 -21.146107 106.847893 80.310890 61.075401 80.811966 61.132446                 18 
-44.243320 167.882507 75.962326 33.180183 121.309853 63.416908 -21.134720 106.827087 80.308578 61.092319 80.807480 61.140896                 27 
-43.865940 168.022797 76.097618 33.153622 120.852097 63.247013 -21.228100 106.765564 80.256958 60.736069 80.132576 60.830612                 36 
-43.808846 168.053253 76.139465 33.154049 120.790413 63.205227 -21.233534 106.744049 80.228767 60.691120 80.042259 60.754124                 44 
-43.785141 168.076675 76.181358 33.153358 120.758667 63.191975 -21.236122 106.715828 80.213120 60.672470 79.999611 60.720577                 54 
-43.770348 168.108673 76.222641 33.152027 120.743225 63.181305 -21.235960 106.695290 80.201187 60.662148 79.978867 60.697277                 63 
-43.762859 168.131744 76.249786 33.148243 120.730286 63.166832 -21.238623 106.674568 80.186104 60.652744 79.962875 60.670765                 72 
-43.767982 168.125473 76.261833 33.137600 120.703163 63.151314 -21.245613 106.634109 80.155495 60.638393 79.934052 60.642235                 82 
-43.771748 168.118500 76.268135 33.129631 120.685165 63.132889 -21.250429 106.608353 80.129425 60.627472 79.914764 60.612377                 90 
-43.779949 168.102493 76.279823 33.115154 120.656990 63.114803 -21.261595 106.568932 80.106133 60.607719 79.884102 60.577030                 99 
-43.796375 168.084122 76.290451 33.095467 120.634460 63.084053 -21.282024 106.529343 80.054352 60.586109 79.862152 60.516369                108 
-43.808365 168.051682 76.283379 33.081837 120.608665 63.034412 -21.292543 106.478813 79.973709 60.571518 79.837730 60.434692                117 
-43.821125 168.023926 76.287308 33.065205 120.582184 63.009712 -21.308849 106.432549 79.909996 60.551144 79.810425 60.383595                126 
-43.840584 167.997681 76.293266 33.047348 120.564758 62.991993 -21.323435 106.381584 79.831772 60.534313 79.795120 60.343777                135 
-43.857697 167.975189 76.298714 33.031425 120.549225 62.976196 -21.339500 106.302353 79.633369 60.519314 79.781487 60.308273                144 
-43.853111 167.937851 76.319099 33.004429 120.472939 62.949661 -21.402433 106.198257 79.390495 60.465328 79.689964 60.237129                153 
-43.709389 167.867340 76.404716 32.976345 120.167175 62.887112 -21.510370 106.011101 79.150795 60.291656 79.294861 60.051991                162 
-43.705376 167.887054 76.449509 32.958267 120.168671 62.871437 -21.566538 105.979263 78.959694 60.257080 79.288834 59.986282                172 
-43.682610 167.901169 76.507736 32.944828 120.140938 62.867424 -21.618950 105.944267 78.838669 60.216179 79.247002 59.923031                180 
-43.657310 167.919281 76.561646 32.931297 120.113831 62.858711 -21.676971 105.910942 78.726654 60.175762 79.206581 59.851109                190 
-43.660210 167.912704 76.581581 32.919540 120.103981 62.848934 -21.715725 105.882538 78.642418 60.158844 79.195915 59.805836                198 
-43.663471 167.901413 76.598030 32.907681 120.092758 62.838192 -21.770557 105.848778 78.525818 60.141125 79.183540 59.758343                207 
-43.657204 167.895981 76.615349 32.898746 120.079704 62.819763 -21.805586 105.825386 78.456306 60.122814 79.167366 59.698719                217 
-43.700058 167.890900 76.647530 32.870636 120.117592 62.802597 -21.850060 105.814095 78.388382 60.112656 79.220940 59.632996                225 
-43.706322 167.891647 76.656746 32.858891 120.119171 62.796082 -21.890944 105.794502 78.320511 60.101295 79.225014 59.597694                235 
-43.707382 167.893539 76.657677 32.850533 120.118256 62.787552 -21.928774 105.777641 78.255341 60.091858 79.225311 59.564625                243 
-43.707947 167.894440 76.656380 32.842361 120.117371 62.779213 -21.972017 105.764168 78.193298 60.082638 79.225624 59.532310                253 
-43.704041 167.893448 76.646477 32.837082 120.114014 62.770809 -22.016172 105.757790 78.145042 60.074577 79.222168 59.501945                261 
-43.699623 167.892654 76.630501 32.831684 120.110580 62.762211 -22.078508 105.737503 78.046883 60.066334 79.218643 59.470898                271 
-43.695946 167.891174 76.613304 32.827091 120.107666 62.754898 -22.135897 105.717285 77.953598 60.059326 79.215652 59.444473                279 
-43.676441 167.884415 76.611809 32.815941 120.076279 62.751942 -22.202433 105.709412 77.891144 60.024223 79.171669 59.400520                289 
-43.625332 167.929001 76.644363 32.804054 120.033699 62.755169 -22.285244 105.729622 77.842278 59.964767 79.101746 59.352116                297 
-40.679161 169.130981 78.270157 32.836216 117.498863 62.223476 -22.762506 105.859612 77.776863 57.687904 75.250282 57.515953                307 
-38.500378 169.926575 79.521812 32.681847 115.672958 61.714005 -23.159323 106.011185 77.763260 55.763565 72.553947 55.996033                316 
-38.477737 170.001755 79.638016 32.692272 115.783348 61.684830 -23.134712 106.086960 77.771004 55.779953 72.679733 55.875591                325 
-38.504913 170.038605 79.858940 32.718586 115.968964 61.680542 -23.081778 106.139862 77.784698 55.864704 72.917732 55.717442                334 
-38.742447 170.079697 80.083130 32.694168 116.382629 61.646755 -23.028406 106.240715 77.816078 56.033669 73.456421 55.537907                343 
-40.336258 169.614639 80.113670 32.319424 117.466057 62.027721 -23.277401 106.110771 77.814629 56.595520 75.053780 55.979599                352 
-41.258076 169.304596 80.107025 32.120255 118.110474 62.259598 -23.388617 106.011421 77.795944 56.963577 76.024071 56.238525                361 
-42.106152 169.109512 79.736862 31.970053 118.800819 62.335377 -23.444855 106.039268 77.678276 57.359779 77.015907 56.496483                370 
-42.560589 168.985153 79.496597 31.904739 119.182343 62.375881 -23.454893 106.045357 77.604485 57.601528 77.571037 56.641418                379 
-42.719395 168.948166 79.377121 31.922989 119.408691 62.393810 -23.358501 106.104607 77.836739 57.782116 77.883530 56.765663                388 
-42.781982 168.915146 79.251457 31.931543 119.486252 62.382065 -23.306488 106.134483 78.029854 57.853203 77.991806 56.815384                397 
-42.790749 168.896530 79.174950 31.930752 119.486534 62.382904 -23.310097 106.124168 78.000107 57.857410 77.994873 56.818703                406 
-42.149654 168.889664 79.055046 31.999851 118.655342 62.375340 -23.450581 105.970421 77.793602 57.394867 76.846390 56.734901                415 
-42.202236 168.909348 78.935562 31.978996 118.711266 62.382858 -23.482227 106.037270 77.730530 57.377556 76.899780 56.777287                424 
-42.318642 169.055893 78.685600 31.915964 118.880302 62.405586 -23.575768 106.231842 77.562843 57.325001 77.061188 56.905407                451 
-42.343464 169.090408 78.624626 31.904177 118.920898 62.412445 -23.595392 106.280365 77.536057 57.314564 77.099373 56.936829                460 
-42.352993 169.089569 78.599472 31.903526 118.929260 62.419720 -23.607149 106.279480 77.473358 57.313614 77.107857 56.941795                469 
-42.366497 169.083542 78.571594 31.903753 118.940529 62.423119 -23.617695 106.265511 77.380333 57.318371 77.122566 56.939926                478 
-42.555477 169.182510 78.594551 31.855244 119.270195 62.405056 -23.594162 106.434319 77.496063 57.398834 77.528221 56.942234                487 
-42.657513 169.342865 78.477943 31.841343 119.547798 62.398022 -23.570591 106.716728 77.840141 57.453114 77.833031 57.047768                497 
-42.669964 169.308334 78.330750 31.853592 119.596817 62.354874 -23.606462 106.995300 78.343658 57.427818 77.848236 57.089386                505 
-42.309811 169.157333 78.279472 31.873415 119.193542 62.209099 -23.634483 107.486015 78.880524 56.972210 77.159370 56.928116                515 
-41.918785 168.894333 77.698242 32.022900 118.812950 61.907528 -23.504335 108.069702 79.173187 56.623051 76.449043 56.923359                524 
-41.599724 168.973450 77.459038 32.061005 118.475800 61.817039 -23.570293 108.171204 78.767914 56.327072 75.916504 56.859791                532 
-41.653000 169.488846 76.818047 32.153366 119.028114 61.844524 -23.582008 108.831200 78.458710 56.434704 76.439095 57.229118                542 
-41.263596 170.392593 76.267387 32.260864 119.391624 61.816292 -23.557215 109.782478 78.483315 56.241268 76.594994 57.562054                551 
-41.268539 170.926941 74.700760 32.431702 119.905624 61.320160 -23.431040 110.971184 79.158325 56.508537 77.086601 57.922089                560 
-39.961529 172.294174 73.224815 33.083290 120.233604 60.320286 -22.546148 113.280487 81.530823 56.691025 77.090950 57.851177                569 
-41.436287 174.031113 68.550819 32.774464 122.854446 59.348156 -22.961040 117.442726 83.833672 57.238701 80.120941 59.590549                578 
-41.529476 175.320267 65.869904 32.880569 124.180420 58.277512 -22.790997 120.576469 85.418579 57.449280 81.530106 59.705444                587 
-41.118946 176.659180 64.024696 33.144680 125.185135 57.215435 -22.432417 123.504318 86.347458 57.498444 82.443016 59.386971                596 
-39.981678 179.293045 61.461159 33.756729 126.901947 55.721176 -22.098616 128.262405 86.751396 57.577583 83.916656 58.810104                605 
-38.118610 181.976440 60.849354 34.556396 127.711357 54.173908 -21.725801 131.906082 85.492813 57.096786 84.069450 57.641579                614 
-35.892574 185.171234 60.367451 35.534294 128.923645 52.704891 -21.044325 135.209213 83.635094 56.719044 84.601601 56.091980                623 
-33.939125 187.499588 58.442173 36.583656 129.820282 51.397350 -20.611219 137.881088 80.949982 56.538319 84.942726 54.936523                632 
-31.250116 190.723862 56.612419 37.645359 131.034424 49.359638 -19.995445 140.886948 77.567604 55.848553 85.364868 52.124603                641 
-30.242395 194.532608 52.191093 38.214058 134.073868 46.908787 -20.169134 145.294647 73.089752 55.582191 88.109978 50.130394                650 
-30.593388 197.722397 46.347488 38.645390 137.981262 44.293819 -20.714710 149.743668 68.094345 56.084923 92.143448 48.705963                659 
-31.060547 201.092438 39.837849 38.345997 141.543472 41.499943 -21.959784 154.103409 62.422829 55.470497 95.735588 47.253155                668 
-31.426908 203.176331 33.689171 38.396492 144.235367 38.002697 -22.651035 156.850983 56.627892 55.565479 98.563667 44.638355                677 
-31.966679 204.886017 27.235149 37.964775 146.352737 34.455189 -23.812477 159.059860 50.205502 54.998734 100.744308 41.832531                686 
-33.676727 206.597626 21.097591 37.142075 149.479706 30.664759 -25.198963 161.374664 43.610252 54.757488 104.197662 38.661255                695 
-35.457165 207.444275 14.820149 36.265835 151.974792 26.444075 -26.398821 162.891296 36.787979 54.572357 107.073196 35.013039                704 
-37.617413 207.419647 7.685410 35.314995 154.253662 21.780794 -27.359426 164.019608 29.997561 54.598606 110.063873 31.786551                713 
-39.248417 207.120193 -0.093392 34.618534 156.320023 17.163862 -28.095087 164.752670 22.658617 54.721409 112.906418 28.819038                723 
-39.949436 206.232437 -8.301690 34.625519 158.080475 12.846858 -28.247353 164.929642 15.505708 55.467571 115.560661 26.351810                732 
-42.817902 199.916229 -19.804718 33.751736 159.281891 6.992427 -29.207912 163.463333 7.916806 56.277538 119.353035 24.964205                740 
-45.021835 196.493240 -27.674324 33.073051 162.623901 2.514447 -29.788643 163.163544 1.192985 57.315590 124.689087 22.463341                750 
-45.382942 195.945114 -34.736591 32.456818 164.658173 -1.909433 -30.224937 163.537354 -5.801172 56.944199 127.186928 18.608437                759 
-44.866173 195.981415 -41.810333 32.098469 166.171524 -6.064694 -30.376785 163.914413 -12.787129 56.367294 128.898193 15.064269                767 
-44.275253 196.352600 -48.875000 31.623878 167.720718 -10.253654 -30.508154 164.056137 -20.147324 55.632286 130.571594 11.385402                777 
-43.077343 195.464188 -56.574066 31.670647 168.849289 -14.587317 -30.285479 163.417664 -27.185022 55.324898 132.426361 8.619500                786 
-43.529034 192.674683 -63.751774 29.852434 167.851563 -18.505421 -31.062056 159.581665 -35.470058 53.899708 131.516220 4.433222                795 
-43.051506 192.417679 -71.751015 29.296206 169.127258 -24.178967 -31.562487 160.052338 -42.152344 52.619118 133.606415 0.701170                804 
-42.728157 186.510483 -78.344254 28.903515 170.285431 -29.700365 -31.939047 159.466446 -48.317112 52.143810 135.858017 -3.255094                813 
-40.092140 177.911804 -85.172615 29.395973 170.367523 -35.283169 -31.494558 158.408035 -54.948200 51.525021 137.296021 -6.278160                822 
-38.880783 171.404114 -90.387985 29.171049 171.047302 -40.371910 -31.636656 156.712646 -60.549545 51.267456 139.346024 -9.851613                831 
-36.881321 165.710159 -96.868843 29.161573 171.016968 -45.212685 -31.455050 153.716232 -66.213478 50.883686 141.336548 -12.472311                840 
-35.311607 161.155334 -102.449951 29.123116 170.712097 -49.608681 -31.421030 150.634903 -70.898911 50.717499 142.832123 -15.241552                849 
-33.807323 153.916046 -107.612267 27.003006 168.583282 -51.708160 -30.702759 142.456436 -75.888535 50.144737 142.038086 -17.291262                858 
-30.984949 141.413910 -113.194389 25.184023 167.944382 -56.387230 -27.753902 132.250259 -79.994652 50.166451 147.510101 -19.198133                867 
-29.058962 138.626648 -117.943192 25.353746 169.444458 -61.406052 -27.185055 131.493210 -83.656197 49.488079 151.817551 -22.271210                876 
-28.234995 135.375076 -121.056442 25.357132 170.464676 -66.077309 -27.418406 130.356201 -85.716393 49.387253 155.725861 -25.703671                885 
-27.274857 131.539734 -123.476051 25.152822 170.612778 -69.796654 -27.108015 127.971466 -87.306007 49.489235 158.434784 -28.758314                894 
-26.248491 131.540009 -125.744339 25.719213 171.889709 -72.564835 -27.800562 129.103485 -88.979240 49.564007 160.523178 -31.008389                904 
-25.134092 127.976486 -126.256081 25.495775 170.915085 -74.042343 -27.643511 126.579628 -89.588692 49.528015 160.702881 -32.294621                912 
-25.051987 125.787766 -127.468834 25.129637 169.803131 -75.874153 -28.945951 125.440170 -91.150375 48.724529 159.909912 -33.801414                921 
-24.283346 122.681137 -127.139915 25.012827 168.894211 -76.742088 -28.954996 123.479210 -91.365662 48.505810 160.015472 -34.386955                930 
-23.080858 117.274727 -126.237038 24.571011 167.472000 -78.446869 -28.259426 119.830368 -91.268120 48.355381 160.840363 -35.843643                939 
-22.592031 113.690399 -125.654808 24.431742 166.093338 -79.862099 -28.307865 117.742317 -91.355377 48.088772 160.920242 -36.986771                948 
-21.021286 108.249702 -124.366997 24.138212 164.417923 -81.687706 -27.272478 114.151482 -91.095757 47.763680 161.861588 -38.559845                957 
-20.675758 105.789597 -123.628426 23.961113 163.488205 -82.800728 -27.485748 112.845261 -91.057236 47.488773 162.076935 -39.566856                967 
-18.373861 103.669708 -123.221931 24.247435 163.001373 -83.080215 -25.956690 111.061356 -91.427269 47.492680 162.400009 -39.675068                975 
-16.918848 102.117386 -122.702126 24.314280 162.396744 -83.015114 -25.201077 109.804916 -91.652435 47.159508 162.239807 -39.394238                985 
-16.231054 101.014336 -122.334473 24.174799 161.721039 -82.843094 -25.153944 108.995270 -91.932129 46.482838 161.772919 -38.944820                993 
-16.199268 100.466141 -122.406837 23.928680 161.077927 -82.780571 -25.608887 108.647362 -92.547958 45.698456 160.996475 -38.612938               1003 
-16.441174 96.000153 -122.129875 22.040314 158.554794 -84.062744 -26.614756 105.168633 -93.052406 42.897900 160.315002 -39.491756               1012 
-19.566687 94.263657 -123.441315 19.918224 156.966721 -86.782784 -29.830570 104.444786 -94.906433 40.443943 159.415207 -42.090397               1021 
-19.879602 88.927971 -116.926094 20.090307 154.973129 -87.468315 -30.618414 103.021233 -90.841484 39.025101 162.856598 -42.701870               1030 
-20.991446 87.431366 -113.753159 20.281507 154.108200 -87.838074 -30.860956 103.080719 -89.453094 38.889561 164.161530 -43.370316               1039 
-22.780527 85.644073 -110.283836 19.978613 152.774536 -88.362846 -31.016716 102.871155 -88.401550 38.350796 165.243073 -44.411640               1048 
-23.441946 85.689011 -110.315689 19.499878 152.805725 -88.831520 -31.261724 103.178238 -89.339897 37.650967 165.588150 -44.878616               1057 
-25.747118 88.518570 -113.423325 18.442848 154.029968 -89.733299 -32.889225 105.362488 -92.304665 36.697739 165.011017 -45.338642               1066 
-27.147455 87.381660 -112.527016 17.004902 153.487350 -90.564209 -33.428181 104.170380 -91.740623 36.365055 164.947388 -46.762817               1075 
-30.779705 85.391380 -114.009880 13.672833 151.656754 -93.254585 -35.629768 101.565308 -93.086845 35.152054 162.598618 -50.317093               1084 
-33.075794 86.793564 -117.549164 11.669537 152.104828 -94.597641 -36.885498 101.647163 -96.144829 34.161991 160.938477 -51.693489               1093 
-35.781921 84.452789 -111.528870 10.226356 150.833847 -95.079193 -37.366245 100.493332 -92.250343 33.717972 162.932236 -53.528229               1103 
-36.656685 84.927368 -111.409760 9.644425 151.110291 -95.002762 -36.817127 100.420212 -92.654030 33.771690 162.773132 -53.692188               1111 
-36.905163 85.225754 -108.970848 9.663155 151.443832 -93.509453 -36.432789 100.864456 -90.923790 33.796795 163.613693 -52.349136               1120 
-37.367905 85.778557 -108.208054 9.097239 152.109695 -92.896271 -36.337437 101.442757 -90.672432 33.587395 164.190125 -51.920597               1129 
-39.352329 87.624229 -109.630028 7.799525 153.147690 -92.958580 -37.440990 102.763237 -92.115532 33.196449 163.670258 -52.105408               1138 
-40.710907 90.050301 -109.937859 6.901500 155.062210 -92.552895 -38.184395 104.889725 -92.493797 33.124199 164.524689 -51.962982               1148 
-41.825668 91.235367 -110.009567 5.967979 156.018753 -92.245766 -39.061146 106.023460 -92.682442 32.538750 164.995010 -51.771938               1156 
-42.898251 91.639816 -108.680969 5.036864 156.552094 -91.764366 -40.060589 106.951485 -91.977142 31.438053 166.127777 -51.316952               1165 
-44.782234 93.387665 -108.020638 3.946050 157.735931 -90.924507 -41.720699 109.665771 -92.268616 30.084875 167.237274 -50.289593               1174 
-47.450214 94.585876 -109.590851 1.636069 158.579605 -91.120354 -44.023399 111.404732 -94.065407 27.173737 167.982315 -50.082245               1183 
-50.280544 95.503441 -110.976318 -1.558594 159.676910 -91.484154 -46.861233 112.809959 -95.623451 23.233034 169.354706 -50.054390               1192 
-53.465542 98.254807 -112.510376 -4.617965 161.718338 -91.079224 -49.997013 115.381409 -96.856659 20.459326 169.948456 -49.508751               1202 
-59.387913 103.766075 -115.744171 -8.491718 164.637527 -91.709251 -55.020660 119.698776 -99.081024 18.186844 169.452072 -50.602268               1210 
-64.096596 105.634705 -115.753288 -12.679802 166.046021 -91.681168 -59.173286 121.032539 -98.750153 15.592565 169.664886 -51.527874               1220 
-69.177879 108.510185 -116.329582 -16.677189 167.648178 -91.508965 -63.692043 123.288345 -98.996590 12.595049 169.665146 -51.964333               1229 
-74.795753 111.881630 -117.666664 -21.732574 170.255692 -93.233376 -69.174698 126.333008 -100.555183 8.691544 171.060806 -54.523758               1238 
-78.462036 113.610313 -116.608459 -25.893953 171.875839 -91.708801 -73.286888 127.937386 -99.516388 4.958391 171.937042 -53.331219               1247 
-84.756294 117.679771 -117.203377 -30.653044 173.236023 -89.844795 -79.168213 130.874207 -99.454750 0.910375 170.210419 -52.171120               1257 
-90.577324 120.806122 -118.094025 -35.937485 174.838058 -88.995567 -84.973839 133.227661 -99.800079 -3.982776 169.959656 -51.849800               1266 
-94.801376 120.472794 -116.968819 -40.883736 175.039200 -87.661407 -89.326294 132.596924 -98.435318 -8.112182 169.981018 -51.258801               1274 
-98.685318 114.906479 -111.752464 -47.586887 174.324951 -87.677917 -93.581116 128.407883 -94.304665 -13.298706 173.304825 -52.351017               1283 
-107.464340 114.294579 -105.969688 -53.657017 173.171021 -87.581718 -101.137894 128.553833 -90.308395 -18.852213 173.399246 -52.749500               1292 
-114.823082 116.539543 -103.442513 -59.180969 173.833496 -85.641052 -107.565727 130.148239 -87.973770 -23.691605 172.819672 -51.520866               1301 
-121.181610 117.430664 -100.862923 -65.040909 174.545380 -84.163208 -113.210571 130.512161 -85.588623 -28.445715 173.111191 -51.247486               1310 
-125.846405 117.102295 -97.252968 -69.734520 174.360992 -81.033295 -117.571793 129.860641 -82.015808 -32.430477 172.732559 -48.932411               1319 
-128.969498 113.251236 -90.744576 -74.199425 172.677460 -79.127640 -120.881866 127.056908 -76.890823 -36.587482 173.903320 -47.369987               1328 
-134.568710 112.623383 -89.372490 -80.131828 172.126053 -77.151924 -126.125969 125.817192 -75.585648 -41.654449 172.461258 -46.425903               1337 
-138.886261 111.065201 -85.220390 -86.137085 172.281281 -75.228882 -130.061234 124.190407 -72.360229 -46.179321 173.495468 -46.478012               1346 
-142.587479 111.777161 -81.433479 -90.630692 173.672440 -73.549011 -133.743561 124.993217 -69.589111 -50.295258 175.665436 -45.374722               1355 
-145.976730 111.718849 -77.740929 -94.929794 174.073135 -72.079933 -137.436264 125.095139 -67.116508 -54.241470 176.628571 -44.463997               1364 
-148.386734 110.590157 -75.231651 -99.493919 174.153580 -71.307121 -140.482941 124.124191 -65.945610 -59.001823 178.006012 -43.553589               1373 
-152.079269 108.886795 -73.168358 -104.698112 173.048248 -70.083099 -144.125397 122.063591 -65.181168 -63.879360 177.100449 -42.841236               1383 
-157.285446 109.235886 -71.370331 -109.633690 172.924606 -71.064430 -146.832184 120.746498 -65.658302 -69.093185 177.701294 -43.526077               1391 
-164.312836 113.036308 -65.459953 -113.330551 173.593719 -70.862099 -151.662506 122.884071 -61.768883 -73.089050 178.862839 -42.977200               1400 
-172.607925 116.036140 -64.070313 -117.288116 172.420883 -69.937134 -155.306976 122.181351 -62.849346 -76.625214 174.478714 -42.242302               1409 
-178.890732 117.377373 -63.681217 -119.866570 169.838104 -68.303795 -156.854645 119.606850 -64.391296 -79.617523 168.793320 -39.955379               1418 
-184.373001 120.559067 -62.069645 -122.035973 168.807739 -67.547699 -158.731613 118.939964 -64.338646 -82.254738 165.849838 -38.678787               1427 
-186.080078 120.771065 -58.152931 -124.505836 169.256393 -67.683487 -157.539536 117.517998 -62.098309 -84.328163 168.588058 -39.222675               1436 
-190.015472 123.627533 -59.788013 -126.697990 169.531097 -70.152100 -159.984085 118.218178 -63.348484 -87.433632 169.192566 -40.438374               1445 
-192.117828 125.252274 -60.032227 -127.931206 169.572357 -71.499405 -161.424515 118.620178 -63.350239 -89.045601 169.721283 -41.290173               1454 
-195.151901 125.148033 -58.116970 -130.651932 168.229309 -71.983490 -164.142273 117.755806 -61.285183 -91.765427 169.633591 -41.807728               1464 
-197.523209 122.955307 -57.388874 -132.659531 166.167465 -68.922005 -166.193542 115.338638 -60.235867 -94.367554 166.692459 -37.967876               1472 
999.000000 999.000000 999.000000 999.000000 999.000000 999.000000 999.000000 999.000000 999.000000 999.000000 999.000000 999.000000             1482.0 
999.000000 999.000000 999.000000 999.000000 999.000000 999.000000 999.000000 999.000000 999.000000 999.000000 999.000000 999.000000             1491.0 
999.000000 999.000000 999.000000 999.000000 999.000000 999.000000 999.000000 999.000000 999.000000 999.000000 999.000000 999.000000             1500.0 
999.000000 999.000000 999.000000 999.000000 999.000000 999.000000 999.000000 999.000000 999.000000 999.000000 999.000000 999.000000             1509.0 
999.000000 999.000000 999.000000 999.000000 999.000000 999.000000 999.000000 999.000000 999.000000 999.000000 999.000000 999.000000             1518.0 
999.000000 999.000000 999.000000 999.000000 999.000000 999.000000 999.000000 999.000000 999.000000 999.000000 999.000000 999.000000             1527.0 
999.000000 999.000000 999.000000 999.000000 999.000000 999.000000 999.000000 999.000000 999.000000 999.000000 999.000000 999.000000             1536.0 
999.000000 999.000000 999.000000 999.000000 999.000000 999.000000 999.000000 999.000000 999.000000 999.000000 999.000000 999.000000             1545.0 
999.000000 999.000000 999.000000 999.000000 999.000000 999.000000 999.000000 999.000000 999.000000 999.000000 999.000000 999.000000             1554.0 
999.000000 999.000000 999.000000 999.000000 999.000000 999.000000 999.000000 999.000000 999.000000 999.000000 999.000000 999.000000             1563.0 
999.000000 999.000000 999.000000 999.000000 999.000000 999.000000 999.000000 999.000000 999.000000 999.000000 999.000000 999.000000             1572.0 
999.000000 999.000000 999.000000 999.000000 999.000000 999.000000 999.000000 999.000000 999.000000 999.000000 999.000000 999.000000             1599.0 
999.000000 999.000000 999.000000 999.000000 999.000000 999.000000 999.000000 999.000000 999.000000 999.000000 999.000000 999.000000             1608.0 
999.000000 999.000000 999.000000 999.000000 999.000000 999.000000 999.000000 999.000000 999.000000 999.000000 999.000000 999.000000             1617.0 
999.000000 999.000000 999.000000 999.000000 999.000000 999.000000 999.000000 999.000000 999.000000 999.000000 999.000000 999.000000             1626.0 
999.000000 999.000000 999.000000 999.000000 999.000000 999.000000 999.000000 999.000000 999.000000 999.000000 999.000000 999.000000             1635.0 
999.000000 999.000000 999.000000 999.000000 999.000000 999.000000 999.000000 999.000000 999.000000 999.000000 999.000000 999.000000             1644.0 
999.000000 999.000000 999.000000 999.000000 999.000000 999.000000 999.000000 999.000000 999.000000 999.000000 999.000000 999.000000             1653.0 
999.000000 999.000000 999.000000 999.000000 999.000000 999.000000 999.000000 999.000000 999.000000 999.000000 999.000000 999.000000             1662.0 
999.000000 999.000000 999.000000 999.000000 999.000000 999.000000 999.000000 999.000000 999.000000 999.000000 999.000000 999.000000             1671.0 
999.000000 999.000000 999.000000 999.000000 999.000000 999.000000 999.000000 999.000000 999.000000 999.000000 999.000000 999.000000             1680.0 
999.000000 999.000000 999.000000 999.000000 999.000000 999.000000 999.000000 999.000000 999.000000 999.000000 999.000000 999.000000             1690.0 
999.000000 999.000000 999.000000 999.000000 999.000000 999.000000 999.000000 999.000000 999.000000 999.000000 999.000000 999.000000             1699.0 
999.000000 999.000000 999.000000 999.000000 999.000000 999.000000 999.000000 999.000000 999.000000 999.000000 999.000000 999.000000             1708.0 
999.000000 999.000000 999.000000 999.000000 999.000000 999.000000 999.000000 999.000000 999.000000 999.000000 999.000000 999.000000             1717.0 
999.000000 999.000000 999.000000 999.000000 999.000000 999.000000 999.000000 999.000000 999.000000 999.000000 999.000000 999.000000             1726.0 
999.000000 999.000000 999.000000 999.000000 999.000000 999.000000 999.000000 999.000000 999.000000 999.000000 999.000000 999.000000             1735.0 
999.000000 999.000000 999.000000 999.000000 999.000000 999.000000 999.000000 999.000000 999.000000 999.000000 999.000000 999.000000             1744.0 
999.000000 999.000000 999.000000 999.000000 999.000000 999.000000 999.000000 999.000000 999.000000 999.000000 999.000000 999.000000             1753.0 
999.000000 999.000000 999.000000 999.000000 999.000000 999.000000 999.000000 999.000000 999.000000 999.000000 999.000000 999.000000             1762.0 
999.000000 999.000000 999.000000 999.000000 999.000000 999.000000 999.000000 999.000000 999.000000 999.000000 999.000000 999.000000             1771.0 
999.000000 999.000000 999.000000 999.000000 999.000000 999.000000 999.000000 999.000000 999.000000 999.000000 999.000000 999.000000             1806.0 
999.000000 999.000000 999.000000 999.000000 999.000000 999.000000 999.000000 999.000000 999.000000 999.000000 999.000000 999.000000             1815.0 
999.000000 999.000000 999.000000 999.000000 999.000000 999.000000 999.000000 999.000000 999.000000 999.000000 999.000000 999.000000             1824.0 
999.000000 999.000000 999.000000 999.000000 999.000000 999.000000 999.000000 999.000000 999.000000 999.000000 999.000000 999.000000             1833.0 
999.000000 999.000000 999.000000 999.000000 999.000000 999.000000 999.000000 999.000000 999.000000 999.000000 999.000000 999.000000             1842.0 
999.000000 999.000000 999.000000 999.000000 999.000000 999.000000 999.000000 999.000000 999.000000 999.000000 999.000000 999.000000             1851.0 
999.000000 999.000000 999.000000 999.000000 999.000000 999.000000 999.000000 999.000000 999.000000 999.000000 999.000000 999.000000             1860.0 
999.000000 999.000000 999.000000 999.000000 999.000000 999.000000 999.000000 999.000000 999.000000 999.000000 999.000000 999.000000             1869.0 
999.000000 999.000000 999.000000 999.000000 999.000000 999.000000 999.000000 999.000000 999.000000 999.000000 999.000000 999.000000             1878.0 
999.000000 999.000000 999.000000 999.000000 999.000000 999.000000 999.000000 999.000000 999.000000 999.000000 999.000000 999.000000             1887.0 
999.000000 999.000000 999.000000 999.000000 999.000000 999.000000 999.000000 999.000000 999.000000 999.000000 999.000000 999.000000             1896.0 
999.000000 999.000000 999.000000 999.000000 999.000000 999.000000 999.000000 999.000000 999.000000 999.000000 999.000000 999.000000             1905.0 
999.000000 999.000000 999.000000 999.000000 999.000000 999.000000 999.000000 999.000000 999.000000 999.000000 999.000000 999.000000             1914.0 
999.000000 999.000000 999.000000 999.000000 999.000000 999.000000 999.000000 999.000000 999.000000 999.000000 999.000000 999.000000             1923.0 
999.000000 999.000000 999.000000 999.000000 999.000000 999.000000 999.000000 999.000000 999.000000 999.000000 999.000000 999.000000             1932.0 
999.000000 999.000000 999.000000 999.000000 999.000000 999.000000 999.000000 999.000000 999.000000 999.000000 999.000000 999.000000             1941.0 
999.000000 999.000000 999.000000 999.000000 999.000000 999.000000 999.000000 999.000000 999.000000 999.000000 999.000000 999.000000             1950.0 
999.000000 999.000000 999.000000 999.000000 999.000000 999.000000 999.000000 999.000000 999.000000 999.000000 999.000000 999.000000             1959.0 
999.000000 999.000000 999.000000 999.000000 999.000000 999.000000 999.000000 999.000000 999.000000 999.000000 999.000000 999.000000             1968.0 
999.000000 999.000000 999.000000 999.000000 999.000000 999.000000 999.000000 999.000000 999.000000 999.000000 999.000000 999.000000             2003.0 
999.000000 999.000000 999.000000 999.000000 999.000000 999.000000 999.000000 999.000000 999.000000 999.000000 999.000000 999.000000             2012.0 
999.000000 999.000000 999.000000 999.000000 999.000000 999.000000 999.000000 999.000000 999.000000 999.000000 999.000000 999.000000             2021.0 
999.000000 999.000000 999.000000 999.000000 999.000000 999.000000 999.000000 999.000000 999.000000 999.000000 999.000000 999.000000             2030.0 
999.000000 999.000000 999.000000 999.000000 999.000000 999.000000 999.000000 999.000000 999.000000 999.000000 999.000000 999.000000             2039.0 
999.000000 999.000000 999.000000 999.000000 999.000000 999.000000 999.000000 999.000000 999.000000 999.000000 999.000000 999.000000             2048.0 
999.000000 999.000000 999.000000 999.000000 999.000000 999.000000 999.000000 999.000000 999.000000 999.000000 999.000000 999.000000             2057.0 
999.000000 999.000000 999.000000 999.000000 999.000000 999.000000 999.000000 999.000000 999.000000 999.000000 999.000000 999.000000             2066.0 
999.000000 999.000000 999.000000 999.000000 999.000000 999.000000 999.000000 999.000000 999.000000 999.000000 999.000000 999.000000             2075.0 
999.000000 999.000000 999.000000 999.000000 999.000000 999.000000 999.000000 999.000000 999.000000 999.000000 999.000000 999.000000             2084.0 
999.000000 999.000000 999.000000 999.000000 999.000000 999.000000 999.000000 999.000000 999.000000 999.000000 999.000000 999.000000             2093.0 
999.000000 999.000000 999.000000 999.000000 999.000000 999.000000 999.000000 999.000000 999.000000 999.000000 999.000000 999.000000             2102.0 
999.000000 999.000000 999.000000 999.000000 999.000000 999.000000 999.000000 999.000000 999.000000 999.000000 999.000000 999.000000             2112.0 
999.000000 999.000000 999.000000 999.000000 999.000000 999.000000 999.000000 999.000000 999.000000 999.000000 999.000000 999.000000             2121.0 
999.000000 999.000000 999.000000 999.000000 999.000000 999.000000 999.000000 999.000000 999.000000 999.000000 999.000000 999.000000             2130.0 
999.000000 999.000000 999.000000 999.000000 999.000000 999.000000 999.000000 999.000000 999.000000 999.000000 999.000000 999.000000             2139.0 
999.000000 999.000000 999.000000 999.000000 999.000000 999.000000 999.000000 999.000000 999.000000 999.000000 999.000000 999.000000             2148.0 
999.000000 999.000000 999.000000 999.000000 999.000000 999.000000 999.000000 999.000000 999.000000 999.000000 999.000000 999.000000             2157.0 
999.000000 999.000000 999.000000 999.000000 999.000000 999.000000 999.000000 999.000000 999.000000 999.000000 999.000000 999.000000             2166.0 
999.000000 999.000000 999.000000 999.000000 999.000000 999.000000 999.000000 999.000000 999.000000 999.000000 999.000000 999.000000             2175.0 
999.000000 999.000000 999.000000 999.000000 999.000000 999.000000 999.000000 999.000000 999.000000 999.000000 999.000000 999.000000             2184.0 
999.000000 999.000000 999.000000 999.000000 999.000000 999.000000 999.000000 999.000000 999.000000 999.000000 999.000000 999.000000             2193.0 
999.000000 999.000000 999.000000 999.000000 999.000000 999.000000 999.000000 999.000000 999.000000 999.000000 999.000000 999.000000             2202.0 
999.000000 999.000000 999.000000 999.000000 999.000000 999.000000 999.000000 999.000000 999.000000 999.000000 999.000000 999.000000             2211.0 
999.000000 999.000000 999.000000 999.000000 999.000000 999.000000 999.000000 999.000000 999.000000 999.000000 999.000000 999.000000             2220.0 
999.000000 999.000000 999.000000 999.000000 999.000000 999.000000 999.000000 999.000000 999.000000 999.000000 999.000000 999.000000             2229.0 
999.000000 999.000000 999.000000 999.000000 999.000000 999.000000 999.000000 999.000000 999.000000 999.000000 999.000000 999.000000             2238.0 
999.000000 999.000000 999.000000 999.000000 999.000000 999.000000 999.000000 999.000000 999.000000 999.000000 999.000000 999.000000             2247.0 
999.000000 999.000000 999.000000 999.000000 999.000000 999.000000 999.000000 999.000000 999.000000 999.000000 999.000000 999.000000             2256.0 
999.000000 999.000000 999.000000 999.000000 999.000000 999.000000 999.000000 999.000000 999.000000 999.000000 999.000000 999.000000             2265.0 
-11.157434 158.369308 25.505699 10.848086 181.265945 61.375584 -14.091528 169.764465 -3.166602 47.925522 153.083893 77.367630               2274 
-11.485203 159.253906 27.097687 11.370790 179.716980 63.890137 -14.859591 170.239761 0.975471 45.875080 148.472031 79.949951               2283 
-11.545821 158.241318 28.578053 11.893761 177.657990 65.844673 -15.424887 169.738205 3.715596 45.714603 145.273758 81.080223               2292 
-11.413713 156.889984 29.946051 12.128078 176.231461 67.499550 -15.789474 169.173889 5.801599 45.871716 143.473618 82.094070               2301 
-10.075774 155.912811 31.694408 13.078161 174.168930 70.063133 -17.047163 165.566605 14.990406 46.946384 141.004700 83.396820               2311 
-8.476897 153.747681 33.229721 13.601336 171.723373 72.384163 -16.602915 163.535645 21.924809 47.851463 138.859756 85.484596               2319 
-7.178839 153.117050 33.916557 13.595810 168.271500 74.956161 -16.611881 162.252884 27.074272 48.424480 135.202484 85.824173               2328 
-8.075561 153.862747 35.925961 13.044426 167.654388 77.286865 -18.663427 161.701202 32.083881 49.367027 135.427536 85.460472               2337 
-7.881985 153.407486 38.273323 13.899014 166.244095 79.614410 -19.092175 160.267792 36.213528 50.857517 134.315002 85.884323               2346 
-7.407904 152.201569 39.866192 14.504816 165.451416 81.020607 -18.951410 158.424377 38.606712 51.978275 134.060287 86.940620               2355 
-7.751379 151.472717 41.418449 14.406683 165.051926 82.345528 -19.512928 157.268951 40.689960 52.477417 134.281189 87.683258               2364 
-8.116294 151.718063 42.707966 14.601639 164.055389 83.732140 -19.873787 157.450531 42.571373 52.390270 132.750397 87.821930               2374 
-8.685657 151.837631 43.946056 14.846170 163.216141 84.798126 -20.443600 157.492157 44.361259 52.378780 131.464478 87.599052               2383 
-8.378513 150.582092 44.585369 15.044806 162.505814 85.352615 -20.192327 155.968811 45.222073 52.887768 131.139740 88.317429               2392 
-8.141700 149.589310 45.035004 15.002025 161.571365 85.952896 -19.911989 154.489258 46.183628 52.853096 130.235214 89.123260               2401 
-7.845127 148.992111 45.739799 15.166015 160.192673 86.960220 -19.525845 153.625504 47.322571 52.833305 128.599258 89.742569               2410 
-7.673809 148.161240 46.697250 15.330238 158.055786 88.261131 -19.269928 152.429611 48.770428 53.191807 126.611557 89.833321               2419 
-6.892050 147.928513 47.461555 15.843665 156.407867 89.368881 -18.598265 152.096008 49.913441 53.509624 124.694809 89.885567               2428 
-7.749051 147.881195 48.786949 16.054522 155.426575 90.177353 -19.396803 151.717270 52.052673 53.487354 123.462090 88.849098               2437 
-8.053527 147.946304 49.315449 16.273663 155.036865 90.400963 -19.660259 151.548660 53.087650 53.484295 122.867447 88.119156               2446 
-8.392553 148.115799 50.068630 16.540598 154.858948 90.785217 -19.937199 151.501007 54.334599 53.582695 122.576630 87.553452               2455 
-8.540022 148.112305 50.399097 16.578018 154.802658 90.958878 -20.012161 151.278793 55.009506 53.498985 122.414955 87.410866               2464 
-8.696006 148.281464 50.773357 16.659025 154.658173 91.192711 -20.049683 151.305893 55.740326 53.394207 122.117744 87.148308               2473 
-8.860761 148.485352 51.388458 16.803986 154.989319 91.554436 -20.053741 151.440231 56.665283 53.493355 122.437172 87.200310               2482 
-8.946493 148.606491 51.778919 16.929834 155.068634 91.783272 -19.946846 151.520035 57.305347 53.566826 122.503151 87.100327               2491 
-9.002198 148.705414 52.066204 17.012682 155.020477 91.975403 -19.845358 151.590256 57.794060 53.565750 122.405586 86.990234               2500 
-9.028268 148.824936 52.284916 17.109444 154.830185 92.136703 -19.756430 151.679276 58.193008 53.512699 122.103508 86.800293               2509 
-9.048416 148.922241 52.508137 17.210461 154.669525 92.295662 -19.666016 151.733551 58.590008 53.500000 121.872299 86.628052               2518 
-10.147475 150.152267 52.566525 16.662048 147.782822 92.315514 -20.455555 152.672501 59.236996 50.385769 113.715324 81.053780               2527 
-10.693315 151.000031 53.227913 15.895507 144.209015 92.574066 -20.903206 153.044128 60.173416 48.534111 110.242157 78.232361               2537 
-10.694977 150.147049 53.083035 15.789198 144.287827 92.613281 -20.935703 151.542084 60.089954 49.231609 110.926582 78.708527               2545 
-10.616432 149.843689 53.031082 15.743070 144.359543 92.663765 -20.833227 150.649231 60.137741 49.469925 111.190826 78.987320               2555 
-10.410326 149.819305 53.104191 15.628638 144.599411 92.857285 -20.750139 150.071960 60.241364 49.626495 111.634865 79.359352               2563 
-9.898777 149.582703 53.150333 15.703077 144.733154 93.085762 -20.437759 149.277496 60.252197 50.253471 112.260292 79.800667               2572 
-9.403488 149.424911 53.180363 15.745515 144.812378 93.232086 -20.200848 148.704453 60.233795 50.637535 112.654312 80.074738               2581 
-9.016029 149.332733 53.161774 15.812034 144.759689 93.243965 -20.047590 148.104202 60.204956 50.824326 112.737411 80.074959               2591 
-8.735888 149.314072 53.316036 15.620722 144.509003 93.455627 -20.036306 147.619522 60.261822 50.923599 112.892311 80.083946               2599 
-8.904157 149.870651 53.567650 15.176073 143.287689 93.367546 -20.491507 147.611389 60.456470 50.145634 111.938660 78.566261               2609 
-8.695357 150.094315 53.740578 15.033588 142.614136 93.253105 -20.668283 147.239227 60.635975 49.718193 111.364113 77.596680               2618 
-7.511766 149.792862 54.318474 16.323721 139.557968 92.986809 -19.686256 146.639130 61.339222 48.964230 107.159111 75.390755               2627 
-6.981980 149.689743 54.824348 16.632706 138.811264 93.373711 -19.325697 145.851395 61.784153 48.925919 106.259003 75.423538               2636 
-6.812233 149.522186 54.940678 16.790108 138.412674 93.370903 -19.248259 145.160767 61.845440 49.054264 105.983345 75.148041               2645 
-6.922449 149.580063 55.148998 17.351641 139.308640 93.330254 -19.320314 144.500519 62.202385 49.910522 107.261246 74.956520               2654 
-8.377493 149.931046 55.650200 17.330673 141.549255 93.337677 -20.469378 143.430008 63.172852 50.581497 110.325386 74.786049               2663 
-10.511539 148.597565 54.760468 17.069958 145.943848 91.864922 -22.037941 140.985901 63.748489 51.196758 114.480515 75.429268               2672 
-12.667123 148.555756 55.037903 15.510647 148.472931 91.529739 -24.001865 139.752716 64.939201 50.034836 117.020554 75.924019               2681 
-13.782170 148.002579 54.603065 14.783801 149.314240 90.559845 -24.617229 136.751129 65.390228 50.194252 119.036003 74.621269               2690 
-14.236279 146.987534 54.035301 14.002157 149.378967 90.023994 -24.843216 133.290512 65.874268 49.999905 119.489471 74.678299               2699 
-14.081567 146.611267 54.206490 14.002287 149.439331 90.139778 -24.708624 131.431259 66.706200 50.125744 119.572342 75.047775               2709 
-13.708654 145.919449 54.447369 14.233881 149.079437 90.422684 -24.485926 130.232910 67.266411 50.304539 118.911705 75.810181               2717 
-13.794752 145.220520 54.500061 14.176281 148.742294 90.380615 -24.624590 129.068130 67.682869 50.177113 118.352478 76.058983               2726 
-14.958598 145.584076 54.566257 13.696458 149.472382 89.827957 -25.256750 128.697525 68.048668 49.886448 119.742470 74.625114               2735 
-15.835189 145.856705 54.632893 13.330541 150.029160 89.406494 -25.690439 128.233368 68.401711 49.636097 120.798935 73.525360               2745 
-17.078581 146.161942 54.359241 12.290222 148.938248 89.070152 -27.177225 127.639809 68.028954 47.903316 119.314285 72.371712               2753 
-18.912956 146.093933 52.333267 9.739503 146.442261 87.715569 -30.488400 126.819977 66.132080 43.450363 114.386124 71.569603               2762 
-20.633274 146.379807 50.942738 7.720084 145.113632 86.515686 -32.691116 125.557495 64.726273 40.656925 112.515137 69.865982               2771 
-24.496456 146.541824 49.932312 3.892364 144.063385 85.373131 -37.656078 125.156197 64.515182 34.736603 109.338036 69.017929               2798 
-26.178013 147.313736 49.801090 2.787645 143.186157 84.602905 -39.701099 125.430313 64.399834 32.190182 107.869507 66.912949               2808 
-27.575047 147.887756 49.686905 1.978567 142.765488 83.832497 -41.154926 124.766029 64.742905 30.304546 107.091476 65.131874               2816 
-28.605738 147.465912 49.550785 1.321566 141.630508 83.228676 -42.441101 124.018951 64.821945 28.674578 105.497391 63.969383               2826 
-28.823080 147.266724 49.855179 1.342639 140.982971 83.215721 -42.745274 123.763672 65.096329 28.235655 104.762520 63.478580               2835 
-29.139475 146.293365 50.310852 1.532195 140.660004 83.302795 -43.233952 125.376129 64.348816 28.347260 104.316696 63.685806               2844 
-29.257101 145.381302 50.883991 2.018278 140.324097 83.376709 -43.571156 127.112144 63.782936 28.561213 103.750473 63.817753               2853 
-28.461329 143.100037 51.673504 4.331545 135.875168 82.634705 -42.894871 126.404236 63.990383 28.308910 98.429436 61.477833               2862 
-28.867456 143.141144 51.667347 4.289366 134.920776 82.352509 -43.318516 127.091064 63.453918 27.493786 97.181206 60.858582               2871 
-29.156054 143.138763 51.567501 4.242402 134.911194 82.254318 -43.493565 127.784393 62.872639 27.490726 97.101433 60.931854               2880 
-29.435196 143.561981 51.468082 4.107101 134.241898 81.888077 -43.939320 128.939621 62.199310 26.584724 96.267609 60.038143               2889 
-29.869846 143.847839 51.519424 4.089036 134.237289 81.541824 -44.271404 129.753036 62.028229 26.166922 96.193947 59.406322               2898 
-29.281706 142.109909 50.740948 4.674890 133.369537 81.157837 -43.578281 128.385880 61.184502 27.307169 95.137283 59.926155               2907 
-29.047518 141.420197 50.001518 4.918543 132.954666 80.592995 -43.242947 127.656815 60.402550 27.860640 94.747711 59.650253               2916 
-28.984707 141.364883 49.831398 5.090267 132.994797 80.417358 -43.077900 127.524132 60.223297 28.172787 94.853401 59.509430               2925 
-29.066902 141.522415 49.332787 5.077670 132.520386 79.735542 -43.256302 127.592079 59.633324 27.844301 94.454254 58.349579               2934 
-29.060997 141.443481 49.121624 5.237990 132.161301 79.336708 -43.327900 127.412430 59.521793 27.761620 94.075661 57.729317               2943 
-28.225868 140.244720 48.218273 5.985268 129.309235 78.038254 -42.996777 126.641701 58.668194 26.794067 90.549950 55.915367               2952 
-27.304260 139.730957 47.864414 6.549388 128.173935 77.912827 -42.424908 126.312119 58.248833 26.860556 89.077850 55.920494               2961 
-27.219391 139.836945 47.564587 6.668240 127.816681 77.442368 -42.517620 126.296234 57.979118 26.732859 88.800751 55.084412               2970 
-27.123459 139.832581 47.558846 6.767396 127.548607 77.372688 -42.588287 126.100731 58.003895 26.821814 88.673523 54.761677               2980 
-26.608486 139.519501 47.677681 7.211108 126.764671 77.413841 -42.287945 125.854439 58.126076 26.903076 87.813385 54.616188               2988 
