-46.790188 173.899872 88.981140 33.868717 152.066498 79.952126 -28.023495 162.560272 92.424271 56.821548 111.663551 96.245659                  0 
-44.180946 172.714523 89.633331 35.273155 149.610245 79.795036 -26.126192 162.368393 92.963524 57.112434 108.770042 96.523254                 17 
-42.822197 170.730286 90.291405 36.356388 150.209442 80.671326 -25.337347 162.495361 93.563591 58.462357 109.717377 97.888428                 36 
-41.071060 168.880066 91.707932 37.544067 149.195984 80.496689 -23.928877 161.797470 94.655746 60.050629 109.161018 98.255234                 54 
-38.753021 166.663300 92.683311 39.463367 146.561035 79.756577 -21.611313 159.822189 95.624077 62.814983 107.783760 99.140450                 72 
-36.985085 165.453583 93.770401 40.987976 144.678543 79.240204 -19.747169 158.127380 96.788315 65.177094 106.782333 99.326874                 90 
-36.351307 164.908752 94.731056 41.545853 144.085114 78.923035 -18.965059 157.235413 97.784996 66.586349 106.883797 99.263756                108 
-36.468098 166.447281 94.630524 41.669010 144.111725 78.873276 -18.849899 156.783020 98.174103 66.995567 107.031776 99.081024                126 
-36.374821 167.539993 94.889214 41.798687 143.876053 78.895348 -18.578100 156.407806 98.789726 67.322678 106.821678 98.900574                144 
-36.642441 169.148773 94.507912 41.793926 143.939697 78.970512 -18.684813 155.712799 98.705040 67.493736 106.993355 98.950424                162 
-36.803429 170.274033 94.391624 41.843884 144.094452 79.004288 -18.696724 155.290024 98.777702 67.766808 107.268211 98.917610                180 
-36.819031 170.417206 95.126907 42.020458 144.519836 79.450989 -18.590092 155.017838 99.369843 68.145386 107.524132 98.777542                198 
-36.798798 170.081345 95.993057 42.226074 145.051331 79.832092 -18.464512 154.722565 99.940903 68.604759 107.855614 98.415779                216 
-36.889332 169.800995 96.360580 42.307072 145.479584 80.094276 -18.492769 154.550079 100.148552 68.842758 108.189369 98.260353                234 
-37.039959 169.346573 96.542328 42.300282 145.657852 80.370697 -18.634729 154.225616 100.183258 68.888412 108.238716 98.191742                252 
-36.341633 169.286453 96.716911 42.633598 144.931900 79.786324 -18.018724 154.100143 100.223595 68.992004 107.138275 97.152550                271 
-35.738880 169.018112 97.181358 42.993065 144.627197 79.385803 -17.448021 153.962128 100.455940 69.057350 106.081848 95.498505                289 
-34.520855 169.205643 97.196274 43.590824 143.300964 78.937935 -16.406864 154.209976 100.726097 68.728462 103.857704 94.333961                307 
-33.864380 169.207901 97.061066 43.964828 142.600586 78.638634 -15.855502 154.049408 100.547577 68.596138 102.661339 93.567322                325 
-33.892815 169.087463 96.595543 43.907722 142.274307 78.379303 -15.898674 153.908051 100.181580 68.366692 102.221916 93.288177                343 
-34.011211 168.739136 96.456467 43.916927 142.391479 78.245392 -15.883050 153.796097 100.176666 68.556313 102.415627 93.062347                361 
-34.142365 168.524399 96.393333 43.854855 142.545532 78.255859 -15.968262 153.779099 100.163139 68.590324 102.620636 93.050064                379 
-35.774017 168.649567 96.121666 42.724983 144.251587 78.238525 -17.263987 154.496933 100.117554 68.416931 105.183777 93.676781                397 
-36.242710 168.866257 96.238022 42.230171 144.460449 78.269417 -17.648554 154.694305 100.181213 68.031204 105.531227 93.874939                415 
-37.756042 169.101730 96.174141 41.444645 146.495392 79.146858 -18.727840 155.531754 100.457352 68.346245 108.863686 96.024925                433 
-38.353352 169.029221 96.073463 41.094009 146.761444 79.770279 -19.153923 155.665176 100.585815 68.417732 110.000061 97.845810                451 
-39.597118 168.006775 96.835732 40.249989 147.874863 79.733429 -19.888844 155.086060 100.890457 68.980759 112.345299 98.088333                469 
-39.554245 167.747406 97.051529 40.327377 147.926132 79.753853 -19.736843 154.877686 100.894890 69.284241 112.582138 98.111740                487 
-39.382698 167.268936 97.652725 40.393673 148.045425 79.235710 -19.364815 154.642975 101.221947 69.961449 113.092613 97.367363                506 
-39.271877 167.293015 97.615257 40.545040 148.429779 79.006660 -19.134779 154.979507 101.165611 70.342285 113.656624 97.108078                524 
-37.933266 169.355957 96.859741 41.450996 149.035812 77.590202 -17.729321 157.147720 100.734482 71.118423 114.194290 95.773224                542 
-36.179283 172.652908 93.752144 42.830097 150.424637 74.118362 -15.788249 160.474731 98.397545 72.357758 115.549736 92.464172                560 
-33.725182 177.691422 88.999596 44.375214 153.199097 67.862244 -13.333138 165.076401 93.574181 73.503258 117.664970 85.570801                578 
-32.463600 180.803513 81.327438 45.828758 155.066025 61.520000 -12.094942 167.578918 86.498589 74.368858 119.162338 79.439201                596 
-39.471001 175.816254 61.861149 38.735897 171.343399 56.696762 -22.877020 170.167786 67.517326 68.986549 137.179337 75.201477                614 
-41.860302 182.192139 44.903194 32.758785 176.644058 44.505028 -28.763296 179.759583 51.123806 59.944794 142.433624 67.204742                632 
-40.122253 184.818192 31.891829 34.077190 177.338547 35.027443 -27.159187 182.262283 38.626480 59.263004 142.062393 58.393616                650 
-42.135265 184.086151 14.582356 31.996679 180.108475 21.315134 -29.131386 182.809387 21.868830 57.575218 147.568054 47.990391                668 
-43.663689 183.051468 -2.569997 30.021471 183.571701 8.195524 -30.586006 182.419159 5.022977 56.205513 152.206741 35.679058                686 
-45.063690 179.484848 -19.280123 27.852098 185.008194 -5.113642 -31.450771 179.313599 -11.793376 54.964535 155.829971 23.839033                704 
-44.999733 176.667740 -35.184475 26.486755 186.018906 -16.605873 -31.317104 177.014374 -27.461542 53.735401 157.453003 12.825589                722 
-45.017696 171.410217 -50.196072 24.720743 185.492294 -28.199921 -31.530729 172.693298 -42.058895 52.677055 158.438263 1.986733                741 
-44.563114 167.530334 -62.771049 23.574799 184.406387 -37.551529 -31.336815 169.678879 -54.101921 51.408535 158.535141 -6.235857                759 
-44.042587 162.520462 -73.572868 22.513374 182.996445 -46.411144 -30.732943 165.677948 -64.890312 50.663704 159.068542 -13.857733                777 
-43.759296 153.707870 -78.340363 21.050098 180.890640 -51.784920 -30.011137 158.430084 -69.918335 50.414783 162.027039 -17.048914                795 
-42.657715 134.728821 -82.089668 16.684113 176.733215 -60.863510 -28.243641 142.846939 -75.007111 47.521389 170.801575 -22.934790                813 
-37.073200 113.826401 -81.847000 11.825201 171.090546 -70.275970 -23.234461 125.945496 -77.053680 42.640259 179.796677 -32.868141                831 
-37.968750 101.364189 -78.269676 4.399150 165.076569 -79.345604 -23.893030 115.529686 -76.723343 34.249348 184.673523 -45.439331                849 
-44.042465 100.530319 -79.517784 -2.354693 164.590012 -84.648682 -29.226212 114.782669 -79.354973 27.287134 186.713287 -52.142796                867 
-44.111332 98.466164 -78.886200 -3.097198 162.776749 -86.787384 -28.167870 112.364960 -79.489662 26.835243 186.330582 -55.578804                885 
-42.089611 91.434868 -75.063240 -6.226563 157.905014 -88.900284 -26.128603 105.980644 -77.387726 23.831642 185.215225 -61.054886                903 
-29.650908 79.127716 -82.929054 -6.026334 151.373062 -95.473564 -15.673150 96.625313 -83.790123 14.855135 184.798157 -65.953461                921 
-29.467434 75.672371 -84.454918 -8.393466 149.243011 -96.751564 -15.393014 94.391045 -83.675507 7.481180 184.985657 -66.832184                939 
-32.949753 73.557587 -87.798744 -9.979969 147.525986 -98.270790 -17.621710 92.817764 -84.894821 4.260849 183.592163 -67.920502                958 
-50.788303 74.750908 -83.062775 -13.552319 142.238617 -99.610321 -30.824699 91.581718 -80.448128 7.344972 178.135010 -73.162971                976 
-54.603565 74.294189 -79.885681 -12.724820 138.735306 -99.720619 -32.886429 90.708672 -76.921532 9.347137 175.631485 -75.716217                994 
999.000000 999.000000 999.000000 999.000000 999.000000 999.000000 999.000000 999.000000 999.000000 999.000000 999.000000 999.000000             1012.0 
999.000000 999.000000 999.000000 999.000000 999.000000 999.000000 999.000000 999.000000 999.000000 999.000000 999.000000 999.000000             1030.0 
999.000000 999.000000 999.000000 999.000000 999.000000 999.000000 999.000000 999.000000 999.000000 999.000000 999.000000 999.000000             1048.0 
999.000000 999.000000 999.000000 999.000000 999.000000 999.000000 999.000000 999.000000 999.000000 999.000000 999.000000 999.000000             1066.0 
999.000000 999.000000 999.000000 999.000000 999.000000 999.000000 999.000000 999.000000 999.000000 999.000000 999.000000 999.000000             1084.0 
999.000000 999.000000 999.000000 999.000000 999.000000 999.000000 999.000000 999.000000 999.000000 999.000000 999.000000 999.000000             1102.0 
999.000000 999.000000 999.000000 999.000000 999.000000 999.000000 999.000000 999.000000 999.000000 999.000000 999.000000 999.000000             1120.0 
999.000000 999.000000 999.000000 999.000000 999.000000 999.000000 999.000000 999.000000 999.000000 999.000000 999.000000 999.000000             1138.0 
999.000000 999.000000 999.000000 999.000000 999.000000 999.000000 999.000000 999.000000 999.000000 999.000000 999.000000 999.000000             1156.0 
999.000000 999.000000 999.000000 999.000000 999.000000 999.000000 999.000000 999.000000 999.000000 999.000000 999.000000 999.000000             1174.0 
999.000000 999.000000 999.000000 999.000000 999.000000 999.000000 999.000000 999.000000 999.000000 999.000000 999.000000 999.000000             1193.0 
999.000000 999.000000 999.000000 999.000000 999.000000 999.000000 999.000000 999.000000 999.000000 999.000000 999.000000 999.000000             1211.0 
999.000000 999.000000 999.000000 999.000000 999.000000 999.000000 999.000000 999.000000 999.000000 999.000000 999.000000 999.000000             1229.0 
999.000000 999.000000 999.000000 999.000000 999.000000 999.000000 999.000000 999.000000 999.000000 999.000000 999.000000 999.000000             1247.0 
999.000000 999.000000 999.000000 999.000000 999.000000 999.000000 999.000000 999.000000 999.000000 999.000000 999.000000 999.000000             1265.0 
999.000000 999.000000 999.000000 999.000000 999.000000 999.000000 999.000000 999.000000 999.000000 999.000000 999.000000 999.000000             1283.0 
999.000000 999.000000 999.000000 999.000000 999.000000 999.000000 999.000000 999.000000 999.000000 999.000000 999.000000 999.000000             1301.0 
999.000000 999.000000 999.000000 999.000000 999.000000 999.000000 999.000000 999.000000 999.000000 999.000000 999.000000 999.000000             1319.0 
999.000000 999.000000 999.000000 999.000000 999.000000 999.000000 999.000000 999.000000 999.000000 999.000000 999.000000 999.000000             1337.0 
999.000000 999.000000 999.000000 999.000000 999.000000 999.000000 999.000000 999.000000 999.000000 999.000000 999.000000 999.000000             1355.0 
999.000000 999.000000 999.000000 999.000000 999.000000 999.000000 999.000000 999.000000 999.000000 999.000000 999.000000 999.000000             1373.0 
999.000000 999.000000 999.000000 999.000000 999.000000 999.000000 999.000000 999.000000 999.000000 999.000000 999.000000 999.000000             1391.0 
999.000000 999.000000 999.000000 999.000000 999.000000 999.000000 999.000000 999.000000 999.000000 999.000000 999.000000 999.000000             1409.0 
999.000000 999.000000 999.000000 999.000000 999.000000 999.000000 999.000000 999.000000 999.000000 999.000000 999.000000 999.000000             1427.0 
999.000000 999.000000 999.000000 999.000000 999.000000 999.000000 999.000000 999.000000 999.000000 999.000000 999.000000 999.000000             1445.0 
999.000000 999.000000 999.000000 999.000000 999.000000 999.000000 999.000000 999.000000 999.000000 999.000000 999.000000 999.000000             1464.0 
999.000000 999.000000 999.000000 999.000000 999.000000 999.000000 999.000000 999.000000 999.000000 999.000000 999.000000 999.000000             1482.0 
999.000000 999.000000 999.000000 999.000000 999.000000 999.000000 999.000000 999.000000 999.000000 999.000000 999.000000 999.000000             1500.0 
999.000000 999.000000 999.000000 999.000000 999.000000 999.000000 999.000000 999.000000 999.000000 999.000000 999.000000 999.000000             1518.0 
999.000000 999.000000 999.000000 999.000000 999.000000 999.000000 999.000000 999.000000 999.000000 999.000000 999.000000 999.000000             1536.0 
999.000000 999.000000 999.000000 999.000000 999.000000 999.000000 999.000000 999.000000 999.000000 999.000000 999.000000 999.000000             1554.0 
999.000000 999.000000 999.000000 999.000000 999.000000 999.000000 999.000000 999.000000 999.000000 999.000000 999.000000 999.000000             1572.0 
999.000000 999.000000 999.000000 999.000000 999.000000 999.000000 999.000000 999.000000 999.000000 999.000000 999.000000 999.000000             1590.0 
999.000000 999.000000 999.000000 999.000000 999.000000 999.000000 999.000000 999.000000 999.000000 999.000000 999.000000 999.000000             1608.0 
999.000000 999.000000 999.000000 999.000000 999.000000 999.000000 999.000000 999.000000 999.000000 999.000000 999.000000 999.000000             1626.0 
999.000000 999.000000 999.000000 999.000000 999.000000 999.000000 999.000000 999.000000 999.000000 999.000000 999.000000 999.000000             1644.0 
999.000000 999.000000 999.000000 999.000000 999.000000 999.000000 999.000000 999.000000 999.000000 999.000000 999.000000 999.000000             1662.0 
999.000000 999.000000 999.000000 999.000000 999.000000 999.000000 999.000000 999.000000 999.000000 999.000000 999.000000 999.000000             1681.0 
999.000000 999.000000 999.000000 999.000000 999.000000 999.000000 999.000000 999.000000 999.000000 999.000000 999.000000 999.000000             1699.0 
999.000000 999.000000 999.000000 999.000000 999.000000 999.000000 999.000000 999.000000 999.000000 999.000000 999.000000 999.000000             1717.0 
999.000000 999.000000 999.000000 999.000000 999.000000 999.000000 999.000000 999.000000 999.000000 999.000000 999.000000 999.000000             1735.0 
999.000000 999.000000 999.000000 999.000000 999.000000 999.000000 999.000000 999.000000 999.000000 999.000000 999.000000 999.000000             1753.0 
999.000000 999.000000 999.000000 999.000000 999.000000 999.000000 999.000000 999.000000 999.000000 999.000000 999.000000 999.000000             1771.0 
999.000000 999.000000 999.000000 999.000000 999.000000 999.000000 999.000000 999.000000 999.000000 999.000000 999.000000 999.000000             1789.0 
999.000000 999.000000 999.000000 999.000000 999.000000 999.000000 999.000000 999.000000 999.000000 999.000000 999.000000 999.000000             1807.0 
999.000000 999.000000 999.000000 999.000000 999.000000 999.000000 999.000000 999.000000 999.000000 999.000000 999.000000 999.000000             1825.0 
999.000000 999.000000 999.000000 999.000000 999.000000 999.000000 999.000000 999.000000 999.000000 999.000000 999.000000 999.000000             1843.0 
999.000000 999.000000 999.000000 999.000000 999.000000 999.000000 999.000000 999.000000 999.000000 999.000000 999.000000 999.000000             1861.0 
999.000000 999.000000 999.000000 999.000000 999.000000 999.000000 999.000000 999.000000 999.000000 999.000000 999.000000 999.000000             1879.0 
999.000000 999.000000 999.000000 999.000000 999.000000 999.000000 999.000000 999.000000 999.000000 999.000000 999.000000 999.000000             1897.0 
999.000000 999.000000 999.000000 999.000000 999.000000 999.000000 999.000000 999.000000 999.000000 999.000000 999.000000 999.000000             1915.0 
999.000000 999.000000 999.000000 999.000000 999.000000 999.000000 999.000000 999.000000 999.000000 999.000000 999.000000 999.000000             1934.0 
999.000000 999.000000 999.000000 999.000000 999.000000 999.000000 999.000000 999.000000 999.000000 999.000000 999.000000 999.000000             1952.0 
999.000000 999.000000 999.000000 999.000000 999.000000 999.000000 999.000000 999.000000 999.000000 999.000000 999.000000 999.000000             1970.0 
999.000000 999.000000 999.000000 999.000000 999.000000 999.000000 999.000000 999.000000 999.000000 999.000000 999.000000 999.000000             1988.0 
999.000000 999.000000 999.000000 999.000000 999.000000 999.000000 999.000000 999.000000 999.000000 999.000000 999.000000 999.000000             2006.0 
999.000000 999.000000 999.000000 999.000000 999.000000 999.000000 999.000000 999.000000 999.000000 999.000000 999.000000 999.000000             2024.0 
999.000000 999.000000 999.000000 999.000000 999.000000 999.000000 999.000000 999.000000 999.000000 999.000000 999.000000 999.000000             2042.0 
999.000000 999.000000 999.000000 999.000000 999.000000 999.000000 999.000000 999.000000 999.000000 999.000000 999.000000 999.000000             2060.0 
16.033449 167.470413 12.171196 76.970657 200.095428 20.459827 24.179731 177.448929 13.924572 112.121719 179.802872 48.340374               2078 
8.780750 171.417084 23.001389 72.840073 198.524750 25.916822 17.854099 180.828110 23.356689 106.961014 177.572739 54.578369               2096 
2.152531 173.342957 33.073887 67.777031 196.645752 33.545395 11.361279 182.571777 33.060902 101.155884 175.094040 62.632946               2114 
-4.450036 173.067154 45.442471 61.308640 195.616455 40.790257 4.214211 182.842575 45.416344 96.805397 172.877777 66.239075               2132 
-9.389544 174.342682 58.660187 56.427441 194.189026 47.263748 -1.234394 184.737396 58.638245 93.343155 170.363785 69.496544               2150 
-11.393541 172.441833 65.877113 55.389256 188.281036 53.899311 -3.096207 183.228699 67.902252 90.949974 159.378204 71.920715               2169 
-16.100756 166.863571 72.017784 50.083950 183.631073 58.120106 -8.317499 178.529633 74.980461 86.522308 154.856201 74.520180               2187 
-19.214947 164.598862 76.579460 46.727749 182.146027 62.479206 -11.869225 177.119339 80.813797 83.518089 153.362030 78.056831               2205 
-23.361494 160.852570 80.264244 41.878315 182.105347 66.815109 -16.670036 173.850647 85.666046 80.242188 155.231583 82.004715               2223 
-25.388336 156.716049 82.333038 40.112995 179.803955 69.590546 -18.121891 169.050110 89.186165 79.579185 153.862579 83.525200               2241 
-26.620922 152.455338 83.767601 39.265465 176.330887 71.614029 -18.888699 164.373932 91.386749 79.267838 151.188934 85.484917               2259 
-27.654966 150.733047 86.853172 37.955238 175.487930 73.562752 -19.766869 162.825806 94.825333 78.632431 151.111771 86.824654               2277 
-25.439384 148.772018 90.276115 40.995220 169.833145 74.602951 -16.305689 159.983871 98.407181 80.548248 142.203995 84.446609               2295 
-25.713583 146.823746 92.911430 40.228382 167.958633 75.127518 -16.446579 157.938721 99.512772 80.206963 140.828766 84.635048               2313 
-25.199432 145.853302 94.325287 41.110966 165.914963 75.921318 -15.334778 155.654831 98.588074 80.703331 137.906723 84.447357               2331 
-25.197630 145.990875 95.372849 41.500866 165.285690 76.619644 -14.819246 155.742569 98.575592 80.895653 137.007248 85.168968               2349 
-25.603567 145.671616 95.427429 41.290894 165.231506 76.806221 -14.692440 154.721054 96.563156 80.863701 137.305466 85.685326               2367 
-25.853691 145.332489 95.963120 41.237289 164.875259 77.348274 -14.485872 153.773911 95.640137 80.809303 136.872833 85.987175               2385 
-25.919933 145.834549 96.461494 41.564060 165.080566 77.835197 -13.999471 153.657410 95.333862 81.121788 137.065125 86.497223               2404 
-26.452253 145.978287 96.757004 41.277023 165.111069 77.973236 -14.124004 153.337830 95.068459 80.931465 137.293823 86.829636               2422 
-26.887442 146.520233 96.998451 41.137295 165.049393 78.182777 -14.290586 153.581543 95.135933 80.566299 136.868652 86.895370               2440 
-27.260729 146.939545 97.026939 41.057457 164.668167 78.451019 -14.534696 153.789200 95.181442 80.071228 135.847229 86.935654               2458 
-27.496292 147.481369 97.094292 40.996666 164.485001 78.398659 -14.678864 154.163254 95.167625 79.781860 135.467178 87.252182               2476 
-28.316776 148.324753 97.058128 40.335899 164.750717 78.348259 -15.442500 154.867676 95.118164 79.043770 135.996277 88.327866               2494 
-29.051884 149.231339 97.230385 39.697193 165.162964 78.339485 -16.116768 155.745926 95.468086 78.362808 136.697250 89.265755               2512 
-29.155262 149.819366 97.683685 39.913567 164.163422 78.587646 -15.976402 156.589127 96.793343 77.963203 134.908859 89.592400               2530 
-28.225019 149.814362 98.384254 40.723869 162.614136 78.638992 -15.140295 157.066574 97.893608 78.075775 132.561386 89.880768               2548 
-27.351852 149.674316 98.981667 41.305237 161.846344 78.583664 -14.301794 157.875000 99.416893 78.316879 131.308105 89.641006               2566 
-27.239439 149.927017 99.308243 41.412960 161.558487 78.682144 -13.955586 158.908310 100.795753 78.203003 130.735931 89.689949               2584 
-24.605228 141.950317 95.402153 33.771458 162.621292 73.384666 -19.003494 153.228149 98.992203 74.574066 138.614670 86.932358               2602 
-24.521494 137.614960 93.877686 34.195522 159.312439 73.399734 -17.483652 151.856583 100.850372 74.642990 134.474899 86.507317               2620 
-22.893517 136.289642 92.597435 35.949165 156.588501 73.756676 -15.689985 151.813568 100.792053 75.373146 130.589783 87.703949               2639 
-21.976088 135.728256 91.678970 36.687527 155.126251 73.655960 -14.801272 151.620544 100.249168 75.481758 128.233673 87.674065               2657 
-22.006042 136.155258 91.445473 36.601723 155.071350 73.328445 -14.540052 152.828247 100.068726 75.245750 128.164307 87.728462               2675 
-21.928963 136.198380 91.288635 36.728882 154.682053 73.280487 -14.261486 153.340591 100.023964 75.174614 127.599922 87.881653               2693 
-22.001045 135.733429 91.200768 36.513832 154.665146 73.493591 -14.474854 152.928482 99.970474 75.097389 127.807518 88.145790               2711 
-22.149038 135.559021 91.218925 36.365318 154.480927 73.619659 -14.535895 152.871368 99.933060 74.971771 127.726158 88.399170               2729 
-22.635147 135.515060 91.007042 35.968021 154.394379 73.580223 -14.889751 152.643524 99.456520 74.635605 127.892273 88.652267               2747 
-23.335121 135.548340 90.799210 35.482300 154.074783 73.471489 -15.318680 152.400269 99.076057 74.093491 127.557716 88.661316               2765 
-23.329123 135.683685 90.564774 36.024086 153.001617 73.441109 -14.797835 152.030258 98.837509 74.145599 125.771088 88.605484               2783 
-23.822580 136.082748 90.140556 36.083252 152.701233 73.424240 -14.858835 151.882874 98.424805 73.985374 125.274292 88.783333               2801 
-24.458649 136.850494 90.143242 36.154701 152.689194 73.423607 -14.692128 151.811172 98.436592 74.048050 125.131294 88.568459               2819 
-24.899014 137.640717 90.111771 36.276592 152.677689 73.277374 -14.470395 152.003799 98.418007 74.099014 124.928207 88.248695               2837 
-25.277760 138.198318 89.958656 36.437016 152.394745 73.125259 -14.259856 152.023117 98.299217 74.098396 124.368019 87.985710               2855 
-25.337034 139.152390 89.071968 37.526768 150.994095 72.664726 -13.101580 151.946579 97.866730 74.243561 121.418922 86.873726               2874 
-25.336651 139.853592 88.629402 38.152290 150.880386 72.579124 -12.312929 152.500137 97.765373 74.618065 120.884079 86.549789               2892 
-25.588337 140.451614 88.805855 38.176914 151.408508 72.863647 -12.120891 152.943390 98.013756 74.763489 121.484947 86.673531               2910 
-25.878252 140.863098 88.804565 38.192329 151.561829 72.948563 -11.980205 153.137543 98.001419 74.817307 121.662476 86.709007               2928 
-26.260977 142.126785 89.084137 38.057423 152.382523 73.155685 -11.961788 154.408234 98.054626 74.723335 122.740433 87.356628               2946 
-26.126118 142.590561 89.321609 38.441090 152.448471 73.377998 -11.456243 154.577148 98.138016 75.090401 122.783081 87.573158               2964 
-25.544241 143.296204 89.946655 39.149662 153.336609 74.122696 -10.719715 155.126373 98.579185 75.990578 123.945122 88.391441               2982 
-25.164385 143.892075 90.320686 39.689507 153.680115 74.611359 -10.120466 155.524384 98.769341 76.515152 124.290291 88.922882               3000 
-24.424124 144.863159 91.074211 40.704071 153.700760 75.489815 -9.011556 156.379288 99.241142 77.281578 124.244438 90.292534               3018 
