-14.083750 177.022751 110.588287 44.233334 129.033417 81.338005 -15.080910 133.229477 107.911377 68.053490 86.285408 75.868294                  0 
-15.121804 177.413422 109.849205 43.908131 129.734024 81.375633 -15.583801 133.581787 107.775688 68.192688 87.184647 76.423843                  9 
-15.437877 177.420090 109.489525 43.920948 130.037796 81.158905 -15.569145 133.686493 107.811096 68.386894 87.587379 76.250717                 18 
-17.482584 176.988556 107.852226 43.391254 130.731613 81.027687 -16.315323 133.549820 107.410149 68.858826 88.772820 77.081490                 28 
-19.057913 176.049835 105.953804 43.106998 130.989716 80.524498 -16.584644 133.351639 107.059937 69.341980 89.429710 77.491051                 37 
-20.406851 174.583603 104.530861 42.903381 131.008209 80.122047 -16.727844 133.086624 106.880951 69.580078 89.703552 77.478348                 46 
-21.213678 173.361618 103.543213 42.878040 131.008957 79.867859 -16.637140 133.072876 106.914803 69.734818 89.810699 77.392769                 55 
-21.869225 171.867081 102.568321 42.939827 131.057297 79.815483 -16.407179 133.377747 107.317406 69.809189 89.859512 77.472488                 64 
-22.411568 170.695831 101.809227 42.979362 131.149506 79.691650 -16.274681 133.548386 107.413956 69.880074 89.971649 77.358032                 73 
-20.206715 170.175858 101.264366 43.589088 128.952713 78.812904 -15.518023 133.662277 106.594109 68.383560 86.543907 75.430916                 83 
-18.814980 169.947998 100.966393 44.001980 127.939850 78.136467 -14.825665 133.977158 106.316864 67.558022 84.892891 74.039909                 92 
-20.717882 170.081268 100.095573 43.275623 129.678192 78.146584 -15.712164 134.741058 106.165466 67.797791 87.123749 74.612129                101 
-22.462831 170.590302 100.509262 42.469692 132.122955 78.208832 -16.419806 135.712646 106.605186 67.940033 90.159103 74.334976                111 
-23.535276 171.048355 100.536926 41.736366 133.675049 77.878876 -17.056311 136.554657 106.481667 67.476341 91.930092 73.460541                120 
-23.756538 171.584686 100.731850 41.261402 134.263214 77.867294 -17.417427 137.358185 106.579170 66.622215 92.338272 72.984917                129 
-24.357481 172.116669 100.702782 40.435265 135.036362 77.575279 -18.087927 138.206833 106.466766 65.492134 92.993080 72.169189                138 
-25.291243 172.264542 99.851746 39.753975 135.784851 77.948036 -19.047321 139.064911 106.075760 64.696884 93.656952 72.675354                147 
-25.805832 172.100540 99.249718 39.376225 136.301437 78.332161 -19.558710 139.699738 105.914169 64.173035 94.083992 73.086700                156 
-25.783216 171.619400 98.698524 39.294239 136.257080 78.358246 -19.629103 139.976761 105.746162 63.746349 93.861450 72.934692                166 
-25.575045 171.763947 98.555138 38.426758 135.945313 77.743629 -20.219576 140.830414 105.400703 61.417282 92.928047 70.986382                175 
-25.439800 172.177094 98.702705 37.571632 136.146500 77.369949 -20.550806 142.111465 105.764740 59.351845 92.658012 69.683388                184 
-26.249556 172.829132 98.625046 36.382645 137.663208 77.037331 -21.408413 143.760681 105.959267 57.653709 94.080940 68.502823                193 
-27.163403 173.594513 98.120995 35.166599 139.510010 76.755577 -22.450899 145.733124 105.863113 55.948650 95.845375 67.470284                203 
-27.759539 173.522217 97.205009 34.475979 140.611771 76.635918 -23.086922 147.034424 105.747910 54.976044 96.861679 67.128738                212 
-28.469227 173.713837 96.229713 33.760738 141.979279 76.818237 -23.832821 148.651306 105.669479 54.143887 98.101311 67.655197                221 
-28.892849 173.332092 95.406700 33.348274 142.767883 76.923378 -24.336754 149.483124 105.535088 53.664097 98.817650 67.959328                230 
-28.903975 172.446930 94.662270 33.271481 142.740250 77.189781 -24.583706 149.697113 105.392700 53.395763 98.644348 68.513672                239 
-28.953089 171.514267 94.094284 33.070805 142.681992 76.965225 -24.741642 149.733902 105.345787 52.997318 98.501686 68.262115                249 
-29.031815 170.742645 93.666962 32.917870 142.655350 76.873207 -24.896452 149.783997 105.387650 52.702644 98.402847 68.213646                258 
-29.066212 169.961823 93.294983 32.905182 142.639389 76.898163 -25.056625 149.706909 105.354736 52.640427 98.339172 68.370529                267 
-29.431337 169.077744 92.987213 32.928814 143.112152 77.695206 -25.558952 149.850052 105.246414 53.294147 98.832817 70.673553                277 
-29.488146 168.406631 92.893471 32.736870 142.951691 77.646744 -26.004820 149.706726 105.009117 52.945232 98.554718 70.920593                286 
-29.409098 167.636932 93.284874 32.768841 142.553375 77.949280 -26.296406 149.187149 104.432854 53.046566 98.080399 71.976135                295 
-28.266836 166.983688 94.282600 33.801128 141.448441 79.498077 -25.587349 148.673828 104.089584 54.293262 96.783325 76.366005                304 
-26.745085 166.312759 94.898636 34.825565 139.066925 81.134422 -24.857956 147.958923 104.245369 54.631172 93.988091 80.545723                313 
-26.826796 165.394257 95.284782 35.077377 139.027451 81.057777 -24.775377 146.891968 104.206520 55.727459 94.325417 81.166443                322 
-24.512760 162.971832 96.480629 38.541069 137.537842 83.263382 -21.479918 144.808578 106.464142 60.536270 93.554016 85.782021                350 
-22.511095 160.163940 96.147209 41.741512 133.418274 84.682861 -18.470987 141.834839 107.584526 63.920811 89.784943 90.060730                397 
-22.768154 160.505432 96.132561 42.050148 133.460663 84.527611 -18.136536 141.851852 108.211578 64.445007 89.965134 90.124008                415 
-23.620811 168.456390 95.385139 40.920586 137.485565 81.400398 -17.862524 148.716705 110.042274 61.922569 93.232635 86.430855                452 
-22.985306 174.706070 87.498611 42.172295 140.381668 74.919937 -16.289497 154.447922 105.084854 62.013111 95.754951 81.205544                489 
-22.864540 179.804428 80.679726 43.000103 143.458572 71.059769 -14.820829 160.568817 101.127014 62.249729 98.946724 79.595375                507 
-24.186281 187.510803 69.661613 42.899696 148.923126 65.113060 -14.634714 169.901230 94.051842 61.567497 104.996414 77.223679                526 
-24.330053 192.218155 57.697235 44.104607 152.251373 58.463120 -14.336865 174.812881 84.364365 62.292553 108.898308 73.106186                544 
-28.002337 195.095444 44.531914 42.643345 157.424744 49.787369 -17.705547 178.210678 72.318222 61.847111 115.123398 66.112839                562 
-30.823734 197.614227 30.088930 41.165771 162.667664 40.912624 -21.369062 180.765656 58.259731 60.774673 120.969040 58.274223                581 
-34.148327 198.075211 14.390005 38.936726 167.043182 31.040718 -24.995508 182.063339 42.482925 59.366261 126.746643 50.624702                599 
-36.783302 197.527939 -1.394002 37.114761 171.674103 21.268850 -27.742247 182.511963 26.425526 58.510029 133.206955 43.342178                618 
-38.529198 197.031311 -17.553385 34.949608 175.718765 11.436395 -30.332073 182.546829 10.329352 56.537933 138.781082 35.813889                636 
-40.419395 192.062057 -34.119930 32.468121 178.719315 0.776113 -32.777008 179.674210 -5.773313 55.168205 143.992126 27.298525                655 
-40.958191 186.579971 -49.930218 30.259064 181.213989 -9.865170 -34.335541 176.749786 -20.782259 53.715714 149.041016 19.107138                673 
-39.826366 181.422806 -64.237274 28.924994 183.129349 -19.890711 -34.619408 173.681641 -34.536335 52.669964 153.473785 11.437128                692 
-39.137089 175.705887 -76.866760 27.207260 184.120270 -29.826048 -35.309452 170.071487 -46.754799 51.068718 157.284622 3.866517                710 
-38.395332 170.558182 -89.047363 25.339056 184.216568 -39.616707 -36.158642 166.177689 -58.523315 48.736031 159.974731 -3.705355                729 
-37.987976 166.185287 -99.882721 23.456161 184.121994 -48.883492 -37.026875 162.251022 -69.094780 46.572994 162.049438 -11.425192                747 
-37.616524 158.567902 -108.527382 21.494453 183.154877 -57.483456 -37.477036 156.083038 -77.454071 44.864956 164.811279 -18.214617                766 
-38.186604 145.230881 -115.430946 18.031206 179.829453 -66.912781 -38.315971 145.382996 -84.127022 42.559910 167.495438 -26.035835                784 
-39.041138 129.945587 -118.517334 15.522849 174.610275 -76.768394 -39.819653 135.810516 -87.735359 39.625229 170.863770 -33.992832                802 
-34.858192 111.307678 -117.603195 16.449137 166.542419 -85.432320 -38.668678 125.866982 -90.032623 36.142975 175.575134 -41.213852                821 
-36.467995 104.597595 -119.493294 14.843376 161.617981 -90.672859 -40.410896 120.798958 -92.989716 34.524494 173.061157 -47.010315                839 
-35.338371 98.821465 -118.450279 14.033252 159.100708 -93.218353 -39.927593 116.450676 -93.189240 33.369965 173.487228 -50.278519                858 
-37.773037 86.624275 -116.582542 9.980137 151.271652 -100.711533 -41.625015 106.441376 -92.889709 31.356638 170.570694 -60.770302                876 
-34.935371 81.636185 -117.259262 9.112970 149.212189 -103.949463 -40.532669 102.340096 -95.214325 29.118450 170.855225 -64.502411                895 
-35.042347 80.809212 -116.173744 8.384225 148.949966 -104.161041 -40.888744 101.836800 -94.827316 28.794106 170.856155 -65.068001                913 
-35.277828 80.468117 -115.775078 7.886851 148.854355 -104.152145 -40.991276 101.499840 -94.598404 28.559155 170.849472 -65.247375                932 
-35.936901 79.651222 -115.589272 6.780187 148.705643 -103.930908 -41.100941 100.620506 -93.930000 27.852066 170.837433 -65.319130                950 
-38.755337 79.388214 -116.436897 5.410007 148.242599 -103.628090 -42.050751 100.176628 -93.464790 27.184744 170.110886 -65.256889                969 
-37.877804 78.661407 -117.120140 5.462161 148.227921 -103.286606 -40.818790 99.294144 -93.974396 26.729704 170.255798 -64.722710                987 
-37.868546 78.378502 -117.565361 4.941080 148.437866 -102.793312 -40.381027 98.902634 -94.197044 25.879290 170.551483 -64.098488               1006 
-37.441986 77.972855 -117.446411 4.955217 148.398575 -102.325836 -39.942837 98.685829 -94.274490 25.405352 170.799774 -63.535522               1024 
-37.200874 77.559334 -117.091736 4.991203 148.317368 -102.012047 -39.499119 98.541740 -94.143562 25.272598 171.028229 -63.313324               1042 
-37.751862 77.414429 -117.645409 4.861583 148.311172 -102.107468 -39.361622 98.653580 -94.411964 25.146248 171.234512 -63.535942               1061 
-42.521111 77.732277 -115.917519 1.671906 148.944458 -103.541634 -41.494778 99.648323 -92.703720 24.417784 172.633972 -66.851830               1080 
-44.822594 77.633621 -114.899612 -0.676962 149.851105 -104.920212 -42.243538 100.341927 -91.967155 23.257704 174.629471 -69.736771               1098 
-43.699837 75.033859 -108.836540 -2.354080 149.865356 -104.303284 -40.935669 99.525215 -87.111511 21.869242 177.757156 -71.745827               1116 
-43.957008 70.008286 -106.930428 -6.060813 147.544769 -108.620842 -40.330307 96.444008 -85.630432 18.873947 178.820282 -79.901344               1135 
-39.481586 66.960602 -108.500832 -6.226405 147.248505 -111.859344 -37.828144 95.137787 -87.087158 15.695553 181.660248 -84.291809               1153 
-41.466320 67.789993 -110.367332 -6.357158 147.936417 -114.153854 -39.374626 97.064674 -88.406174 15.523100 182.946075 -87.315659               1172 
-52.699711 70.416321 -112.299706 -9.000809 147.128601 -119.442238 -45.159729 100.730049 -89.809532 16.544052 181.672150 -95.381638               1190 
-54.813541 71.516045 -111.522751 -8.715036 147.718719 -122.164185 -42.984184 102.944305 -88.593002 17.713524 183.660995 -101.322067               1209 
-57.979198 74.223366 -115.757011 -7.767291 149.330246 -124.463531 -42.814575 105.538033 -90.404121 19.387695 184.965042 -104.031281               1227 
-58.080502 73.985687 -115.573128 -7.574641 149.123337 -129.258896 -40.077999 106.859619 -91.132301 19.936731 186.279114 -112.309502               1245 
-56.962177 80.335472 -118.665405 -5.240894 154.123688 -137.915924 -36.603466 114.816727 -95.896027 22.911352 192.247665 -124.547211               1264 
-62.365986 83.053947 -120.247787 -5.095971 152.935089 -140.700073 -38.373219 116.729980 -97.402954 25.499123 189.572693 -128.603088               1282 
-65.892906 80.957161 -120.020699 -4.855468 148.456314 -140.555023 -38.607410 114.055374 -96.447884 26.763138 184.566772 -129.554672               1301 
-68.400642 79.828407 -117.680931 -5.936557 145.431747 -142.678436 -37.178520 113.217155 -95.539032 26.401081 181.796295 -135.154724               1319 
-66.138153 76.575653 -113.843895 -5.124418 140.945328 -146.400070 -34.203754 113.445869 -95.300850 25.772665 179.213028 -144.020325               1338 
-61.179688 74.101257 -110.497330 -1.587223 138.385971 -146.509583 -28.496870 112.208603 -93.707291 28.534199 177.339920 -146.516800               1356 
-62.159187 73.355881 -111.130577 -1.361061 136.881989 -147.251282 -24.691135 109.451576 -95.416702 28.778324 175.816818 -147.888611               1375 
-65.859894 74.225349 -112.251152 -2.043430 136.119888 -147.155029 -18.976032 106.736900 -96.661987 28.636974 174.623016 -148.120010               1393 
-66.193169 70.984726 -106.635384 -2.599046 132.117630 -144.582642 -16.556002 105.349022 -91.974976 26.814114 171.397522 -148.665085               1412 
-67.419807 70.035461 -105.251694 -2.588948 130.638443 -143.251801 -15.430330 104.572891 -89.977150 26.763081 169.828751 -148.475601               1430 
-66.546318 68.277267 -105.586617 -1.875660 130.232773 -142.775162 -12.418232 103.075760 -89.483612 26.839821 169.840759 -148.373230               1449 
-69.085541 68.836113 -108.284691 -1.860774 130.292328 -142.782944 -12.687078 102.959145 -89.587303 27.202681 169.677902 -148.149658               1467 
-71.690491 69.534683 -110.432243 -2.077886 130.118607 -142.722076 -13.201778 102.764557 -89.554405 27.448668 169.172073 -147.986969               1485 
-92.457947 80.431557 -122.520859 -8.674549 127.045517 -143.309799 -29.735229 100.399063 -92.799820 28.060028 159.831711 -143.897781               1504 
-86.493896 78.149757 -111.310486 -10.701373 130.814896 -145.443222 -20.903120 105.816566 -90.841423 21.806711 166.899155 -153.558624               1523 
-85.302628 77.513260 -109.164894 -11.722988 131.841003 -146.171371 -18.103926 108.385170 -90.253860 18.748480 168.973434 -157.005692               1541 
999.000000 999.000000 999.000000 999.000000 999.000000 999.000000 999.000000 999.000000 999.000000 999.000000 999.000000 999.000000             1559.0 
999.000000 999.000000 999.000000 999.000000 999.000000 999.000000 999.000000 999.000000 999.000000 999.000000 999.000000 999.000000             1578.0 
999.000000 999.000000 999.000000 999.000000 999.000000 999.000000 999.000000 999.000000 999.000000 999.000000 999.000000 999.000000             1596.0 
999.000000 999.000000 999.000000 999.000000 999.000000 999.000000 999.000000 999.000000 999.000000 999.000000 999.000000 999.000000             1615.0 
999.000000 999.000000 999.000000 999.000000 999.000000 999.000000 999.000000 999.000000 999.000000 999.000000 999.000000 999.000000             1633.0 
999.000000 999.000000 999.000000 999.000000 999.000000 999.000000 999.000000 999.000000 999.000000 999.000000 999.000000 999.000000             1651.0 
-42.719227 159.756683 -78.473625 11.838329 183.188644 -68.141464 -53.249653 180.999054 -66.187904 40.319622 159.852982 -35.446316               1670 
-46.291710 166.401199 -69.851372 10.430784 183.577148 -58.486084 -54.656822 188.316437 -56.386314 36.228825 156.198624 -26.712074               1688 
-48.634472 171.735153 -56.479916 9.705893 183.799423 -46.686378 -54.869514 193.384430 -40.008125 34.956135 151.753357 -19.114929               1707 
-47.996597 174.454163 -40.692448 11.189504 182.780380 -32.062992 -52.637871 195.454239 -21.817507 35.619949 147.335388 -8.156595               1725 
-47.859497 172.008087 -21.796837 11.887058 180.435638 -18.533264 -50.805130 194.486542 -3.042038 38.223354 145.970901 4.775363               1744 
-46.389973 171.366882 -5.270700 13.624259 179.023697 -4.458224 -47.904724 193.566223 14.787649 40.625645 143.292603 16.009398               1762 
-44.649498 170.522491 10.399206 15.542837 176.887848 8.430933 -44.506130 193.051132 30.824980 42.705299 140.417419 27.320591               1781 
-41.964436 167.550003 23.626234 18.234837 173.733261 20.130888 -40.997253 190.538422 44.275578 45.770313 137.167084 38.280888               1799 
-39.180336 166.631256 35.516125 21.155771 172.577240 31.520020 -37.483734 188.910278 57.462624 48.732979 135.042786 47.500397               1818 
-37.958466 164.874710 45.338341 22.383698 170.988602 40.326946 -35.627731 187.518356 67.785965 50.362206 133.457901 55.603065               1836 
-35.923424 163.178345 54.196892 24.633320 168.795197 48.993584 -32.822754 185.067230 78.039246 52.361465 130.357742 62.351055               1855 
-34.405140 160.393784 61.654030 26.294802 167.857300 56.721802 -31.769793 182.429657 85.730682 55.352222 130.525360 70.385735               1873 
-33.304577 157.800354 67.379181 27.554211 166.614349 62.198360 -30.692347 179.666519 91.794754 57.705864 130.050766 75.565926               1892 
-32.062210 155.906631 72.544304 28.969408 165.198441 67.407692 -29.231110 177.293274 97.773087 59.493011 128.618698 79.855286               1910 
-32.046738 154.979660 75.077972 29.533363 163.819977 71.723793 -29.148504 174.009964 101.909180 59.643688 126.216736 81.925453               1928 
-31.771320 154.134186 78.977951 29.969229 164.093338 75.671982 -28.957615 172.255203 106.046265 60.969936 127.003395 85.052956               1947 
-31.132891 152.768539 81.257721 30.539507 164.864639 79.422020 -29.316793 169.351807 108.708710 62.770035 128.593140 87.805428               1965 
-31.015585 153.939194 84.877060 30.859423 166.328888 82.237778 -29.194771 169.295822 111.178719 63.595585 130.405273 90.146454               1984 
-30.972668 154.776245 87.658630 31.149384 167.289322 84.730667 -29.380758 168.590240 112.718819 64.239082 131.621689 92.320244               2002 
-30.708162 154.797440 88.686562 31.589334 168.054260 86.557877 -29.680244 166.596100 112.464790 65.278122 132.847626 93.647896               2021 
-29.329683 153.092651 92.128342 32.130947 169.972366 88.778488 -29.281425 165.705200 113.583359 67.999458 137.684280 98.557991               2039 
-28.221947 153.045547 94.948395 33.084484 170.080093 89.861908 -27.871536 165.651566 115.683090 69.318367 138.144043 99.448570               2058 
-27.502241 153.760437 96.714523 34.259769 168.939438 90.811554 -26.465542 165.252213 116.838066 69.698318 135.747269 99.002960               2076 
-25.267323 152.848709 98.847939 36.871822 165.909851 91.784355 -23.428772 163.134811 118.349670 71.277313 131.232773 97.986954               2095 
-23.885038 152.593842 100.737701 38.553978 164.197495 92.971222 -21.625498 162.220093 119.232224 72.321854 128.823929 98.728966               2113 
-22.520439 151.532013 101.284546 40.319664 161.093918 93.036667 -19.715792 159.909912 118.829758 72.940514 124.444405 97.208382               2131 
-22.028008 151.381439 101.861580 40.961315 160.027435 93.364418 -19.043762 159.510696 118.768082 73.093414 122.932426 97.389214               2150 
-22.215940 151.723007 101.895531 41.024586 159.930496 93.696747 -19.225477 159.691467 118.068855 73.045296 122.824593 98.443939               2168 
-22.541887 152.044022 101.875473 41.050198 159.922104 93.775185 -19.307426 159.621628 117.627441 73.076843 122.851212 98.750443               2187 
-22.790138 152.212555 101.832375 41.038925 159.918823 93.844543 -19.372976 159.611115 117.541763 73.088058 122.888298 98.973190               2205 
-22.900919 152.197739 101.802086 41.055908 159.796463 93.849388 -19.366858 159.533081 117.510223 73.090782 122.760933 99.030701               2224 
-23.203756 152.470230 101.599693 40.913136 159.827866 93.728874 -19.544458 159.796829 117.478989 72.839622 122.703568 98.943871               2242 
-23.599440 152.421417 100.690865 40.832336 159.261719 93.369019 -19.806538 159.462616 116.867920 72.446121 121.843468 98.384277               2261 
-24.683050 152.389191 98.353325 41.057407 155.575562 91.888031 -19.732956 157.402161 114.939522 70.902435 116.556808 95.282265               2279 
-24.255598 161.144699 99.401413 35.369568 157.353348 88.513710 -20.735937 153.759430 114.977638 70.271278 122.734634 91.364227               2298 
-21.802757 163.001144 99.791794 35.636246 151.912155 88.447144 -18.457445 148.779602 114.527054 70.193451 116.844025 89.304573               2316 
-21.539370 160.579712 98.447456 36.140251 149.899857 87.882141 -17.793716 145.520035 112.490883 71.502563 115.641014 88.622826               2335 
-22.116840 159.502640 97.041504 35.974182 149.635666 87.705002 -17.819983 145.132126 111.166191 71.917351 116.009888 89.155777               2353 
-22.821510 159.121445 95.421371 35.469391 148.969177 87.571541 -18.305899 145.759430 109.985054 71.183617 115.137184 89.716286               2371 
-24.074442 159.140930 93.112106 34.441616 149.244125 86.411522 -19.274300 146.696762 108.400185 70.276558 115.579803 89.109711               2390 
-27.553770 166.505264 91.432487 37.828667 145.700378 86.128464 -16.547239 141.736664 110.723877 75.357857 113.936455 88.834671               2408 
-30.102495 170.436707 91.984314 38.555527 144.091202 85.103920 -16.147976 139.985825 111.183174 75.608673 111.662399 85.486839               2427 
-30.076633 171.113617 92.436920 39.164280 143.705780 85.155914 -15.821930 139.453888 111.159134 75.941299 110.964233 84.765434               2445 
-29.611826 170.140259 92.871422 40.183979 142.520004 84.914467 -14.812751 137.703903 110.967522 76.949669 109.786415 83.687263               2464 
-31.098768 169.559265 92.709869 40.235622 142.146683 84.646889 -14.634116 137.188400 111.435913 77.204048 109.648918 83.253685               2482 
-31.175034 167.875244 93.087181 40.772938 139.617737 84.480019 -14.087638 134.934235 111.497192 77.347916 106.712257 82.428001               2501 
-31.525633 166.321991 92.992119 40.484661 137.053421 83.861427 -14.138607 133.332092 111.629364 76.629700 103.683983 81.687393               2519 
-32.078297 165.233643 93.493340 40.184326 135.725006 84.021805 -14.354738 132.190170 112.180161 76.251762 102.282837 81.682762               2538 
-32.461575 163.391022 93.861313 39.815449 133.068314 84.239487 -14.654655 130.421936 112.852135 75.515465 99.229202 81.973793               2556 
-34.080730 160.626038 93.889450 39.202797 131.822189 84.310760 -15.267910 128.275192 113.038162 75.518105 98.643761 82.052399               2575 
-34.572140 157.562881 94.526535 38.723969 128.464722 83.401703 -15.443423 124.996025 112.887543 74.644463 94.954353 80.013054               2593 
-35.611870 153.662827 94.148300 38.801289 126.899788 82.678940 -14.807200 122.682259 113.355957 75.719421 94.456734 79.644196               2611 
