-34.250404 152.215652 105.664047 30.501373 106.558891 73.638878 -22.513918 107.364067 105.700363 59.199436 68.086227 62.639561                  0 
-34.739204 152.237457 105.509842 30.441418 106.898369 73.875900 -22.626282 107.502281 105.665344 59.469448 68.595772 63.152363                  9 
-35.098820 152.243088 105.476181 30.385080 107.172295 74.057671 -22.717487 107.596794 105.589882 59.641666 69.006462 63.468445                 18 
-35.402954 152.253738 105.381828 30.332067 107.392349 74.160995 -22.795387 107.684807 105.403976 59.778450 69.337425 63.699486                 27 
-35.678070 152.391983 105.109413 30.282730 107.637260 74.188858 -22.849276 107.894379 105.190643 59.909630 69.658669 63.962254                 36 
-35.591362 152.542465 105.010773 30.316191 107.675980 74.113426 -22.727106 108.053795 105.038025 59.932796 69.669212 63.961960                 45 
-33.447662 152.866211 105.187469 30.450171 105.972740 73.078979 -22.019897 107.985672 104.713669 58.642612 67.058914 62.326767                 54 
-31.902433 153.535812 105.217514 30.667315 105.296135 72.473030 -21.322069 108.440109 104.670990 57.965961 65.810104 61.502758                 63 
-30.805399 154.159225 104.830482 30.739300 104.575905 72.130585 -20.922070 108.891167 104.602043 57.324471 64.548271 61.372910                 72 
-30.904064 154.284973 104.620033 30.785820 104.713188 72.157608 -20.887611 109.027946 104.495407 57.478268 64.710449 61.574417                 81 
-32.183128 154.421890 103.787849 30.836189 105.743095 72.532501 -21.132362 109.350014 104.181145 58.495632 66.193306 62.761139                 90 
-32.099545 154.547302 103.691673 30.852854 105.713287 72.526131 -21.053225 109.427094 104.078377 58.476337 66.114189 62.853230                 99 
-31.967220 154.753189 103.514122 30.875807 105.687927 72.473206 -20.953852 109.577812 103.997757 58.435692 66.011559 62.936520                108 
-31.723534 154.997635 103.297203 30.883051 105.544617 72.378044 -20.844404 109.740211 103.902328 58.288086 65.725517 62.991196                117 
-31.472754 155.297318 103.069199 30.875526 105.446182 72.251289 -20.710970 109.950188 103.817505 58.123901 65.483719 63.018883                126 
-31.271080 155.512177 102.956100 30.911631 105.426743 72.167999 -20.573191 110.073265 103.724281 58.061939 65.380951 63.008011                135 
-30.500040 155.533447 102.853546 30.909550 104.621536 71.854950 -20.359591 109.902863 103.533333 57.511253 64.225677 62.622738                145 
-29.653625 155.231247 103.404564 30.986734 103.903412 71.575111 -20.058168 109.434219 103.465782 57.050762 63.288872 61.785557                153 
-28.924921 155.177292 103.777969 31.001820 103.404350 71.310516 -19.806126 109.235832 103.401634 56.582939 62.579605 61.129330                162 
-28.540377 154.633347 104.321060 31.099142 103.019089 71.068932 -19.557720 108.637108 103.336227 56.508537 62.226452 60.343559                171 
-28.772745 154.804184 103.897179 30.962132 103.198105 70.805351 -19.564478 108.817444 103.191162 56.496895 62.434223 60.270096                180 
-28.780973 154.939957 103.797241 30.845589 103.205078 70.698380 -19.569462 108.913902 103.152756 56.321877 62.398132 60.188290                189 
-28.644173 155.153656 103.917175 30.795988 103.243149 70.679756 -19.539049 108.993568 103.170692 56.188087 62.402729 60.096230                198 
-28.851467 154.611664 105.130241 30.872936 103.583313 70.922256 -19.487295 108.401794 103.429230 56.531029 63.113945 59.581974                207 
-29.074917 154.173935 106.085152 30.917950 103.883308 71.080460 -19.446074 107.901894 103.559616 56.841274 63.758198 59.136150                216 
-28.899839 155.695587 105.838600 30.947338 104.734245 70.997787 -19.399109 108.691872 103.385727 57.140434 64.687279 59.384327                225 
-28.599968 156.645355 106.532356 30.706991 104.845688 71.254898 -19.641945 108.749512 103.502174 56.866375 64.812233 59.519516                235 
-28.201651 158.042770 106.875961 30.307793 104.978394 71.521011 -20.040251 109.333984 103.538185 56.155781 64.717766 59.873131                243 
-28.008751 159.238205 107.219681 29.812492 105.074715 71.816360 -20.553892 109.864532 103.529015 55.324036 64.589172 60.206379                253 
-27.350693 159.633209 108.321289 29.638332 104.860611 71.988457 -20.711138 109.752670 103.504333 54.685673 64.260345 59.783588                262 
-24.914474 160.510437 110.207268 30.015234 104.313087 72.362511 -20.276567 110.047127 103.605873 53.732761 63.233410 59.147026                271 
-22.672676 160.856415 111.735092 30.321720 103.495605 72.466827 -19.934610 110.000893 103.338509 52.799198 62.040607 58.290916                280 
-21.077623 162.530991 112.426216 30.890718 104.232437 72.452820 -19.343872 110.721642 103.207275 53.246025 62.779491 58.079113                289 
-20.055632 164.520950 112.928978 31.001728 105.131134 72.429092 -19.381012 111.378632 102.847282 53.517773 63.771378 58.037830                298 
-18.565231 166.348221 113.305557 30.958729 105.513252 72.414711 -19.261166 112.264549 102.839912 52.999863 63.883118 58.067924                307 
-16.668966 168.321716 113.918877 30.931025 105.759438 72.405441 -19.253750 112.713432 102.594490 52.665245 63.957668 58.089516                316 
-15.439855 171.472610 113.725609 31.113695 107.217445 72.849663 -19.016655 114.355194 102.997459 53.077419 65.268494 59.337070                325 
-13.471050 172.888306 114.321701 31.268299 107.266647 72.731918 -18.996035 114.343292 102.668915 53.132820 65.301857 59.108063                334 
-12.487495 173.409622 115.213448 31.255766 107.122765 72.964066 -19.214924 114.211868 102.545670 52.937183 65.130264 59.134525                343 
-12.680717 173.222275 116.579575 31.388151 107.287064 73.791138 -19.642620 113.955437 102.486221 53.215675 65.485023 59.618687                352 
-12.746291 173.075119 117.461723 31.592800 107.441925 74.317741 -19.821142 113.875832 102.361137 53.484295 65.759430 59.894077                361 
-12.491786 172.961639 117.882500 31.691252 107.266945 74.496086 -19.867249 113.753525 102.243362 53.474285 65.571503 59.946186                370 
-11.816471 173.616669 117.764893 31.663122 107.220032 74.385223 -19.743462 113.961334 102.339554 53.303543 65.388176 60.015205                379 
-11.659591 174.407822 117.124596 31.643080 107.442650 74.104980 -19.718498 114.126144 102.149734 53.509693 65.597977 60.119843                388 
-10.956114 175.295197 116.993469 31.650795 107.570175 73.949432 -19.640720 114.275482 102.101479 53.577484 65.692879 60.157333                397 
-11.125170 176.621552 116.414383 31.569174 108.252739 73.947975 -19.745808 114.632050 102.106606 54.024998 66.482651 60.692566                407 
-11.189681 178.189667 115.833946 31.458281 108.928467 74.120155 -19.889627 115.134476 102.235321 54.383350 67.210182 61.521126                415 
-12.495296 180.927185 115.543625 31.094763 111.029419 75.023392 -20.462149 116.459763 102.876068 55.099277 69.652397 63.342831                424 
-11.602788 181.789841 115.434975 31.008326 110.867516 74.973091 -20.391785 116.597145 103.029182 54.846943 69.339722 63.489506                433 
-10.849289 182.806763 114.965485 30.540752 110.482925 74.799500 -20.662123 116.512451 102.880104 54.159534 68.732964 63.672775                460 
-10.689256 183.257172 114.822464 30.475618 110.529823 74.860718 -20.649609 116.614670 103.021080 54.102638 68.740021 63.902306                469 
-10.629941 183.215454 114.950294 30.440077 110.395317 74.678947 -20.606510 116.183243 102.898636 54.158245 68.688309 63.602695                478 
-10.518395 182.814926 114.910706 30.324619 109.890686 74.303360 -20.579981 115.493973 102.685318 54.036854 68.221138 63.074440                488 
-10.623061 179.901489 118.193268 30.434692 108.628502 74.788773 -20.651718 113.074646 102.848625 54.170616 67.432045 61.975979                497 
-10.592841 179.609344 118.050110 30.572128 108.392792 74.485649 -20.380692 112.631645 102.685699 54.420120 67.282478 61.604439                506 
-11.018034 177.929855 119.985001 30.574394 107.964584 74.555389 -20.382721 111.264664 102.692574 54.608093 67.301216 60.642048                515 
-9.446646 173.409653 125.364616 30.770777 106.258110 74.376678 -20.084414 108.650696 102.566093 53.801838 66.228561 57.291161                524 
-9.053735 170.518051 128.530563 30.892147 105.453621 74.200264 -19.741308 107.172012 102.550720 53.508335 65.973518 55.371044                533 
-10.390545 172.401230 126.644218 30.565914 106.384201 73.865402 -19.885925 108.258255 102.333389 53.699692 66.680099 56.170124                542 
-10.644513 171.664261 127.541237 30.581366 106.276642 73.878410 -19.811232 108.019485 102.287064 53.658401 66.694962 55.838161                551 
-10.671078 170.546432 128.939209 30.612175 106.097588 73.902618 -19.665262 107.775955 102.324440 53.414318 66.651268 55.227505                560 
-10.850211 170.773605 128.888962 30.589872 106.279259 73.764030 -19.559500 108.181396 102.252701 53.275223 66.726036 55.172966                569 
-11.327162 169.618668 129.952682 30.577032 106.119118 73.801239 -19.487810 107.841148 102.286003 53.162708 66.737297 54.731133                578 
-11.965956 168.669342 130.723038 30.552910 106.045746 73.794510 -19.432327 107.698959 102.255455 53.065434 66.763237 54.435249                587 
-13.580250 167.782990 130.946518 30.489199 106.107452 73.754417 -19.404276 107.793419 102.222885 53.006416 66.837502 54.375153                596 
-15.790730 166.535217 131.069336 30.419888 106.146347 73.717247 -19.405796 107.857658 102.176132 52.943260 66.888641 54.320328                605 
-17.518677 165.569275 131.162247 30.362598 106.178490 73.686516 -19.411884 107.918617 102.123436 52.891060 66.930908 54.275028                614 
-17.834297 165.991150 130.649689 30.371025 106.322441 73.484856 -19.314003 108.221390 102.012001 52.960815 66.959457 54.380753                623 
-18.670317 166.601044 129.497787 30.296297 106.537582 73.299965 -19.378698 108.413338 101.812202 53.317940 67.104980 54.866730                632 
-19.120455 166.985748 128.721878 30.230053 106.529785 73.205132 -19.420898 108.539864 101.713020 53.446861 66.995689 55.240021                642 
-19.410917 167.410492 128.158630 30.126236 106.570038 73.149979 -19.499413 108.768227 101.654655 53.424992 66.923218 55.542950                650 
-19.704165 167.763412 127.835823 30.035625 106.703598 73.130119 -19.563131 108.975136 101.650032 53.435814 67.007523 55.770329                659 
-19.990675 168.016525 127.608856 29.955681 106.819679 73.091003 -19.622534 109.099884 101.624687 53.468391 67.108299 55.919270                668 
-20.131849 168.072845 127.477631 29.972916 106.813683 73.014946 -19.566797 109.075775 101.596985 53.579773 67.106766 55.962471                677 
-20.315407 168.011383 127.381805 29.993288 106.769447 72.932785 -19.517267 108.975006 101.555443 53.718983 67.093201 55.974110                686 
-20.351583 168.018967 127.456123 29.988102 106.740189 72.895905 -19.485506 108.965645 101.570000 53.740189 67.063148 55.976070                696 
-20.355087 167.891632 127.467934 30.064646 106.627426 72.787521 -19.351042 108.807472 101.559647 53.902435 66.983315 55.911083                704 
-20.028130 168.412903 127.102455 30.053469 106.462524 72.670113 -19.292982 109.036232 101.526176 53.759525 66.621506 56.074150                714 
-19.769184 167.873352 127.530350 30.144566 106.221382 72.444702 -19.137842 108.630501 101.416870 53.811909 66.496094 55.519333                723 
-19.579958 167.445099 127.845482 30.215002 106.034943 72.270416 -18.995371 108.350891 101.374039 53.852493 66.400978 55.091133                732 
-19.426239 167.115997 128.094437 30.269997 105.889366 72.134331 -18.877028 108.147018 101.354073 53.884235 66.327820 54.757286                741 
-19.261868 166.986877 128.228378 30.308245 105.788124 72.039688 -18.790421 108.023041 101.362259 53.906342 66.277512 54.525368                750 
-19.115719 166.880615 128.342468 30.341177 105.700951 71.958206 -18.706621 107.936157 101.387138 53.925392 66.234573 54.325863                759 
-18.713402 167.614731 128.096954 30.351610 105.758789 71.987038 -18.695166 108.167656 101.424026 53.923737 66.208290 54.527863                768 
-18.156086 168.358490 128.037491 30.362133 105.766739 72.150307 -18.666824 108.443695 101.592033 53.820210 66.085434 54.834908                777 
-17.845512 168.638748 128.169006 30.487791 105.860382 72.266006 -18.531036 108.575478 101.725922 53.926132 66.171532 54.941204                786 
-17.556379 169.115082 127.869621 30.559023 105.894608 72.348274 -18.452421 108.667709 101.812088 53.960304 66.184143 55.022888                795 
-16.980980 167.729248 129.562256 30.652750 105.511833 72.551674 -18.399132 107.996582 101.955040 53.672958 66.060181 54.157463                804 
-16.284203 166.099228 131.763123 30.649912 105.095169 72.891541 -18.452351 107.436653 102.173882 53.095051 65.909088 53.260529                813 
-16.213388 164.896027 133.072189 30.645416 104.897018 73.095436 -18.551235 107.095863 102.192062 52.854256 65.927490 52.776646                822 
-16.359354 163.710571 134.195068 30.642439 104.765732 73.230522 -18.608160 106.871277 102.211975 52.702145 65.951958 52.456249                831 
-16.528738 162.680817 135.088516 30.650610 104.683266 73.291199 -18.610384 106.758888 102.222031 52.607330 65.964005 52.233395                840 
-16.888609 161.356552 136.178604 30.657389 104.614845 73.341545 -18.599550 106.676163 102.238197 52.530407 65.976845 52.048676                849 
-17.178623 159.973633 137.321014 30.674807 104.548820 73.441154 -18.595957 106.610542 102.273735 52.432243 65.992683 51.883129                858 
-17.651302 158.655029 138.338989 30.655214 104.580261 73.554840 -18.623760 106.687424 102.307625 52.341682 66.061813 51.858387                867 
-18.076883 157.172455 139.392685 30.657303 104.600235 73.577095 -18.612305 106.745056 102.305428 52.319130 66.093971 51.834446                876 
-18.378080 156.028549 140.227051 30.659502 104.615517 73.592934 -18.596052 106.797386 102.316887 52.301064 66.117371 51.815750                885 
-17.774862 154.788681 141.269409 30.592344 104.058395 73.534889 -18.610266 106.924149 102.264946 51.482235 65.387695 51.333557                894 
-17.696095 154.032883 141.909363 30.505499 103.927925 73.548355 -18.628904 107.151917 102.339951 51.027542 65.159935 51.174294                904 
-17.901548 153.419510 142.258408 30.487190 103.923668 73.552605 -18.625975 107.227425 102.363777 50.941223 65.146172 51.132801                913 
-18.124189 152.913864 142.497009 30.467340 103.941994 73.551399 -18.631929 107.316170 102.375732 50.866245 65.157707 51.093128                921 
-18.251122 152.556259 142.740417 30.466288 104.004456 73.576454 -18.593258 107.453987 102.469238 50.805519 65.213402 51.075798                930 
-18.162376 151.891998 142.831284 30.470556 103.681129 73.352074 -18.480488 107.182312 102.435966 50.715221 64.904556 50.741440                939 
-17.911325 151.289993 142.825455 30.523178 103.256104 73.072060 -18.337692 106.987221 102.300102 50.536507 64.431747 50.337811                948 
-17.797174 150.841110 142.759949 30.566639 102.958023 72.843666 -18.205544 106.858833 102.236290 50.449863 64.094337 50.062508                958 
-17.877464 150.607773 142.820435 30.551088 102.964394 72.798820 -18.140451 106.988693 102.351654 50.343761 64.075104 49.982521                967 
-17.855631 150.848587 142.871841 30.476273 103.082146 72.877747 -18.137033 107.443970 102.531982 50.063351 64.048485 50.130680                976 
-18.617687 151.411621 142.998169 30.369612 103.868088 73.340874 -18.337547 108.196693 102.845169 50.160690 64.809891 50.813545                985 
-18.612595 151.309555 143.123123 30.360991 103.874023 73.407997 -18.306051 108.426781 102.939522 49.956615 64.738037 50.844837                994 
-19.329117 151.339035 142.664505 30.608831 103.980751 73.607422 -18.231161 108.365181 102.878036 50.657597 64.827911 51.475719               1003 
-19.437462 151.068436 142.747971 30.668995 103.939613 73.658478 -18.187206 108.319565 102.908783 50.719074 64.806313 51.493439               1012 
-19.422340 150.809738 142.968094 30.859671 103.959213 73.817429 -18.051733 108.324867 102.988892 50.906658 64.871780 51.568806               1021 
-19.374084 151.214157 142.720245 31.105576 104.096092 73.896271 -17.763319 108.486908 103.160553 51.321896 64.914688 51.968483               1030 
-19.343235 151.544800 142.508698 31.317122 104.213852 73.964088 -17.509153 108.627731 103.324501 51.681557 64.955940 52.311932               1039 
-19.373877 151.703033 142.358383 31.441776 104.272530 73.997589 -17.357010 108.692627 103.437820 51.916668 64.974129 52.523785               1048 
-19.488047 151.457932 142.404556 31.458483 104.234917 73.997238 -17.374010 108.623917 103.402687 51.945183 64.977287 52.460209               1057 
-20.068180 151.035599 142.204697 31.312984 104.192039 73.861214 -17.568159 108.327484 103.252693 52.051804 65.058075 52.340446               1066 
-20.617491 150.711594 142.043060 31.105507 104.241913 73.698990 -17.797859 108.143623 103.112213 52.053650 65.233566 52.152901               1075 
-21.115206 150.821274 141.664963 30.846348 104.326797 73.515968 -18.036724 108.239204 102.969261 51.917397 65.309303 52.106716               1084 
-21.490543 151.607300 141.024231 30.715530 104.379768 73.567017 -18.110027 108.606262 103.066696 51.918152 65.135765 52.708767               1093 
-22.467627 151.639267 140.293991 30.502481 104.429680 73.419624 -18.185190 108.408035 103.186394 52.255482 65.250267 53.011524               1102 
-22.991772 151.600708 139.868851 30.391041 104.402290 73.323051 -18.113092 108.359909 103.435303 52.370991 65.227524 53.150555               1111 
-23.267120 151.616791 139.574219 30.439943 104.417274 73.359200 -17.714088 108.602890 104.117744 52.398376 65.152359 53.339130               1121 
-23.322350 151.942123 139.060852 30.449177 104.356125 73.248245 -17.311296 109.020447 104.769440 52.200417 64.869667 53.438839               1129 
-22.475853 152.256332 138.760040 30.521372 103.764748 73.069069 -16.754498 109.599686 105.399757 51.287453 63.793247 53.175377               1138 
-22.035921 153.176773 137.644867 30.593096 103.508446 72.609612 -16.043324 110.452362 106.059029 50.691177 63.040070 53.037003               1147 
-21.332207 153.707031 136.880371 30.689333 103.120232 72.080254 -15.398781 111.009918 106.366722 50.046738 62.274395 52.545204               1156 
-21.036543 154.344742 135.309540 30.377962 102.797905 70.874237 -14.778259 111.797890 106.459785 48.825718 61.511436 51.385323               1165 
-20.470657 155.618805 134.409378 30.496677 103.145210 70.384445 -14.080644 112.994064 106.767067 48.345665 61.517193 51.065231               1174 
-20.864506 156.812454 133.083374 30.157734 103.274887 70.061600 -14.113110 114.080452 106.879326 47.519089 61.239830 51.184433               1184 
-21.490120 159.960342 130.439606 30.936737 105.300125 69.678101 -12.879931 116.931969 107.054176 48.655499 62.878479 52.038380               1192 
-23.854126 165.402573 124.918419 30.658524 109.424469 67.371094 -12.632535 121.932938 105.536613 49.358162 66.635445 51.746353               1202 
-24.722387 168.519501 121.950798 30.656000 111.897835 65.949112 -12.453656 125.107094 104.563164 49.066528 68.835716 50.736752               1211 
-25.428366 175.102753 118.753685 31.275997 117.326492 65.397247 -11.751649 131.469070 104.026993 50.314823 73.974426 51.875736               1220 
-25.648643 176.196625 117.419945 30.630529 118.746826 63.332253 -11.331841 132.798767 103.227455 49.770668 75.491005 49.646534               1229 
-25.692989 179.664124 113.519035 31.275394 121.026588 61.521339 -10.687690 136.131516 101.055725 50.543644 77.453644 49.077751               1238 
-26.985802 184.635803 107.386055 31.799421 124.088348 59.786747 -10.789780 140.849884 97.891037 51.685390 80.133240 49.927406               1247 
-28.341278 187.409317 103.276474 32.192348 126.651878 58.204739 -11.450657 143.726013 94.785782 52.268360 82.612343 49.139267               1256 
-30.298031 189.876205 99.986847 31.107500 129.487320 55.605984 -12.953247 146.394455 91.499268 51.227798 85.490295 46.432934               1265 
-30.756536 191.153793 96.464333 31.206118 130.729263 52.912991 -13.127480 147.757843 88.061356 51.305202 86.694244 43.876743               1274 
-31.114973 192.330124 91.414711 31.093115 130.441757 50.349480 -13.819113 148.647507 83.799278 50.579350 85.959641 42.204666               1283 
-32.511837 193.860565 84.107544 31.485901 131.737839 46.283180 -13.617952 150.474106 78.939011 52.377777 87.511993 40.598614               1292 
-34.097885 197.626099 77.804420 30.061132 134.393326 42.165535 -14.860766 154.210297 73.987328 51.085342 90.057289 38.041466               1301 
-37.027508 198.757401 70.572914 30.021332 136.607941 38.539173 -16.226223 155.894180 68.065125 52.470982 92.842911 36.227131               1310 
-40.220623 199.807144 64.545143 29.694647 139.425507 35.397305 -17.820211 157.605530 62.622414 53.567444 96.370728 34.355206               1319 
-43.392773 199.892654 57.466270 29.162767 141.247208 31.398514 -19.379358 158.289612 55.912632 54.428772 98.984871 31.882174               1328 
-46.116055 199.415421 49.257252 28.880840 142.291061 27.011129 -20.604145 158.377960 48.724316 55.473640 100.930298 29.622515               1337 
-48.817608 198.941681 41.334774 28.153711 143.319382 22.263514 -22.102371 158.349380 41.353077 55.705978 102.723282 26.451479               1346 
-50.255676 197.434021 33.753853 28.577049 143.265121 18.494921 -22.588890 157.215851 34.571884 56.779648 103.317711 24.285206               1355 
-52.445145 197.473618 25.313030 27.594692 144.152695 13.832906 -24.080786 157.404480 27.184650 56.254723 104.876297 21.622461               1364 
-55.183338 197.711945 15.560953 26.694939 146.460617 8.479434 -25.678562 158.033859 18.722073 56.337387 108.517097 18.790815               1373 
-56.422195 198.031876 6.769852 26.073923 147.385056 3.635254 -26.697229 158.168335 11.067489 55.799381 110.157379 16.093451               1382 
-57.452915 199.422546 -1.459341 25.153929 148.862778 -1.519318 -27.816662 158.951660 3.435389 54.711151 112.117958 12.654564               1392 
-57.376263 200.250153 -8.410444 25.108540 149.573532 -5.579522 -28.164576 159.051788 -3.034272 54.240654 113.035309 9.944286               1400 
-56.076065 201.535172 -14.969370 25.801929 150.096313 -9.529125 -27.734774 159.324799 -9.015170 54.284176 113.655220 7.368167               1409 
-55.219818 203.152725 -22.237619 26.152565 151.331726 -13.729445 -27.944805 159.796021 -15.531450 54.007977 115.150192 4.701040               1418 
-54.778328 204.424179 -29.430073 26.543213 153.046783 -18.197903 -28.109554 160.366455 -21.744326 54.196239 117.510979 1.732638               1428 
-54.913280 204.370499 -35.934967 26.143784 153.118958 -22.453020 -28.664951 159.893372 -27.912571 53.269779 117.582146 -1.812645               1437 
-55.951824 203.151978 -42.657715 25.731333 153.744751 -26.370741 -29.135248 159.053268 -33.823383 52.938927 118.852150 -4.761395               1446 
-56.849789 201.483780 -47.994263 25.213245 153.407562 -29.757647 -29.438387 157.695496 -39.387566 52.301571 118.461655 -8.084712               1455 
-57.263409 201.427917 -55.496334 25.313423 155.676514 -33.911938 -29.304466 158.283356 -45.053936 52.592010 121.978447 -10.566088               1464 
-57.464294 199.764160 -65.016571 25.322004 156.494980 -39.482304 -29.665916 157.143951 -50.629852 52.862843 125.587151 -12.819251               1473 
-58.474346 199.365875 -70.899193 24.986431 158.066879 -44.323402 -30.634760 155.997452 -55.870728 53.046211 128.421143 -16.782722               1482 
-59.872993 199.149002 -74.849518 24.480967 160.191086 -47.571838 -31.417910 154.815506 -60.213806 53.148792 131.458664 -19.691502               1491 
-59.463100 197.981445 -83.476151 24.564554 160.885834 -52.809303 -31.723850 152.815094 -65.135262 53.098553 135.023911 -22.122465               1500 
-59.883564 190.558121 -90.197517 24.294746 161.561646 -56.849998 -32.138622 151.069916 -69.445160 52.822071 137.525391 -24.707190               1509 
-59.466049 178.961807 -95.268372 23.512447 162.260406 -61.016678 -33.056660 149.422729 -74.246452 51.921707 138.954758 -28.237560               1518 
-59.388290 173.396301 -98.187523 22.703575 163.647247 -62.693913 -33.478966 148.077118 -77.588989 51.198235 140.408752 -29.941259               1527 
-59.512253 163.721191 -101.479324 21.720163 161.721313 -63.980427 -32.883892 141.448181 -80.662849 51.055252 140.177429 -30.813820               1536 
-59.673405 154.808136 -105.095268 20.099192 157.442841 -65.105743 -32.626320 133.962936 -84.475639 49.843384 136.346893 -32.015656               1545 
-57.788567 132.221802 -103.010948 19.467918 151.678680 -62.710430 -27.310946 117.267677 -81.737877 52.486404 137.785751 -28.924698               1554 
-47.361214 148.264679 -114.905998 25.450878 158.648514 -62.726696 -25.151203 127.237617 -79.250992 55.765541 145.262558 -26.304893               1564 
-45.273037 146.091324 -128.707184 23.851318 159.194321 -70.363937 -29.148394 129.311035 -82.393684 51.914364 150.977570 -30.744995               1572 
-45.033234 140.533920 -135.197861 22.496309 158.509781 -75.181572 -31.754108 129.472748 -83.902794 49.666927 154.745087 -34.287872               1581 
-49.682671 143.346375 -145.709351 17.386454 159.296829 -84.383423 -37.784328 131.909378 -93.637192 44.408108 154.018250 -43.558472               1608 
-49.975807 142.934021 -147.031281 16.795824 159.376953 -85.513817 -38.306496 131.719208 -94.624641 43.934422 154.236221 -44.748886               1618 
-49.990444 143.626694 -148.225830 16.349497 159.288010 -85.953041 -38.783497 131.548920 -95.231972 43.605450 153.726654 -45.321842               1626 
-49.920563 143.548035 -149.592896 15.902431 159.161133 -86.660591 -39.109890 131.012436 -95.968300 43.251446 153.618225 -46.089447               1635 
-49.028713 134.847366 -149.357147 15.627086 157.738968 -87.375710 -38.634754 127.399445 -94.297112 42.824928 156.656830 -46.341381               1645 
-48.119923 129.119095 -150.232590 15.053417 156.121490 -88.327164 -39.348534 125.636696 -94.287224 41.221439 158.004608 -46.657051               1653 
-50.058739 131.985153 -150.475418 14.175055 156.645981 -88.638298 -40.246719 126.032768 -94.788765 41.118393 157.011383 -47.423828               1662 
-52.306210 130.068161 -150.016708 12.835301 156.156555 -89.697723 -41.171883 124.404015 -94.434006 40.494034 157.461136 -48.979149               1672 
-54.093235 133.237946 -150.926575 12.202697 155.292709 -90.168159 -42.480495 124.534447 -95.356850 40.310188 154.536514 -49.744072               1681 
-55.682594 132.614365 -149.540604 11.213160 155.576157 -89.672424 -42.607422 123.033333 -94.065109 40.195080 155.181763 -49.865353               1690 
-57.033596 128.743973 -148.740341 10.018176 154.457779 -90.094673 -43.261982 120.831360 -92.941879 39.315575 155.866058 -50.542316               1699 
-55.513165 129.856140 -150.099472 10.083113 155.239319 -89.624710 -43.023438 121.087540 -93.843742 38.603092 156.365265 -49.499245               1708 
-54.817196 129.872665 -151.243301 9.796975 155.548096 -89.790337 -43.086864 120.567177 -94.605309 37.950085 156.706390 -49.407536               1717 
-53.833660 115.954498 -149.746765 8.650710 151.142456 -90.738533 -42.849838 113.642990 -91.941597 36.145714 158.219223 -50.506035               1726 
-54.783756 120.203987 -152.756012 7.271339 152.259003 -91.454079 -43.845245 114.165688 -94.930580 34.793526 157.158127 -50.917206               1735 
-55.238319 122.995422 -154.724564 6.545292 152.943588 -91.920517 -44.162956 114.280937 -96.682343 34.171120 156.643906 -51.327030               1744 
-55.344902 123.147331 -155.626572 6.024576 153.027603 -92.232880 -44.141399 113.570786 -97.260834 33.681190 156.788361 -51.665916               1753 
-56.011463 124.972084 -157.644821 4.934600 152.964874 -92.891754 -44.635403 112.925072 -99.445724 32.581482 155.556671 -52.226749               1762 
-55.708687 123.771500 -158.539749 4.419975 152.471313 -93.253876 -44.577915 111.761467 -100.037811 31.754791 155.532364 -52.410915               1771 
-55.897629 122.705307 -158.112137 4.162158 152.249954 -93.077789 -44.331020 110.876991 -99.478310 31.646839 155.833908 -52.378193               1780 
-56.356297 118.310394 -156.825607 3.644727 151.132462 -93.273743 -44.067703 109.295227 -98.335472 31.333200 156.718491 -52.939453               1789 
-56.942490 118.593468 -156.648117 3.286115 151.186356 -93.150665 -44.061874 109.558487 -98.748726 31.213596 156.642120 -52.963596               1798 
-57.705528 115.717712 -155.632004 2.759504 150.189682 -93.323593 -44.082401 108.462494 -98.101204 30.965576 156.824234 -53.510151               1807 
-58.299561 114.362106 -155.122147 2.388164 149.643600 -93.453651 -44.086487 107.974434 -97.969345 30.777657 156.825699 -53.866226               1816 
-55.976414 103.448090 -153.202972 2.800702 145.727173 -94.108284 -43.985062 105.067307 -95.919777 29.695356 157.715912 -54.641117               1825 
-55.243427 101.904495 -153.061462 3.278516 145.104523 -94.352203 -43.866425 105.632141 -96.329674 29.736977 157.960312 -54.863113               1834 
-55.183178 101.937279 -153.163879 3.316093 145.138092 -94.407593 -43.614365 106.020660 -96.896317 29.729393 158.055618 -54.908417               1843 
-57.312843 109.678543 -155.077087 2.728376 148.236237 -94.646355 -43.046246 108.252083 -99.463737 30.639339 157.750610 -55.210773               1852 
-58.714142 112.720100 -156.909286 2.133514 149.102966 -95.918953 -43.473965 109.207664 -101.721390 30.639948 157.187149 -56.590351               1861 
-59.263454 114.411606 -157.669952 2.113203 149.658966 -96.524422 -43.504475 109.959381 -102.747337 30.956394 157.045059 -57.304203               1870 
-59.383053 112.371437 -156.653275 2.305902 149.205460 -96.752937 -43.190575 109.320885 -101.846741 31.428366 157.587036 -57.941326               1879 
-56.164963 120.532501 -161.537323 3.945309 151.671967 -96.966888 -42.006027 113.250618 -106.589294 31.780815 156.653549 -56.654625               1888 
-54.082745 120.108528 -161.040100 5.960047 151.520081 -96.524788 -40.971870 114.272957 -105.688850 33.316338 157.002319 -55.950310               1898 
-54.752575 123.811722 -161.277603 6.506747 152.985168 -96.842087 -40.802567 116.467796 -106.366165 34.496239 157.182007 -56.547112               1907 
-52.134945 122.437126 -162.222504 8.003109 153.368729 -97.539215 -39.213089 116.963455 -106.938713 35.171555 158.777863 -56.828934               1916 
-49.989693 129.027115 -162.889160 10.420421 156.393509 -96.855530 -36.701038 120.653984 -108.115334 37.728497 159.621124 -56.007504               1925 
-48.679989 137.318863 -162.855972 12.938305 159.344955 -95.937088 -35.248333 125.839561 -108.764000 40.559010 159.633713 -55.172848               1934 
-45.846344 141.017548 -163.887283 15.146845 161.351212 -95.859543 -32.628639 127.986282 -110.138817 42.488514 160.560944 -54.914234               1943 
-44.061108 144.978912 -165.269882 16.666250 163.362717 -96.445030 -30.887604 130.312424 -111.950638 43.908798 161.381210 -55.473976               1952 
-42.917427 148.311249 -166.505661 17.973980 165.496780 -97.507896 -29.201220 132.318451 -113.724884 45.494095 162.701080 -56.770481               1961 
-39.537041 148.581360 -165.700333 21.234911 165.767365 -96.589386 -26.489479 133.331970 -112.555519 48.430489 163.158539 -55.622272               1970 
-36.202091 151.744705 -166.028580 23.889036 167.787491 -96.045547 -23.512608 135.491623 -113.109779 50.765469 164.463272 -54.919922               1979 
-33.096481 158.823227 -168.017960 26.534843 170.666885 -96.808609 -21.368464 140.188065 -115.658600 52.867138 165.090485 -55.574833               1988 
-29.253250 160.378738 -168.310165 29.746876 172.335510 -96.589066 -18.056248 141.922516 -115.757202 55.685745 166.857544 -55.093559               1997 
-26.338364 160.794327 -168.977097 32.129631 173.268021 -96.902840 -15.396506 142.591904 -116.266571 57.811245 168.069382 -55.211849               2006 
-23.380356 160.483307 -169.558182 34.615833 174.704895 -97.420502 -11.895073 142.601273 -116.832397 60.408760 170.286362 -55.708252               2015 
-18.828047 164.772568 -169.348465 38.281715 176.712448 -96.092697 -7.915211 145.278320 -117.038124 63.543854 171.007111 -54.212116               2024 
-14.305107 164.513687 -169.875656 41.509872 177.023682 -95.717247 -3.980844 145.334579 -117.243820 66.013222 171.666931 -53.342709               2033 
-10.953539 167.133820 -170.150787 44.567959 178.809875 -95.631744 -0.464551 147.301605 -117.645020 68.847015 173.022400 -53.184807               2042 
-7.563469 170.076141 -170.800079 47.598633 180.378418 -95.808235 2.834399 149.341522 -118.510757 71.595718 173.866867 -53.305885               2051 
-2.601430 171.991226 -172.014359 51.112091 181.752243 -95.902130 7.407642 150.578033 -119.711761 74.344254 174.914566 -53.027630               2061 
2.465823 174.520432 -172.685287 54.540546 183.019791 -95.289383 11.831731 152.116394 -120.409828 76.804245 175.511261 -52.015144               2069 
5.754052 177.217361 -171.399612 58.006454 184.170395 -93.964821 15.582920 153.767685 -119.360687 80.233086 175.885345 -50.813404               2078 
11.436865 177.964020 -171.824371 62.064423 184.617233 -93.287613 20.273430 154.456650 -119.355125 83.199287 176.282394 -49.600563               2087 
15.789000 178.392197 -172.086990 65.261810 184.911163 -92.802780 24.476309 154.508102 -119.418762 85.746330 176.516052 -48.818504               2096 
18.798292 179.233475 -171.298157 68.062737 185.006104 -91.822899 27.492537 154.859451 -118.638641 88.343803 176.257431 -47.813251               2105 
22.158243 180.079681 -170.301498 71.267044 185.269287 -90.686226 30.801340 155.311127 -117.705627 91.421822 176.230316 -46.677231               2114 
25.486898 179.044479 -169.971115 74.007729 185.053864 -90.050186 33.995224 154.632126 -117.077576 93.881592 176.450531 -45.826641               2123 
29.868895 149.650879 -134.628754 76.185188 184.174088 -89.272926 36.720867 152.575653 -115.665771 96.289848 176.648026 -44.957344               2132 
34.938099 140.302109 -122.542358 80.177322 183.453781 -88.011696 41.001316 152.053650 -115.051064 99.111626 176.102448 -43.154587               2142 
39.610443 136.640945 -119.354736 83.417191 183.044220 -87.382149 45.302208 150.839981 -114.955803 101.545937 176.289642 -42.100426               2151 
41.486271 133.421082 -118.560577 85.116684 180.902496 -87.884476 47.553913 148.235413 -115.356895 102.386345 174.998093 -42.150387               2160 
43.580231 132.130768 -118.863800 87.054192 179.841919 -88.271004 50.319736 146.946381 -115.977585 103.703407 174.020172 -42.296871               2169 
46.976677 131.451248 -119.773300 89.490936 179.642685 -88.563530 54.152149 146.192139 -116.817978 105.521698 173.802155 -42.372486               2178 
49.417046 130.408386 -119.134407 91.767883 179.091446 -88.455017 57.016296 145.070328 -116.323944 107.614418 173.826843 -42.131363               2187 
51.443504 129.067734 -119.082207 93.407570 178.219330 -88.610237 59.323563 143.669861 -116.266960 109.375031 173.167358 -42.304428               2196 
53.074574 128.390976 -119.158234 95.190361 177.345505 -88.572289 61.525402 142.780518 -116.216293 111.138634 172.096664 -42.281773               2205 
54.881996 127.381012 -118.448303 97.084427 176.820969 -88.771629 63.483120 141.779434 -115.726540 113.247459 172.234543 -42.485229               2214 
56.702492 125.259071 -117.397041 98.183525 175.274612 -87.663910 65.091400 139.807816 -114.609772 115.026657 170.488449 -41.640965               2223 
58.641953 122.978233 -117.413445 99.584595 173.432007 -87.671211 66.888145 137.636444 -114.583519 116.882957 168.572052 -41.825195               2232 
60.328934 123.148994 -117.664734 101.715706 172.837631 -87.253845 68.807838 137.660599 -114.677536 118.471230 167.476074 -41.262371               2241 
62.976543 123.067337 -119.151718 104.593292 171.764374 -87.474693 71.701561 137.382874 -115.889084 119.979790 165.902252 -41.067787               2250 
64.756287 121.970779 -119.321533 106.176620 170.614410 -87.304863 73.515076 136.254013 -115.987724 121.076180 164.777908 -40.736111               2259 
66.306229 120.511986 -119.552795 107.518753 169.276428 -87.450111 75.192635 134.595581 -116.111076 122.252335 163.522049 -40.818375               2268 
68.123451 117.902107 -118.935112 108.365852 167.256897 -86.503990 76.829826 131.882034 -115.285973 123.217262 161.470673 -39.913589               2277 
71.637520 113.769218 -114.280144 110.263718 164.583618 -85.930008 79.375412 128.249496 -114.334229 124.548302 159.741959 -39.055508               2286 
73.880310 110.540085 -107.333038 111.512787 162.329147 -85.657600 80.416466 125.759529 -113.697701 125.366241 157.931229 -38.610283               2296 
76.096916 108.412048 -103.623596 112.627777 161.106094 -85.262985 81.822968 123.966591 -113.143021 126.526489 156.833374 -38.217480               2304 
77.498535 106.871353 -102.305077 113.548752 159.976959 -84.986252 82.921936 121.971535 -112.551819 127.519585 155.697891 -37.962688               2313 
78.584595 104.598557 -100.181122 114.677032 157.676605 -82.910721 83.563164 118.939491 -110.421013 128.653473 153.179428 -35.909184               2322 
80.438545 102.484573 -99.040466 115.853165 155.700378 -80.774567 83.906662 116.266121 -109.130867 129.311905 150.761307 -33.666412               2331 
81.962975 100.213287 -98.503754 116.667297 153.669418 -79.542374 82.717064 113.207558 -108.102806 130.154999 148.299301 -32.489700               2341 
82.929298 97.535927 -97.128654 117.217751 151.232742 -77.933205 82.486763 109.561676 -106.307808 130.660095 145.824341 -30.871939               2350 
83.165802 94.590446 -96.178627 118.109909 147.918701 -76.768227 82.171623 105.753822 -104.886139 131.125610 142.438644 -29.595453               2358 
83.490700 92.055328 -95.630264 118.624413 145.467560 -76.410500 81.804520 102.445854 -103.916107 131.687439 140.169250 -29.230043               2367 
84.086647 90.708885 -94.652435 118.847481 144.741486 -76.188622 81.529449 100.428108 -102.514786 132.899063 139.747864 -29.259672               2377 
84.880013 87.297989 -93.893188 119.077576 141.783356 -74.536140 81.736618 96.492188 -101.030838 131.710846 137.335968 -27.151218               2386 
84.887527 84.445534 -92.552376 118.682381 139.589478 -73.037193 81.682274 93.162140 -99.221443 129.849396 136.358887 -25.187729               2395 
84.592392 81.831200 -91.297874 118.317795 137.530975 -71.818466 81.415817 90.267258 -97.397514 128.875885 135.208054 -23.778475               2404 
82.862938 75.622696 -88.647881 114.935638 131.239532 -65.241913 79.763069 84.096207 -93.887550 123.379997 127.440826 -16.878984               2413 
82.714104 73.143700 -87.659630 114.137253 128.948425 -62.546902 79.673759 81.537743 -92.061867 121.365623 125.080475 -13.992816               2422 
83.870735 71.704842 -88.373329 114.982552 127.760712 -62.044621 80.859741 79.992516 -91.938393 120.715294 124.428703 -13.251759               2431 
85.123589 70.613312 -87.094925 118.024055 129.026657 -66.658752 80.976326 78.639824 -88.712212 131.757095 127.878761 -19.385122               2440 
85.508865 68.700912 -85.357384 120.257530 128.634598 -69.612556 81.345871 76.728020 -85.036209 137.903687 130.505203 -23.679733               2449 
85.519974 66.621849 -83.552315 120.356422 128.252731 -71.255585 81.478622 74.812691 -81.977066 138.931229 133.557266 -25.961569               2458 
86.079880 65.143166 -82.293365 121.815552 127.372925 -71.688568 82.349648 73.611916 -79.552330 140.888123 134.539627 -26.860167               2467 
85.756195 61.202549 -78.491608 122.750610 124.089310 -75.752022 82.438850 70.184067 -75.481445 144.324020 135.811005 -33.068310               2476 
83.997536 57.247047 -76.270226 121.600861 119.980705 -75.755898 80.593971 66.483307 -73.605965 141.830490 134.030823 -33.117111               2485 
76.958122 51.414608 -66.301888 117.403107 111.490593 -76.607491 73.933678 61.116230 -64.941711 139.625610 130.994339 -37.231430               2494 
73.972580 50.491173 -62.573601 116.023506 107.895111 -79.555344 71.303802 60.380135 -61.891972 140.521622 129.803345 -42.886814               2503 
72.155449 46.813873 -67.982231 114.847389 105.065002 -79.675476 69.475082 56.611378 -66.697220 138.085175 124.424988 -40.817959               2512 
71.420105 44.720451 -71.356407 114.252617 103.486160 -79.553513 70.338211 53.491764 -69.618935 136.641312 121.131226 -39.402451               2521 
71.126312 43.843616 -72.808426 113.996674 102.806763 -79.501030 72.705482 51.286858 -70.977798 136.018478 119.698357 -38.826416               2530 
70.915314 43.509666 -74.322258 114.113274 102.399521 -79.445518 73.901649 50.234760 -72.516663 135.354523 118.683174 -38.113186               2539 
70.877533 43.383179 -75.365463 114.250778 102.181770 -79.347862 74.600685 49.709835 -73.725937 134.863342 117.963623 -37.505714               2548 
70.832359 43.278465 -76.186493 114.347137 102.029175 -79.279427 75.027855 49.384491 -74.566147 134.511719 117.460251 -37.089600               2557 
70.841667 43.183285 -76.801971 114.417564 101.930794 -79.235985 75.338448 49.143929 -75.157913 134.262894 117.123299 -36.808865               2566 
70.856888 43.097816 -77.346588 114.497261 101.825974 -79.209229 75.530502 48.967873 -75.670532 134.096329 116.785332 -36.585243               2575 
70.977516 42.945030 -77.936188 114.593964 101.718201 -79.063843 75.738190 48.761436 -76.200378 133.739410 116.489159 -36.168850               2584 
71.160561 42.857204 -78.141151 114.662422 101.725632 -79.095802 75.918533 48.681038 -76.407478 133.523163 116.591370 -36.107525               2593 
72.125557 42.855549 -79.779709 114.985344 102.191635 -78.390007 76.753960 48.695206 -77.851166 132.610046 116.311043 -34.632473               2602 
74.720840 43.057537 -80.534180 115.785706 103.584198 -77.413734 79.038544 49.046715 -78.544815 132.467407 117.284737 -33.156235               2611 
76.294617 44.168877 -80.723923 116.473473 105.187065 -76.158424 80.089043 50.373768 -78.756271 132.084930 118.604034 -31.426140               2621 
75.683594 44.683952 -80.349876 116.594780 105.187263 -75.382271 79.285515 50.958786 -78.434326 131.726105 118.545448 -30.467777               2630 
75.990082 45.955772 -79.096718 117.216537 106.292976 -74.699669 79.022568 52.558250 -77.440598 131.272476 120.772751 -29.783339               2639 
76.024391 47.281967 -77.749466 117.332512 107.604301 -73.882370 78.574158 54.168385 -76.376350 129.923782 123.470184 -28.999815               2648 
75.459366 47.920265 -78.067520 117.372612 107.790680 -73.671745 77.976501 54.866650 -76.764030 129.674149 123.447777 -28.635788               2657 
76.203461 50.202957 -79.621750 117.993393 109.953041 -72.941063 78.190704 57.349518 -78.176651 129.987015 124.097977 -27.325457               2666 
77.835091 53.130413 -80.198730 118.374207 113.645035 -72.693008 78.411987 60.835392 -78.839714 129.590668 127.733688 -26.862768               2675 
78.008972 54.403625 -79.347878 117.544106 115.507813 -71.244125 77.188110 62.613369 -78.075203 128.111389 129.598251 -25.260408               2684 
78.674385 56.732277 -76.196777 118.303284 117.827217 -68.462135 76.608170 65.432632 -74.859291 130.066330 131.427414 -22.621382               2693 
80.158600 60.287163 -79.065346 117.771767 122.056564 -67.110435 76.636795 69.313995 -77.005363 129.160553 132.965302 -20.462767               2702 
81.242149 63.042892 -78.174385 118.381004 124.450874 -62.928555 76.315109 72.517776 -75.590576 129.149399 133.370453 -15.714229               2711 
82.098656 67.211960 -79.734962 117.849419 129.137573 -61.962151 75.401421 77.056480 -75.510979 129.689285 136.426712 -14.724495               2720 
80.891838 71.144508 -82.037125 117.445641 132.145081 -60.841694 73.721420 81.201035 -75.838509 129.415573 137.928314 -13.428773               2729 
74.448975 88.620872 -83.168732 114.841629 143.698685 -51.923683 67.841850 97.926071 -72.899895 127.521706 142.475281 -4.358688               2756 
71.498795 92.026726 -82.776283 114.238319 144.566574 -49.821251 65.338203 101.259743 -71.637802 127.217171 141.606094 -2.413498               2766 
68.456261 95.370926 -81.671066 113.494682 145.941452 -48.239410 63.005527 104.973679 -70.107658 127.101204 141.976349 -1.081693               2774 
64.654137 100.890350 -80.676224 112.624031 148.468628 -46.573315 60.181705 110.815964 -68.814178 126.627815 142.993835 0.316242               2783 
61.556255 104.599060 -79.988533 111.579620 149.755692 -45.115540 57.724609 114.738182 -67.675346 125.590965 143.279373 1.643945               2792 
58.079620 109.312996 -78.233398 109.752090 150.941315 -41.040199 54.794491 118.963783 -64.991653 123.901253 141.733307 5.216949               2802 
55.591660 112.449417 -76.995575 107.910683 151.616272 -37.783089 52.299366 122.069038 -63.112263 121.600014 140.658066 8.230277               2811 
53.545460 112.400414 -76.268143 106.328819 150.987656 -36.803478 48.707333 124.151138 -61.389172 120.378075 139.718262 9.025873               2820 
50.510136 114.473434 -73.910660 103.936768 152.359665 -34.261612 45.188099 127.082306 -58.129517 118.714569 140.554794 11.202349               2829 
47.294167 116.681313 -70.750168 100.962372 154.186050 -31.043411 41.697605 129.651749 -54.615437 116.273674 141.736282 14.070636               2837 
44.378548 121.435074 -67.071899 98.234756 156.553558 -25.461843 38.603558 133.731171 -49.974541 114.004105 141.288757 18.617897               2846 
41.095177 126.070381 -63.087975 95.614738 159.008362 -20.545359 35.344425 137.757523 -45.082253 112.237938 141.365753 22.316254               2856 
36.561218 131.593613 -58.440964 93.092010 161.665680 -16.379076 31.493368 142.476578 -39.420578 111.387405 141.406799 24.603430               2865 
31.282518 131.280457 -51.479427 90.079407 162.767166 -13.754137 26.648037 144.049210 -32.318523 110.185402 144.381668 27.263325               2874 
25.699516 130.621109 -45.736931 86.082718 163.223923 -11.620061 21.530542 144.265274 -26.145979 108.600883 145.576523 28.457506               2883 
21.290833 133.388153 -41.068340 82.959152 165.132690 -8.452991 17.501942 147.108063 -20.547045 107.081261 146.401520 30.173134               2892 
17.664734 136.832092 -36.704288 80.027847 167.397781 -4.290260 13.796391 150.280594 -14.615844 105.556046 146.766693 32.416401               2901 
14.532640 141.745560 -31.466845 78.157639 169.611313 0.810701 10.749358 154.735260 -7.294867 104.861023 146.053040 34.820206               2910 
11.187150 144.967178 -26.340729 75.915596 170.774948 5.140947 7.394761 158.091141 -0.343255 103.370834 145.146149 36.985641               2919 
7.477015 148.200119 -20.474781 73.453804 171.658966 9.432393 4.136433 161.260986 6.573276 101.457260 143.733612 38.769928               2928 
4.039510 151.264709 -14.005552 71.160622 172.484741 13.891573 1.307610 164.215790 13.750617 99.532593 142.353516 40.572086               2937 
-0.310071 152.636139 -8.226406 67.226311 174.561798 16.003372 -2.926028 167.173279 19.393564 96.396561 144.078033 41.391281               2946 
-3.499222 154.824799 -2.007543 64.790344 174.679428 20.398312 -5.655937 169.437256 26.485495 93.805626 142.253387 43.449883               2955 
-5.671270 156.704788 3.242607 63.041119 174.349396 25.184629 -7.700450 171.463089 32.627937 91.203903 140.321091 46.947948               2964 
-8.363946 158.784531 9.149447 61.242054 173.939606 29.436432 -9.562400 173.656067 39.847763 88.763428 138.415787 49.569530               2973 
-11.116801 160.075165 14.236203 59.063988 174.080872 32.825226 -11.562440 174.792007 46.090446 86.610390 137.689026 51.306015               2982 
-13.611446 160.132416 19.463470 56.746838 174.460037 36.359077 -13.623836 175.060455 52.316780 84.830902 137.866364 53.589806               2991 
-16.450949 160.050797 25.071161 54.414429 174.311249 39.330841 -15.415553 175.826767 58.652370 82.850250 137.715271 55.969604               3000 
-19.358643 159.023560 29.922081 51.655102 174.347336 42.186111 -17.671898 175.132477 64.487564 81.073730 138.196472 58.072224               3010 
-22.618368 157.938507 33.826992 48.431976 173.999725 44.879082 -20.509830 173.743149 69.206284 78.588425 138.028091 59.756580               3018 
-24.448570 159.456512 38.625744 47.377399 173.503052 47.511337 -20.790178 175.165939 74.740349 76.989525 136.703491 61.426231               3027 
-25.964670 160.426437 43.643818 46.476448 172.648621 51.012268 -20.955740 175.099518 81.179314 75.666428 134.983765 63.422459               3036 
-27.247087 162.120377 47.751049 45.639965 172.629288 54.736862 -21.537222 175.777496 86.262566 74.232048 134.260742 66.358276               3045 
-27.727322 163.129623 51.965687 45.600189 172.665833 57.473103 -20.866905 176.255005 91.136993 74.133263 134.061966 68.441933               3054 
-28.249905 164.312744 56.150570 45.491711 172.676041 59.996693 -20.046253 177.125900 96.030403 73.838814 133.773483 70.376595               3063 
-28.607855 165.806015 59.973934 45.443405 172.664871 62.905468 -19.329649 178.011322 100.892845 73.274559 133.200394 72.533119               3072 
-30.042950 161.065018 62.794521 43.777431 171.415543 63.453724 -20.325459 175.982178 102.729286 73.766022 134.046936 74.810760               3081 
-29.838066 164.921646 66.349365 44.664680 169.769089 66.118698 -18.292486 177.653763 106.764824 72.107460 130.049500 75.811897               3091 
-30.946907 160.491104 69.405800 43.432858 168.345551 68.036919 -18.871218 173.667648 110.256950 72.796486 129.900848 77.228828               3100 
-31.384230 158.957245 72.109100 43.048054 167.083542 69.174377 -17.910704 172.821930 113.432602 72.895096 128.933640 78.031479               3109 
-33.291695 159.173126 73.497314 41.477676 164.932495 70.643059 -18.780790 169.889587 115.969780 70.171371 125.377609 76.708710               3118 
-34.174728 158.608231 75.378487 40.829281 163.717560 72.639458 -19.191317 167.275192 118.403191 69.373528 123.836655 77.049614               3127 
-35.025356 153.160522 76.294022 39.808510 161.728882 73.081139 -19.983065 162.330124 119.173264 70.417198 123.391029 77.326988               3136 
-31.100899 157.155838 87.570206 43.042217 163.288208 75.707855 -15.859794 157.707932 110.349823 76.446587 127.465073 80.763664               3145 
-29.057140 158.023285 95.860054 44.159737 160.070572 77.714729 -13.803284 153.766037 112.053154 77.754860 124.328011 82.021362               3154 
-27.453444 159.324951 100.380157 44.722847 157.305099 78.844574 -12.307787 153.543961 115.365990 77.097160 120.379395 82.464882               3163 
-25.573151 158.075516 101.298866 46.214779 152.845078 79.105743 -10.964889 150.091934 115.544983 76.925255 114.407494 81.137764               3172 
-24.748144 157.280441 101.440666 46.818989 149.754623 79.047539 -10.648245 147.374146 114.991745 76.343796 110.354088 79.818031               3181 
-24.897326 157.141159 101.717087 47.059845 149.508606 79.909843 -10.798164 146.354996 115.074409 76.981377 110.412773 80.872963               3190 
-25.435423 157.976807 103.121399 47.024414 150.543488 80.861755 -10.776200 145.235306 115.558235 77.606560 111.950890 80.629662               3199 
-25.546837 159.314743 102.533150 47.488098 147.818741 80.338554 -10.671385 143.522446 114.504738 76.967438 108.383057 79.627968               3208 
-25.622587 160.270142 104.219154 47.817146 145.574738 81.531395 -10.689147 141.059937 114.786079 76.448372 105.571892 79.355316               3217 
-25.667074 161.316376 104.430611 47.918945 143.916931 80.880768 -10.456916 139.834579 114.374580 76.087296 103.612892 78.265625               3226 
-26.064888 160.939468 103.695496 48.037598 142.797958 80.366226 -10.356421 138.554306 113.828453 76.622200 102.755592 78.307312               3235 
-26.009251 162.004486 104.082870 48.216713 142.599457 80.384193 -10.145037 138.452118 113.911736 76.696037 102.488907 78.197426               3244 
-25.840635 164.015884 104.681488 48.365662 142.491486 80.314270 -9.952415 138.572739 113.749458 76.610504 102.226898 77.926376               3253 
-25.948933 165.105225 105.002014 48.383976 142.478180 80.272209 -9.991395 138.547836 113.470245 76.578682 102.183800 77.796143               3262 
-27.152941 164.962448 104.623062 47.862186 143.814621 80.220345 -10.535169 138.754456 113.163338 77.083549 104.228951 78.271698               3271 
-27.787354 165.223083 105.201401 47.502396 144.784775 80.516632 -10.872225 138.896683 113.236534 77.175415 105.544617 78.411316               3280 
-27.865179 165.549622 105.299355 47.503067 144.671249 80.504356 -10.992706 138.787003 112.892845 77.091057 105.370422 78.334961               3289 
-28.732910 165.537979 105.000206 46.810791 144.959320 80.042130 -11.733951 138.638855 112.173630 76.592278 105.810432 77.775665               3298 
-29.284075 165.526962 105.110527 46.467136 145.451279 79.875259 -11.994157 138.653595 112.008308 76.564514 106.543488 77.629906               3308 
-29.387859 165.648041 105.188484 46.467213 145.567856 79.815948 -12.004828 138.648651 111.875381 76.595711 106.686028 77.538536               3316 
-29.342165 166.146118 105.479965 46.554943 145.658890 79.846924 -11.976716 138.662125 111.741707 76.538101 106.679367 77.333488               3326 
-29.417355 166.814392 105.605209 46.600819 145.709015 79.854172 -12.007603 138.698318 111.583282 76.450066 106.635178 77.214455               3335 
-29.598387 167.366150 105.623817 46.616417 145.701859 79.822952 -12.019732 138.588104 111.468170 76.437897 106.614174 77.076584               3344 
-29.751389 168.327484 105.669884 46.633320 145.780930 79.755798 -11.996607 138.652588 111.392143 76.359146 106.632103 76.848198               3353 
-29.929031 169.184769 105.658134 46.658417 145.817429 79.672310 -11.965183 138.610123 111.292648 76.350845 106.653320 76.632156               3362 
-30.388210 170.136032 105.806473 46.575840 146.140839 79.961502 -12.206089 138.435242 111.174858 76.321747 107.048950 76.538734               3371 
-30.784931 171.311569 105.857147 46.482761 146.472626 80.137390 -12.401550 138.374054 111.074974 76.273109 107.444023 76.393852               3380 
-30.967491 171.825699 105.643921 46.508278 146.460480 80.117737 -12.418565 138.280014 111.073158 76.352486 107.470367 76.402260               3389 
-31.217190 172.235397 105.473381 46.460762 146.539200 80.240196 -12.561347 138.284241 111.123734 76.347900 107.578789 76.558456               3398 
-31.529097 172.467224 105.198547 46.328411 146.537369 80.252159 -12.746616 138.280197 111.244934 76.276245 107.615005 76.662422               3407 
-31.814320 172.561554 104.983086 46.211132 146.535492 80.219101 -12.885694 138.171814 111.306595 76.253212 107.685150 76.636620               3416 
-31.973413 172.602066 104.748077 46.213650 146.548355 80.219223 -12.908530 138.126541 111.325584 76.363525 107.770355 76.760651               3425 
-31.579859 172.224701 103.686455 46.968273 145.643692 80.749611 -12.598526 137.807571 111.256905 77.128090 106.794724 78.330322               3434 
-30.939268 172.196716 103.398087 47.582249 145.031570 80.979462 -12.090883 137.848297 111.665321 77.556763 106.016953 78.955147               3443 
-30.399797 172.208191 103.032600 48.055717 144.559616 80.913834 -11.627312 137.954407 111.891716 77.884705 105.417999 79.217880               3452 
-29.979145 172.351410 102.976074 48.396778 144.175903 81.041565 -11.361220 137.962158 112.007256 78.024055 104.877335 79.442497               3461 
