999.000000 999.000000 999.000000 999.000000 999.000000 999.000000 999.000000 999.000000 999.000000 999.000000 999.000000 999.000000                0.0 
999.000000 999.000000 999.000000 999.000000 999.000000 999.000000 999.000000 999.000000 999.000000 999.000000 999.000000 999.000000                9.0 
999.000000 999.000000 999.000000 999.000000 999.000000 999.000000 999.000000 999.000000 999.000000 999.000000 999.000000 999.000000               18.0 
999.000000 999.000000 999.000000 999.000000 999.000000 999.000000 999.000000 999.000000 999.000000 999.000000 999.000000 999.000000               27.0 
999.000000 999.000000 999.000000 999.000000 999.000000 999.000000 999.000000 999.000000 999.000000 999.000000 999.000000 999.000000               36.0 
999.000000 999.000000 999.000000 999.000000 999.000000 999.000000 999.000000 999.000000 999.000000 999.000000 999.000000 999.000000               45.0 
999.000000 999.000000 999.000000 999.000000 999.000000 999.000000 999.000000 999.000000 999.000000 999.000000 999.000000 999.000000               54.0 
999.000000 999.000000 999.000000 999.000000 999.000000 999.000000 999.000000 999.000000 999.000000 999.000000 999.000000 999.000000               63.0 
999.000000 999.000000 999.000000 999.000000 999.000000 999.000000 999.000000 999.000000 999.000000 999.000000 999.000000 999.000000               72.0 
999.000000 999.000000 999.000000 999.000000 999.000000 999.000000 999.000000 999.000000 999.000000 999.000000 999.000000 999.000000               81.0 
999.000000 999.000000 999.000000 999.000000 999.000000 999.000000 999.000000 999.000000 999.000000 999.000000 999.000000 999.000000               90.0 
999.000000 999.000000 999.000000 999.000000 999.000000 999.000000 999.000000 999.000000 999.000000 999.000000 999.000000 999.000000               99.0 
999.000000 999.000000 999.000000 999.000000 999.000000 999.000000 999.000000 999.000000 999.000000 999.000000 999.000000 999.000000              108.0 
999.000000 999.000000 999.000000 999.000000 999.000000 999.000000 999.000000 999.000000 999.000000 999.000000 999.000000 999.000000              117.0 
999.000000 999.000000 999.000000 999.000000 999.000000 999.000000 999.000000 999.000000 999.000000 999.000000 999.000000 999.000000              126.0 
999.000000 999.000000 999.000000 999.000000 999.000000 999.000000 999.000000 999.000000 999.000000 999.000000 999.000000 999.000000              135.0 
999.000000 999.000000 999.000000 999.000000 999.000000 999.000000 999.000000 999.000000 999.000000 999.000000 999.000000 999.000000              144.0 
999.000000 999.000000 999.000000 999.000000 999.000000 999.000000 999.000000 999.000000 999.000000 999.000000 999.000000 999.000000              153.0 
999.000000 999.000000 999.000000 999.000000 999.000000 999.000000 999.000000 999.000000 999.000000 999.000000 999.000000 999.000000              162.0 
999.000000 999.000000 999.000000 999.000000 999.000000 999.000000 999.000000 999.000000 999.000000 999.000000 999.000000 999.000000              171.0 
999.000000 999.000000 999.000000 999.000000 999.000000 999.000000 999.000000 999.000000 999.000000 999.000000 999.000000 999.000000              180.0 
999.000000 999.000000 999.000000 999.000000 999.000000 999.000000 999.000000 999.000000 999.000000 999.000000 999.000000 999.000000              189.0 
999.000000 999.000000 999.000000 999.000000 999.000000 999.000000 999.000000 999.000000 999.000000 999.000000 999.000000 999.000000              198.0 
999.000000 999.000000 999.000000 999.000000 999.000000 999.000000 999.000000 999.000000 999.000000 999.000000 999.000000 999.000000              207.0 
999.000000 999.000000 999.000000 999.000000 999.000000 999.000000 999.000000 999.000000 999.000000 999.000000 999.000000 999.000000              216.0 
999.000000 999.000000 999.000000 999.000000 999.000000 999.000000 999.000000 999.000000 999.000000 999.000000 999.000000 999.000000              226.0 
999.000000 999.000000 999.000000 999.000000 999.000000 999.000000 999.000000 999.000000 999.000000 999.000000 999.000000 999.000000              235.0 
999.000000 999.000000 999.000000 999.000000 999.000000 999.000000 999.000000 999.000000 999.000000 999.000000 999.000000 999.000000              244.0 
999.000000 999.000000 999.000000 999.000000 999.000000 999.000000 999.000000 999.000000 999.000000 999.000000 999.000000 999.000000              253.0 
999.000000 999.000000 999.000000 999.000000 999.000000 999.000000 999.000000 999.000000 999.000000 999.000000 999.000000 999.000000              262.0 
999.000000 999.000000 999.000000 999.000000 999.000000 999.000000 999.000000 999.000000 999.000000 999.000000 999.000000 999.000000              271.0 
999.000000 999.000000 999.000000 999.000000 999.000000 999.000000 999.000000 999.000000 999.000000 999.000000 999.000000 999.000000              280.0 
999.000000 999.000000 999.000000 999.000000 999.000000 999.000000 999.000000 999.000000 999.000000 999.000000 999.000000 999.000000              289.0 
999.000000 999.000000 999.000000 999.000000 999.000000 999.000000 999.000000 999.000000 999.000000 999.000000 999.000000 999.000000              298.0 
999.000000 999.000000 999.000000 999.000000 999.000000 999.000000 999.000000 999.000000 999.000000 999.000000 999.000000 999.000000              307.0 
999.000000 999.000000 999.000000 999.000000 999.000000 999.000000 999.000000 999.000000 999.000000 999.000000 999.000000 999.000000              316.0 
999.000000 999.000000 999.000000 999.000000 999.000000 999.000000 999.000000 999.000000 999.000000 999.000000 999.000000 999.000000              325.0 
999.000000 999.000000 999.000000 999.000000 999.000000 999.000000 999.000000 999.000000 999.000000 999.000000 999.000000 999.000000              334.0 
999.000000 999.000000 999.000000 999.000000 999.000000 999.000000 999.000000 999.000000 999.000000 999.000000 999.000000 999.000000              343.0 
999.000000 999.000000 999.000000 999.000000 999.000000 999.000000 999.000000 999.000000 999.000000 999.000000 999.000000 999.000000              352.0 
999.000000 999.000000 999.000000 999.000000 999.000000 999.000000 999.000000 999.000000 999.000000 999.000000 999.000000 999.000000              361.0 
999.000000 999.000000 999.000000 999.000000 999.000000 999.000000 999.000000 999.000000 999.000000 999.000000 999.000000 999.000000              370.0 
999.000000 999.000000 999.000000 999.000000 999.000000 999.000000 999.000000 999.000000 999.000000 999.000000 999.000000 999.000000              379.0 
999.000000 999.000000 999.000000 999.000000 999.000000 999.000000 999.000000 999.000000 999.000000 999.000000 999.000000 999.000000              388.0 
999.000000 999.000000 999.000000 999.000000 999.000000 999.000000 999.000000 999.000000 999.000000 999.000000 999.000000 999.000000              397.0 
999.000000 999.000000 999.000000 999.000000 999.000000 999.000000 999.000000 999.000000 999.000000 999.000000 999.000000 999.000000              406.0 
999.000000 999.000000 999.000000 999.000000 999.000000 999.000000 999.000000 999.000000 999.000000 999.000000 999.000000 999.000000              415.0 
999.000000 999.000000 999.000000 999.000000 999.000000 999.000000 999.000000 999.000000 999.000000 999.000000 999.000000 999.000000              424.0 
999.000000 999.000000 999.000000 999.000000 999.000000 999.000000 999.000000 999.000000 999.000000 999.000000 999.000000 999.000000              433.0 
999.000000 999.000000 999.000000 999.000000 999.000000 999.000000 999.000000 999.000000 999.000000 999.000000 999.000000 999.000000              442.0 
999.000000 999.000000 999.000000 999.000000 999.000000 999.000000 999.000000 999.000000 999.000000 999.000000 999.000000 999.000000              451.0 
999.000000 999.000000 999.000000 999.000000 999.000000 999.000000 999.000000 999.000000 999.000000 999.000000 999.000000 999.000000              461.0 
999.000000 999.000000 999.000000 999.000000 999.000000 999.000000 999.000000 999.000000 999.000000 999.000000 999.000000 999.000000              469.0 
999.000000 999.000000 999.000000 999.000000 999.000000 999.000000 999.000000 999.000000 999.000000 999.000000 999.000000 999.000000              478.0 
999.000000 999.000000 999.000000 999.000000 999.000000 999.000000 999.000000 999.000000 999.000000 999.000000 999.000000 999.000000              488.0 
999.000000 999.000000 999.000000 999.000000 999.000000 999.000000 999.000000 999.000000 999.000000 999.000000 999.000000 999.000000              497.0 
999.000000 999.000000 999.000000 999.000000 999.000000 999.000000 999.000000 999.000000 999.000000 999.000000 999.000000 999.000000              506.0 
999.000000 999.000000 999.000000 999.000000 999.000000 999.000000 999.000000 999.000000 999.000000 999.000000 999.000000 999.000000              515.0 
999.000000 999.000000 999.000000 999.000000 999.000000 999.000000 999.000000 999.000000 999.000000 999.000000 999.000000 999.000000              524.0 
999.000000 999.000000 999.000000 999.000000 999.000000 999.000000 999.000000 999.000000 999.000000 999.000000 999.000000 999.000000              533.0 
999.000000 999.000000 999.000000 999.000000 999.000000 999.000000 999.000000 999.000000 999.000000 999.000000 999.000000 999.000000              542.0 
999.000000 999.000000 999.000000 999.000000 999.000000 999.000000 999.000000 999.000000 999.000000 999.000000 999.000000 999.000000              551.0 
999.000000 999.000000 999.000000 999.000000 999.000000 999.000000 999.000000 999.000000 999.000000 999.000000 999.000000 999.000000              560.0 
999.000000 999.000000 999.000000 999.000000 999.000000 999.000000 999.000000 999.000000 999.000000 999.000000 999.000000 999.000000              569.0 
999.000000 999.000000 999.000000 999.000000 999.000000 999.000000 999.000000 999.000000 999.000000 999.000000 999.000000 999.000000              578.0 
999.000000 999.000000 999.000000 999.000000 999.000000 999.000000 999.000000 999.000000 999.000000 999.000000 999.000000 999.000000              587.0 
999.000000 999.000000 999.000000 999.000000 999.000000 999.000000 999.000000 999.000000 999.000000 999.000000 999.000000 999.000000              596.0 
999.000000 999.000000 999.000000 999.000000 999.000000 999.000000 999.000000 999.000000 999.000000 999.000000 999.000000 999.000000              605.0 
999.000000 999.000000 999.000000 999.000000 999.000000 999.000000 999.000000 999.000000 999.000000 999.000000 999.000000 999.000000              614.0 
999.000000 999.000000 999.000000 999.000000 999.000000 999.000000 999.000000 999.000000 999.000000 999.000000 999.000000 999.000000              623.0 
999.000000 999.000000 999.000000 999.000000 999.000000 999.000000 999.000000 999.000000 999.000000 999.000000 999.000000 999.000000              632.0 
999.000000 999.000000 999.000000 999.000000 999.000000 999.000000 999.000000 999.000000 999.000000 999.000000 999.000000 999.000000              641.0 
999.000000 999.000000 999.000000 999.000000 999.000000 999.000000 999.000000 999.000000 999.000000 999.000000 999.000000 999.000000              650.0 
999.000000 999.000000 999.000000 999.000000 999.000000 999.000000 999.000000 999.000000 999.000000 999.000000 999.000000 999.000000              659.0 
999.000000 999.000000 999.000000 999.000000 999.000000 999.000000 999.000000 999.000000 999.000000 999.000000 999.000000 999.000000              668.0 
999.000000 999.000000 999.000000 999.000000 999.000000 999.000000 999.000000 999.000000 999.000000 999.000000 999.000000 999.000000              677.0 
999.000000 999.000000 999.000000 999.000000 999.000000 999.000000 999.000000 999.000000 999.000000 999.000000 999.000000 999.000000              686.0 
999.000000 999.000000 999.000000 999.000000 999.000000 999.000000 999.000000 999.000000 999.000000 999.000000 999.000000 999.000000              695.0 
999.000000 999.000000 999.000000 999.000000 999.000000 999.000000 999.000000 999.000000 999.000000 999.000000 999.000000 999.000000              704.0 
999.000000 999.000000 999.000000 999.000000 999.000000 999.000000 999.000000 999.000000 999.000000 999.000000 999.000000 999.000000              713.0 
999.000000 999.000000 999.000000 999.000000 999.000000 999.000000 999.000000 999.000000 999.000000 999.000000 999.000000 999.000000              723.0 
999.000000 999.000000 999.000000 999.000000 999.000000 999.000000 999.000000 999.000000 999.000000 999.000000 999.000000 999.000000              732.0 
999.000000 999.000000 999.000000 999.000000 999.000000 999.000000 999.000000 999.000000 999.000000 999.000000 999.000000 999.000000              741.0 
999.000000 999.000000 999.000000 999.000000 999.000000 999.000000 999.000000 999.000000 999.000000 999.000000 999.000000 999.000000              750.0 
999.000000 999.000000 999.000000 999.000000 999.000000 999.000000 999.000000 999.000000 999.000000 999.000000 999.000000 999.000000              759.0 
999.000000 999.000000 999.000000 999.000000 999.000000 999.000000 999.000000 999.000000 999.000000 999.000000 999.000000 999.000000              768.0 
999.000000 999.000000 999.000000 999.000000 999.000000 999.000000 999.000000 999.000000 999.000000 999.000000 999.000000 999.000000              777.0 
999.000000 999.000000 999.000000 999.000000 999.000000 999.000000 999.000000 999.000000 999.000000 999.000000 999.000000 999.000000              786.0 
999.000000 999.000000 999.000000 999.000000 999.000000 999.000000 999.000000 999.000000 999.000000 999.000000 999.000000 999.000000              795.0 
999.000000 999.000000 999.000000 999.000000 999.000000 999.000000 999.000000 999.000000 999.000000 999.000000 999.000000 999.000000              804.0 
999.000000 999.000000 999.000000 999.000000 999.000000 999.000000 999.000000 999.000000 999.000000 999.000000 999.000000 999.000000              813.0 
999.000000 999.000000 999.000000 999.000000 999.000000 999.000000 999.000000 999.000000 999.000000 999.000000 999.000000 999.000000              822.0 
999.000000 999.000000 999.000000 999.000000 999.000000 999.000000 999.000000 999.000000 999.000000 999.000000 999.000000 999.000000              831.0 
999.000000 999.000000 999.000000 999.000000 999.000000 999.000000 999.000000 999.000000 999.000000 999.000000 999.000000 999.000000              840.0 
999.000000 999.000000 999.000000 999.000000 999.000000 999.000000 999.000000 999.000000 999.000000 999.000000 999.000000 999.000000              849.0 
999.000000 999.000000 999.000000 999.000000 999.000000 999.000000 999.000000 999.000000 999.000000 999.000000 999.000000 999.000000              858.0 
999.000000 999.000000 999.000000 999.000000 999.000000 999.000000 999.000000 999.000000 999.000000 999.000000 999.000000 999.000000              867.0 
-5.966083 174.509796 -58.874531 27.385284 164.086838 7.842793 7.879666 155.614441 -53.585606 60.848629 132.655212 25.646376                876 
-6.286579 174.862457 -60.665310 27.488644 164.052795 6.055198 8.452087 156.061966 -55.656658 61.907104 133.372116 23.340317                886 
-6.197142 175.262772 -63.450714 27.281775 163.744919 3.662715 9.380260 156.417526 -58.592644 62.159649 133.532593 20.851635                894 
-5.405226 175.231766 -68.120911 26.933052 163.516037 0.007077 11.542479 156.463806 -63.218311 62.314983 134.272659 17.829903                903 
-4.691960 174.920090 -74.088158 25.879093 164.086151 -4.433136 13.695846 156.286362 -68.547798 61.499416 136.146744 14.939315                912 
-3.886266 174.506821 -80.582260 24.773790 164.930237 -9.341871 16.101501 156.221832 -74.173607 60.695591 138.692245 11.774516                922 
-3.215510 173.893219 -86.908630 23.651609 165.582779 -14.251566 18.203493 155.969254 -79.607994 59.559139 140.790710 8.567568                931 
-2.355031 172.965942 -92.794548 22.717113 165.744598 -18.878046 20.309883 155.462112 -84.557663 58.486744 142.280609 5.508124                939 
-1.304248 171.341293 -98.802139 22.024237 165.691589 -23.761189 22.375988 154.407822 -89.535774 57.563656 143.628464 2.217228                949 
-0.611331 169.838623 -103.236755 21.984251 165.445953 -27.501541 24.662638 154.214035 -93.711151 57.673420 144.806702 -0.575442                958 
0.134162 167.389145 -108.094604 21.378155 165.124115 -31.581903 26.439444 153.024033 -97.859566 56.826279 145.957733 -3.283662                967 
2.239739 166.397018 -112.524277 20.536833 164.660736 -35.218266 29.217428 153.989899 -101.571449 55.852161 147.268005 -5.637353                976 
-32.932392 168.097748 -108.836143 29.808052 162.712723 -42.427349 -27.993256 141.997559 -60.215454 58.085224 145.416275 -6.013829                985 
-32.532921 167.375427 -109.606331 30.171337 163.170471 -43.064236 -27.534071 142.205536 -60.568150 58.366306 146.555298 -6.271709                994 
-30.920944 160.333832 -114.865715 31.283417 164.151871 -47.767731 -25.532349 140.073853 -63.600586 59.501961 152.020279 -9.280747               1021 
-30.847610 158.774109 -118.099731 30.631489 163.744522 -50.408188 -25.764343 139.035263 -66.619896 58.535980 152.226990 -11.505801               1030 
-30.219938 155.532257 -124.053558 28.792204 162.665649 -54.386173 -25.876831 135.703354 -72.578087 55.859264 152.110947 -14.628380               1039 
-29.341976 150.676392 -128.123978 27.883184 161.557846 -57.449234 -24.963442 131.725952 -76.344414 54.604984 152.867264 -17.012501               1048 
-29.900267 148.842331 -132.373535 26.554201 161.038635 -61.316246 -26.574373 131.600342 -80.013138 52.532578 153.160828 -20.233723               1057 
-28.912243 144.121109 -135.819473 25.799635 160.109161 -64.138565 -25.634493 127.973007 -83.112938 51.402519 154.161896 -22.499252               1066 
-28.887629 140.571838 -138.454346 24.723352 159.113327 -66.542549 -26.092514 125.877640 -85.291077 49.819027 154.614258 -24.415653               1075 
-28.333870 135.802505 -139.971420 23.935579 158.314087 -68.372269 -25.980350 123.454926 -86.585808 48.625713 155.684586 -25.849417               1084 
0.476437 118.459564 -95.277542 20.581800 156.511917 -78.683434 -32.007965 121.214424 -95.344360 43.245667 154.903793 -34.997360               1093 
8.115299 110.176369 -85.501633 19.552763 152.268494 -85.284592 -36.078812 116.674042 -99.341606 41.389984 152.325745 -41.150227               1102 
9.316695 106.092194 -85.529678 19.129677 149.362778 -90.457405 -37.704494 115.744987 -103.920700 39.833858 151.585785 -45.835602               1111 
9.469570 104.445648 -86.382515 18.781092 147.985977 -92.889030 -38.374954 115.028152 -106.603416 38.754353 151.039490 -47.984074               1121 
6.373630 104.135681 -93.769997 14.953957 148.287979 -97.492744 -42.428894 116.029594 -111.754211 36.531387 148.002914 -53.231667               1130 
4.000041 104.070251 -97.332474 13.300174 148.235352 -99.582039 -44.994133 117.521011 -114.049461 35.615536 145.763596 -55.757103               1138 
3.272511 103.678825 -97.171852 13.021936 147.783829 -99.294876 -45.478439 117.505821 -113.880676 35.404865 144.844345 -55.533318               1147 
2.073741 102.261795 -96.108978 12.640652 146.142212 -99.131638 -46.191769 116.473396 -113.288063 34.981052 143.630402 -55.321735               1157 
-0.429049 101.910835 -99.069855 10.940902 145.550461 -102.738632 -48.372261 116.372116 -116.760750 32.947479 143.334808 -58.744186               1166 
-2.641965 99.329689 -98.293922 9.797143 142.147934 -106.015633 -49.948784 112.450424 -117.942970 31.203766 143.715652 -61.698498               1174 
-4.110097 98.638123 -98.154137 9.059784 140.909210 -107.532852 -51.154510 110.873711 -118.338310 30.290579 143.904007 -63.204590               1184 
-4.507229 98.542572 -97.874680 8.802335 140.476715 -108.062584 -51.567490 109.688515 -118.279602 29.987026 143.969894 -63.748741               1192 
-4.541580 100.525757 -101.102577 8.385460 142.848099 -109.685425 -52.273663 110.905853 -120.787994 29.200954 144.714539 -65.099083               1202 
-3.549661 101.850098 -102.004402 8.557724 144.869629 -107.488457 -52.241077 111.167244 -119.763260 29.583349 143.685898 -62.977425               1211 
-4.369024 101.643272 -104.571625 8.585699 144.742203 -104.771690 -53.442451 112.789497 -120.376991 29.529242 137.647049 -60.774685               1220 
-4.117047 102.192337 -104.013573 8.849118 145.277451 -103.728119 -53.458130 112.599976 -119.275940 29.913685 137.569183 -59.892330               1229 
-3.779853 102.358719 -103.500481 8.759909 145.578674 -103.041725 -53.202126 111.449928 -118.672379 29.842226 137.883301 -59.212204               1238 
-4.001018 102.529419 -103.694176 8.460134 145.754868 -103.158432 -53.315163 110.526222 -118.768066 29.642111 137.886734 -59.407707               1247 
-4.169569 102.518700 -103.664040 8.265208 145.738342 -103.210419 -53.185139 109.381096 -118.868065 29.443977 137.871841 -59.457848               1256 
-4.307621 102.255135 -103.271194 8.104033 145.471497 -103.111938 -52.955940 108.041580 -118.735046 29.230387 137.848694 -59.290939               1265 
-4.496446 101.921585 -102.953491 7.906061 145.162247 -103.101570 -52.556469 106.740204 -118.751678 29.015463 137.844177 -59.220493               1274 
-5.373931 98.717598 -102.079231 6.276643 142.096542 -105.419487 -53.086964 101.028511 -118.020081 27.807138 138.301895 -61.297512               1283 
-5.358662 99.049408 -102.592476 5.988974 142.589844 -105.519333 -52.836697 100.993019 -118.676750 27.510544 138.540924 -61.415615               1292 
-5.005148 99.449341 -103.547630 5.885679 143.213089 -106.109489 -52.555168 101.244308 -119.606827 27.481213 139.028290 -62.054630               1301 
-5.113713 99.227692 -103.346786 5.904935 143.046173 -105.972443 -52.440216 101.218880 -119.632462 27.432533 138.903397 -61.880383               1310 
-5.393842 98.512215 -102.350174 5.688540 142.352692 -105.730019 -52.426105 100.522514 -118.850151 27.346653 138.923309 -61.640617               1319 
-5.367900 98.264771 -102.212898 5.601425 142.252029 -105.710426 -52.053112 100.311699 -118.896492 27.407248 139.004654 -61.680088               1328 
-5.617112 97.987801 -101.804764 5.541400 142.053513 -105.609657 -51.317207 100.630562 -119.262482 27.430649 139.027298 -61.604965               1337 
-6.475388 97.076416 -100.776237 5.143298 141.022797 -106.033768 -51.204700 100.177490 -119.050270 27.176254 139.177917 -62.035412               1347 
-7.213485 95.842453 -101.024574 4.167345 139.803085 -107.861710 -51.770512 99.143944 -119.255859 26.961653 139.445068 -64.215385               1355 
-6.782166 97.912521 -103.130913 5.033311 142.174194 -108.049370 -50.966049 102.888138 -121.850456 27.432301 139.859879 -64.258514               1364 
-7.002710 97.671677 -103.012238 4.950459 142.056961 -108.168518 -50.993793 103.510567 -121.985435 27.475554 139.906784 -64.434013               1373 
-6.191952 100.157753 -105.144730 6.257771 144.762512 -108.218163 -49.743507 107.634544 -124.437721 28.325712 140.491440 -64.406364               1382 
-5.486678 103.679153 -107.317886 7.902944 148.237183 -108.357941 -48.700916 113.042923 -126.390327 29.769707 141.575729 -64.743958               1391 
-5.522511 103.307259 -105.153709 8.757684 147.644104 -107.681831 -47.818916 113.104820 -124.852730 30.734749 141.963470 -63.984589               1400 
-5.123038 104.645538 -105.269867 10.191355 148.723892 -107.654808 -45.810257 116.273888 -125.760666 32.324173 142.281616 -64.142220               1410 
-4.115633 107.633560 -106.107033 12.510113 151.352722 -107.060455 -43.203392 121.444145 -127.244942 34.131165 142.956589 -63.623779               1418 
-2.567714 110.916832 -105.785439 15.522589 154.126434 -105.622276 -40.842541 126.921303 -126.756134 36.898632 143.874207 -62.463657               1428 
-0.914533 111.836777 -105.010284 17.007874 155.160660 -105.945114 -39.001625 127.707626 -126.226349 38.922684 145.883698 -62.836079               1437 
0.096765 112.191139 -104.770912 17.917545 155.635071 -106.148064 -37.260414 128.385147 -126.428757 40.161404 146.752228 -63.124634               1446 
1.397950 113.813164 -105.448982 19.904270 157.118790 -107.385796 -34.335735 130.836746 -127.879288 42.304058 148.444672 -64.400696               1455 
3.715637 116.424805 -106.836418 22.769924 159.636475 -107.603149 -31.075895 134.683762 -129.603394 44.535732 149.839859 -64.533607               1464 
5.601792 118.275291 -108.177673 25.253883 161.390427 -108.377335 -28.518261 137.340393 -131.114120 46.567719 151.029037 -65.214012               1473 
6.291327 121.872475 -111.315109 28.441719 163.909653 -110.171669 -25.566183 142.962784 -135.299118 47.476395 151.962021 -66.357918               1482 
9.298658 123.634117 -112.918968 31.750471 165.776306 -110.618874 -21.750763 145.046936 -137.135605 49.805737 153.419357 -66.505119               1491 
13.039988 124.131767 -111.521164 34.968643 166.728226 -109.635765 -18.455355 144.834351 -135.549957 53.578331 155.056000 -65.565956               1500 
16.919506 124.999748 -109.365852 38.749699 167.719193 -107.635521 -14.643382 145.437683 -133.640396 57.177246 156.424866 -63.391045               1509 
20.498459 125.709976 -106.096825 42.114330 168.622925 -105.206711 -11.344350 145.527649 -130.476074 60.927944 158.190491 -60.913120               1518 
24.273787 127.186478 -105.088913 46.037518 170.026398 -103.741295 -7.532022 147.422409 -129.366516 64.701653 159.120605 -59.498516               1527 
28.665346 128.861328 -103.932678 50.786957 171.476746 -101.431053 -2.545732 149.886749 -128.634888 68.272018 159.758698 -56.915100               1536 
32.679665 130.763580 -104.249458 54.860508 173.288773 -100.749664 1.484431 152.466446 -129.076645 71.417480 160.949219 -56.047184               1545 
37.026520 132.023209 -104.948341 58.773682 174.723206 -100.777992 5.607629 153.748444 -130.205414 74.329315 162.379532 -55.718410               1555 
40.181828 132.686890 -104.669228 61.717041 175.487778 -100.301399 8.495856 154.409912 -129.977173 77.033653 163.145203 -55.159706               1563 
43.376347 132.668610 -104.718010 64.477654 175.685501 -100.252968 11.463680 154.129807 -130.345184 79.376991 163.627380 -54.895267               1572 
46.241043 132.344666 -104.262680 66.846771 175.584366 -99.780937 14.353287 153.419357 -130.355042 81.411194 163.782333 -54.247444               1581 
50.055744 133.135223 -102.789330 70.826546 176.275650 -98.246246 18.601431 154.305405 -129.442734 84.727219 164.528809 -52.491550               1591 
53.164433 133.220200 -102.073853 73.956367 176.373306 -97.864273 22.105640 154.076721 -129.531570 87.152153 165.206833 -51.756886               1599 
55.925674 133.450043 -101.860176 76.798798 176.555313 -97.661659 25.179554 153.830353 -129.904800 89.327599 165.596313 -51.319027               1608 
58.594032 133.185989 -101.893166 79.339508 176.354492 -97.797661 28.051104 153.006821 -130.520599 91.273819 165.795609 -51.205902               1617 
61.223278 133.351990 -102.263344 81.848854 176.534973 -97.964996 30.805313 152.764175 -131.231567 93.282860 165.990219 -51.244747               1627 
62.931046 131.706726 -99.630844 83.538315 175.063263 -97.571198 32.101021 149.540741 -129.148209 95.469910 166.716232 -50.532131               1635 
65.340042 131.297638 -98.077156 85.883865 174.702087 -96.593246 34.443783 148.691879 -127.725128 98.038177 166.880341 -49.520931               1645 
68.311874 131.084076 -97.069717 88.176086 174.617706 -96.179909 37.244259 147.528854 -127.184082 100.455536 167.292221 -49.060253               1654 
69.999619 130.565475 -96.145981 89.863976 174.035431 -95.622368 39.868618 146.841461 -126.949860 102.074883 167.016541 -48.438271               1662 
72.471237 130.332413 -95.441132 91.999390 173.893707 -95.048172 42.855225 146.514679 -126.683487 104.255516 167.018906 -47.854591               1672 
74.669884 131.052429 -93.293015 94.590096 174.451202 -93.382202 45.960724 146.971695 -125.085571 106.658394 168.060852 -46.072273               1681 
77.683899 134.081238 -92.792603 98.069679 177.271210 -93.366974 49.591747 149.412338 -124.880890 110.080345 171.298447 -45.987869               1690 
80.139565 134.777328 -92.490715 100.654015 177.928772 -93.927948 52.459625 149.213409 -125.115982 112.305016 173.143494 -46.324741               1699 
81.867630 134.285355 -91.470215 102.474915 177.431366 -94.105553 54.653660 147.446335 -124.704620 113.659500 174.400635 -46.247120               1708 
83.273727 134.174759 -90.776947 104.111588 177.300110 -94.210861 56.351276 146.636795 -124.228439 115.070610 175.509872 -46.237904               1717 
84.312851 134.007294 -90.646339 105.461189 176.979233 -94.750893 58.027874 145.754776 -124.334244 116.428391 175.986664 -46.756676               1726 
85.726616 133.267410 -89.573349 107.038574 176.123276 -94.379158 60.052158 144.121704 -123.780144 117.470459 176.255783 -46.255692               1735 
86.928368 131.852203 -88.092682 108.149841 174.612015 -94.187012 61.867817 141.146591 -123.066940 117.754654 176.745651 -45.938641               1744 
88.151260 130.630096 -86.823586 109.560646 173.117432 -94.048241 63.664253 138.704910 -122.426361 118.455093 176.923035 -45.766605               1753 
89.604904 129.223892 -85.685455 111.002274 171.562637 -93.779579 65.614006 136.134125 -121.718788 119.293358 176.785202 -45.523052               1762 
90.879990 127.223541 -85.179970 112.154396 169.502579 -93.828941 67.304108 133.215210 -121.545929 119.853363 175.776031 -45.599491               1771 
92.145920 125.435951 -84.629501 112.991745 167.766953 -93.922981 68.692917 130.423538 -121.119339 120.496246 174.962143 -45.791683               1780 
93.154892 124.157127 -83.070213 114.115746 166.219025 -92.994308 74.421150 126.583351 -118.670280 121.522560 174.187256 -44.969769               1789 
94.578506 123.555084 -81.448059 115.213028 164.964050 -92.123718 79.852028 123.080338 -116.849564 122.076546 173.525879 -44.120625               1798 
95.325211 122.479919 -79.836250 116.291885 162.978271 -91.349159 83.285828 119.684837 -115.168549 122.480339 172.387024 -43.412861               1807 
96.233330 121.114380 -78.457253 117.098198 160.751617 -90.566406 85.758591 116.506943 -114.077614 122.725510 170.448654 -42.618404               1816 
96.891907 120.148773 -77.451294 117.706085 159.056000 -90.325195 87.287178 113.950233 -113.169647 123.016823 169.342728 -42.464050               1825 
97.155800 118.139603 -76.225891 118.165894 156.264893 -90.075241 88.338707 110.314873 -111.852325 123.085106 167.642380 -42.419563               1834 
97.168739 115.914536 -75.047897 118.433105 153.177811 -90.152122 89.107925 106.222305 -110.343697 122.911484 166.163315 -42.865437               1843 
96.809845 113.329727 -73.752922 118.934952 149.652542 -89.445282 89.554382 102.390892 -108.806511 122.776482 163.658218 -42.394310               1853 
97.481735 111.463829 -72.969429 119.407753 147.542404 -89.452682 90.619019 99.383514 -107.474388 123.162926 162.593994 -42.718773               1861 
98.041832 108.525497 -72.497383 119.019531 144.751602 -89.835678 91.483269 95.287758 -106.393021 122.765472 160.782562 -43.427860               1870 
98.404030 105.616661 -71.921974 118.819077 141.877747 -89.819427 92.279114 91.425819 -105.363480 122.170525 158.747360 -43.679489               1879 
98.994576 103.310806 -71.318710 119.105835 139.405945 -89.856064 93.086014 88.239944 -104.285194 122.311508 157.114700 -44.021217               1889 
99.537376 100.179337 -70.627480 119.181046 136.351013 -89.469109 93.937019 84.508430 -103.272499 122.113571 154.491806 -43.785175               1897 
98.771851 97.081535 -69.351929 118.896126 132.455353 -89.132645 93.364937 80.174561 -101.259125 121.647156 151.946808 -43.997021               1907 
99.147301 93.562515 -69.735893 118.952545 128.917587 -89.830002 94.427254 75.787086 -101.075539 120.980011 149.077972 -44.950630               1916 
99.518082 90.902290 -69.125137 118.823471 126.084602 -89.957420 94.972755 72.140839 -99.728180 120.661240 147.150574 -45.487690               1925 
99.716995 88.870850 -68.314949 118.291092 123.890121 -90.032654 95.109993 69.106331 -98.042297 120.238808 145.858795 -46.006596               1934 
99.939934 86.517426 -67.524498 118.058060 121.454208 -89.753380 94.943359 66.149155 -96.414314 120.421425 143.894608 -45.986351               1943 
99.857269 84.050003 -66.992378 118.288063 118.788406 -89.274658 94.505814 63.329414 -95.105156 120.944466 141.328781 -45.575859               1952 
98.700813 81.327347 -64.729652 116.492851 115.580475 -88.270592 91.408127 60.221783 -91.718979 121.915100 138.471451 -45.011929               1961 
97.227066 80.040337 -61.934925 115.492561 113.384094 -86.387123 87.549171 59.023857 -88.005722 123.992767 136.060684 -43.512558               1970 
96.673340 78.976112 -61.074230 115.605011 112.271385 -85.076332 86.170982 58.507030 -87.068352 125.063477 133.958496 -41.891644               1979 
96.962242 78.118874 -61.364933 116.225342 111.829681 -84.504349 86.070625 58.225212 -87.351944 126.161949 132.210312 -40.793892               1988 
96.937996 77.346184 -61.717682 116.607391 111.314140 -84.139908 86.174477 57.609440 -87.382294 126.808159 130.722214 -40.049309               1997 
97.023727 76.704010 -62.007294 117.048409 110.766037 -83.966698 86.299324 56.880848 -87.313934 127.450439 129.530029 -39.644917               2006 
97.066216 76.266571 -62.229549 117.334389 110.410622 -83.854378 87.529953 55.928692 -86.763077 127.860405 128.753830 -39.385967               2015 
97.000580 75.595016 -62.575512 117.784325 109.863930 -83.579956 87.633224 55.332676 -86.821358 128.289108 127.580002 -38.853004               2024 
96.925056 75.044418 -62.911129 118.092964 109.488914 -83.391708 87.633163 54.875431 -86.846809 128.574585 126.774025 -38.491032               2033 
96.732483 74.245964 -63.760746 118.601402 109.085831 -83.012344 87.769073 54.508438 -87.614113 128.861252 125.237389 -37.640846               2042 
96.928116 73.572159 -64.086487 118.510864 108.817337 -82.976486 87.882225 53.889645 -87.714226 129.455582 124.202782 -37.498894               2051 
97.079666 73.076752 -64.499084 118.507271 108.681694 -82.991890 88.393654 53.238438 -87.755905 129.860504 123.516281 -37.431503               2060 
97.307541 72.687317 -64.636208 118.513916 108.520607 -82.956474 88.876404 52.616791 -87.552994 130.303162 123.020477 -37.399063               2069 
97.406258 72.359894 -64.946304 118.525612 108.399399 -82.973328 89.304680 52.122890 -87.584763 130.645599 122.497581 -37.376648               2078 
97.517982 72.054443 -65.077148 118.532219 108.211113 -82.965279 89.778778 51.569118 -87.466652 131.051590 121.980682 -37.376087               2088 
97.613930 71.891624 -65.218063 118.552650 108.110283 -83.030785 89.688675 51.411453 -87.580048 131.411163 121.609314 -37.455078               2096 
97.683029 71.737106 -65.315002 118.594246 107.991127 -83.049675 89.474754 51.208878 -87.607384 131.728882 121.252663 -37.482986               2105 
97.709656 71.640450 -65.373375 118.637413 107.934860 -82.977142 89.237968 51.058723 -87.581192 131.900406 121.000542 -37.391060               2115 
97.602356 71.576073 -65.435120 118.700058 107.903885 -82.739136 88.990875 51.053345 -87.658012 131.965378 120.634193 -37.058933               2123 
97.527367 71.581139 -65.547554 118.720406 107.912071 -82.698692 88.785484 51.044250 -87.739128 132.011429 120.471672 -36.978729               2132 
97.403419 71.604897 -65.549576 118.694885 107.890854 -82.648079 88.488800 51.028080 -87.690933 132.033676 120.369614 -36.919891               2142 
97.011505 71.881187 -65.742058 118.587456 108.123718 -82.534172 87.679024 51.337032 -87.922737 131.945786 120.212898 -36.707138               2169 
96.787865 72.161201 -65.510338 118.503113 108.281227 -82.336647 87.157158 51.622253 -87.656769 132.064041 120.262825 -36.540878               2178 
96.640930 72.580978 -65.414848 118.474388 108.656693 -82.157501 86.575752 52.122314 -87.580055 132.346710 120.325684 -36.374283               2187 
96.467705 72.984711 -65.346558 118.451805 109.008461 -81.983704 85.870560 52.591011 -87.508682 132.543427 120.392906 -36.195816               2196 
96.371933 73.454117 -65.314621 118.535851 109.428902 -81.805275 85.181534 53.127785 -87.462311 132.711227 120.578323 -35.985420               2205 
96.211464 73.947487 -65.365227 118.543495 109.903709 -81.668892 84.555084 53.721973 -87.506233 132.804001 120.783073 -35.810551               2214 
96.174774 74.315971 -65.424133 118.615738 110.276085 -81.573418 84.151199 54.206020 -87.531609 133.029022 120.905701 -35.704269               2223 
96.204636 74.803314 -65.154915 118.704956 110.554893 -81.566483 83.588120 54.563770 -87.096153 133.232010 121.408463 -35.785763               2232 
96.151810 75.248726 -64.752884 118.664513 110.743607 -81.514091 82.904121 54.837009 -86.528061 133.341217 121.874466 -35.847816               2241 
96.176468 76.682610 -62.777771 119.090950 111.686623 -79.872437 82.168312 56.198078 -84.403542 133.919846 123.009354 -34.302608               2250 
96.616951 77.066536 -63.164337 118.969620 112.327393 -80.289078 82.124146 56.701691 -84.853203 134.639923 123.100594 -34.867828               2259 
96.625381 77.407608 -63.169407 118.742577 112.612923 -80.618034 81.926674 56.923561 -84.695877 134.861252 123.494377 -35.379864               2268 
96.915222 78.515221 -62.681271 118.553070 113.897659 -80.298325 81.987808 58.011642 -84.109962 135.276947 124.647026 -35.248657               2277 
97.418381 80.320564 -62.059563 119.207993 115.932274 -78.975639 83.058083 59.848900 -83.945122 134.863922 126.492195 -33.499382               2286 
98.515663 82.075142 -61.849098 120.195900 118.160721 -77.797508 84.660736 61.799637 -84.349289 134.919083 128.117386 -31.875807               2296 
99.902458 83.362259 -63.077221 121.173988 120.215561 -77.606903 86.859383 63.393528 -86.492424 134.749359 129.135513 -31.121920               2304 
101.313316 84.525406 -63.614109 122.028954 121.871025 -77.589470 88.897346 64.499252 -87.401901 134.937561 130.581207 -30.875336               2313 
102.559631 85.661171 -64.421989 122.694733 123.510170 -77.943611 91.046097 65.383835 -88.414436 134.472031 132.494675 -30.983162               2322 
104.077606 87.668167 -65.994453 123.698425 126.241119 -78.491882 92.420944 67.956161 -90.265701 135.312531 134.370132 -31.335312               2331 
105.107178 89.115517 -66.762222 123.957687 128.486908 -78.203163 92.753571 70.087105 -91.296303 135.630066 135.646912 -30.904118               2340 
106.135864 90.497993 -65.350540 122.723320 131.194946 -75.888779 92.221581 72.121933 -89.845184 135.952835 137.198608 -28.839382               2349 
105.072601 94.484268 -65.890572 123.329926 136.070206 -72.357651 90.667519 78.786758 -89.810501 135.886002 139.188034 -24.846239               2358 
103.250984 98.911400 -66.261436 123.889786 140.956421 -68.059402 89.244781 85.897835 -88.924263 135.164688 141.460953 -20.128912               2368 
102.147285 103.955124 -65.166069 123.801498 146.436356 -65.548164 88.009544 91.795227 -86.083359 134.930130 147.108032 -17.585554               2377 
99.700981 109.166473 -63.534515 122.667435 151.492691 -63.599075 85.142731 97.689232 -83.254906 134.669510 152.076675 -15.846391               2386 
97.523674 114.475868 -59.879559 122.250885 156.121078 -58.996155 82.388168 104.228188 -79.100990 134.905304 155.387100 -11.414259               2395 
94.709259 119.633339 -57.976109 121.281036 161.026627 -53.787846 79.435913 111.544083 -75.622200 134.908188 157.532623 -6.598836               2404 
90.532730 125.458115 -55.407494 120.222786 165.244812 -48.729740 75.560783 119.464241 -72.092575 134.070877 159.169174 -1.867953               2413 
87.476036 132.293884 -52.841064 118.878799 171.025253 -44.631023 72.777580 127.550705 -68.954681 132.898132 163.268143 1.930712               2422 
84.788376 137.903809 -51.674812 117.413689 175.795090 -39.616570 70.454147 134.748077 -66.298340 131.907593 164.711197 6.119453               2431 
82.820564 142.497696 -52.258953 116.471321 179.488342 -35.141273 67.553757 141.426239 -64.559860 128.960632 166.847885 10.781987               2440 
79.920677 147.279861 -52.566471 114.740952 183.019058 -29.887167 63.305954 148.141144 -60.873840 127.047920 168.038559 15.376867               2449 
76.370338 150.201492 -48.141022 113.041458 185.093567 -24.130196 58.317627 152.706436 -53.560715 126.268501 169.632523 20.710764               2458 
72.094238 155.045105 -43.654919 110.455864 188.282639 -18.606956 53.477806 158.775177 -47.272125 124.914604 170.788773 25.092237               2467 
67.713264 160.867310 -38.558563 108.169426 191.558151 -12.990695 49.051071 165.589905 -40.749172 123.877876 171.244125 29.024714               2476 
62.907368 165.117767 -33.399517 104.926582 194.272736 -8.277786 44.159630 170.566727 -34.364346 122.100159 172.155792 32.226768               2485 
57.942547 169.191757 -27.088957 101.558578 196.680954 -2.744770 39.094620 175.375885 -26.831951 120.109077 172.734192 36.077156               2494 
52.459629 175.552673 -19.531914 99.363922 199.118683 2.887038 33.799831 183.502609 -17.237371 118.959229 172.195145 39.161774               2503 
48.260937 177.755600 -13.568357 96.166115 200.378403 7.870220 29.702539 186.265594 -10.172228 116.832947 172.234482 42.590694               2512 
43.699390 180.498703 -6.708853 92.929100 201.861023 13.127724 25.337463 189.855133 -1.869718 114.773018 172.370743 45.958755               2521 
39.304302 182.865463 0.288443 89.723312 203.129257 18.325651 21.257490 193.232773 6.546043 112.633545 172.449677 49.286831               2530 
35.066837 185.393982 7.819457 86.846947 204.179565 23.596422 17.629950 196.581985 15.675363 110.794724 172.189774 52.369114               2540 
30.847675 187.603760 14.323443 83.752548 204.502472 28.671755 14.098358 199.739426 23.638391 107.876175 171.028275 55.546238               2548 
27.019279 189.763016 21.427622 81.358315 204.152557 33.902195 11.388804 202.769226 32.782166 105.523430 168.850708 58.285332               2557 
23.369446 190.927078 28.168159 78.719261 203.728851 38.988628 8.782502 204.451767 41.336063 103.139580 167.222137 61.251106               2566 
19.612835 190.862457 34.310524 75.762856 202.754715 43.570126 6.059121 204.651505 48.676682 100.545784 165.699661 64.485168               2575 
15.938873 192.678207 40.642944 73.167419 202.282074 48.514256 3.889644 206.597794 56.752987 97.530663 163.754684 67.136353               2585 
11.961561 191.364838 46.622013 69.809395 201.053665 52.629753 1.036628 205.573883 64.066071 95.101280 162.624557 70.186340               2594 
8.889456 190.920456 52.038128 67.379417 199.571960 56.782207 -0.682105 205.504105 71.099075 92.695267 160.466965 72.738922               2602 
5.755272 188.328522 56.843079 64.487373 197.758148 60.705894 -3.148635 202.910217 76.840752 90.772675 158.900101 75.667358               2611 
2.484591 187.014755 62.068619 61.644405 196.476669 64.588722 -5.316489 201.784439 82.953346 88.495872 157.660309 78.624374               2621 
-0.359883 185.555008 67.368698 59.396259 194.134277 68.179733 -6.456575 200.396057 89.972351 86.356926 154.747116 80.282784               2630 
-3.991355 186.669662 72.063225 56.749210 193.583771 71.590424 -8.146635 200.322205 95.948677 83.563744 153.527359 81.648987               2639 
-6.860924 182.650085 75.085022 54.116806 191.966232 74.805801 -10.942667 195.370148 99.368561 82.885666 153.178558 84.427612               2648 
-9.105152 178.871307 78.336357 51.919003 189.877914 77.929626 -13.146370 191.666183 102.524696 81.948174 152.213867 88.146217               2657 
-12.951308 182.231171 83.204643 49.194893 189.252350 81.376785 -14.987084 194.406540 107.024582 77.498482 150.111176 90.946770               2666 
-16.386423 178.807648 86.247162 46.309834 186.518204 82.555199 -17.054462 190.061676 110.069290 76.003738 148.223862 91.303101               2675 
-17.713608 175.642105 88.669807 45.370098 182.929962 83.555130 -17.025099 185.795242 113.077919 75.269379 144.362534 90.135086               2684 
-19.799372 170.730774 90.482391 43.491756 179.581711 85.071915 -18.141338 179.429565 116.167938 74.606010 141.615570 88.968666               2693 
-21.473639 167.910385 91.377411 42.388363 177.028549 86.705147 -18.868017 175.076553 118.378426 74.023849 139.350296 88.768021               2702 
-24.560562 168.883270 89.954689 40.445244 170.913666 87.804382 -21.164238 172.363846 118.470718 67.920769 130.091400 85.974449               2711 
-25.638462 166.680893 91.135902 39.710922 169.962799 89.364883 -21.718416 169.664322 120.218361 68.370514 129.977631 87.237885               2720 
-27.203407 167.537308 93.763824 38.515965 170.458481 90.432266 -21.862856 170.092819 123.255356 67.350357 130.643433 87.595207               2729 
-28.286634 167.936707 95.339523 37.751453 170.526993 91.177681 -22.149773 169.776413 124.861771 66.727791 130.862518 87.740860               2738 
-29.830170 165.505142 96.373367 36.477871 168.155823 92.013130 -23.317963 166.200912 125.828415 65.734634 128.796692 87.584793               2747 
-29.257156 161.947922 98.594490 37.279278 163.076126 92.329910 -21.594969 162.014923 127.717079 65.908859 123.337273 87.242584               2756 
-29.948160 159.007080 98.810410 36.889259 159.678802 92.203415 -21.835209 158.259323 127.773079 65.547684 120.025383 86.634628               2765 
-30.893423 159.187347 99.322166 36.183765 158.265610 92.027512 -22.250034 157.001038 128.057999 64.087761 118.270477 85.210884               2774 
-31.114883 157.742661 100.211418 36.148739 155.334000 91.156815 -21.439865 154.335541 128.520432 63.449501 115.117470 83.282211               2783 
-31.909897 157.159119 100.508644 35.711796 155.146194 91.619835 -22.016047 153.087189 128.632355 63.577805 115.372711 83.479454               2792 
-32.636646 156.446487 100.679520 35.263927 154.600021 92.093338 -22.748667 151.628876 128.240601 63.416664 115.154602 83.364540               2802 
-32.998669 155.368759 100.571648 34.979042 154.354630 92.078926 -23.035732 150.669296 128.017853 63.658764 115.292603 83.341591               2811 
-33.420734 154.689606 100.635605 34.763458 154.003281 92.117111 -23.238611 149.831284 127.939476 63.812870 115.211235 83.398270               2820 
-34.126205 153.448975 101.067818 34.306465 153.027985 92.119736 -23.490627 148.395447 128.085266 63.731789 114.530022 83.358032               2828 
-33.592659 150.961319 101.312416 35.135704 148.009415 92.079948 -22.719931 144.575394 127.838074 63.363766 108.815239 82.503777               2838 
-33.809166 150.317780 101.825760 35.132153 146.646011 92.069092 -22.554863 143.439011 127.619881 63.160553 107.404282 82.108887               2847 
-34.014858 149.928375 102.028976 35.182140 146.399017 92.032646 -22.361877 143.445740 127.373253 63.558506 107.267334 82.640999               2856 
-34.315426 149.759735 102.197342 35.082157 145.959671 91.994011 -22.368170 143.319901 127.197807 63.494633 106.804077 82.813568               2865 
-34.540176 151.262665 102.269287 34.046127 139.751099 90.466248 -23.001795 141.146469 125.989815 57.520634 98.437920 77.548119               2874 
-34.563560 150.815262 101.985268 34.467430 140.253403 90.609726 -22.699392 141.462112 125.653122 58.857979 99.148857 78.767982               2883 
-34.673542 150.436615 101.691566 34.618744 140.470520 90.718048 -22.676624 141.632523 125.243050 59.513260 99.501389 79.470657               2892 
-34.313709 150.087082 102.496117 35.206192 140.847778 91.689308 -22.110481 141.828186 125.722366 60.632080 100.094627 80.853485               2901 
-33.906319 150.416718 102.807877 35.672413 140.970108 91.756630 -21.477779 142.238312 125.761192 61.008148 100.169548 80.888092               2910 
-33.179474 150.907959 103.457405 36.477222 140.874252 92.529411 -20.896732 141.899429 125.397385 61.390656 100.195747 80.310982               2919 
-32.390915 151.817459 104.425438 37.474243 141.518066 93.768951 -20.195227 142.738907 124.950684 62.390617 100.899727 81.357887               2928 
-32.242489 151.952713 104.243835 37.791611 141.692062 93.174774 -19.704845 143.315887 124.173561 62.931435 101.001923 81.469604               2937 
-32.251484 151.892960 103.799332 37.905518 142.226364 92.355446 -19.297384 144.170761 123.726570 63.557125 101.516930 81.893768               2946 
-32.305237 153.293961 104.181595 37.996849 143.264755 92.059196 -18.977341 145.362839 123.653648 63.644489 102.526329 81.701172               2955 
-32.904953 154.115082 104.256325 37.692642 144.201614 91.668022 -19.119761 146.122330 123.464455 63.744045 103.610992 81.746552               2964 
-32.997509 156.941483 105.577194 37.995094 145.867767 92.427803 -18.794882 148.046814 123.927361 64.294258 105.247543 83.314018               2973 
-33.681454 159.085220 105.483337 37.838894 146.804062 92.199959 -19.171785 148.841446 123.258438 64.582222 106.308990 83.854126               2982 
-33.977985 160.336349 105.217354 37.833317 147.286209 91.656837 -19.263422 149.153427 122.556381 64.794960 106.876785 83.603371               2991 
-33.899418 162.950104 106.008614 38.084396 147.983719 91.988533 -19.198738 149.917038 122.526260 65.026489 107.503525 84.230537               3000 
-34.199326 164.627792 105.389908 37.726543 147.500122 90.851303 -19.542465 149.957138 121.448090 64.279549 106.756218 83.132317               3009 
-34.299774 166.625168 104.897682 37.090435 146.744354 89.230263 -19.898624 150.236343 120.459709 62.578236 105.436600 80.938583               3019 
-34.156986 167.531509 104.510414 36.824429 146.142517 88.223053 -19.944519 150.362183 119.987045 61.615967 104.466118 79.669296               3027 
-34.403893 168.249451 104.463867 36.014996 145.424652 87.113098 -20.244989 150.495071 119.735023 60.117157 103.382996 78.378403               3036 
-34.382725 168.795547 104.453323 35.882576 145.421951 86.623360 -20.214508 150.543243 119.581963 59.883545 103.346077 77.775505               3045 
-33.990471 169.455093 104.174744 36.179668 145.268509 86.354675 -20.040602 150.460129 119.126373 60.059078 103.134056 77.456848               3054 
-33.941826 169.691742 103.899742 36.238575 145.172958 86.288620 -20.131393 150.373627 118.843094 60.107758 103.018784 77.457031               3064 
-34.713154 168.835373 102.908295 35.822231 145.052353 85.688377 -20.843102 149.506073 117.885834 60.156357 103.178055 76.794403               3072 
-34.641846 169.309875 102.576668 35.525921 144.559799 85.189941 -21.072271 149.549820 117.538933 59.215740 102.402168 75.903557               3081 
-34.588181 169.209244 102.317245 35.619038 144.426575 85.083405 -21.023405 149.384079 117.412750 59.366840 102.279915 75.895859               3091 
-34.574306 169.302643 102.225830 35.631168 144.438202 85.000916 -21.043697 149.313507 117.294731 59.422688 102.319695 75.797394               3100 
-34.678986 169.408417 102.095726 35.598587 144.493042 85.061684 -21.220921 149.169678 117.113159 59.553318 102.452072 75.927261               3109 
-34.595551 170.092133 102.230576 35.624180 144.693283 85.018456 -21.297394 149.037567 116.913109 59.781540 102.773270 75.861809               3118 
-34.026413 171.397598 103.030006 35.971210 144.921967 85.538048 -21.295349 148.748291 116.727783 60.366680 103.135582 76.401894               3127 
-33.810211 171.601807 102.997009 36.188789 144.813370 85.417877 -21.343809 148.011673 116.201271 60.980049 103.232674 76.409592               3136 
-34.584213 169.848923 102.327156 35.084946 143.461670 82.991020 -21.349922 146.792206 115.768753 60.135185 101.960648 74.338844               3145 
-34.469547 168.740662 101.886719 34.850090 142.170731 81.744980 -21.078905 145.758301 115.407997 59.750854 100.592377 73.032761               3154 
-34.796661 168.406189 101.479790 34.812252 142.491074 81.960533 -21.356722 145.659744 115.311508 60.118538 101.103882 73.510559               3163 
-35.099533 167.873276 101.168121 34.995613 143.026138 82.425186 -21.519768 145.413788 115.259178 60.983353 101.999771 74.289780               3172 
-35.667187 166.680634 101.408157 35.346088 144.268280 83.177551 -21.505112 144.584396 115.418831 62.805504 104.175583 75.223503               3181 
-36.002071 166.043060 101.963280 35.500858 145.312057 83.717575 -21.414238 144.107483 115.658409 63.907318 105.899704 75.689522               3190 
-36.732960 165.246872 101.481255 35.185314 145.824112 83.902824 -21.941961 143.690826 115.345428 64.326019 106.885651 76.200493               3199 
-36.859394 164.684677 101.108345 35.157940 145.986954 84.052330 -22.075712 143.559158 115.248589 64.601089 107.225449 76.612106               3208 
-36.822216 164.298416 100.548790 35.157139 145.894547 84.052147 -22.178259 143.563370 115.042923 64.640976 107.114471 76.874504               3217 
-36.725174 164.294739 100.151741 35.219757 145.863846 84.147064 -22.244284 143.723984 114.901070 64.668564 107.009300 77.233162               3226 
-36.359615 164.737198 100.024925 35.523952 146.012787 84.390526 -22.067337 144.149750 114.859985 64.845039 107.021187 77.709343               3235 
-36.053749 165.115723 100.252174 35.745163 146.082108 84.735588 -21.942358 144.294800 114.875107 64.922432 106.981918 78.059334               3245 
-36.146679 164.459229 99.874306 35.677605 146.395111 84.654457 -21.992218 144.282364 114.761154 65.173012 107.494217 78.216217               3253 
-36.177128 164.295792 99.786858 35.707253 146.946991 84.662781 -21.910208 144.470581 114.794014 65.561829 108.275574 78.503563               3262 
-36.158489 164.173782 99.652092 35.714016 147.214478 84.624443 -21.902966 144.534561 114.724983 65.711456 108.646187 78.512970               3271 
-36.137188 163.981339 99.432426 35.754154 147.468338 84.554604 -21.865837 144.564835 114.642990 65.945374 109.031433 78.570938               3280 
-36.237663 163.684387 99.219910 35.663776 147.564545 84.498344 -21.968494 144.465347 114.558083 65.997589 109.230576 78.575806               3289 
-36.207581 163.311798 99.016876 35.636032 147.223328 84.433723 -22.048815 144.082047 114.479866 65.901642 108.857315 78.371384               3316 
-36.199512 163.256897 98.963799 35.590881 146.968872 84.382530 -22.116585 143.924133 114.424721 65.718529 108.516960 78.178848               3326 
-36.135612 163.284286 98.938652 35.572353 146.739761 84.334724 -22.154408 143.805099 114.361305 65.528267 108.186813 77.929810               3335 
-36.035618 163.390396 98.831779 35.641743 146.730530 84.308327 -22.109921 143.851608 114.332100 65.559097 108.148651 77.897339               3344 
-36.022354 163.390381 98.601921 35.646217 146.636841 84.226997 -22.161699 143.797058 114.203125 65.506645 108.019028 77.767197               3353 
-35.840252 163.741577 98.533974 35.723148 146.411285 84.254021 -22.196959 143.677856 114.040169 65.404617 107.683449 77.630249               3362 
-35.696941 164.122406 98.574242 35.841431 146.278580 84.567986 -22.297956 143.430435 113.902840 65.487869 107.542267 77.837685               3371 
