-33.402790 87.631752 76.518364 26.723246 100.925255 68.648811 -17.017702 103.679535 101.200813 58.956711 65.784714 56.366455                  0 
-33.488705 87.566231 76.440262 26.779263 100.750748 68.622459 -16.990417 103.418930 101.160774 58.998196 65.633507 56.235790                 18 
-33.514984 87.576988 76.426514 26.788225 100.803596 68.585037 -16.974133 103.436127 101.141548 59.049000 65.722313 56.205387                 36 
-33.740158 87.868851 76.398987 26.633003 100.716255 68.322578 -16.933514 103.537056 101.143044 58.598427 65.469261 55.650913                 54 
-33.792747 88.050285 76.488937 26.608307 100.723091 68.191559 -16.833563 103.680946 101.180870 58.432480 65.384804 55.419037                 72 
-33.864403 88.215088 76.522720 26.514524 100.917542 68.073418 -16.923820 103.845482 101.118324 58.328007 65.594055 55.233509                 90 
-33.911953 88.321579 76.559837 26.446289 101.110611 68.040604 -17.122986 103.884956 100.943504 58.285328 65.851486 55.087627                108 
-33.635590 88.170563 76.750748 26.721251 100.973839 68.194244 -16.837313 103.761734 101.120392 58.573967 65.720345 55.259583                126 
-33.233154 87.585648 76.664505 27.009104 100.996307 68.196045 -16.671368 103.417328 101.004387 59.268097 66.049820 55.436344                144 
-33.251698 88.112770 76.972778 26.945354 101.693817 68.402512 -16.801847 104.116875 101.212379 59.331047 66.794426 55.836315                162 
-32.754654 87.558838 76.828636 27.378664 101.656029 68.556648 -16.594213 103.735985 101.118126 60.145683 67.029289 56.226959                180 
-32.477982 87.104828 76.874847 27.612375 101.591087 68.869064 -16.451862 103.503334 101.344551 60.677235 67.171791 56.755547                198 
-32.554867 87.089584 76.844040 27.596272 101.622879 68.855278 -16.497805 103.517319 101.316338 60.739037 67.249527 56.824505                216 
-32.953979 88.048752 77.179718 27.478979 101.237717 68.511986 -16.345062 104.424629 101.276253 59.852158 66.061432 56.708767                234 
-32.665222 87.901772 77.366898 27.740105 101.571541 68.351242 -16.043930 104.396660 101.260818 60.442966 66.696045 56.564278                253 
-32.965878 88.496750 77.214218 27.461355 102.583458 68.142952 -16.522360 105.184540 100.873428 60.547821 67.947556 56.725857                271 
-33.793575 89.515930 77.066925 26.162334 105.489044 67.840576 -18.079248 106.692703 100.342674 60.346661 71.882111 56.583782                289 
-33.717026 89.347748 77.024323 26.375719 105.057106 67.845345 -17.894283 106.394173 100.310478 60.450279 71.337288 56.593327                307 
-33.676014 89.021622 76.392448 26.724707 103.988052 67.596901 -17.700289 105.673828 99.850662 60.446117 69.926453 56.310444                325 
-33.294796 91.828712 76.976524 27.314461 105.690392 67.535294 -16.939323 107.982864 100.016190 60.311817 71.063789 55.835594                343 
-34.283020 98.048042 79.278816 26.958744 106.869698 67.727615 -17.562840 111.013008 98.887375 56.566856 69.797401 54.547539                361 
-34.997616 102.555489 80.964638 26.383446 108.839897 68.457748 -19.044058 113.949448 97.817696 54.358063 70.516556 55.287621                379 
-38.881546 112.523552 82.741287 22.799385 117.337753 71.424843 -24.145004 122.043633 98.052780 49.820381 78.634010 57.403572                397 
-39.979122 114.152145 81.259369 21.917770 119.528450 71.862640 -26.411989 122.665558 95.879204 49.442707 81.440453 57.152367                415 
-40.258224 114.176056 81.010376 21.635880 119.583504 71.950562 -26.992949 122.593987 95.306015 49.267818 81.490326 57.455875                433 
-37.644802 126.316353 80.117226 23.366289 122.115562 67.735176 -27.560862 123.611229 91.195198 52.543083 82.922424 61.625969                452 
-37.664703 132.516403 78.560699 23.159180 121.863930 65.369690 -28.585287 122.421768 90.788734 52.535145 82.500259 61.867661                469 
-39.547146 137.327057 76.331375 21.582945 124.721367 63.794216 -30.415854 125.487556 89.938858 51.218544 85.439018 61.967125                487 
-39.607746 142.422241 74.488556 21.125854 126.134903 62.231861 -30.761520 129.651855 89.683113 49.159714 85.658394 61.549767                506 
-40.425617 146.541275 67.854996 21.310467 130.551483 59.288536 -32.121189 133.756927 85.031097 49.909103 90.494431 60.792065                524 
-39.794594 153.426987 61.199574 21.862957 134.637558 54.718494 -31.853666 140.375305 80.036522 49.058582 93.693542 57.667252                542 
-39.533348 160.831650 52.532879 22.657728 140.897888 48.963871 -31.947739 146.907425 72.394844 49.501667 99.789825 52.737473                560 
-40.379585 166.090591 42.019733 22.714855 146.651306 41.947926 -32.785118 152.304352 63.224079 50.264317 106.284515 47.969482                578 
-41.110664 168.581772 29.635410 22.770388 150.363007 33.872231 -33.644135 155.353546 51.931267 51.058350 111.040268 42.716621                596 
-41.406631 168.432007 17.085953 23.014118 151.734467 25.043493 -33.801907 156.589005 40.347565 51.891148 113.846756 37.507355                614 
-41.195957 168.038834 4.716218 23.601894 154.989594 17.321388 -33.583298 157.590179 27.988695 53.519478 119.339302 33.405712                632 
-40.715946 166.673233 -9.508945 23.943346 157.761490 7.859554 -33.426216 157.809036 14.133394 54.561180 124.775993 27.839916                651 
-40.204140 164.673401 -22.892242 23.968281 159.266602 -1.894930 -33.380859 157.129730 1.137473 54.862282 128.610809 21.137510                668 
-39.741859 160.773636 -35.234146 24.277121 160.309692 -12.225278 -32.533073 154.667374 -11.074978 56.327419 132.976654 13.277529                686 
-37.918045 159.055115 -48.406761 25.136066 161.576050 -22.000776 -31.039228 153.315155 -24.099865 57.012905 136.176331 5.629483                704 
-36.518799 154.618530 -62.811245 24.900843 162.426926 -32.974136 -30.168192 150.121414 -38.042355 56.855293 140.431244 -2.645722                723 
-34.851341 148.463898 -76.166771 24.530745 161.814926 -43.779987 -29.181137 145.334366 -51.035870 56.543434 143.385590 -11.218398                741 
-33.039291 142.053101 -86.979301 24.415033 160.972443 -53.459351 -27.776968 140.380356 -61.676380 56.710152 146.316696 -19.298784                759 
-32.269676 137.672989 -98.181969 23.775524 159.880630 -63.981415 -27.532948 137.226822 -72.818115 55.670513 147.765305 -28.475943                777 
-30.288952 134.013794 -105.347855 24.714489 159.326553 -71.046822 -25.968132 134.902054 -79.872795 56.210175 149.890442 -34.390419                795 
-29.015369 125.175896 -103.965004 26.053070 157.395264 -75.568703 -24.520611 131.414673 -79.376442 57.414070 156.234268 -37.623352                813 
-27.116449 122.790016 -106.219902 28.138708 156.047272 -79.024414 -22.380804 129.729340 -82.366035 59.088863 156.840622 -40.733833                831 
-28.115282 112.397957 -117.144249 24.054720 150.943954 -90.596291 -23.357292 119.213051 -93.834366 55.052811 155.008133 -52.552757                849 
-26.407225 95.787575 -115.489319 21.446760 143.111267 -95.639854 -21.563932 105.462082 -93.679688 52.360973 155.577225 -59.395947                867 
-29.581104 95.932434 -115.284744 21.308004 141.238220 -98.321732 -23.518196 105.851471 -94.247749 53.409260 153.594299 -63.086147                885 
-29.923573 100.787315 -120.824249 21.637671 143.464142 -99.422943 -23.809523 108.473396 -99.049217 53.500858 152.095215 -62.885952                903 
-29.808046 103.166550 -124.662750 21.695143 144.475235 -100.458824 -23.856876 109.474754 -102.501671 53.218067 151.002350 -63.197422                922 
-28.705391 102.190758 -125.692368 21.956284 144.378159 -101.107430 -22.863235 108.352463 -103.541061 53.220051 151.327820 -63.704369                939 
-28.877880 103.789436 -126.876167 22.247307 144.818878 -101.143051 -22.972759 109.155876 -104.577095 53.356983 150.691345 -63.428177                958 
-29.085867 104.453735 -127.425148 22.308777 144.956345 -101.152382 -23.093306 109.268768 -105.046082 53.331757 150.389038 -63.300423                976 
-29.051657 104.017120 -127.452133 22.374092 144.592789 -101.144318 -23.031719 108.645752 -105.060371 53.250996 150.233429 -63.203442                994 
-29.444155 104.844063 -127.989830 22.386919 144.558853 -101.000984 -23.453407 108.829590 -105.486717 53.094696 149.544159 -62.831768               1012 
-29.811869 106.081520 -129.444534 21.970812 144.594345 -100.548012 -24.257813 108.987686 -106.627068 52.045971 148.360306 -61.740643               1030 
-31.511211 106.165833 -128.537338 21.156725 143.929398 -100.143311 -25.687954 108.589844 -105.724770 51.556393 147.390335 -61.561035               1048 
-32.910572 105.632782 -128.230621 20.074715 143.617371 -100.633537 -26.918249 107.976166 -105.447586 50.565754 147.658768 -62.180016               1066 
-33.544220 105.896202 -128.514664 19.750063 143.529678 -100.877625 -27.426039 107.765350 -105.637024 50.160915 147.539505 -62.357353               1084 
-34.509220 107.728905 -129.504791 19.517471 144.039703 -100.950363 -27.883142 108.340347 -106.195686 49.845730 147.381607 -62.301453               1102 
-35.571266 111.131775 -131.780426 19.198952 145.353043 -101.621819 -28.746569 110.366913 -108.108963 49.120781 147.380707 -62.566952               1120 
-36.277069 117.150009 -136.365448 19.219574 148.251572 -103.916283 -29.319599 114.543022 -112.565910 48.287281 148.213867 -64.169868               1138 
-37.492653 121.175301 -139.156418 18.961414 147.431641 -104.124649 -30.231833 115.867538 -115.806343 47.226387 143.768936 -63.970123               1156 
-38.777737 132.894104 -149.119034 18.022461 146.457809 -107.936363 -31.797529 121.796783 -127.293602 42.133137 134.652634 -66.656540               1174 
-37.762577 134.353043 -156.654770 16.658684 144.961517 -111.551758 -30.790537 120.605141 -135.785614 38.229649 130.680511 -69.653595               1193 
-34.566723 138.049698 -168.774872 14.287195 145.051987 -117.056709 -28.827702 121.751106 -149.402023 32.768982 126.003883 -75.580177               1211 
-31.826235 142.543701 -178.429428 12.409741 148.531250 -122.527885 -27.793072 125.643272 -159.020294 27.656301 128.521988 -80.197258               1229 
-32.170326 148.004318 -182.232651 11.392178 150.873001 -125.462921 -29.034058 130.289093 -163.084183 25.158409 129.412506 -83.336357               1247 
-32.677410 151.231857 -183.084747 11.481093 152.333618 -126.543381 -29.965384 132.931549 -163.683289 24.925438 130.621536 -84.441772               1265 
-29.990742 153.963272 -185.451309 12.837164 152.859116 -127.752113 -27.895224 134.701675 -166.288757 25.128790 130.035370 -85.886826               1283 
-30.806772 155.800095 -186.134918 12.316638 153.278656 -128.593933 -28.697891 135.880997 -167.185226 24.745335 129.756012 -87.158180               1301 
-30.356289 157.540787 -187.578461 12.390882 152.913696 -129.805267 -28.853811 137.068878 -168.890350 24.113625 128.462631 -88.702553               1319 
-29.637051 160.772598 -188.188705 12.634039 152.586227 -130.394562 -29.142067 139.597916 -170.031509 23.178331 126.548843 -89.952225               1337 
-29.670095 161.895477 -188.406555 12.696316 152.613602 -130.793686 -29.666906 140.627197 -170.176254 22.830715 126.402565 -90.358734               1355 
-29.429953 164.058884 -188.322418 13.205599 153.058914 -131.165695 -30.158152 142.770111 -169.980408 22.738171 126.583961 -90.756332               1373 
-29.207962 165.602829 -188.272278 13.567224 153.375122 -131.429840 -30.465555 144.311539 -169.833008 22.668140 126.741692 -91.025101               1391 
-29.531219 165.566864 -187.989822 13.572921 153.610504 -131.317688 -30.638674 144.250610 -169.425934 22.884611 127.284714 -90.759651               1410 
-30.660349 164.567978 -187.598145 13.210513 153.614670 -131.294037 -31.353386 143.376205 -168.742905 23.169676 127.972244 -90.452988               1427 
-31.598019 163.738251 -187.252441 12.907263 153.618149 -131.274231 -31.937220 142.646286 -168.160736 23.409227 128.552887 -90.211456               1446 
-34.531078 158.203644 -188.784485 10.887248 151.851929 -132.970093 -34.006096 137.901062 -168.760818 22.558107 129.034973 -90.923843               1464 
-33.206337 157.434219 -192.335617 9.363976 150.597260 -134.361572 -33.616772 136.886169 -172.231201 18.424547 128.087769 -91.513710               1482 
-31.035543 158.837082 -195.076935 8.832363 150.986282 -135.324951 -32.279530 137.823471 -175.182281 15.551740 128.259186 -92.162018               1500 
-29.254887 156.086746 -199.090195 8.339684 150.642029 -137.611053 -30.601782 135.314606 -178.710983 13.722608 129.313156 -93.556396               1518 
-28.378424 155.140091 -201.138321 8.093272 150.537811 -138.908844 -29.829683 134.395752 -180.549606 12.701469 129.817368 -94.477577               1536 
-27.982868 154.748825 -202.042480 7.983625 150.491455 -139.486328 -29.406309 133.927750 -181.371704 12.243336 130.040207 -94.895851               1554 
-25.481411 154.396240 -201.367554 8.250058 149.660461 -137.601959 -28.147995 133.758575 -180.548904 10.339881 129.604172 -92.678825               1572 
-30.005077 150.261703 -192.875305 5.167799 146.869934 -129.842697 -33.343182 131.018646 -170.878769 7.276204 129.192322 -83.932274               1590 
-26.982700 163.821060 -183.784058 3.642080 148.385437 -120.210823 -33.593880 142.355942 -164.878098 1.131699 124.575058 -77.182068               1608 
-34.476753 174.669128 -169.852432 2.560123 156.363235 -110.627571 -38.699154 152.098053 -152.141800 5.304128 129.139603 -69.687935               1626 
-57.593132 173.614868 -156.641479 -8.207450 165.472076 -104.617599 -54.619724 151.821533 -138.098633 6.791201 141.079697 -64.558113               1645 
-68.576324 172.745239 -149.626389 -17.254351 168.902145 -99.022179 -63.776382 151.721909 -130.759659 0.530055 146.305466 -59.049507               1663 
-67.045921 169.154144 -87.708603 1.893889 171.689301 -67.025627 -57.001640 155.202484 -70.796265 33.841831 150.794586 -35.921776               1681 
-61.784073 170.035553 -68.423492 8.396566 169.542740 -51.771507 -54.332958 159.955780 -50.009212 38.865376 146.682495 -20.566210               1699 
-60.119495 169.011948 -49.367188 11.405231 167.123413 -37.542843 -52.830658 160.892517 -30.386446 42.634251 141.447693 -9.432068               1717 
-58.517075 169.210693 -32.006905 13.784908 166.378937 -24.311508 -50.198517 159.628937 -14.394255 46.202553 137.796951 -0.713279               1735 
-55.850410 170.341492 -16.030308 16.845222 166.470795 -12.746574 -46.542370 161.375610 1.351467 50.145870 138.089600 9.842892               1753 
-54.045273 170.067337 -0.040984 18.884922 165.284531 -1.229396 -43.744926 160.876160 16.186573 52.813122 135.471741 18.386539               1771 
-51.938416 167.934265 13.710333 21.020424 162.632202 8.786418 -40.695877 159.493484 29.642254 55.660576 132.899460 27.245388               1789 
-49.509125 169.382202 25.593122 23.147181 161.965714 17.741405 -37.045189 163.327789 41.327034 57.302395 130.244812 33.613274               1807 
-46.680794 170.451172 34.823509 25.714283 160.401489 26.261082 -33.090771 167.082672 51.833347 58.457455 126.491219 40.497921               1825 
-45.541382 169.629669 43.407581 26.858225 159.690247 33.702164 -30.736586 168.721512 61.198051 59.513618 125.312515 46.987747               1843 
-44.310562 167.976456 52.112122 28.038103 159.099930 40.305176 -28.451836 168.071182 69.981804 61.203609 124.530556 51.694519               1862 
-43.482693 166.827560 56.588444 29.086630 158.062332 45.529919 -27.492857 167.072449 74.927582 61.682217 122.650642 55.934261               1880 
-42.329063 164.297363 62.983589 30.362068 156.916824 51.228703 -26.062366 164.137558 81.240776 63.314842 121.313332 59.667683               1897 
-43.162258 162.911331 66.580093 29.834236 156.259705 56.007256 -27.114368 162.525696 85.130013 62.739376 120.495049 63.935116               1916 
-43.339603 159.577972 69.607002 29.877657 154.148956 59.641499 -27.419224 158.643875 88.147690 62.729950 117.973862 65.707726               1934 
-43.612942 157.278778 72.440605 29.730816 153.073425 62.772709 -27.729677 156.275101 90.680717 62.701317 116.813377 67.554367               1952 
-43.950600 154.922409 75.173836 29.409164 152.409760 65.777489 -28.246395 154.161652 92.837791 62.579231 116.187073 69.295151               1970 
-43.451382 152.668411 78.209801 29.882896 151.503128 68.881393 -27.844381 152.376450 95.336784 63.309410 115.466507 71.837662               1988 
-42.533501 149.091995 80.837761 29.978025 150.534348 70.171097 -27.356878 150.670807 96.930054 63.648106 114.657455 72.141884               2006 
-41.329655 146.638809 82.982147 30.577812 149.479309 71.766251 -26.678707 149.266006 98.126381 64.362862 113.700348 73.540138               2024 
-40.100853 144.922302 84.534019 31.462267 147.280640 72.764351 -25.664240 147.292221 98.907936 64.532791 110.800377 73.254616               2042 
-38.811569 144.439896 85.703751 32.489700 146.035004 72.985092 -24.360256 146.923645 99.431335 65.021721 109.071640 73.279701               2060 
-38.225430 143.994675 86.353477 32.958614 145.364746 73.403244 -23.885403 146.421738 99.566368 65.232697 108.174858 73.476387               2078 
-37.094082 143.220642 87.171021 33.984097 143.949036 73.621468 -22.656597 145.202774 100.045189 65.790497 106.367752 72.779182               2096 
-36.427242 142.744843 87.655464 34.580914 143.125122 73.748466 -21.955465 144.454849 100.127922 66.108971 105.325722 72.371452               2115 
-36.100655 142.501755 87.890724 34.870785 142.724945 73.810158 -21.621168 144.070786 100.042961 66.262077 104.822227 72.173004               2133 
-35.921741 142.348358 88.017792 35.034504 142.498932 73.844994 -21.419258 143.877289 100.084938 66.348099 104.538620 72.060822               2151 
-34.435875 140.873337 87.344551 36.531033 139.786850 72.873657 -19.767031 141.825409 99.371712 67.041092 101.228638 70.207077               2169 
-34.431271 140.901138 87.359436 36.529327 140.157639 72.742378 -19.713217 142.218155 99.322456 67.334900 101.798660 70.665154               2187 
-34.465221 140.786514 87.350418 36.522011 140.122498 72.716629 -19.730286 142.152130 99.170570 67.373787 101.796562 70.716492               2205 
-34.680344 140.894272 87.322899 36.513767 140.082916 72.687637 -19.784540 142.008682 98.758400 67.417671 101.794571 70.774048               2223 
-33.026375 139.825302 88.033035 38.268166 137.085617 72.030754 -17.493252 139.959106 98.999290 68.322189 98.178185 69.259827               2241 
-31.967833 139.123154 88.585373 39.409828 135.189926 71.687752 -15.997558 138.551773 99.180252 68.919403 95.921188 68.243690               2259 
-32.324165 139.404785 88.605896 39.281998 135.235382 71.818520 -16.192438 138.594528 99.053398 68.813637 95.974991 68.469795               2277 
-32.336021 139.531326 88.850357 39.524002 135.077927 71.931648 -15.934876 138.247284 99.095505 69.048225 95.840363 68.265030               2295 
-32.417828 139.557541 89.018341 39.606453 135.087967 72.092247 -15.878870 138.072922 99.051910 69.180611 95.903595 68.262962               2313 
-32.201706 139.644150 89.311577 39.898716 134.825531 72.218933 -15.520782 137.959671 99.231827 69.327187 95.545822 68.246529               2331 
-32.008045 139.644882 89.438042 40.133217 134.516525 72.199028 -15.227165 137.803574 99.261299 69.386292 95.125603 68.037010               2350 
-29.808144 136.960297 89.444862 42.251545 130.939499 71.726624 -12.965085 134.030594 99.060661 70.447083 91.125046 65.053482               2368 
-28.168230 135.531754 89.825470 43.803471 129.188385 71.531929 -11.189323 132.195068 99.238510 71.525642 89.278969 63.567638               2386 
-27.899820 135.757431 90.040916 44.191154 129.419464 71.583374 -10.676593 132.448120 99.410789 72.001259 89.578857 63.581230               2404 
-29.663233 136.478836 89.665703 42.977962 130.978149 72.253532 -12.262233 133.586395 99.220024 71.707436 91.558212 65.515923               2422 
-32.240192 136.881104 89.366074 41.094971 134.799484 73.996567 -14.901091 135.394608 99.360474 72.146561 96.836235 69.603340               2440 
-32.775188 136.776337 89.431183 40.660454 135.946335 74.292908 -15.408364 136.024155 99.343933 72.595818 98.601303 71.100586               2458 
-32.870895 136.869659 89.420197 40.602329 136.135117 74.334000 -15.500056 136.217514 99.172958 72.650902 98.864853 71.414063               2476 
-33.010204 136.840546 89.324776 40.498646 136.185928 74.314323 -15.674227 136.185242 98.871918 72.629021 98.974052 71.553032               2494 
-29.820023 134.154144 89.435089 42.916012 130.405746 71.209686 -12.113250 131.996460 98.197159 72.845825 91.781967 65.117035               2512 
-27.053812 131.247543 88.850327 45.483631 124.945602 70.314148 -9.390844 127.917435 97.499779 73.699440 85.316772 62.689583               2530 
-27.200489 131.475601 88.840874 45.397484 125.153404 70.354385 -9.481549 128.146133 97.556335 73.697937 85.554230 62.891186               2548 
-28.557747 132.517868 89.241219 44.219719 127.488144 70.940025 -10.726888 129.899246 98.063217 73.561943 88.433739 64.735405               2566 
