-25.468596 155.849152 94.897713 32.744480 134.710709 83.268806 -20.317156 138.100021 108.848450 64.625542 97.268135 80.746689                  0 
-24.188997 156.705643 94.608421 33.965782 133.518875 83.122116 -19.207748 137.911896 108.396080 64.884010 95.307465 80.179062                 18 
-23.239523 157.495651 94.457550 34.900505 132.618973 83.102104 -18.409531 137.695404 107.995094 65.127235 93.877701 79.913315                 36 
-23.384214 158.430283 94.201996 34.680477 132.374207 82.456841 -18.431532 138.068390 107.717094 64.403885 93.271271 78.965622                 55 
-23.404125 159.304047 94.051170 34.582657 132.125519 82.430916 -18.471861 138.581924 107.732353 63.790577 92.632446 78.980667                 73 
-23.708263 160.263336 93.604591 34.643185 132.685165 82.922119 -18.797863 139.288193 107.501625 63.810318 93.124947 79.925934                 92 
-23.813751 160.472000 93.534859 34.826954 132.593063 82.801903 -18.590029 139.261871 107.597549 63.948833 93.004921 79.735245                110 
-24.117393 160.506348 93.155670 35.160652 132.470352 82.973450 -18.472460 139.117142 107.556297 64.445534 92.971817 80.333092                129 
-25.294241 160.620712 92.504959 34.708031 132.621277 82.901947 -19.011076 139.294510 107.589249 64.271515 93.295715 80.849876                147 
-25.290281 160.444962 92.733345 35.135929 131.851471 82.772102 -18.530792 138.476334 107.695549 64.673553 92.518555 80.500275                166 
-25.656616 160.718414 92.915291 35.172894 131.700287 82.722969 -18.462143 138.255432 107.758766 64.752213 92.402733 80.382973                184 
-26.086647 160.886032 93.067680 35.110264 131.658508 82.735092 -18.500225 138.134689 107.851791 64.747681 92.407402 80.351074                202 
-26.825275 160.090057 92.724518 35.018162 130.940628 82.350189 -18.497469 137.239975 107.752960 65.029419 91.955780 80.296791                221 
-26.236980 160.459579 94.229057 35.267448 129.617065 82.673088 -17.935946 136.534332 108.570869 64.412300 90.046173 79.602051                240 
-26.445532 160.508392 94.820358 35.613480 129.635757 83.415154 -17.722462 136.237198 109.143440 65.015854 90.245987 80.472939                258 
-26.803156 160.912720 95.246346 35.841412 129.648056 83.903954 -17.605139 136.018204 109.502144 65.412308 90.378326 81.047340                276 
-26.139826 160.972443 96.725792 36.536663 128.472549 83.865311 -16.414906 134.948395 110.490005 65.840790 89.067970 80.224167                295 
-27.110128 163.311844 97.965935 35.498760 128.789520 83.859161 -17.167686 135.470932 110.964920 64.385162 89.141121 79.582436                313 
-28.146595 164.157440 98.936951 34.773682 129.085312 83.820198 -17.650171 135.383636 111.455086 63.750523 89.563995 79.012054                332 
-28.691734 164.722885 99.701355 34.451675 129.220963 84.214661 -17.848839 135.388321 111.966316 63.518749 89.771065 79.364876                350 
-28.721657 164.554703 100.003113 34.510586 128.896011 84.200027 -17.596088 135.080139 112.262764 63.649376 89.494263 79.389328                369 
-28.774656 165.405807 101.010498 33.956593 128.530121 83.993942 -17.592178 135.218811 112.896263 62.626808 88.843933 78.727539                387 
-30.997129 168.986191 103.709183 31.358917 131.299286 83.990883 -19.648849 137.077545 113.891998 59.793957 91.730003 76.889458                405 
-31.256561 170.330048 104.948906 30.855396 131.479492 83.714592 -19.691271 136.950974 114.220428 59.247585 91.985847 76.043510                424 
-29.528069 170.395782 105.471176 31.823658 129.685638 83.651802 -18.505539 135.911682 114.257477 59.494686 89.717422 75.805428                442 
-28.208775 169.758438 105.494667 32.396961 127.747284 83.324188 -17.643080 134.794357 114.138321 59.446812 87.348755 75.515587                461 
-27.599535 169.492966 105.585075 32.663021 126.928696 83.127663 -17.330114 134.200104 113.900192 59.412560 86.357880 75.179047                479 
-27.756371 169.323730 105.693733 32.757038 127.085350 83.113693 -17.297190 133.986847 113.820679 59.752274 86.687630 75.114243                498 
-26.632862 167.745056 105.667595 34.440876 126.111504 83.341148 -15.634580 132.618057 114.057549 62.029785 86.033958 75.768036                516 
-26.733343 165.974991 105.789734 34.864414 125.472656 82.703568 -14.747085 131.161880 114.307251 63.272346 85.981033 75.080528                535 
-28.249830 166.845810 105.602097 33.259342 126.246834 82.216530 -15.472229 132.539734 115.038445 61.987495 86.857765 75.295258                553 
-27.894957 167.295242 105.846298 33.098991 126.001640 82.196075 -15.404019 132.853745 115.175133 61.463631 86.342941 75.315346                572 
-26.809723 168.674225 105.840897 33.598370 126.183250 82.350227 -14.665622 133.991196 115.477966 61.571144 86.169083 75.939255                590 
-25.205523 169.221542 104.337959 35.434299 126.285675 81.925293 -12.952327 134.657593 114.781776 63.617588 86.268509 76.536545                609 
-24.203571 171.476547 102.250046 36.918930 128.223816 81.643059 -11.853085 137.321793 113.937836 65.390404 88.240723 77.713974                627 
-21.055738 174.017563 99.031769 38.776512 128.572998 79.181229 -9.470883 139.980438 111.930977 66.147095 87.752129 76.145111                645 
-21.031788 175.917358 93.368698 41.216763 132.099945 77.514946 -9.020123 142.635864 107.890388 69.971611 92.136551 76.622772                664 
-18.483782 175.889587 92.109932 44.037270 132.761017 74.990120 -6.279336 142.651367 105.808380 72.809906 92.844826 73.107918                683 
-17.532389 174.821457 89.133774 46.111610 134.434113 70.297890 -4.390640 142.467148 101.318321 75.772812 95.234703 67.411880                701 
-16.855925 173.988098 84.743973 48.656887 136.980988 66.673714 -3.196111 142.656845 95.642700 79.491280 98.703346 63.711987                719 
-16.895620 173.753708 77.105202 51.020870 141.076157 62.698246 -2.280849 144.881363 88.374718 83.792107 104.325455 62.321857                738 
-18.354301 177.399673 64.580872 51.568302 148.854782 54.933029 -3.157368 150.749466 76.479187 85.988861 113.759483 57.806217                756 
-22.019302 180.541412 48.417740 49.287075 155.623001 44.478836 -6.714564 155.996323 61.774910 84.827957 122.227692 51.283890                775 
-24.863993 183.639923 33.180958 46.792595 160.901779 33.819473 -9.980453 160.846832 47.965515 82.547630 128.609818 43.993763                793 
-25.373617 183.964432 21.672167 46.453297 163.308441 26.171597 -10.827583 162.159531 36.921062 82.280930 132.012924 38.886948                812 
-29.351259 183.694061 5.108459 42.808598 168.542892 14.959394 -14.779179 163.614914 20.964823 79.490845 139.779175 30.826693                830 
-33.827759 183.418594 -14.202299 37.556965 174.350372 3.341006 -19.697908 165.285858 3.255269 74.266167 148.821365 23.966593                849 
-35.004734 180.653961 -31.233232 34.667072 177.052155 -7.498188 -21.692001 164.583572 -12.299790 70.770370 154.453018 17.210932                867 
-37.484970 175.773621 -49.363747 30.060040 179.902420 -21.058834 -24.778229 162.949188 -28.636522 65.674690 162.135391 7.934947                885 
-38.679180 171.080826 -64.718735 26.573355 181.391647 -33.396870 -26.633926 160.803696 -42.906284 61.190144 167.857117 -1.098197                904 
-38.725895 164.578003 -74.146873 24.848494 181.079865 -42.802540 -26.972773 157.039154 -52.021542 59.300919 171.651840 -8.907807                922 
-38.686111 158.829330 -84.076927 23.327597 179.560120 -52.658974 -27.683029 153.632324 -61.650421 56.848854 173.473022 -17.106443                941 
-38.577877 155.453735 -93.897141 21.755920 178.724579 -61.417324 -28.731209 151.888397 -71.164627 53.685432 174.893448 -24.127396                959 
-37.936943 152.522095 -101.862656 20.696815 177.432373 -67.977722 -29.437706 149.816422 -78.613426 51.162144 175.087982 -29.363251                978 
-37.694576 148.651642 -107.591515 19.494633 175.286850 -73.295372 -30.351152 146.741516 -84.079201 49.392868 173.925293 -34.193562                996 
-35.062798 141.322876 -113.398285 18.374487 172.892227 -78.127686 -30.329956 141.864380 -89.351334 45.753468 175.586990 -37.288494               1015 
-33.274635 133.005829 -116.589989 16.106638 171.751068 -83.277939 -30.555233 136.428528 -92.553413 41.698254 180.288773 -42.084652               1033 
-32.662468 126.713158 -116.433723 14.356977 169.962387 -85.759567 -31.226727 132.406586 -92.689430 38.703468 182.920578 -44.966873               1052 
-31.510408 122.869644 -117.512566 12.925789 168.789276 -87.142189 -31.613909 129.539871 -93.869576 35.588017 183.994354 -46.155132               1070 
-32.093002 115.622932 -114.987732 10.987682 165.064346 -88.625206 -32.638958 124.248703 -91.903908 33.242840 184.220657 -49.097321               1089 
-32.053696 111.835892 -114.851494 9.232072 163.413879 -89.876251 -32.644928 120.606476 -91.671623 31.629475 183.863174 -51.083305               1107 
-31.963659 110.452148 -114.806274 8.758236 162.645340 -90.237930 -32.597740 119.285095 -91.560364 31.246456 183.453827 -51.689304               1125 
-32.471848 109.522774 -114.374420 8.196629 162.108932 -90.562225 -32.864689 118.406998 -91.169373 30.979839 183.275726 -52.383675               1144 
-31.901960 106.291962 -111.747063 9.645495 158.948349 -89.795929 -32.717876 116.568314 -89.443748 31.603008 181.797501 -52.106495               1162 
-31.915640 105.963791 -111.289375 8.928194 159.335251 -90.021156 -32.360405 116.030998 -89.393196 31.013210 182.401749 -52.539181               1181 
-31.948580 105.405312 -110.450630 8.026912 159.674988 -90.180298 -32.075153 115.403214 -89.186455 30.262541 183.060776 -52.986320               1199 
-31.958052 103.673393 -108.883247 6.685995 159.466843 -90.757942 -31.820934 113.985260 -88.830185 29.005713 183.735306 -54.184978               1218 
-32.202835 102.990753 -108.778595 5.755711 159.342560 -91.086533 -31.821854 113.191566 -89.258682 28.233232 183.560410 -54.576717               1236 
-32.272076 102.349701 -108.298653 5.139019 159.180328 -91.450111 -31.782848 112.572983 -89.503647 27.822783 183.447922 -55.101234               1255 
-32.496994 102.485611 -108.812576 4.589591 159.352402 -91.800720 -31.913858 112.465851 -90.610741 27.460613 182.991486 -55.156223               1273 
-32.521328 102.167099 -108.029213 4.021284 159.389633 -91.795006 -32.053749 112.205139 -90.811058 27.042150 182.853775 -55.131905               1292 
-32.648087 102.365585 -107.683167 3.308550 159.761368 -92.034355 -32.493378 112.375755 -91.503380 26.378258 182.916412 -55.205799               1310 
-32.514030 101.188423 -106.843201 2.408783 159.507599 -92.602669 -33.179615 111.977005 -91.632164 23.859869 184.289993 -55.854973               1328 
-32.028694 101.507912 -107.528580 2.280509 160.196442 -93.414429 -34.195534 113.026726 -92.788193 22.574381 185.631958 -56.456295               1347 
-34.373459 102.587395 -109.369347 0.909393 160.486786 -94.469765 -37.583855 114.614449 -94.903076 20.903601 185.352829 -56.964821               1365 
-39.654057 107.477715 -114.350128 -2.086232 162.721710 -95.481575 -43.310326 119.211411 -99.448013 18.030821 184.487915 -56.159237               1384 
-45.759418 113.315804 -118.289467 -6.534128 165.566238 -94.932213 -49.996094 124.554390 -103.012512 13.932576 183.019547 -53.686539               1402 
-51.578892 116.666100 -118.160690 -12.771003 168.008575 -92.629654 -57.815918 128.734909 -103.443108 6.612644 183.675583 -50.161678               1421 
-59.659203 119.078987 -118.272537 -20.867069 169.131638 -90.484055 -67.102524 131.406479 -103.546364 -1.803471 182.510651 -47.098675               1439 
-69.985130 119.753235 -117.676224 -31.360592 169.127960 -89.967171 -78.322968 132.244019 -104.119934 -11.976821 180.692551 -46.203720               1458 
-80.073921 118.005363 -111.762711 -41.304592 168.220444 -87.940338 -88.905869 131.184097 -100.224335 -20.626564 180.237167 -44.897015               1476 
-91.549431 116.462860 -107.965385 -52.603657 167.067032 -86.571106 -100.625961 129.666504 -96.809532 -29.627480 178.451935 -44.533154               1494 
-100.115028 115.994278 -101.232010 -61.267754 166.620789 -81.718979 -110.013535 129.500107 -90.912331 -37.127525 177.479858 -40.197422               1513 
-104.601349 115.948273 -95.703995 -68.390541 167.063446 -74.544373 -116.054771 128.602142 -85.376839 -43.943432 176.042603 -32.754143               1532 
-112.151649 110.633873 -90.455376 -78.718765 163.501099 -71.058472 -125.263557 122.895927 -80.623581 -53.571899 173.358643 -29.885986               1550 
-117.387711 108.477295 -87.428619 -85.355209 161.343658 -67.449280 -131.680389 120.090027 -77.179070 -58.906021 169.693756 -26.762350               1568 
-123.245125 106.862534 -81.394867 -93.435997 160.068848 -64.849419 -140.000854 118.484909 -73.336807 -64.934128 167.377686 -25.366079               1587 
-124.840660 102.061890 -73.508675 -99.951126 156.696777 -63.803421 -145.956604 113.792274 -70.298706 -71.125534 165.734894 -24.917593               1605 
-130.068939 96.422127 -69.427505 -108.813286 151.689590 -62.443249 -154.354477 107.916626 -69.319748 -80.842438 161.321564 -23.078709               1624 
-134.697021 91.935318 -64.992332 -114.041000 147.441681 -62.354210 -160.497711 103.918861 -67.957787 -88.138870 159.794479 -22.339237               1642 
-136.517014 91.075951 -64.175224 -116.277428 146.508484 -59.470268 -163.247406 103.422523 -67.182159 -90.986732 157.205673 -18.596552               1661 
-140.997437 87.939140 -64.475845 -122.229767 143.416275 -60.425179 -169.170715 100.015823 -68.816772 -97.696373 154.103821 -19.089979               1679 
-140.307358 87.759094 -64.263260 -122.377457 142.469727 -56.739017 -169.716629 99.911774 -67.477669 -96.014130 148.868179 -15.644680               1698 
-171.532486 96.185066 -83.215523 -113.027504 132.381058 -37.688793 -132.322266 87.074219 -56.286728 -73.646400 140.932129 -9.391832               1716 
-179.827896 82.853683 -77.628761 -111.167145 124.942741 -33.673016 -120.154976 82.162109 -61.623425 -69.367844 138.553452 -11.485702               1734 
-189.984879 85.127464 -82.600914 -116.419319 118.772789 -35.939213 -126.655937 79.657211 -68.641319 -73.929207 128.636765 -13.091835               1753 
-187.298416 76.194679 -87.590904 -118.673332 115.285591 -36.588535 -123.309181 75.090439 -69.324677 -78.946480 128.552307 -10.694879               1771 
-184.066849 68.679718 -88.894554 -120.640205 113.456566 -35.417809 -120.866844 71.301231 -65.973297 -83.709373 130.037689 -7.384086               1790 
-178.256775 61.303440 -91.876808 -120.386955 109.760170 -35.211018 -116.243576 67.813972 -65.796005 -86.118927 128.585587 -5.277497               1808 
-176.864960 59.053822 -94.602608 -116.826614 102.093040 -35.750687 -112.718437 67.399925 -74.385956 -80.958977 118.636726 -6.347817               1827 
-179.634415 63.646484 -93.254555 -116.457825 102.588623 -34.668709 -114.558083 67.958679 -73.543724 -79.537102 116.819351 -5.359036               1845 
-187.995560 75.112267 -92.417992 -116.041267 98.098976 -35.352814 -120.482605 71.669640 -80.037125 -75.477242 104.385765 -8.154552               1864 
-185.017929 78.762177 -110.633751 -122.440430 97.143738 -41.890141 -120.597725 70.723320 -86.770042 -87.003700 101.001923 -7.918643               1882 
-179.018921 81.864037 -125.454300 -127.043732 97.732048 -47.749302 -119.243050 70.975334 -91.789207 -97.306763 100.275375 -8.583581               1901 
-201.935425 84.911026 -111.034355 -135.678818 102.722832 -45.534115 -139.570602 67.190742 -82.772285 -100.262405 105.683769 -11.451563               1919 
-209.177322 88.472031 -105.016502 -138.098495 104.283653 -44.191586 -145.084473 68.252480 -79.996056 -100.711273 106.201393 -12.203650               1938 
-210.838562 86.919991 -103.178047 -139.285965 104.476738 -43.364704 -144.809830 68.185799 -78.735680 -101.696594 107.353989 -11.687094               1956 
-213.934402 89.712044 -96.990074 -139.306122 106.115341 -40.682224 -141.933899 70.729332 -76.140396 -100.315773 108.431686 -10.697274               1975 
-217.744598 74.846909 -71.141281 -139.461700 114.257889 -34.664120 -140.042664 68.211311 -54.187141 -98.045219 129.335754 -12.708649               1993 
-216.187485 68.973541 -65.199776 -140.118149 116.822571 -34.561893 -137.525375 67.946571 -44.353310 -99.944008 137.078552 -14.550821               2011 
-215.658493 69.738312 -63.353458 -139.227051 116.786308 -32.338131 -135.620972 68.321701 -43.309280 -98.872940 136.576889 -12.223738               2030 
-216.888657 74.226357 -63.006042 -138.632507 118.031487 -31.755646 -136.049896 69.647453 -42.961498 -97.550369 136.135422 -11.526592               2049 
-218.024689 79.131760 -62.619427 -137.054031 116.085991 -29.417547 -135.249405 69.620132 -46.408680 -94.650711 130.124969 -8.691322               2067 
-216.235168 79.618141 -65.357582 -136.754913 118.363258 -30.545471 -133.445374 71.569862 -46.061447 -95.237892 133.219223 -8.628662               2085 
-214.447159 78.099335 -64.551216 -136.153458 119.527550 -30.098907 -131.430145 72.702957 -45.016224 -95.118752 135.599686 -8.131901               2104 
-214.402924 78.911728 -59.854618 -135.289169 120.893196 -28.036442 -131.039200 73.924667 -42.443302 -93.686691 137.157104 -7.313785               2122 
-212.687775 108.295692 -79.825470 -132.719254 135.122452 -36.010513 -140.926010 86.701042 -39.643696 -93.318336 144.721817 -8.079720               2141 
-208.481903 112.344208 -85.671936 -130.251877 136.707672 -37.491356 -144.722153 89.794022 -40.536896 -92.105042 144.895554 -7.449933               2159 
-210.755859 119.660400 -85.219345 -129.726959 139.516861 -39.646206 -149.736389 94.349426 -39.544876 -90.417328 145.786377 -10.660748               2177 
-211.611282 122.899780 -86.530014 -130.508575 145.964981 -42.619926 -152.441345 102.182220 -36.094013 -91.444519 154.902634 -14.004765               2196 
-215.137314 128.673218 -85.688919 -131.987457 149.414597 -44.435738 -156.347122 107.949707 -33.448475 -92.068848 158.129242 -16.953575               2215 
-219.281097 138.458847 -74.712219 -130.061996 154.626678 -45.863071 -156.026382 119.195564 -23.903875 -86.576286 162.937256 -24.307627               2233 
-196.012360 148.425812 -18.640398 -128.918854 157.075790 -43.980728 -155.247330 125.732811 -16.957989 -83.864769 164.066376 -25.380430               2251 
-161.581528 168.783371 -0.942897 -129.391983 162.259155 -42.189568 -157.330002 136.109619 -11.512340 -83.262062 166.516602 -25.497803               2270 
-161.546722 176.141373 6.682442 -132.776413 170.232773 -35.725410 -158.995514 142.259796 -5.139267 -87.572914 178.624588 -18.092163               2288 
-151.999130 185.052094 9.110635 -130.538742 177.158508 -30.544319 -156.241516 148.745178 0.075820 -85.557793 186.416748 -12.776114               2307 
-140.992645 192.568222 20.198227 -123.611206 185.437393 -19.753990 -147.507767 155.676041 11.050249 -77.935951 194.555237 -3.774428               2325 
-131.259796 198.381729 29.015846 -115.668068 192.467834 -11.409191 -138.751572 161.593872 18.918947 -69.504784 200.759308 3.587895               2344 
-127.225807 201.011841 34.628628 -112.355148 195.384171 -5.951976 -135.157166 164.224915 24.300097 -65.973984 203.267105 8.586155               2362 
-115.705086 209.278336 45.831192 -104.161491 200.738754 4.774495 -125.561783 172.146332 38.400272 -56.616486 207.812134 15.458594               2381 
-108.165146 212.911743 50.990078 -97.633110 203.590179 9.906042 -118.556816 175.674423 44.391903 -49.817295 210.362015 19.523720               2399 
-77.500992 213.361954 67.779953 -78.211540 207.610031 24.803967 -94.734352 178.730713 60.852798 -29.003580 206.964676 23.109756               2418 
-61.623440 206.864441 78.096687 -67.516525 206.095154 35.192608 -81.726799 174.145111 69.599251 -18.939447 203.173370 27.679884               2436 
-42.163101 206.802032 81.783020 -55.086452 203.965408 40.586479 -66.555878 176.222733 79.395889 -8.892508 195.430496 25.822176               2454 
-33.129494 203.164459 85.721497 -47.780052 198.417404 45.585781 -59.133396 173.810684 86.499512 -2.486003 187.084259 29.942295               2473 
-28.226955 196.291428 89.093903 -43.217163 191.508484 49.653065 -54.488590 167.299835 90.823647 2.358011 181.230377 34.097557               2491 
-20.294954 187.977875 93.985840 -37.009747 187.858917 55.557068 -49.206127 161.254059 94.964577 7.479406 176.229858 37.944851               2510 
-17.119650 182.734085 96.944733 -35.098656 183.768311 59.527065 -46.584915 156.329788 98.594055 8.993090 172.674911 40.617691               2528 
-12.485704 179.520966 99.777336 -32.017525 181.114197 63.448498 -42.960651 154.226303 103.066376 11.004321 168.718109 42.950504               2547 
-11.068061 175.807999 102.920128 -30.078777 178.660355 66.609795 -42.031948 150.769302 105.243156 13.280932 166.642090 46.604622               2565 
-10.258035 173.820602 106.479446 -28.466316 175.406509 69.847496 -40.614952 147.856018 108.675423 15.859515 164.619278 51.311962               2584 
-8.081894 169.775513 110.289680 -26.007675 172.141205 73.696884 -38.136623 143.269775 111.569603 18.740370 162.775436 55.404682               2602 
-0.858865 161.570450 116.497276 -20.361509 167.434418 81.304840 -31.809532 135.908264 117.231888 23.274870 158.423950 60.343266               2620 
0.821499 155.263397 118.737381 -18.779387 165.099335 84.629921 -31.350986 130.979965 117.708023 24.302643 156.237793 62.491226               2639 
3.070353 152.829086 121.100639 -16.824396 163.476486 87.421883 -29.225149 128.788208 120.001404 26.083904 155.089981 64.766769               2658 
4.197134 151.586548 123.046608 -16.200796 162.114319 89.446106 -28.051113 127.552719 122.390289 26.616194 154.102661 66.484642               2676 
5.138190 149.663483 124.396049 -15.743848 160.755753 90.758041 -27.636984 126.445267 123.962509 26.752268 152.228409 67.389809               2694 
7.413470 147.862381 125.875504 -14.598213 159.178864 92.618011 -25.544535 124.970192 126.261269 27.263470 150.647568 68.132774               2713 
6.892027 145.938553 126.375458 -14.763345 157.977066 92.607651 -25.460779 123.301598 124.948334 27.392920 149.260284 68.699974               2731 
5.972180 144.828308 127.542923 -15.669189 157.404999 93.327057 -25.117107 121.616859 123.983803 26.870951 149.749710 69.738014               2750 
5.783372 144.303223 128.710403 -16.114973 157.862030 94.351273 -24.361944 120.912514 123.313240 26.410057 151.159515 70.447128               2768 
6.171415 143.480576 128.873917 -15.911949 157.550568 94.290367 -23.675537 120.412094 122.767838 26.516327 150.881775 70.205551               2787 
6.331550 142.902100 129.352921 -15.805497 157.425278 94.327995 -23.268478 120.205353 122.446693 26.582829 150.619293 70.211227               2805 
6.266664 142.651123 129.621643 -15.823025 157.439926 94.213409 -23.064806 120.186722 122.015198 26.605057 150.478043 70.211327               2824 
6.550139 142.259659 129.650864 -15.793332 157.218872 94.065582 -22.547688 120.024612 121.705109 26.471758 150.110687 69.820045               2842 
4.154275 142.916519 128.481689 -17.921535 156.572617 91.822746 -24.886629 120.798302 120.749199 24.168676 147.208496 68.043816               2860 
6.241080 140.450134 127.080788 -16.871258 154.757370 90.947807 -23.551811 119.477486 120.192551 23.827538 143.582153 65.581841               2879 
9.743255 136.254501 125.356865 -14.421733 152.126602 90.231895 -17.893610 123.466415 121.808395 24.960157 140.494247 63.057186               2898 
9.173312 135.845215 124.990913 -14.635070 151.732437 89.420052 -16.781115 127.046646 122.638763 24.883463 139.588806 62.670708               2916 
8.736243 133.305710 123.753548 -14.622113 150.954346 88.511475 -16.910969 126.434731 121.391533 24.412012 138.105301 61.383091               2934 
8.558891 131.821762 123.368690 -14.574154 150.334747 88.213608 -17.005198 125.776817 120.872292 24.179008 137.035538 60.899998               2953 
10.132077 126.889946 121.212463 -13.688606 147.758224 87.504082 -15.516207 122.154259 119.259224 23.638174 134.513168 58.246780               2971 
10.651740 120.881996 118.093971 -12.954467 144.465500 85.782112 -14.672790 118.557533 117.190353 23.366592 131.364182 55.223217               2990 
9.121878 115.453506 114.461601 -13.599911 140.491928 82.252808 -15.562564 117.759483 116.349564 17.505281 120.129486 49.964302               3008 
11.881332 114.636162 116.046921 -12.149395 141.371078 85.794533 -12.670390 116.786652 118.757729 17.906090 123.017746 51.377491               3027 
13.582245 113.141838 116.917526 -8.939666 142.798782 87.899605 -10.596284 117.745163 120.287277 16.125317 120.716019 51.722149               3045 
13.844802 112.424667 117.134163 -7.892376 143.270828 88.472267 -10.008611 118.236191 120.744431 14.366303 119.293671 51.670670               3064 
14.121910 112.354034 117.392265 -7.630949 143.867996 89.053444 -9.804873 117.963615 120.735626 14.088063 120.163277 51.756245               3082 
