-13.152070 159.913605 87.589996 41.784019 171.088852 89.273750 22.835941 225.240784 165.985504 49.565403 131.792313 117.908386                  0 
-13.029865 159.923080 87.493530 41.901787 171.091080 89.256744 22.839455 225.276535 165.912323 49.635231 131.803558 117.916718                  9 
-12.918183 159.927261 87.476509 42.004269 171.125259 89.259689 22.868694 225.366531 165.853378 49.744743 131.865051 117.955185                 18 
-12.953852 159.906693 87.433350 41.945427 171.097839 89.286598 22.699715 225.306396 165.871964 49.635632 131.821075 117.972939                 28 
-12.901275 159.916626 87.429680 41.989223 171.108383 89.279037 22.737980 225.308792 165.864914 49.680260 131.827255 117.959183                 37 
-12.829425 159.927109 87.432274 42.054424 171.140289 89.265999 22.799152 225.331818 165.853470 49.769363 131.860260 117.941223                 47 
-12.787818 159.873245 87.424660 42.082062 171.145599 89.257919 22.765879 225.310455 165.845245 49.841339 131.870499 117.927933                 56 
-12.744708 159.839478 87.439209 42.114571 171.163193 89.255737 22.769136 225.303894 165.849426 49.922630 131.892365 117.918365                 65 
-12.734349 159.822708 87.444725 42.116550 171.184830 89.252785 22.739250 225.324387 165.835724 49.957829 131.923157 117.918884                 75 
-12.746540 159.872025 87.430817 42.101437 171.245148 89.242905 22.701170 225.398346 165.807144 49.949947 131.990891 117.917175                 85 
-12.767499 159.945648 87.433174 42.081371 171.312958 89.235641 22.690296 225.507706 165.769638 49.929871 132.071716 117.927734                 94 
-12.779161 160.011063 87.436394 42.075855 171.351578 89.216484 22.733994 225.589310 165.729324 49.916077 132.118011 117.921326                103 
-12.783535 160.099304 87.408249 42.080624 171.397263 89.161842 22.804539 225.711700 165.633850 49.899918 132.179367 117.893806                113 
-12.788116 160.170700 87.356911 42.082527 171.438049 89.092049 22.849581 225.823318 165.521622 49.885124 132.236923 117.851410                122 
-12.776005 160.297897 87.425598 42.114899 171.476822 89.083817 23.079020 225.873398 165.551773 49.896709 132.254578 117.820007                132 
-12.780993 160.349182 87.414879 42.119961 171.478653 89.067017 23.149464 225.842499 165.571762 49.874660 132.229782 117.774155                141 
-12.785211 160.372101 87.415070 42.119843 171.480484 89.065338 23.174429 225.837051 165.578735 49.862190 132.222015 117.762688                150 
-12.789327 160.405869 87.420227 42.121376 171.484009 89.068237 23.210999 225.831665 165.593964 49.845604 132.213013 117.753334                160 
-12.790254 160.418167 87.417023 42.122566 171.482422 89.068436 23.220909 225.825485 165.596954 49.836250 132.204895 117.747429                170 
-12.789095 160.439392 87.406883 42.127178 171.479874 89.063057 23.244528 225.802399 165.608353 49.824085 132.187393 117.726089                179 
-12.783975 160.470947 87.392097 42.136845 171.476242 89.051872 23.286001 225.770309 165.622803 49.809547 132.162933 117.692818                188 
-12.782153 160.502914 87.381149 42.142170 171.477829 89.043922 23.316809 225.755829 165.630051 49.793633 132.149612 117.670074                198 
-12.798579 160.341049 87.312904 42.112621 171.360825 88.935036 23.252403 225.836609 165.369675 49.796886 132.116852 117.667809                207 
-12.840933 160.150269 87.294296 42.041126 171.275497 88.806435 23.142134 226.101959 164.978027 49.818645 132.189606 117.728973                216 
-12.851050 160.084457 87.310074 42.015385 171.207153 88.739876 23.173130 226.223282 164.786392 49.809208 132.190933 117.751945                226 
-12.966379 159.885895 87.546043 41.884010 170.990799 88.914452 23.077839 226.160065 164.857513 49.676003 132.025528 117.995399                236 
-12.776810 159.407990 87.528885 42.092587 170.287521 89.519028 22.903929 223.945877 166.441437 49.545387 130.703217 117.843018                245 
-12.578072 159.180191 87.497978 42.303268 169.904358 89.834877 22.906599 222.727219 167.280365 49.554131 129.981766 117.733292                254 
-12.624107 159.249863 87.684113 42.262596 169.905167 90.075523 22.840506 222.556610 167.619247 49.461655 129.901306 117.870758                264 
-12.512161 159.138184 87.652351 42.374218 169.753662 90.130066 22.873222 222.122070 167.834457 49.540649 129.639038 117.773697                273 
-12.481151 159.098083 87.628098 42.406876 169.669174 90.165108 22.848040 221.902618 167.935471 49.536640 129.494705 117.731194                283 
-12.493281 159.054810 87.605110 42.395412 169.577820 90.215805 22.763285 221.693359 168.037766 49.471973 129.348053 117.714867                292 
-12.408252 158.934540 87.610916 42.470585 169.471725 90.254219 22.756840 221.500015 168.105530 49.557678 129.213974 117.709579                301 
-12.421011 158.837006 87.575882 42.451031 169.353745 90.290665 22.643034 221.254456 168.195526 49.507225 129.045593 117.679947                311 
-12.450429 158.807968 87.601646 42.425083 169.251221 90.361420 22.611017 221.026367 168.340759 49.425644 128.880325 117.672470                321 
-12.447321 158.802368 87.614471 42.426937 169.213211 90.377266 22.619881 220.947861 168.379562 49.411720 128.819305 117.658302                330 
-12.381376 158.807953 87.633644 42.491516 169.203522 90.365128 22.722099 220.896103 168.398392 49.494019 128.790894 117.613884                339 
-12.373491 158.821152 87.640297 42.497536 169.206497 90.366104 22.722874 220.898865 168.392578 49.504158 128.790787 117.609215                348 
-12.371656 158.832306 87.641487 42.496746 169.207672 90.367012 22.708649 220.903244 168.382599 49.503815 128.790054 117.607193                358 
-12.374314 158.843567 87.652252 42.491035 169.213120 90.372856 22.605133 220.936981 168.323318 49.502518 128.795837 117.612396                367 
-12.372171 158.852112 87.636665 42.491295 169.206039 90.359718 22.512857 220.932968 168.263809 49.497318 128.778030 117.584732                377 
-12.364701 158.854340 87.617294 42.497437 169.190964 90.340775 22.453600 220.900101 168.223343 49.498516 128.746307 117.542336                386 
-12.353310 158.918915 87.629051 42.509117 169.241135 90.305214 22.453047 221.057343 168.098587 49.518391 128.823578 117.544914                396 
-12.334765 158.906769 87.633965 42.521240 169.243530 90.313187 20.588787 220.844528 167.971985 49.547230 128.810379 117.525421                405 
-12.313378 158.894012 87.639198 42.537342 169.243851 90.319283 16.865761 220.447067 167.527359 49.583618 128.792633 117.499397                414 
-12.293750 158.882294 87.643311 42.552784 169.244171 90.325127 14.325784 220.078888 167.326797 49.618515 128.775650 117.474434                424 
-12.272182 158.870789 87.644211 42.570019 169.241150 90.325493 13.027493 219.850555 167.244522 49.654808 128.753967 117.441978                434 
-12.251567 158.861526 87.644821 42.585770 169.238388 90.325821 12.353585 219.702225 167.219299 49.687981 128.734177 117.412292                443 
-12.231213 158.850891 87.646851 42.600601 169.235779 90.326134 11.924799 219.586761 167.215576 49.719215 128.715561 117.384331                452 
-12.212210 158.841827 87.648758 42.614143 169.233414 90.326416 11.619573 219.491425 167.220581 49.747742 128.698578 117.358788                462 
-12.191521 158.831787 87.653290 42.627331 169.231094 90.326691 11.370712 219.404251 167.230148 49.775517 128.682068 117.333908                471 
-12.170097 158.822617 87.659729 42.639278 169.229004 90.326942 11.174068 219.328598 167.241623 49.800682 128.667130 117.311356                481 
-11.992995 158.729904 87.900490 42.851509 169.004761 90.252480 11.847069 218.697678 167.656219 50.114952 128.271927 116.950584                490 
-11.789860 158.805588 88.234657 43.061703 169.141983 90.040604 12.576207 218.987381 167.589706 50.626991 128.489395 116.777176                500 
-11.640161 158.876114 88.466988 43.223591 169.239441 89.872978 13.132408 219.184311 167.541672 51.014057 128.640747 116.626740                509 
-11.632837 158.790710 88.427177 43.215668 169.250763 89.762581 12.971798 219.021469 167.525543 51.141773 128.639801 116.457832                537 
-11.611600 158.742905 88.469116 43.229847 169.248611 89.767296 12.959279 218.890152 167.614853 51.227596 128.615585 116.407532                547 
-11.660745 158.724243 88.616104 43.170212 169.294693 89.793678 12.924644 218.833069 167.738312 51.298439 128.659317 116.390831                556 
-11.696039 158.766205 88.677437 43.141060 169.305099 89.748322 13.062196 218.820251 167.774597 51.305561 128.653458 116.309471                565 
-11.638690 158.929825 88.931427 43.217690 169.386749 89.663757 13.639582 219.125809 167.746826 51.477997 128.785751 116.272697                575 
-11.640637 159.133194 89.136894 43.238407 169.495834 89.559959 14.150223 219.565659 167.641220 51.574596 128.981171 116.276627                585 
-11.853856 159.024368 89.013405 43.032848 169.356522 89.285561 14.189307 219.506943 167.428650 51.429749 128.864334 116.017296                594 
-11.926126 158.798767 89.043098 42.933521 169.258530 89.120972 14.229871 219.371490 167.382690 51.520363 128.804733 115.850471                603 
-12.203719 158.784531 89.032799 42.658428 169.201660 88.895775 14.285412 219.288376 167.340149 51.324203 128.735001 115.580284                613 
-12.303386 159.012222 89.287636 42.573074 169.284149 88.495834 15.264037 220.353806 166.792343 51.395576 129.132278 115.601204                622 
-12.388592 159.110306 89.458252 42.509918 169.197617 88.277718 16.038465 220.561005 166.763916 51.378201 129.108261 115.460579                631 
-12.753014 159.085846 89.740837 42.094921 169.226974 88.053596 16.455721 221.084839 166.649033 51.221245 129.366638 115.486671                641 
-13.665704 158.743454 89.917122 41.015316 169.329453 87.977203 15.322928 221.505341 166.649612 50.530563 129.809540 115.768318                650 
-14.242876 158.365784 89.981155 40.285915 169.291977 87.495064 15.243985 222.083481 166.422852 50.259098 130.235641 115.776649                660 
-14.566297 158.158630 90.029068 39.852879 169.269730 87.208824 15.724490 222.408905 166.475998 50.098129 130.492996 115.776451                669 
-14.613016 158.079483 90.084282 39.697514 169.319626 86.954025 16.240757 222.913956 166.325638 50.165428 130.820587 115.814995                679 
-14.779335 158.016388 90.028458 39.475231 169.325821 86.795128 16.387117 223.229385 166.218750 50.039104 131.021790 115.879738                688 
-14.933077 158.178528 90.212723 39.289364 169.345474 86.799561 16.776018 223.705704 166.243210 49.833157 131.225647 116.132416                697 
-14.962626 158.316269 90.338455 39.223988 169.329636 86.758514 17.211302 223.918427 166.351990 49.741840 131.300842 116.218597                707 
-15.052561 158.445618 90.466530 39.103203 169.276093 86.733131 17.535288 224.124191 166.387878 49.564716 131.322891 116.310501                716 
-15.233361 158.644516 90.545540 38.917732 169.167953 86.647316 17.924479 224.310364 166.325592 49.247704 131.250458 116.316589                729 
-15.317848 158.735977 90.631203 38.819832 169.173309 86.610580 18.098997 224.491959 166.308945 49.157055 131.318893 116.357742                736 
-15.466770 158.556839 90.727448 38.623722 168.988907 86.554405 18.180513 224.464066 166.267090 49.040768 131.212082 116.372292                746 
-15.521423 158.373230 90.775757 38.519127 168.844238 86.490593 18.282410 224.381409 166.243103 49.025066 131.116699 116.339691                755 
-15.584510 158.431992 90.816994 38.447502 168.785065 86.481186 18.430508 224.383652 166.255844 48.903008 131.045151 116.332329                764 
-15.641603 158.459015 90.803848 38.373035 168.730606 86.423569 18.520060 224.404617 166.204025 48.799358 130.998749 116.295113                773 
-15.661782 158.439911 90.711456 38.345825 168.606155 86.254593 18.727594 224.347733 166.059067 48.746944 130.870193 116.129730                783 
-15.708877 158.569870 90.645607 38.298084 168.582275 86.204109 18.821943 224.336823 166.043823 48.588448 130.804779 116.065102                792 
-15.682882 158.593567 90.505028 38.313530 168.476196 86.087502 18.937014 224.226761 165.962173 48.499603 130.657074 115.931557                801 
-15.651987 158.655365 90.546219 38.289631 168.456207 86.087273 19.041958 224.191406 166.000122 48.430271 130.598495 115.897850                811 
-15.668086 158.660324 90.588867 38.217476 168.388779 86.130112 19.099962 224.045258 166.086029 48.297916 130.455902 115.865471                820 
-15.626671 158.721420 90.601700 38.187069 168.364502 86.138977 19.212494 224.049667 166.068604 48.184944 130.393372 115.853386                830 
-15.527192 158.788559 90.725395 38.143070 168.454819 86.215218 19.219572 224.212372 166.094238 48.135925 130.507721 115.961998                839 
-15.365845 158.808273 90.806610 38.153584 168.473938 86.214775 19.300365 224.275803 166.092941 48.141960 130.541962 115.982330                848 
-15.048570 158.937607 90.901367 38.231792 168.523087 86.200996 19.410999 224.401550 166.048248 48.126915 130.593842 116.003151                858 
-14.533732 159.233673 91.197220 38.417168 168.686874 86.307022 19.635473 224.856918 165.987701 48.180759 130.828537 116.242432                867 
-14.361245 159.304596 91.293175 38.406578 168.726135 86.356171 19.565285 224.963791 165.998245 48.108788 130.887772 116.336746                877 
-14.227874 159.364090 91.361244 38.391766 168.763138 86.378571 19.586376 225.044724 166.043472 48.051979 130.944168 116.397163                886 
-14.097906 159.362747 91.404427 38.415569 168.804535 86.380226 19.644464 225.109955 166.083740 48.102928 131.021439 116.435219                896 
-14.038912 159.381775 91.512840 38.397850 168.841675 86.503838 19.609972 225.197067 166.191620 48.070930 131.092972 116.606606                905 
-13.958997 159.413712 91.601685 38.417332 168.867249 86.609360 19.633747 225.260040 166.277084 48.062996 131.135712 116.742424                914 
-13.909559 159.414612 91.606552 38.433254 168.875290 86.633217 19.692602 225.278748 166.311279 48.070644 131.156174 116.784485                924 
-13.873434 159.408752 91.604881 38.444252 168.887924 86.658493 19.728394 225.302933 166.343597 48.077770 131.184402 116.830498                933 
-13.852507 159.359207 91.545303 38.447731 168.828964 86.729980 19.695562 225.168060 166.442169 47.996830 131.092041 116.887054                943 
-13.693753 159.029541 91.580124 38.565804 168.632492 86.799347 19.799084 224.659836 166.663071 48.203423 130.802399 116.811180                952 
-13.713403 158.910675 91.547806 38.514286 168.614792 86.876740 19.690510 224.427597 166.770630 48.171200 130.709045 116.786728                962 
-13.782479 158.844421 91.528862 38.388725 168.731552 86.995094 19.400507 224.406464 166.867950 48.101345 130.813568 116.871536                971 
-13.810575 158.845963 91.490822 38.319347 168.765152 87.066795 19.386316 224.361252 166.933182 47.989586 130.810898 116.910896                981 
-13.798994 158.843170 91.466156 38.287865 168.763351 87.129646 19.430279 224.326385 166.967789 47.902969 130.780716 116.955460                990 
-13.741414 158.988358 91.421806 38.386814 168.619736 87.343483 19.622400 224.020676 167.218521 47.646309 130.456253 117.050720                999 
-13.841699 158.764130 91.266190 38.365791 168.048630 87.714981 19.562340 222.709915 167.816864 47.104214 129.425201 116.982376               1009 
-13.831329 158.488327 90.937164 38.429436 167.525085 87.784988 19.666378 221.578476 167.917923 46.795837 128.500549 116.625916               1018 
-13.836487 158.310730 90.844223 38.410019 167.401230 87.889397 19.601175 221.372620 167.765244 46.727520 128.285675 116.620964               1028 
-13.839585 158.267838 90.774292 38.394478 167.389908 87.963814 19.609426 221.337158 167.629822 46.668060 128.215179 116.627342               1037 
-13.710431 158.460861 90.872772 38.543663 167.417755 88.124397 20.101530 221.069580 167.621094 46.688908 127.970184 116.448494               1046 
-13.667630 158.462051 90.872398 38.573349 167.430313 88.137711 20.262798 221.158218 167.268341 46.734509 127.921524 116.371750               1056 
-13.537621 158.610764 90.902420 38.664173 167.720078 88.158852 20.247040 221.349197 167.266800 46.947483 128.194305 116.333496               1065 
-13.350302 158.800262 90.921509 38.783001 168.183334 88.116394 20.137238 221.761719 167.206146 47.313492 128.716156 116.299423               1075 
-12.815504 160.308609 91.169533 39.339176 169.336670 87.989449 21.344152 224.051010 166.488998 47.775002 130.189911 116.643898               1084 
-12.632919 160.580444 91.077248 39.511845 169.477982 87.772858 21.872028 223.656845 166.629166 47.952183 130.062714 116.055466               1094 
-12.688964 161.353561 90.252716 39.498802 169.904770 86.841705 22.324467 223.701355 165.974319 47.808990 130.228333 114.795792               1103 
-12.642268 162.859436 89.277252 39.619068 170.848801 85.589890 23.319794 224.641586 164.945892 47.743965 131.031647 113.397980               1113 
-12.317341 163.672150 89.033257 39.910915 171.458313 84.386375 24.237680 224.610733 164.315201 48.525021 131.365326 111.645493               1122 
-12.278893 165.463074 89.434631 39.788612 173.209320 83.305557 24.410496 226.466888 163.841705 49.213451 133.273529 110.527138               1131 
-11.959429 168.102768 89.444305 39.704945 175.675430 80.494812 26.635597 230.740112 161.532104 50.604076 136.697739 108.542252               1141 
-11.710443 169.729202 89.331284 39.822334 176.238388 79.002571 27.044565 230.941711 161.614548 50.745056 137.178909 106.926788               1150 
-11.273637 170.976700 89.128242 39.967350 177.549637 77.590294 28.022955 233.087280 160.342850 51.732883 138.955994 105.818161               1160 
-10.206436 173.223724 89.047028 40.676208 179.616608 76.076118 29.093761 237.586411 157.692169 53.341434 142.064667 105.302017               1169 
-10.087733 174.810226 87.677696 40.476891 181.375992 73.785393 28.489855 240.215958 154.439606 53.902187 144.201187 103.153831               1179 
-12.656955 170.966354 83.531975 37.523998 182.527145 71.962967 28.763807 237.882843 150.737076 53.118458 144.912170 99.651161               1188 
-14.838563 167.711243 80.237633 34.861427 182.493149 70.982140 27.254473 233.212204 151.121429 51.657909 143.712585 96.253777               1198 
-16.888504 165.254959 76.281952 31.855349 183.545273 69.054359 21.988968 229.255630 151.364929 50.581551 144.273514 92.114449               1207 
-18.482452 165.669632 73.776276 29.925009 184.665833 66.735245 23.691832 227.930664 148.818787 49.319908 144.480545 87.560471               1217 
-25.126019 176.186432 58.755230 24.206556 191.508499 54.809380 -18.211802 209.637131 85.889671 46.387257 154.654861 78.778854               1226 
-29.572727 180.167786 53.736359 21.967489 190.810318 50.159424 -27.092533 201.032639 69.306122 45.174774 153.395844 72.211372               1235 
-33.135941 181.243347 50.059456 20.343275 189.974258 46.994923 -28.944424 197.449615 61.192139 43.983234 152.464096 68.415718               1245 
-36.399063 182.921753 46.888767 18.062326 190.035339 44.345016 -31.484058 196.231293 55.423939 41.255180 152.111847 65.525421               1254 
-39.158169 183.862396 43.180611 16.132883 190.177734 41.415928 -33.554958 196.134354 51.106953 39.371906 152.288574 62.607197               1264 
-42.598694 184.432449 38.705311 13.322275 191.230515 37.360012 -36.802231 197.135757 46.947899 37.415760 153.911545 58.608749               1273 
-46.278679 183.874039 33.881390 10.086180 192.094925 32.373138 -40.242947 196.869247 42.164402 35.613403 155.859222 53.821793               1282 
-50.056732 183.312637 28.285881 6.951078 191.845917 27.586262 -43.635513 196.272614 36.811337 32.819107 156.105652 49.453773               1292 
-53.857353 182.725006 24.504606 3.505354 192.036392 23.686964 -47.249722 195.850235 32.994587 30.214090 156.828751 45.407352               1301 
-58.196743 182.679733 19.819935 0.178015 191.209824 19.568090 -50.774494 195.231430 28.415668 26.840349 155.829056 41.063011               1311 
-62.559818 181.548752 15.523248 -3.790598 191.371811 14.883361 -54.991882 194.088669 23.639973 24.097902 157.000351 36.459843               1321 
-67.182312 180.870743 11.073307 -8.169024 191.881927 10.383696 -59.650902 192.970428 18.382332 20.658718 158.171417 31.767632               1330 
-72.708099 180.065842 6.102802 -13.209909 192.175980 5.447253 -65.056740 191.612946 12.657114 16.539677 159.659607 27.409895               1339 
-78.017197 179.182526 0.977298 -17.870525 191.934967 0.974837 -70.050705 189.974106 7.339901 12.440800 160.028214 23.063133               1348 
-83.382179 177.577835 -3.854914 -22.700600 191.562500 -3.423350 -75.112694 187.723801 2.494952 8.562889 160.694824 18.813797               1358 
-88.491066 175.709656 -8.528853 -27.124298 190.664307 -6.790170 -79.914307 184.996017 -1.698888 4.824959 160.327988 15.202164               1367 
-93.524094 173.870880 -12.992252 -31.512472 189.788681 -9.753312 -84.676956 182.204956 -5.750230 1.003573 160.030334 12.197932               1377 
-99.411240 171.853668 -17.522753 -36.649780 188.661148 -13.366051 -90.244400 179.167999 -9.948328 -3.453571 159.552338 8.437603               1386 
-105.138519 169.392899 -22.456814 -41.508457 186.886765 -16.944656 -95.639168 175.670120 -14.105406 -7.706962 157.993668 4.206174               1396 
-111.273125 167.246735 -27.109171 -46.837208 185.528381 -20.792366 -101.412666 172.699051 -18.082809 -12.354718 157.348389 0.220864               1405 
-116.244774 163.429398 -31.170517 -51.273582 183.286484 -23.698256 -106.508873 168.146378 -20.876406 -15.765291 155.800354 -3.489757               1414 
-121.791382 160.766357 -35.356415 -56.399635 181.690979 -27.016808 -112.676445 164.557266 -23.812819 -20.268095 154.798538 -7.116600               1424 
-126.815109 157.647949 -38.868519 -61.574810 180.619934 -30.376066 -119.465767 161.121368 -25.077892 -24.554441 155.042099 -10.376646               1433 
-131.609528 154.518585 -41.915314 -66.248940 178.965134 -33.283325 -125.960915 156.094559 -25.154518 -28.452085 154.357010 -13.521039               1443 
-136.995636 151.945404 -45.049709 -71.052940 176.967972 -36.539738 -132.084641 151.810349 -25.916464 -32.787731 152.975021 -16.922865               1453 
-141.936417 149.202057 -47.750866 -75.357910 174.991486 -38.983944 -137.035828 147.273972 -26.415676 -36.503700 151.677750 -19.708845               1462 
-146.864960 146.122711 -50.354172 -79.662880 172.763382 -41.068977 -141.833466 142.647156 -26.477684 -40.264473 150.206299 -21.999271               1471 
-151.394760 143.097488 -52.499180 -83.944191 171.020416 -42.565235 -146.061264 138.613403 -27.049067 -44.067471 149.496841 -23.296280               1481 
-155.621201 139.744659 -54.582855 -88.236298 169.020432 -44.344212 -150.056122 134.761932 -27.989286 -47.896149 148.447037 -25.002085               1490 
-160.377518 137.176468 -56.391232 -92.497269 167.057144 -46.237740 -154.217026 131.925064 -28.858532 -51.925575 147.274338 -26.558098               1499 
-163.499496 132.753448 -57.826004 -95.501816 163.928192 -46.691719 -156.404022 126.143311 -29.396368 -54.293354 144.889969 -27.609816               1509 
-167.539978 130.094513 -59.803925 -98.962738 160.603928 -47.854340 -160.142944 122.217094 -30.885675 -57.723560 140.878860 -29.552361               1518 
-168.970901 126.488365 -60.203144 -101.435852 159.277328 -47.878929 -161.691986 118.976982 -30.673204 -59.760098 141.038635 -29.032417               1528 
-170.756546 125.093132 -60.544716 -103.615128 158.679199 -47.131924 -163.903854 117.672943 -30.266582 -62.083805 141.049042 -27.407904               1537 
-172.886627 125.624390 -60.071953 -105.064308 158.750214 -46.322830 -166.150345 118.677757 -28.948669 -64.040222 141.379791 -25.346588               1547 
-172.728561 125.187668 -59.549393 -104.287979 157.765091 -45.219475 -165.367615 117.138512 -28.235189 -63.132549 139.898865 -24.928133               1556 
-173.582977 125.459007 -59.674271 -104.186165 157.000412 -44.529705 -165.427780 116.173721 -28.335434 -63.073849 138.548035 -24.680334               1565 
-174.428040 126.719086 -59.394573 -104.103027 157.006302 -43.431374 -166.146408 117.129463 -27.690876 -63.510948 138.124680 -22.925833               1575 
-175.286545 125.753998 -60.081200 -104.302879 152.572495 -40.836197 -168.310074 114.533340 -28.928408 -65.099487 131.122543 -20.155193               1584 
-173.317627 123.277252 -59.055267 -102.261559 149.354126 -38.513817 -165.945831 110.250038 -29.193142 -62.829163 126.844032 -19.458847               1594 
-172.662903 123.482765 -57.398762 -101.666954 149.945343 -36.826130 -164.929443 110.406052 -28.516293 -62.137039 127.637024 -17.735960               1604 
-172.473221 123.770012 -56.553562 -101.364029 150.226257 -36.147690 -164.511765 110.699890 -28.281776 -61.835571 127.924706 -17.046604               1613 
-172.825897 124.413239 -56.298019 -101.361504 150.146194 -36.004227 -164.879074 111.357437 -28.367817 -62.105370 127.475044 -16.777035               1622 
-173.552628 124.507469 -55.920033 -101.722260 149.035187 -35.246117 -165.851089 111.270920 -28.237358 -62.945274 125.689636 -15.854355               1631 
-174.050491 124.569489 -55.669804 -101.973564 148.261246 -34.718006 -166.511246 111.210541 -28.167425 -63.537861 124.452164 -15.210726               1641 
-172.895920 124.401260 -53.139988 -99.808029 145.616730 -32.902325 -165.341064 110.492165 -26.044558 -61.877663 120.404350 -14.185140               1650 
-172.799744 125.311348 -52.607655 -99.369759 144.584412 -31.543989 -165.391022 110.174454 -26.241594 -61.819122 118.051498 -13.918335               1660 
-172.643951 126.041054 -51.374592 -98.760963 144.196854 -30.787550 -165.015640 110.285439 -25.522932 -61.257221 116.952408 -14.176719               1669 
-172.761017 126.267105 -51.017475 -98.649307 143.958084 -30.729963 -164.990738 110.269402 -25.434135 -61.156979 116.423126 -14.578753               1679 
-173.583450 130.040573 -51.262131 -98.737862 144.670670 -31.133574 -166.604507 114.301971 -25.351265 -62.635513 115.771828 -14.216501               1688 
-173.449707 126.806427 -53.172421 -99.459961 143.686401 -31.595350 -165.819839 111.024315 -28.730213 -62.674488 115.791367 -14.466258               1697 
-173.940567 125.291321 -53.975773 -100.359497 143.344391 -31.874729 -165.733841 109.560333 -30.662218 -63.179745 115.992706 -14.720685               1707 
-173.832062 124.136269 -54.083336 -100.497772 143.176453 -31.878204 -165.007797 108.534126 -31.793188 -62.942432 116.302055 -14.788049               1735 
-173.845459 123.991920 -52.775764 -100.160362 142.757645 -31.482586 -163.061295 108.403008 -34.097404 -62.507832 115.745644 -14.828782               1745 
-172.599121 119.123970 -49.823189 -99.016579 140.534332 -30.714996 -158.549698 103.909882 -36.192257 -59.782124 114.822327 -15.739675               1754 
-172.586060 118.561874 -48.465488 -98.757584 140.105225 -30.417791 -157.398041 103.466812 -37.104843 -59.269783 114.461395 -16.001915               1763 
-172.599991 118.326797 -47.449142 -98.608139 139.849152 -29.983906 -156.807877 103.243584 -37.413925 -58.960911 114.164284 -16.088083               1773 
-171.886887 110.825485 -49.769695 -99.961327 137.284027 -30.480183 -154.972794 96.809570 -40.235153 -58.853207 114.265564 -16.162975               1782 
-171.241623 106.387527 -51.278957 -100.774353 135.742844 -30.778357 -153.677841 93.080788 -42.019852 -58.904362 114.381859 -16.104513               1792 
-171.970184 104.070770 -49.244637 -100.950249 133.997742 -31.628807 -154.051056 91.099754 -40.265774 -58.739426 113.085503 -17.288843               1801 
-172.790222 104.637444 -47.130920 -101.088554 134.364761 -32.066704 -154.701309 91.793655 -38.359688 -58.780373 113.478516 -17.977964               1811 
-172.383560 103.743874 -43.931393 -100.583725 134.607574 -31.853626 -153.888901 91.408760 -35.309990 -57.758240 114.625198 -18.019165               1820 
-169.958466 99.769402 -37.744247 -98.933731 134.004471 -31.506262 -150.451660 88.654289 -29.739098 -54.606934 116.481865 -19.144924               1829 
-172.501266 94.195282 -46.097660 -103.453407 129.661652 -30.875000 -152.834549 82.721275 -39.065975 -58.986229 112.080070 -19.116253               1839 
-173.554810 91.798065 -50.241955 -105.738396 127.466080 -30.555857 -153.728546 80.274185 -43.774708 -61.140255 109.993164 -19.135986               1848 
-173.285309 91.755768 -50.179417 -105.675323 127.834564 -30.490904 -153.348755 80.384735 -43.789726 -60.987682 110.626335 -19.019127               1858 
-172.598328 93.940239 -44.572819 -104.390320 131.516266 -30.516985 -152.585175 83.254669 -37.304455 -59.618317 115.405632 -17.843195               1867 
-172.167603 94.616859 -39.342751 -103.772118 133.517441 -30.850092 -151.942123 84.790802 -31.475634 -58.704403 118.881210 -17.456362               1877 
-169.764847 87.771896 -40.838760 -103.442833 129.691681 -30.407007 -149.022217 78.648293 -33.488972 -57.672855 116.770767 -17.644987               1886 
-167.440674 82.407036 -41.800144 -103.165054 127.011604 -29.755198 -146.298538 74.046684 -34.682823 -56.899014 115.835205 -17.135715               1896 
-166.034683 79.596703 -42.726917 -103.007454 125.653999 -29.552458 -144.692001 71.685539 -35.692295 -56.533951 115.472610 -16.853529               1905 
-165.383621 78.336678 -43.163986 -102.935951 125.038063 -29.460478 -143.941147 70.640106 -36.191120 -56.379215 115.308594 -16.712227               1915 
-165.047745 77.692596 -43.393810 -102.899277 124.722168 -29.413301 -143.545273 70.113213 -36.473091 -56.302525 115.224388 -16.636581               1924 
-164.601669 77.396011 -43.126728 -102.595276 124.672577 -29.310184 -143.042877 69.918198 -36.266041 -55.950336 115.360771 -16.572462               1933 
-162.768433 75.938393 -41.354839 -101.214340 123.845207 -27.646700 -141.005219 68.667816 -34.924576 -54.289913 114.978668 -15.638684               1943 
-158.463654 72.481865 -42.878204 -98.420540 121.187462 -25.686886 -136.432663 65.471848 -37.096851 -51.185715 112.961899 -14.465433               1952 
-155.662643 70.409935 -43.889359 -96.341385 119.258774 -24.687719 -133.444641 63.532524 -38.686455 -48.871002 111.329216 -14.276442               1962 
-154.470764 69.557907 -44.150314 -95.474968 118.519821 -24.221701 -132.156219 62.786110 -39.220726 -47.892365 110.788269 -14.180366               1971 
-154.022049 69.370338 -44.255981 -94.915504 118.132233 -24.141546 -131.684082 62.559582 -39.479404 -47.309837 110.281914 -14.303720               1981 
-153.779480 69.331070 -44.324181 -94.594749 117.970024 -24.120146 -131.433975 62.495953 -39.609077 -46.993057 110.033760 -14.332188               1990 
-156.875656 80.241409 -34.563007 -92.102715 124.408653 -23.099672 -135.256119 71.741455 -29.204865 -45.361782 112.743477 -12.905599               2000 
-156.558777 86.437202 -28.512218 -89.106216 127.594078 -22.614529 -135.268188 77.183693 -23.077801 -42.777050 114.137039 -12.754175               2009 
-157.670319 91.013344 -25.731853 -87.946419 128.500824 -22.174038 -136.910431 80.872879 -19.837721 -42.425468 112.975601 -11.613722               2018 
-157.751633 93.540535 -24.197605 -86.979996 129.127853 -21.939941 -137.253387 82.994560 -18.095724 -41.877056 112.633904 -11.059485               2028 
-157.763718 94.963936 -23.381247 -86.439018 129.478851 -21.808903 -137.410553 84.202606 -17.163549 -41.579926 112.464073 -10.724268               2037 
-157.625244 96.725700 -22.148312 -85.723000 130.066071 -21.672501 -137.398560 85.735100 -15.911823 -41.073982 112.496490 -10.605191               2046 
-157.271744 99.600586 -19.820702 -84.515419 131.005997 -21.469576 -137.232300 88.264359 -13.591269 -40.169941 112.587112 -10.563929               2056 
-157.035797 101.248665 -18.549122 -83.836754 131.534241 -21.355530 -137.103271 89.721336 -12.320767 -39.674305 112.642937 -10.515476               2065 
-156.892532 102.182297 -17.848026 -83.455505 131.830978 -21.291464 -137.017609 90.548447 -11.626802 -39.399479 112.676476 -10.480299               2075 
-156.687164 104.104546 -16.217594 -82.798973 132.439606 -20.935030 -136.940247 92.255981 -9.987128 -38.964096 112.752899 -10.181096               2084 
-156.528687 105.425201 -15.130099 -82.352959 132.853058 -20.692890 -136.868805 93.432350 -8.893687 -38.674290 112.808380 -9.964699               2094 
-156.432526 106.180565 -14.519522 -82.099220 133.088287 -20.555134 -136.820297 94.105820 -8.284813 -38.511421 112.841499 -9.836864               2103 
-156.358261 107.531754 -13.908463 -81.670891 133.299805 -20.567608 -136.887421 95.253944 -7.620817 -38.332573 112.565887 -9.769250               2113 
-156.294296 108.499329 -13.486532 -81.365517 133.450607 -20.576502 -136.924316 96.078743 -7.161630 -38.209171 112.374352 -9.712298               2122 
-156.255905 110.203583 -12.837617 -80.924423 133.714859 -20.592958 -137.073257 97.503067 -6.491537 -38.098190 111.982338 -9.715425               2131 
-156.199493 112.066948 -12.160015 -80.448242 133.950211 -20.599117 -137.236710 99.052032 -5.784135 -38.010998 111.480583 -9.694721               2141 
-155.225128 114.591316 -10.889762 -79.078156 134.117615 -21.343319 -136.499619 101.240364 -4.501551 -37.067505 110.800957 -10.566080               2150 
-153.438065 119.702820 -8.450007 -76.398109 133.066467 -21.706537 -135.576065 105.144150 -2.223352 -35.946827 106.926697 -11.453950               2160 
-152.504669 122.464569 -7.452461 -75.190598 132.755478 -21.828129 -135.120712 107.307030 -1.296348 -35.624050 105.219879 -11.778785               2169 
-150.190796 126.099854 -5.574999 -73.166077 133.784927 -22.858040 -132.964188 110.833847 0.758803 -33.935219 105.809990 -12.706563               2179 
-148.923264 128.290207 -4.601728 -72.144058 134.498886 -23.508978 -131.757675 113.014771 1.878702 -33.059410 106.376930 -13.200928               2188 
-149.198441 128.573761 -4.915136 -72.336502 134.437820 -23.608629 -132.096527 113.283752 1.703255 -33.369713 106.265587 -12.996181               2197 
-149.375580 129.150955 -5.127662 -72.457932 134.468750 -23.768784 -132.350708 113.846848 1.659803 -33.636665 106.228775 -12.808736               2207 
-149.429306 129.744141 -5.180801 -72.467346 134.415222 -23.825317 -132.505096 114.376816 1.719606 -33.836823 106.006737 -12.629315               2216 
-149.400482 130.060532 -5.177914 -72.424698 134.420044 -23.853748 -132.515823 114.676865 1.787518 -33.872944 105.961365 -12.514618               2226 
-149.310257 130.160385 -5.168602 -72.329399 134.350388 -23.875010 -132.457443 114.723854 1.761670 -33.842613 105.785912 -12.581308               2235 
-149.233490 130.245132 -5.160592 -72.248375 134.291168 -23.893089 -132.407623 114.763374 1.738704 -33.817028 105.636948 -12.637997               2245 
-139.386810 127.392937 -16.632185 -51.037483 124.927994 -21.469255 -99.522514 83.318810 -13.211551 -6.660621 106.251488 -11.144916               2254 
-135.372299 121.767784 -21.876545 -40.605206 120.257706 -19.181635 -80.305290 72.152756 -18.832968 5.069471 107.225487 -6.193368               2263 
-131.356644 118.676407 -24.483938 -34.514210 117.670914 -17.736074 -70.369247 67.796463 -20.430029 11.197041 106.688248 -3.087773               2273 
-128.818115 118.927635 -23.559994 -31.258289 117.712029 -15.745029 -58.849094 67.110573 -25.657183 14.422204 107.656975 -0.353530               2282 
-127.362320 119.439644 -23.285938 -29.600073 117.488380 -14.806573 -52.504536 66.551323 -28.968645 15.947055 107.520683 1.030533               2292 
-127.269669 121.359283 -23.646141 -29.488853 117.609322 -14.285506 -51.079510 66.502853 -29.569248 15.761895 107.247284 2.137273               2301 
-128.840073 124.789391 -26.869467 -31.308025 119.798210 -14.591954 -52.075897 68.347084 -29.954636 13.359740 109.457756 3.368437               2311 
-129.768707 127.415382 -29.333702 -32.429844 121.139244 -15.364192 -53.008911 69.531715 -30.554291 11.843924 110.681778 3.482155               2320 
-128.894638 127.858521 -29.275042 -31.444616 121.365906 -15.616041 -51.756523 69.657906 -30.895609 12.899331 110.982727 3.105975               2330 
-127.702003 129.545258 -27.885517 -30.125090 121.950073 -15.052769 -50.757607 70.260246 -30.012354 14.307673 111.366043 3.343369               2339 
-127.574821 131.282684 -27.775261 -29.987593 122.865852 -15.031686 -50.659748 71.387787 -30.694027 14.409465 111.928741 3.243727               2348 
-125.965797 134.654266 -27.131071 -28.398174 124.548141 -15.002846 -49.639824 73.534676 -31.438919 15.953468 112.821312 2.889139               2358 
-134.942825 135.838089 -28.844816 -36.869217 129.771408 -18.167511 -55.726223 78.873055 -37.621376 8.196037 119.151321 -1.403067               2367 
-142.190903 148.968048 -38.010387 -46.009975 133.584946 -21.205669 -69.882843 82.827919 -34.597313 -3.189863 120.511543 -0.706059               2377 
-147.224640 155.957718 -48.749138 -53.200771 137.226318 -24.710926 -78.477997 86.894402 -37.120216 -12.451826 123.404106 -0.769752               2386 
-155.583496 158.800919 -59.472244 -63.509445 140.036987 -28.868900 -88.488869 89.507713 -41.104961 -24.475246 126.692444 -1.980898               2395 
-164.980057 156.981018 -69.330070 -73.162041 144.878159 -34.867783 -100.369049 96.166595 -49.187141 -34.281803 132.472122 -7.315516               2405 
-172.282700 157.347397 -75.258499 -80.516113 148.579132 -39.679993 -109.995071 99.836143 -53.318958 -41.398151 137.041306 -12.086994               2414 
-168.279694 163.407684 -81.616325 -85.151947 143.454666 -40.104553 -106.513260 97.693474 -63.834045 -45.345467 133.927368 -12.729666               2424 
-172.609512 156.136292 -76.992859 -84.910774 142.939651 -42.546570 -97.872078 98.239677 -70.804245 -42.014549 140.265976 -18.515846               2433 
-174.484650 157.902771 -72.018730 -84.587021 149.352921 -41.107788 -98.042747 102.951584 -64.760170 -40.282856 150.157242 -19.632118               2443 
-171.613617 159.447784 -78.360992 -83.072479 155.828384 -42.593716 -94.977440 107.656105 -62.467194 -39.755390 159.563324 -19.476835               2452 
-171.037811 157.694168 -78.484825 -82.208931 159.659668 -43.166664 -92.168312 110.653412 -61.431194 -38.996544 166.165573 -20.471441               2462 
-169.341263 152.411118 -82.200729 -82.055786 160.276245 -43.664093 -91.400520 110.925011 -60.783886 -40.097000 169.147675 -19.467651               2471 
-164.675766 147.965805 -81.871399 -78.134277 163.977997 -43.851372 -90.824089 112.334976 -54.789471 -36.817825 176.346924 -20.088591               2481 
-160.158386 143.302917 -82.306046 -75.518082 167.385208 -43.925686 -88.458076 113.873489 -50.404667 -35.377853 183.201614 -20.191452               2490 
-154.767258 140.940704 -81.410851 -71.383690 170.634293 -43.870277 -83.437965 116.017708 -47.858841 -31.923733 188.732803 -20.630970               2499 
-150.911240 141.893417 -80.695831 -67.835732 174.062363 -44.246441 -80.032135 119.219398 -46.272705 -28.392832 192.955536 -21.618679               2509 
-147.996582 142.457169 -81.260674 -65.559204 176.320572 -44.713661 -77.867493 121.393211 -45.755909 -26.299810 195.600632 -22.093103               2518 
-145.296967 143.001907 -82.577766 -63.588261 178.303772 -45.621918 -76.211121 123.360855 -45.869297 -24.522858 197.771500 -22.826925               2528 
-141.016708 141.747559 -83.615921 -60.875805 180.820709 -46.920738 -72.618782 125.630875 -45.715645 -22.412472 201.588425 -24.249529               2537 
-137.322479 141.482025 -84.740410 -58.107128 182.613037 -48.175724 -69.675148 127.358505 -46.043854 -19.943604 203.953720 -25.529964               2546 
-133.802109 141.247726 -85.339905 -55.282211 183.439438 -48.421066 -66.993172 128.195877 -45.629684 -17.379889 205.049606 -25.592907               2556 
-129.990021 141.157150 -85.985115 -52.097744 184.198196 -48.684792 -64.057259 129.309906 -45.045589 -14.442836 206.038971 -25.667440               2565 
-126.066719 141.755875 -86.733650 -48.539810 185.489655 -49.451469 -60.785553 130.962479 -44.894318 -11.006019 207.547379 -26.443186               2575 
-123.108276 141.862823 -87.338860 -45.850170 186.090332 -50.100185 -58.852703 132.056549 -44.328941 -8.371520 208.278625 -27.127592               2584 
-118.942802 142.318497 -87.218842 -42.130043 187.291016 -50.028374 -55.878849 133.782959 -42.982864 -4.755455 209.698502 -27.099020               2594 
-115.288361 142.027817 -87.619797 -39.138000 188.097717 -50.584423 -53.819286 135.279205 -42.030865 -1.904024 210.839096 -27.755259               2603 
-111.618095 141.116714 -88.293571 -36.514435 188.761597 -51.369118 -51.176617 136.348099 -41.853920 0.446592 212.004868 -28.601976               2613 
-108.215302 140.606369 -89.256836 -34.065796 189.492233 -52.329815 -49.001484 137.535172 -41.906132 2.679023 213.049576 -29.535528               2622 
-103.573494 138.639618 -88.894989 -30.899839 189.685211 -52.383999 -45.617916 138.019638 -40.947765 5.484293 213.951950 -29.755919               2632 
-100.946762 138.339539 -88.111565 -28.639292 190.009399 -52.382984 -43.897617 139.088547 -40.070866 8.041349 214.135742 -30.085892               2641 
-95.889442 138.408096 -87.235245 -24.572001 191.071213 -51.769993 -40.099220 140.596832 -39.137581 12.204659 215.082260 -29.506649               2650 
-90.178352 138.248489 -86.343590 -19.686829 190.973709 -49.639915 -35.407063 140.726913 -37.793884 16.847286 214.803467 -26.790169               2660 
-85.900131 140.789169 -84.148193 -14.138616 190.962952 -46.607193 -30.910149 141.127686 -36.203182 23.161030 213.245026 -23.434889               2669 
-82.415443 142.104050 -82.562119 -10.229980 191.620743 -45.291992 -27.146591 142.109085 -35.321426 27.476681 213.374298 -22.276762               2678 
-78.275139 141.688202 -82.086548 -6.864249 191.446625 -44.048954 -23.364202 141.917969 -34.889038 30.686512 213.068604 -20.657932               2688 
-75.131226 141.063324 -82.391136 -4.518708 191.039612 -43.589611 -20.680330 141.511124 -35.145599 32.870308 212.496002 -19.790560               2697 
-65.793701 148.904358 -74.823830 -9.143214 197.716080 -51.842793 -40.107765 149.530014 -46.512474 29.297871 207.195038 -22.565802               2707 
-65.369087 153.089157 -76.043144 -8.974414 200.168015 -56.716358 -44.969234 152.779343 -57.261463 28.650948 202.355331 -25.026333               2717 
-65.353271 154.802460 -79.108047 -8.642285 200.799149 -59.481819 -44.582329 152.893890 -64.541931 27.971073 199.860626 -26.568434               2726 
-65.091019 153.940323 -81.200203 -8.770313 200.470657 -61.628922 -44.433762 152.029434 -67.896324 27.021959 199.395981 -27.828506               2735 
-64.657196 153.752670 -82.350708 -8.342889 199.993561 -62.842003 -44.465965 151.795624 -69.903793 27.211432 198.216232 -28.820816               2745 
-63.622208 153.175446 -82.918030 -7.557339 199.432938 -63.568787 -42.543770 150.853745 -71.635574 27.807709 197.356949 -29.367712               2754 
-62.681015 152.618469 -82.810844 -6.247798 198.457092 -64.193062 -41.206448 150.093750 -72.424309 29.146057 196.042267 -30.044073               2763 
-61.505444 151.663101 -84.233604 -5.002621 196.933685 -64.962029 -37.819393 148.613907 -74.985359 30.196787 193.672089 -30.682684               2773 
-60.317848 150.171616 -84.556808 -4.040821 195.763092 -65.934250 -34.571487 147.092667 -76.268997 31.088854 192.818314 -31.554836               2782 
-59.477692 149.511230 -85.763580 -3.275320 194.956955 -66.967125 -31.564590 146.141998 -78.395905 31.790617 191.676178 -32.553078               2792 
-57.903599 147.662064 -85.492577 -2.030278 193.676926 -67.477753 -29.367380 144.530014 -78.396027 32.948551 191.069397 -32.917770               2801 
-55.949718 143.706299 -85.305862 -1.483100 191.734818 -68.518806 -27.001575 141.543289 -78.292580 33.459858 191.010223 -33.831997               2811 
-54.406353 141.213898 -85.985260 -0.961051 190.399872 -69.424927 -25.263878 139.729523 -79.083092 33.966801 190.507584 -34.715511               2820 
-52.516685 137.313477 -84.409569 -0.373706 188.591583 -70.340691 -23.007950 137.078506 -77.948494 34.832623 191.056656 -36.001968               2829 
-51.728947 135.638260 -84.446716 0.117911 187.385986 -71.307617 -21.948109 135.897400 -78.418640 35.474018 190.488159 -37.175049               2839 
-48.389198 130.776169 -83.162788 0.474944 185.858948 -72.500252 -18.659883 133.205399 -77.403122 35.699268 192.427887 -38.724438               2848 
-45.782761 127.531494 -83.960144 0.672185 184.739243 -73.747841 -16.422579 131.594223 -78.139351 35.550278 193.207901 -40.035671               2858 
-44.387245 125.841621 -84.365822 1.040730 183.947128 -74.309830 -15.160122 130.711609 -78.429810 35.806599 193.325638 -40.722813               2867 
-43.371735 124.552902 -85.130920 1.431514 183.168488 -74.665627 -13.987787 130.021072 -79.044464 36.083332 192.990402 -41.087486               2877 
-42.893940 124.155228 -86.869919 1.865562 182.629349 -74.984901 -13.373284 129.759064 -80.444695 36.361259 191.985016 -41.114140               2886 
-40.859325 120.070305 -87.119431 1.824808 180.385696 -76.159935 -11.435594 127.052261 -80.407509 35.608410 191.910553 -42.240093               2895 
-40.927788 119.932816 -89.114990 2.056269 179.847549 -76.834938 -11.399919 126.807617 -82.194855 35.864014 190.593323 -42.684177               2905 
-40.292778 118.511185 -89.364624 2.584855 178.624039 -77.494553 -10.732369 125.699219 -82.620018 36.514931 189.650314 -43.555183               2933 
-39.963211 117.775986 -89.497574 2.578367 178.176910 -77.827965 -10.438334 125.213295 -82.810364 36.475155 189.501450 -43.953602               2943 
-38.821030 115.727341 -90.490929 2.251546 177.179428 -78.845360 -8.309382 124.030334 -83.793137 35.663891 189.467392 -44.825794               2952 
-39.021412 114.863358 -91.383095 1.822699 176.514145 -79.780777 -7.562833 123.424217 -84.723656 35.084560 189.024796 -45.694969               2962 
-39.817749 115.040939 -90.875916 1.618792 176.456772 -80.142105 -7.953746 123.497429 -84.363075 35.101955 189.016541 -46.291847               2971 
-39.911358 114.536476 -91.567551 1.343440 176.053070 -80.665825 -7.895929 123.158203 -85.058586 34.835243 188.510559 -46.786327               2980 
-40.629097 114.170288 -92.577370 0.814359 175.499100 -81.123726 -8.470349 122.735870 -85.997948 34.361042 187.467606 -47.122478               2990 
-40.985542 113.825279 -93.881348 0.301926 175.121384 -81.512321 -8.767452 122.479836 -87.279800 33.936127 186.512802 -47.399475               3000 
-40.970413 112.712929 -94.231537 -0.070867 174.283630 -81.698952 -8.764288 121.648087 -87.628059 33.509037 185.712784 -47.545261               3009 
-40.987579 111.753410 -94.802452 -0.514027 173.636444 -82.107712 -8.822581 121.012352 -88.250870 33.047691 185.076828 -47.939915               3018 
-41.032887 111.091515 -94.034019 -0.597696 173.208649 -81.999001 -6.371734 120.932838 -87.610451 33.003513 184.992401 -47.987061               3027 
-40.682934 109.976120 -92.983627 -0.706708 172.611557 -81.717659 -4.159900 120.563484 -86.694305 32.823277 185.039795 -47.865196               3037 
-40.499271 109.191269 -92.249741 -0.762555 172.159012 -81.518837 -3.026418 120.229439 -86.065697 32.751671 184.998520 -47.804546               3046 
-40.627438 108.329094 -91.745132 -1.025647 171.536606 -81.257126 -2.547354 119.696434 -85.673416 32.561401 184.556015 -47.684597               3056 
-41.264286 107.908585 -91.740753 -1.324394 170.974365 -81.149521 -2.740141 119.223534 -85.715652 32.400822 183.715225 -47.608646               3065 
-41.022945 106.967705 -91.753334 -1.551945 170.427902 -81.034996 -2.285041 118.724945 -85.626724 32.023754 183.393784 -47.430408               3075 
-40.850605 106.188034 -91.751503 -1.693379 169.991318 -80.969063 -1.913386 118.325676 -85.520073 31.772413 183.157669 -47.332806               3084 
-40.916866 105.708771 -91.819122 -1.799852 169.711258 -80.910400 -1.748270 118.085808 -85.494308 31.649790 182.901062 -47.267265               3094 
-41.056183 105.605225 -91.716133 -1.722842 169.669388 -80.736816 -1.621495 118.078491 -85.367653 31.835238 182.760773 -47.163300               3103 
-41.262993 104.859978 -91.538010 -1.907620 169.127121 -80.650352 -1.637155 117.551422 -85.147057 31.658558 182.321457 -47.125275               3112 
-41.426327 104.134506 -91.833832 -2.195557 168.610168 -80.813393 -1.703275 117.056595 -85.281380 31.247253 181.873322 -47.192310               3122 
-41.751514 103.848831 -92.060104 -2.433292 168.374649 -80.904778 -1.926110 116.844330 -85.417198 30.984266 181.541916 -47.220959               3131 
-42.172947 103.111778 -92.539391 -2.783405 167.679962 -81.130692 -2.296777 116.175079 -85.729828 30.536562 180.696381 -47.291916               3141 
-43.262592 104.187141 -92.738373 -2.720816 168.067108 -81.023331 -3.169366 116.598801 -85.927856 30.851412 180.230881 -47.116726               3150 
-45.855095 103.745537 -92.199287 -3.379454 166.612015 -81.544380 -4.975152 115.213135 -85.654922 30.503916 178.169434 -47.735310               3160 
-49.398048 103.825630 -92.163383 -4.503026 165.042618 -82.605972 -7.623159 113.835434 -86.351654 29.933270 175.245041 -48.919746               3169 
-51.043869 102.726723 -90.812630 -5.226400 163.192749 -83.165108 -8.591774 112.097389 -86.279892 29.666166 172.930588 -49.812546               3178 
-51.345402 102.765007 -89.865715 -5.217529 162.988113 -83.214012 -5.676767 112.159775 -86.167671 29.713865 172.687286 -49.890839               3188 
-51.289429 102.770744 -89.477356 -5.228922 163.020981 -83.185081 -3.599432 112.344574 -86.332863 29.734512 172.649307 -49.874969               3197 
-51.286163 102.763832 -89.101082 -5.230733 162.988403 -83.171669 -2.626881 112.372780 -86.330429 29.757540 172.554993 -49.869850               3207 
-51.293377 102.773056 -88.773277 -5.229338 162.967087 -83.149513 -2.178656 112.371727 -86.252609 29.782913 172.496506 -49.862240               3216 
-51.282375 102.770821 -88.581581 -5.216675 162.956390 -83.145393 -1.838143 112.374321 -86.220375 29.807484 172.452850 -49.861229               3226 
-51.379032 102.841125 -88.284386 -5.208504 162.925095 -83.103363 -1.730541 112.337746 -86.086304 29.851480 172.357147 -49.838612               3235 
-51.485004 102.954742 -88.053490 -5.143502 162.906387 -83.051735 -1.620249 112.307724 -85.905769 29.916649 172.286789 -49.772552               3245 
-51.626183 103.209557 -87.614235 -5.090014 163.009369 -82.969246 -1.714751 112.383293 -85.505257 29.968676 172.412109 -49.694832               3254 
-51.683632 103.308380 -87.348701 -5.095492 163.079956 -82.983917 -1.783495 112.433090 -85.252853 29.955742 172.571869 -49.726971               3263 
-51.864910 103.406441 -87.197388 -5.132720 163.083191 -83.044144 -2.068637 112.345665 -85.096413 29.924072 172.584747 -49.795811               3273 
-52.090202 103.514992 -87.116661 -5.178677 163.078888 -83.141457 -2.572456 112.157478 -85.001938 29.877020 172.569458 -49.888832               3283 
-52.084137 103.490158 -86.983368 -5.172722 163.096588 -83.153854 -2.562283 112.152077 -84.853394 29.867682 172.670349 -49.908955               3292 
-52.080647 103.454262 -86.906113 -5.172850 163.106201 -83.157143 -2.592150 112.107063 -84.750412 29.855692 172.738174 -49.916561               3301 
-52.102631 103.412651 -86.854355 -5.157507 163.102097 -83.166199 -2.684320 112.010742 -84.637672 29.852680 172.798279 -49.924946               3310 
-52.122326 103.305008 -86.876854 -5.141133 163.083130 -83.169426 -2.806144 111.872940 -84.502838 29.860134 172.877563 -49.947594               3320 
-52.126549 103.130890 -86.692780 -5.069019 163.037140 -83.099312 -2.848554 111.719078 -84.084053 29.931513 173.072144 -49.948578               3329 
-52.148270 103.022331 -86.672699 -5.045926 163.023819 -83.073524 -2.967810 111.599762 -83.856430 29.987337 173.215240 -50.005180               3339 
-52.195114 102.895523 -86.734161 -5.027307 162.978851 -83.067619 -3.239184 111.421593 -83.634842 30.060383 173.323273 -50.104652               3348 
-52.330364 102.807343 -86.936546 -5.008617 162.953262 -83.107849 -3.160207 111.383873 -83.418747 30.093699 173.482574 -50.219082               3358 
-52.489983 102.773895 -87.195969 -5.019648 162.955780 -83.121529 -3.162799 111.374947 -83.303795 30.094034 173.570953 -50.272514               3367 
-52.625370 102.729675 -87.477699 -4.999900 162.968582 -83.135071 -1.542072 111.865868 -82.830688 30.117081 173.693497 -50.325256               3377 
-52.817425 102.718704 -87.812592 -4.996339 162.967957 -83.150635 0.416957 112.443993 -82.364326 30.127323 173.755569 -50.368542               3386 
-53.125336 102.743454 -88.185898 -5.029688 162.868454 -83.292267 0.572752 112.506027 -82.139778 30.042166 173.671371 -50.459789               3396 
-53.258106 102.631546 -88.382446 -5.049940 162.701050 -83.423485 0.356796 112.427681 -81.956711 29.971336 173.554749 -50.553787               3405 
-53.310638 102.578583 -88.508484 -5.042622 162.613449 -83.473694 0.432629 112.414658 -81.883469 29.961220 173.462143 -50.583775               3414 
-53.357006 102.571083 -88.589211 -5.046620 162.560547 -83.511765 0.385218 112.379745 -81.870811 29.950144 173.383133 -50.605721               3424 
-53.379513 102.582092 -88.675835 -5.052014 162.530731 -83.543129 0.311837 112.357895 -81.871300 29.940805 173.318893 -50.621582               3433 
-53.311962 102.606407 -88.719986 -5.048906 162.530411 -83.551910 0.327415 112.367615 -81.895210 29.942511 173.293655 -50.620720               3443 
-53.216747 102.612366 -88.755997 -5.041832 162.523209 -83.548035 0.362152 112.369995 -81.916466 29.944954 173.270157 -50.606598               3452 
-53.151203 102.625092 -88.935097 -5.078569 162.495041 -83.602722 0.336240 112.346222 -82.105736 29.915827 173.142624 -50.637115               3462 
-53.135357 102.762283 -89.105759 -5.151461 162.559784 -83.662354 0.256274 112.411644 -82.341484 29.881336 173.072891 -50.694374               3471 
-53.331093 103.109482 -89.434723 -5.332009 162.774780 -83.646378 0.029176 112.619377 -82.728539 29.796482 172.979950 -50.683468               3481 
-53.588043 103.664833 -90.292130 -5.552358 163.167572 -83.623070 -0.229627 113.005783 -83.484131 29.626009 172.821487 -50.547482               3490 
-51.788185 102.489929 -91.452141 -5.832130 163.421661 -83.379372 1.238048 113.492378 -84.400787 29.046698 173.520020 -50.119785               3499 
-51.162975 102.146454 -93.649284 -6.507750 163.688950 -83.315208 1.668059 114.002708 -86.115547 28.201441 173.361176 -49.752876               3509 
-49.581291 100.711349 -96.782524 -7.731885 163.608826 -83.337646 2.781464 114.586533 -88.737617 26.756474 173.196823 -49.524433               3518 
-47.882446 96.731705 -102.958328 -10.651154 161.132660 -84.164604 3.537351 113.887650 -94.602753 23.990452 170.191132 -50.362045               3528 
-47.733639 94.702988 -104.617607 -12.678617 159.789520 -84.041031 3.217059 113.381477 -95.681221 21.709106 169.272537 -50.095974               3537 
-47.885368 94.165070 -106.165337 -14.356584 159.309540 -83.248207 2.824961 114.055534 -97.329475 20.530659 168.489044 -49.732136               3547 
-48.134056 93.645378 -106.648621 -15.925422 158.991516 -82.348167 2.329383 114.602486 -97.753807 19.145184 168.336792 -49.070122               3556 
-49.466743 95.068863 -105.595108 -17.020487 160.098648 -80.664085 1.222560 115.968544 -96.796867 18.381535 169.165131 -47.660965               3565 
-51.723862 96.670639 -105.684586 -18.919622 161.091827 -79.543747 -0.763360 117.297218 -96.646408 16.716394 169.544678 -46.629719               3575 
-55.227699 98.441620 -105.104591 -21.462009 162.117020 -78.350014 -3.873314 118.501160 -96.460800 14.758170 169.788620 -45.885334               3585 
-59.565140 100.795601 -104.642563 -24.425762 163.506973 -77.390884 -7.752942 120.189758 -97.011864 12.793056 170.118073 -45.835171               3594 
-62.508850 100.569443 -102.967567 -27.566719 163.923462 -76.953125 -10.655543 120.393417 -95.877014 9.773267 171.392075 -45.733654               3603 
-66.915253 101.265862 -102.003853 -31.118746 164.217377 -76.078827 -14.630740 120.737213 -95.475487 6.743766 171.434784 -45.434917               3612 
-71.297539 101.801559 -100.744804 -34.788460 164.563965 -75.188477 -18.552565 121.029831 -94.667610 3.455815 171.846848 -45.038101               3622 
-82.216209 124.081955 -94.318794 -33.463062 175.077744 -74.924896 -56.336678 123.843269 -87.228760 4.565269 169.142853 -44.211170               3631 
-85.903854 128.863724 -88.405739 -36.467976 179.081573 -76.442307 -72.236450 129.011200 -83.603615 -0.371665 172.678391 -43.567307               3641 
-93.125793 133.235428 -86.834007 -41.198647 181.480881 -76.954796 -82.613396 133.762146 -83.363564 -5.394808 173.071777 -44.212132               3650 
-94.713356 125.819199 -79.255295 -47.348499 179.664749 -77.661171 -85.740715 128.288269 -76.450058 -10.356672 178.825226 -45.171017               3660 
-98.295219 124.191376 -76.027779 -52.462856 179.466034 -77.254616 -90.147270 127.374992 -73.422241 -14.737915 180.757675 -45.633884               3669 
-105.873734 125.669106 -75.089920 -57.392399 178.682556 -77.007729 -97.679611 128.649841 -72.823936 -19.043648 177.975403 -46.127586               3678 
-110.346237 122.620056 -73.571564 -62.980808 176.561035 -77.999321 -102.458061 126.140816 -71.536201 -24.728546 178.181900 -47.034065               3688 
-115.111618 121.538872 -72.518005 -66.007042 173.802887 -78.647308 -107.552696 125.300926 -70.600548 -28.467119 175.879227 -46.848679               3697 
-123.886589 125.462151 -76.546341 -70.111717 173.284561 -79.526817 -116.733437 129.079193 -74.064575 -33.764938 171.244354 -46.368725               3707 
-132.483994 127.849312 -79.700516 -75.538719 171.995819 -81.427353 -125.488815 131.227936 -76.904770 -39.531040 166.693298 -48.260502               3716 
-138.660065 128.975555 -80.532623 -79.858032 170.740738 -82.115341 -131.772110 132.288116 -77.536636 -44.166920 163.912079 -48.885479               3726 
-143.124359 127.062065 -78.582779 -83.890976 168.357605 -81.963005 -136.129044 130.519180 -75.646088 -47.889378 162.240387 -48.930077               3735 
-147.035721 126.488930 -77.266418 -88.528336 169.014038 -82.662468 -139.786530 130.188751 -74.332169 -52.638786 165.854309 -49.096611               3745 
-147.891327 122.497337 -73.659500 -91.692200 167.918793 -80.516510 -140.589233 126.387009 -70.926163 -55.237282 167.124847 -47.423943               3754 
-152.926666 122.390381 -79.984619 -96.066589 167.271912 -80.370667 -146.188278 126.107033 -77.418587 -60.746178 161.465317 -46.555557               3763 
-155.256165 120.144882 -82.734421 -99.413399 165.684402 -79.473976 -149.532074 124.196747 -80.729851 -64.404419 156.894226 -45.980484               3773 
-161.883118 125.819000 -89.378212 -103.761337 166.876465 -78.327477 -156.475403 129.554657 -87.018143 -72.248436 152.589462 -43.291386               3782 
-164.979752 129.702820 -96.927925 -107.458084 167.289108 -75.938553 -160.829010 133.464874 -93.487404 -78.051994 146.210434 -42.536739               3792 
-165.074310 135.072769 -103.547104 -108.131950 164.570694 -71.798325 -161.914108 138.745926 -99.477974 -84.005554 136.107574 -39.666142               3801 
-164.284393 137.711853 -105.749321 -108.463936 163.231445 -69.758621 -162.056137 142.416534 -101.606102 -86.883507 131.368256 -39.038403               3810 
-163.640045 138.126877 -105.895432 -108.584129 162.746582 -69.020142 -161.975769 144.005951 -102.192146 -87.890434 129.723251 -38.921291               3820 
-163.294281 137.982880 -105.240364 -108.736877 162.390549 -68.395462 -162.135803 144.956604 -102.084290 -88.462273 128.686783 -38.769344               3829 
-163.769974 136.328934 -101.823814 -109.136780 160.155212 -65.185410 -167.477127 147.086334 -93.472046 -87.712624 125.222717 -37.882736               3839 
-164.193741 135.352982 -100.002281 -108.778618 159.340118 -64.991356 -172.873566 149.530731 -86.024162 -87.230621 124.484016 -37.688492               3848 
-164.216812 134.530823 -99.197327 -108.857140 158.991257 -64.646935 -175.210709 149.980301 -82.817352 -86.982727 124.200439 -37.520962               3858 
-164.210953 133.934631 -98.622185 -108.910866 158.752594 -64.411301 -178.231339 152.416779 -77.306747 -86.814087 124.007462 -37.407265               3867 
-165.663818 131.405899 -97.745865 -110.416588 157.217194 -64.334541 -181.259598 151.481781 -73.973358 -87.673454 122.890495 -37.332005               3876 
-166.895050 129.835114 -96.897789 -111.989372 156.269775 -63.531902 -183.481339 150.287430 -71.786987 -88.678711 122.034470 -36.899826               3886 
-168.701477 125.637245 -95.324440 -113.988747 154.778198 -64.064323 -185.789185 146.829559 -69.955345 -89.124672 122.069908 -36.922924               3896 
-169.868683 123.211365 -94.292015 -115.335701 153.854507 -64.270103 -187.254684 144.801544 -68.780365 -89.582268 122.006104 -36.936062               3905 
-170.406021 121.968971 -93.738190 -116.008690 153.392990 -64.372917 -188.014801 143.835541 -68.116058 -89.814804 121.980347 -36.953293               3915 
-170.633743 121.359703 -93.452171 -116.324631 153.176331 -64.421188 -188.399414 143.414780 -67.749245 -89.924965 121.969566 -36.963852               3924 
-173.133804 122.850479 -94.541954 -119.331490 154.962341 -64.968117 -191.399445 144.882660 -68.864586 -93.016350 123.832420 -37.342918               3933 
-189.904114 146.325211 -108.128113 -123.762894 154.589523 -66.203796 -195.819199 143.735580 -69.131950 -96.827698 124.091827 -38.471222               3943 
-198.760620 150.572388 -114.241165 -127.291161 153.111298 -68.896461 -199.412506 142.028625 -69.666916 -99.762329 124.570213 -39.702641               3952 
-208.046875 163.688278 -108.884308 -131.162094 156.332504 -68.115685 -203.550934 148.449844 -62.783802 -102.547607 125.674446 -42.308617               3961 
-212.094727 169.845230 -105.609360 -133.101669 157.946518 -67.724464 -205.395691 151.775757 -59.284508 -104.169914 126.184662 -43.665195               3971 
-213.518967 172.217880 -104.417908 -133.801514 158.528900 -67.583305 -206.034210 153.011780 -57.981392 -104.793800 126.365112 -44.157806               3980 
-214.154297 173.323151 -103.888130 -134.114655 158.789474 -67.520142 -206.323532 153.586243 -57.364719 -105.079613 126.445496 -44.378349               3990 
-214.992813 173.834381 -103.422836 -134.743042 158.865707 -67.422928 -206.927795 153.654572 -56.936459 -105.619667 126.379387 -44.593605               3999 
-215.944321 173.736664 -103.479263 -135.484116 158.623978 -67.836037 -207.636459 154.065323 -56.682945 -106.398285 126.272041 -44.769253               4009 
-216.738327 173.520508 -103.748390 -136.149887 158.332413 -68.306442 -208.280045 154.448761 -56.631844 -107.143707 126.142418 -44.915089               4018 
-217.240723 173.395096 -103.917465 -136.566772 158.149857 -68.600990 -208.682495 154.698837 -56.587318 -107.606201 126.065720 -45.008541               4027 
-217.551468 173.330246 -104.023514 -136.821121 158.038467 -68.780716 -208.930130 154.860352 -56.547668 -107.886765 126.020569 -45.066437               4037 
-217.766174 173.294098 -104.098198 -136.994675 157.962463 -68.903336 -209.101242 154.977325 -56.510914 -108.077484 125.990456 -45.106339               4046 
-217.923019 173.273026 -104.153755 -137.120148 157.907516 -68.991989 -209.226624 155.066772 -56.477360 -108.215019 125.969040 -45.135395               4056 
-218.181290 173.230911 -104.073799 -137.350204 157.763016 -68.973763 -209.457047 155.021545 -56.355198 -108.454353 125.804207 -45.133171               4066 
-218.376175 173.201385 -104.014389 -137.523376 157.654251 -68.960045 -209.631454 154.990021 -56.259460 -108.634529 125.680145 -45.131470               4075 
-218.537979 173.180954 -103.966690 -137.666229 157.564529 -68.948723 -209.776901 154.967697 -56.174885 -108.783195 125.577797 -45.130051               4084 
-218.654633 173.169159 -103.933495 -137.768555 157.500259 -68.940620 -209.882263 154.954498 -56.110062 -108.889687 125.504494 -45.129025               4093 
-218.754776 173.161469 -103.905975 -137.855835 157.445435 -68.933701 -209.973221 154.945740 -56.050949 -108.980537 125.441971 -45.128143               4103 
-218.877014 173.154770 -103.873466 -137.961746 157.378922 -68.925308 -210.084839 154.938019 -55.974773 -109.090782 125.366096 -45.127064               4131 
-218.911774 173.153641 -103.864532 -137.991684 157.360107 -68.922935 -210.116776 154.936722 -55.951881 -109.121956 125.344650 -45.126759               4141 
-218.966049 173.153183 -103.851112 -138.038132 157.330948 -68.919258 -210.167038 154.936356 -55.913868 -109.170303 125.311378 -45.126282               4150 
-219.016708 173.153503 -103.838882 -138.081314 157.303833 -68.915840 -210.214157 154.936920 -55.877125 -109.215248 125.280449 -45.125839               4159 
-219.061035 173.154526 -103.828484 -138.118912 157.280212 -68.912857 -210.255615 154.938400 -55.843636 -109.254395 125.253517 -45.125450               4169 
-219.101624 173.156113 -103.819229 -138.153168 157.258682 -68.910141 -210.293793 154.940659 -55.811714 -109.290070 125.228973 -45.125099               4179 
-219.134827 173.157944 -103.811859 -138.181091 157.241150 -68.907928 -210.325226 154.943222 -55.784576 -109.319145 125.208969 -45.124809               4188 
-219.166779 173.160172 -103.804970 -138.207840 157.224350 -68.905815 -210.355652 154.946396 -55.757511 -109.346985 125.189812 -45.124531               4197 
-219.195389 173.162567 -103.798958 -138.231689 157.209366 -68.903923 -210.383026 154.949814 -55.732460 -109.371826 125.172722 -45.124283               4207 
-219.221069 173.165070 -103.793694 -138.253036 157.195969 -68.902229 -210.407776 154.953415 -55.709221 -109.394051 125.157440 -45.124062               4216 
-219.244812 173.167694 -103.788963 -138.272690 157.183624 -68.900673 -210.430756 154.957214 -55.687077 -109.414505 125.143364 -45.123856               4226 
-219.266785 173.170395 -103.784691 -138.290802 157.172241 -68.899239 -210.452148 154.961166 -55.665989 -109.433365 125.130386 -45.123665               4235 
-219.286316 173.173035 -103.780983 -138.306854 157.162170 -68.897964 -210.471268 154.965042 -55.646706 -109.450089 125.118889 -45.123497               4245 
-219.304428 173.175690 -103.777641 -138.321686 157.152847 -68.896790 -210.489090 154.968994 -55.628349 -109.465530 125.108261 -45.123344               4254 
-218.956848 173.586594 -104.149727 -138.180313 157.195358 -68.952522 -210.414963 155.254166 -55.984344 -109.541817 125.000038 -45.119602               4263 
-217.277969 174.417419 -105.925804 -137.352585 156.875015 -69.357277 -209.823044 155.940735 -57.621708 -109.578941 124.270020 -45.062229               4273 
-216.013123 175.024353 -107.230507 -136.742508 156.638901 -69.655594 -209.366135 156.445633 -58.834652 -109.615372 123.738007 -45.031227               4282 
-214.744919 175.937851 -108.176788 -135.795013 156.771973 -70.308983 -208.397491 158.219345 -59.406654 -109.279655 123.855255 -45.047646               4292 
-214.539459 175.526642 -107.510208 -135.026108 157.015472 -70.497704 -207.386475 159.555252 -58.239468 -108.305176 124.800644 -44.557247               4301 
-214.339890 171.857086 -107.962601 -134.149734 155.799408 -71.257431 -206.461441 156.881058 -58.478344 -106.500618 124.646858 -44.994244               4311 
-213.987503 170.468491 -107.921494 -133.458771 155.447495 -71.512672 -205.685455 156.406357 -58.228428 -105.468384 124.897865 -44.904987               4320 
-213.779739 169.653076 -107.881943 -133.050903 155.239761 -71.663330 -205.225601 156.133118 -58.070278 -104.856972 125.049255 -44.861366               4330 
-212.906601 169.213852 -108.475525 -132.149796 155.242020 -72.139542 -204.291412 156.711121 -58.399483 -104.011574 125.510117 -44.772316               4339 
-212.182068 168.650482 -109.037766 -131.410400 155.155930 -72.547966 -203.531952 157.072800 -58.736168 -103.309898 125.873085 -44.662724               4348 
-211.110306 168.679565 -109.847389 -130.458740 155.432053 -72.996582 -202.563492 158.342026 -59.249367 -102.614731 126.641029 -44.352257               4358 
-209.506577 168.963150 -110.989975 -128.846573 156.049088 -74.033218 -200.809204 160.752853 -60.020054 -101.288826 128.110519 -44.289024               4367 
-207.608643 170.723389 -108.646729 -126.374069 157.993774 -72.898148 -197.886597 164.876572 -57.527493 -98.679146 131.002289 -42.416008               4376 
-204.878387 169.709244 -107.249878 -122.810272 159.493713 -72.609558 -194.131042 165.841080 -56.139580 -94.137665 134.029968 -41.719608               4386 
-202.933014 169.815872 -106.268211 -120.601051 160.483871 -72.000694 -191.852722 166.699524 -55.169418 -91.608368 135.587067 -40.947777               4395 
-199.643250 166.959656 -108.437195 -118.305733 159.915421 -71.357635 -189.239090 158.349487 -61.253784 -89.367249 135.071548 -40.211922               4405 
-198.798203 164.553696 -109.164597 -117.802971 159.150024 -71.069298 -188.014145 153.179169 -64.551346 -88.613365 134.620422 -39.908821               4414 
-198.178406 163.385788 -109.169830 -117.466522 158.905701 -70.355148 -186.703430 149.483612 -66.932701 -88.083038 134.381256 -39.373344               4424 
-197.356689 159.132431 -109.705101 -116.981537 157.471680 -69.974747 -185.250397 143.410446 -68.837044 -86.645874 133.320313 -39.623989               4433 
-193.016495 147.484146 -109.774796 -114.369400 156.030441 -67.236748 -180.076965 133.329117 -68.338692 -82.245819 136.480072 -35.447300               4443 
-185.804260 144.810699 -112.026604 -111.119423 156.210220 -63.216537 -174.760651 129.075027 -70.186638 -79.869095 137.387466 -30.143427               4452 
-179.424576 144.210281 -110.897278 -106.839607 157.726593 -59.184338 -168.816330 127.376762 -68.541107 -75.331810 139.776352 -25.871325               4461 
-177.220779 152.847794 -105.543831 -102.162262 158.010956 -55.620667 -165.816589 132.278610 -64.775597 -69.844620 135.636749 -25.961357               4471 
-176.879349 155.935013 -103.955536 -101.271881 158.157532 -54.447933 -165.776154 134.012329 -62.419922 -67.958939 134.070480 -27.341255               4481 
-178.707947 155.878326 -102.187820 -101.959396 161.081665 -54.609394 -167.255630 137.102997 -56.682419 -66.739494 138.351273 -28.771481               4490 
-181.035019 156.559677 -98.356995 -102.362625 162.649948 -53.841351 -167.852814 138.176346 -51.219563 -65.331749 140.559479 -30.062458               4499 
-181.425308 154.191193 -93.592834 -101.358093 164.039658 -52.189205 -166.291931 138.300659 -45.192616 -62.754585 143.974777 -29.126690               4508 
-181.736618 145.947647 -89.433296 -100.688454 159.756393 -50.755753 -162.046158 126.151428 -43.449081 -58.816090 141.917313 -31.962605               4518 
-182.849686 138.692749 -83.234009 -101.039673 158.995789 -48.046799 -159.321289 121.070023 -36.896069 -57.401257 145.769196 -29.460367               4527 
-183.927750 136.630035 -77.512505 -100.650665 158.832382 -45.758137 -157.345734 119.562798 -31.213392 -56.137329 148.003906 -27.702200               4537 
-183.767563 133.911972 -71.729187 -99.905632 159.083405 -42.735546 -154.876999 118.606064 -25.009386 -54.761879 151.007889 -24.804083               4546 
-146.744354 111.698967 -58.921913 -97.344704 158.051682 -39.010544 -149.700302 114.712738 -20.022446 -51.536343 152.672012 -21.766327               4556 
-124.060463 108.844841 -45.784908 -92.731880 160.805542 -34.103680 -146.413330 120.481346 -12.269145 -46.690147 153.753296 -18.130749               4565 
-109.824036 115.456482 -31.170946 -85.508987 166.728149 -29.516968 -142.246933 134.408630 -2.599778 -39.923939 156.636383 -13.868653               4575 
-103.606682 121.503853 -20.430515 -78.952667 170.356705 -24.864220 -138.130920 146.462067 5.445245 -34.319592 156.684387 -9.190469               4584 
-99.906387 125.666901 -13.652103 -74.242577 172.689987 -21.523014 -134.282822 154.214462 10.857694 -30.294384 156.984222 -5.819655               4593 
-95.893188 129.130432 -7.637963 -68.860901 174.442215 -18.173473 -129.511398 160.697723 15.441621 -25.650396 157.247253 -1.990298               4603 
-92.564308 131.210907 -2.919525 -64.096992 175.468674 -13.628457 -124.916100 164.182663 20.626308 -21.481487 156.389725 2.011931               4612 
-89.357162 133.822876 2.193068 -59.772701 176.982941 -9.641089 -120.290596 168.324417 25.918913 -17.569603 156.583939 5.441655               4622 
-87.478195 137.847961 7.536385 -55.785896 178.614624 -6.820429 -116.462349 175.409073 29.400633 -14.697228 156.738037 9.237164               4631 
-85.581383 141.297409 11.597360 -52.466885 180.163666 -4.622264 -112.521957 180.880295 32.775864 -12.097157 156.966263 11.405060               4641 
-83.264671 143.821426 15.156047 -48.589886 180.787170 -2.195213 -108.391357 185.163406 35.380699 -9.204310 156.279526 14.323320               4650 
-80.021034 146.866211 20.849607 -44.326775 181.348740 0.783585 -102.286064 190.283585 40.404339 -5.626875 155.423187 16.748953               4659 
-75.281677 148.457230 26.796749 -39.569786 180.641937 4.248246 -96.171799 193.680679 44.702549 -1.519164 153.970932 20.542965               4669 
-71.964417 151.129150 30.873062 -35.335690 180.861786 6.822805 -90.449783 198.972321 47.422695 1.668557 153.254150 23.946289               4679 
-68.816376 152.406723 34.581013 -31.241402 180.056992 9.530230 -84.102730 203.051804 50.835262 4.751603 151.330109 26.965248               4688 
-66.189568 153.339355 38.411720 -28.368931 179.650345 12.362947 -79.348969 205.915070 54.250828 7.152574 150.430359 29.944902               4697 
-62.991207 154.432526 42.949486 -24.946621 178.826202 15.422548 -73.975334 209.093643 56.792336 10.111651 149.535797 33.799164               4707 
-61.221581 155.377991 45.903316 -22.884403 178.395889 17.593668 -69.681374 212.473663 58.584602 11.741874 148.997223 36.605484               4716 
-58.166805 154.664124 49.360687 -19.724907 177.100357 20.706591 -64.486877 214.101791 61.606670 14.749584 147.761856 40.083683               4725 
-55.568253 154.133789 52.945301 -17.073248 176.045090 23.914038 -60.184448 215.263702 64.587578 17.299532 146.749542 43.535271               4735 
-53.274082 153.537766 56.088211 -13.944651 174.704880 27.575779 -56.395813 215.808502 67.050621 19.672924 145.155334 48.103645               4744 
-50.901428 152.277283 59.256226 -11.544734 173.415192 30.633818 -52.752934 215.268753 70.617188 22.001617 143.501953 50.747261               4754 
-48.615326 150.979584 62.415417 -9.263203 172.101563 33.542782 -49.070961 215.042328 73.983223 24.373590 142.125229 53.409744               4763 
-47.407139 149.717239 65.057259 -7.751049 171.150131 36.523487 -46.594635 214.671997 77.415596 25.815878 140.943741 56.158787               4773 
-46.458652 149.165985 67.246948 -6.629512 170.606430 38.541218 -44.788570 214.899628 79.354485 27.087364 140.618179 58.253841               4782 
-45.099895 147.530197 70.035606 -5.077036 169.484558 41.298088 -42.273178 213.900421 83.279022 28.985317 139.498016 60.410210               4791 
-43.465584 145.683929 74.086319 -3.179103 167.685394 44.868168 -39.224701 212.263855 87.881004 31.186581 137.585938 63.245686               4801 
-42.234943 146.608307 76.007408 -0.785528 166.444458 46.231903 -35.006462 213.722733 88.032669 32.656418 135.877213 65.518936               4810 
-40.986286 143.847763 76.996147 3.408022 161.144989 48.913589 -28.056316 209.491211 91.655960 34.021301 127.505280 67.779083               4820 
-40.690655 142.433563 77.777359 5.986833 158.120178 51.112324 -24.058241 206.434021 94.894142 34.834290 122.615906 69.332657               4829 
-39.945621 142.352936 80.358932 8.249265 157.285278 54.288746 -21.188879 205.085770 99.040848 36.591125 121.013481 71.776047               4839 
-39.610619 139.749939 81.599113 9.924572 154.989395 56.609634 -21.344280 201.517441 101.116158 38.512112 118.903000 74.080605               4848 
-39.719341 139.433014 82.199440 10.850779 154.571838 57.538143 -21.666792 200.266296 101.751625 39.800587 118.782043 75.022697               4858 
-39.634987 138.619202 82.796707 12.639147 152.848190 59.258732 -20.061056 196.864075 104.440933 40.747711 115.808769 75.466743               4867 
-39.843647 138.910309 84.297791 14.202973 151.903992 61.542896 -18.381016 195.138428 107.371780 41.778095 114.148849 76.998390               4876 
-39.902863 136.648605 83.578529 16.644829 149.103165 63.949055 -17.800644 188.868423 110.325073 43.135090 109.863785 77.485939               4886 
-40.207809 136.316696 84.586357 17.816786 148.658020 66.569855 -18.278549 186.390976 112.525398 44.255447 109.112076 79.290939               4895 
-40.410316 138.388428 86.439888 18.728348 150.229584 69.578781 -17.936907 187.629456 115.336960 45.019447 110.593063 82.323753               4905 
-40.481598 137.761017 86.700424 19.721157 148.843689 70.505539 -16.591169 184.630463 117.772255 45.679733 108.486298 81.557350               4914 
-40.819397 137.596283 87.169090 20.385759 148.325241 71.771004 -16.583725 182.817642 119.372192 46.481705 107.866798 82.106667               4924 
-40.515850 139.310608 88.471771 21.727406 148.092728 72.596947 -13.950756 182.906631 120.937439 47.447868 107.246429 82.330780               4933 
-41.126198 140.717041 88.953659 22.412670 147.395981 73.403702 -12.533601 181.778915 122.618484 47.616428 106.022682 82.220192               4942 
-41.394894 142.964279 90.341118 23.102236 148.435944 75.070778 -11.203959 183.749664 124.216324 48.459381 107.270477 84.405098               4952 
-39.856384 143.752808 91.299080 25.533758 146.327499 75.683830 -5.558734 181.804138 127.097710 49.689644 104.114960 83.384819               4961 
-39.340561 145.541016 92.438515 26.672987 145.936310 76.824318 -0.449240 183.064957 129.787949 50.049038 103.252548 84.332039               4971 
-39.200607 147.362869 93.025185 27.393187 145.780426 77.539490 4.362194 183.746613 132.471252 50.016621 102.589783 84.428520               4980 
-39.619743 148.157990 93.008797 27.286861 145.765854 78.055115 7.493898 184.614899 134.128235 49.483604 102.341576 84.862953               4990 
-39.667149 148.448517 93.551537 27.382460 146.124542 79.040565 9.891915 185.245087 136.340912 49.547123 102.660194 85.695518               4999 
-40.546089 149.159927 94.255638 26.804338 147.197311 80.952599 10.167369 186.485367 139.038422 49.070137 103.826317 87.873657               5009 
-40.990353 147.811340 94.651604 26.536165 146.383484 82.174477 10.370869 184.525711 141.609940 48.696274 102.847786 88.361763               5018 
-42.020847 146.922028 94.914825 25.531799 147.513153 83.740494 8.856625 185.341248 143.734024 48.300468 104.334396 90.212967               5028 
-43.308865 146.447052 94.675278 24.224049 149.616425 84.915314 6.587565 188.167206 144.791183 48.100525 107.250435 92.644951               5037 
-43.255508 145.845505 94.418327 24.121748 149.376984 84.734680 7.854241 187.820358 145.607574 47.797932 106.859879 92.247597               5046 
-43.013813 145.216843 94.413857 24.094393 149.406967 84.702423 8.806392 187.923660 146.260529 47.747982 106.875755 92.206688               5056 
-41.864075 143.052780 94.347977 25.141329 146.964020 84.037186 11.751077 182.525986 148.079681 48.274162 103.788078 89.078979               5065 
-41.634193 143.264893 94.808983 25.135021 148.427368 84.198692 11.747388 184.857407 147.967133 49.042458 105.757179 89.890717               5074 
-41.415314 143.184891 95.348534 25.123983 149.258118 84.469101 11.759730 185.890030 148.283936 49.506798 106.879074 90.317604               5084 
-41.389622 143.691528 95.644676 24.832838 151.342270 84.546242 10.838959 189.702606 147.499161 50.270805 109.809647 91.802994               5093 
-41.034958 143.123001 95.910942 24.680868 152.390137 85.048286 10.111538 190.886261 148.167267 50.731003 111.314209 92.720833               5103 
-40.556641 142.343231 96.014374 24.616791 153.178207 85.361916 9.737690 191.714783 148.972336 51.271317 112.564873 93.411949               5112 
-40.321964 141.952118 95.866135 24.653227 153.228760 85.279518 10.254512 191.803497 149.405823 51.413826 112.701889 93.413002               5122 
-40.213284 141.793686 95.666077 24.681534 153.358643 85.178246 10.660022 191.994614 149.780777 51.562401 112.938553 93.445343               5131 
-40.068909 141.220291 95.611038 24.753429 153.193710 85.151627 11.051818 191.650879 150.276810 51.874229 112.923981 93.368774               5141 
-39.839764 140.900726 95.605629 24.898296 153.189285 85.018028 11.543717 191.681305 150.464890 52.234344 113.069427 93.254997               5150 
-39.024681 142.390335 94.639984 25.676550 154.609192 83.794411 12.488050 195.005951 148.423691 53.153030 114.867226 93.298538               5159 
-38.706768 143.249161 93.828735 26.194412 154.759201 83.239471 13.658970 195.213303 148.334656 53.250832 114.751717 92.834358               5169 
-38.738731 143.751328 92.994049 26.523287 154.388580 82.756401 14.568279 194.558929 148.437943 53.197495 114.095787 92.226746               5178 
-38.931145 144.153458 91.959160 26.764183 153.955109 82.481453 14.828183 193.717209 148.637222 53.029392 113.385841 91.914551               5188 
-38.818359 144.597961 91.239952 27.045284 154.061020 82.029236 15.468819 194.270889 148.306900 53.200523 113.515984 91.863525               5197 
-38.517139 144.821716 90.928421 27.478584 153.985641 81.780525 16.506517 194.375610 148.324310 53.548313 113.413376 91.728889               5207 
-38.112114 144.625046 90.409775 28.059576 153.251938 81.406960 17.769726 192.924820 148.678253 53.828518 112.373650 90.874664               5216 
-37.361073 143.998535 90.189842 28.890808 152.158493 81.138466 19.426149 190.853302 149.244202 54.349712 110.928398 89.892548               5226 
-36.711060 144.078140 89.594574 29.703243 151.201324 80.600296 21.019279 189.781799 148.984909 54.548115 109.569290 89.215149               5235 
-36.553909 144.298050 89.387123 29.820652 152.284805 80.645378 20.944279 192.042099 148.694199 55.291092 111.247910 90.233894               5245 
-37.143085 141.326324 87.997200 29.108727 151.357834 80.346230 16.975172 190.278229 148.195099 55.683781 111.085236 90.174477               5254 
-37.757652 138.950607 86.936394 28.291916 150.653519 79.757751 11.581496 188.612228 145.756668 55.824875 111.058296 89.700806               5264 
-37.515804 138.816956 87.860275 28.386772 150.696259 80.012550 11.695934 188.784073 145.690186 56.091660 111.185944 89.814774               5273 
-37.278461 139.370224 88.800385 28.442507 151.140350 80.008392 12.730501 189.889267 145.545822 56.179836 111.656113 89.823975               5282 
-36.945007 137.532623 89.166954 28.627728 149.810120 80.156113 13.214996 187.477112 146.398163 56.635998 110.327751 89.177719               5291 
-36.283432 137.538788 89.471977 29.188114 149.662354 79.890274 14.430501 187.808182 146.013351 57.183475 110.179657 88.950417               5301 
-36.071507 137.683655 89.766197 29.303459 149.725342 80.079231 15.617658 188.601028 146.225754 57.251976 110.274918 89.420242               5329 
-36.051472 137.892731 89.981667 29.292791 150.019516 80.323456 16.175085 189.493668 146.441269 57.315472 110.705475 90.010803               5339 
-35.869457 139.657669 90.026474 29.431545 151.948410 80.604355 17.163828 192.594696 146.690186 57.564838 112.923622 91.106453               5348 
-35.721905 140.765762 90.011711 29.437513 153.335342 80.827179 18.107370 194.794601 147.229553 57.678337 114.560623 91.948639               5357 
-36.364319 141.539963 89.665024 28.730070 154.305862 81.400490 18.204844 196.114471 148.512482 56.856167 115.622208 93.114029               5367 
-36.281883 141.011337 89.105690 28.521072 154.582474 81.329521 18.359764 196.258652 149.199219 56.913868 116.151283 93.229225               5376 
-35.780762 140.499954 89.120674 28.518053 154.602707 81.300911 18.647810 196.200211 149.531128 56.960239 116.206085 93.194260               5386 
-35.281628 140.001770 89.063171 28.553921 154.598831 81.192337 18.786043 196.114822 149.630112 57.046108 116.233688 93.067581               5395 
-34.989914 139.629623 88.929649 28.571472 154.505203 81.151672 18.738104 195.899887 149.737045 57.054031 116.132256 93.024773               5405 
-34.804516 139.320160 88.770126 28.589430 154.360519 81.146187 18.646620 195.632629 149.857910 57.043556 115.969910 93.030365               5414 
-34.719929 139.287933 88.734467 28.568945 154.346115 81.136490 18.717056 195.530701 149.976364 56.966721 115.901718 92.981491               5424 
-34.634663 138.909866 88.344368 28.708763 153.516266 81.160042 19.248264 193.242264 150.958588 56.662075 114.504967 92.180069               5433 
-34.318825 139.361298 88.574188 28.760345 154.101425 81.015343 19.601631 194.632172 150.534943 56.781986 115.254776 92.436188               5442 
-33.586685 139.616089 89.158081 28.862690 154.941254 80.913757 20.221054 196.447067 150.214600 57.156384 116.426971 92.780807               5452 
-32.815254 139.556152 89.580254 28.890291 155.485123 80.855995 20.855417 197.578201 150.298447 57.350750 117.189156 93.026894               5461 
-32.601715 139.295868 89.581871 28.478739 155.644165 81.085686 21.123163 198.123566 150.979660 56.826630 117.407249 93.696999               5471 
-32.459503 139.124496 89.584732 28.162319 155.766449 81.262291 21.631678 198.587524 151.603699 56.420437 117.575943 94.211182               5480 
-32.397236 138.969391 89.552917 27.859442 155.866257 81.387077 21.855867 198.943039 152.078796 56.056057 117.725830 94.614655               5490 
-31.908884 138.537567 89.893944 27.933283 155.801178 81.226479 22.923294 198.816772 152.346985 56.346607 117.739632 94.215385               5499 
-31.573242 138.260925 89.915077 27.924946 155.747620 81.038185 23.157885 198.748917 152.301361 56.415485 117.721642 93.961952               5509 
-31.293079 137.930069 89.898499 27.907614 155.620651 80.883598 23.293909 198.515915 152.298172 56.471272 117.615898 93.708031               5518 
-31.120567 137.453705 89.748901 27.879284 155.441620 80.666130 23.243223 198.158585 152.245865 56.611561 117.523346 93.369301               5527 
-30.913336 136.701004 89.794037 27.853580 155.186752 80.509071 23.268381 197.562775 152.351608 56.930882 117.435738 92.922005               5537 
-30.716026 136.003632 89.775673 27.835524 154.930679 80.297028 23.289278 197.049896 152.343704 57.234852 117.352394 92.473305               5546 
-30.459494 135.309189 89.752052 27.858490 154.674408 79.998878 23.408703 196.608109 152.206131 57.613453 117.301659 91.941666               5556 
-30.276346 134.727356 89.766396 27.863241 154.410629 79.856300 23.445669 196.114655 152.240936 57.881634 117.181686 91.587090               5565 
