-42.844540 160.898773 94.715614 30.161291 113.350655 81.141953 -32.596973 116.831017 117.643387 49.833397 68.373062 77.303398                  0 
-42.197292 162.265625 95.167549 30.207472 113.583786 81.213882 -32.658890 117.281235 117.577225 49.429363 68.452606 76.923775                  9 
-41.805489 163.117386 95.461945 30.206961 113.683220 81.240128 -32.732357 117.502457 117.522415 49.153881 68.464157 76.661827                 17 
-41.399536 164.059143 95.757813 30.166235 113.686432 81.254524 -32.817974 117.667488 117.529831 48.860538 68.383705 76.469528                 45 
-41.292267 164.271774 95.836334 30.147346 113.677086 81.255875 -32.856346 117.715660 117.517754 48.748489 68.344421 76.392014                 54 
-41.067905 164.683670 96.003937 30.093088 113.638458 81.269073 -32.970707 117.806381 117.470688 48.480793 68.239059 76.219673                 63 
-40.896603 164.999146 96.122765 30.070934 113.618240 81.280312 -33.030239 117.865517 117.462723 48.328144 68.178871 76.118141                 72 
-40.729229 165.298767 96.260048 30.051979 113.600410 81.312111 -33.108452 117.925568 117.436348 48.186161 68.123398 76.048836                 81 
-40.487576 165.715424 96.454285 30.031946 113.548210 81.342209 -33.191891 117.962021 117.368507 48.034359 68.032448 75.962746                 90 
-40.171352 166.193298 96.802383 30.111673 113.531631 81.445663 -33.054047 117.972412 117.591064 48.099987 68.012398 76.048477                 99 
-39.923904 166.644806 97.187492 30.244537 113.655525 81.637131 -32.783092 118.091202 118.039688 48.325924 68.160370 76.349007                108 
-39.499306 167.387344 98.328995 30.942514 114.514755 82.396652 -31.594463 118.532852 119.696266 49.655186 69.230019 77.514206                117 
-38.749371 168.141083 98.979012 31.314032 114.427803 82.369881 -30.867908 118.189255 120.295982 50.257095 69.243484 77.445702                126 
-38.711315 168.237854 99.016510 31.760967 114.439522 82.759430 -30.216505 117.648697 121.078491 51.555298 69.555634 78.477974                135 
-38.441380 168.618164 99.135719 31.921671 114.092850 83.098282 -30.375832 117.028038 119.401405 52.186447 69.372780 79.334785                144 
-38.483253 168.376190 99.368416 32.201427 113.699028 83.536461 -30.586334 115.571541 116.282463 53.338913 69.341553 80.322304                154 
-38.422791 168.423706 99.489944 32.301655 113.441620 83.667145 -30.642723 114.599876 114.831009 53.926785 69.307480 80.627174                162 
-38.711597 168.201477 99.775284 32.212807 113.185287 83.688095 -30.576958 113.425659 113.920067 54.499191 69.372368 80.780441                171 
-39.128040 167.633423 100.137657 32.222656 112.981155 83.585381 -30.190639 112.038826 113.013504 55.366138 69.609627 80.757019                180 
-39.726856 166.641663 100.379105 32.467419 112.948601 83.604942 -29.428961 110.708595 112.693092 56.708660 70.158478 81.139702                189 
-40.368366 165.653168 100.532692 32.569031 112.954399 83.594566 -29.024513 109.709343 112.056503 57.578690 70.596985 81.341446                198 
-41.616470 163.450851 100.733658 33.038620 113.176231 83.495026 -27.604647 108.055077 113.164749 59.859150 71.913284 81.840141                207 
-43.861504 160.483124 101.273354 33.640858 114.367485 83.848351 -25.413439 105.719231 114.669586 63.638172 75.324982 83.103989                216 
-45.957832 158.111938 101.040489 33.943935 115.446198 84.013741 -23.662350 103.651237 115.323624 66.785034 78.756279 84.161087                225 
-48.347832 155.353851 101.641632 33.472248 116.172203 84.254616 -22.742205 101.951775 115.925201 68.442268 81.506714 84.587967                234 
-48.423622 155.472275 101.956337 33.469093 116.159164 84.260727 -22.393585 101.779976 115.376595 68.737663 81.796478 84.469208                243 
-48.417171 155.810394 102.081078 33.480282 116.147537 84.289017 -22.124296 101.706787 115.213547 68.977798 82.021095 84.439079                252 
-48.444710 156.062378 102.364052 33.493557 116.097870 84.359032 -21.776180 101.440681 115.205254 69.318245 82.314781 84.428322                262 
-48.600044 155.973877 102.673203 33.500298 116.077980 84.496964 -21.431973 101.115883 115.239632 69.685486 82.681244 84.498024                271 
-48.811291 155.607422 103.052673 33.506100 116.060852 84.615746 -21.138023 100.827408 115.295677 69.996918 82.998398 84.554268                280 
-49.023514 155.372040 103.448135 33.472683 116.114502 84.683250 -20.877462 100.879410 115.626091 70.225975 83.344131 84.594673                289 
-49.108078 155.373917 103.743736 33.449959 116.129166 84.714569 -20.673712 101.225105 116.051567 70.347183 83.521019 84.597305                298 
-49.363968 155.141815 104.132423 33.336998 116.117409 84.755936 -20.449999 101.608116 116.780930 70.452957 83.758659 84.590996                307 
-49.552204 155.011902 104.586357 33.235977 116.091629 84.799240 -20.269014 101.918610 117.426323 70.516212 83.922592 84.582939                316 
-49.610901 155.150742 105.068977 33.171951 116.075882 84.842308 -20.151253 102.036301 117.732651 70.558357 84.030807 84.560516                325 
-49.644272 155.347092 105.425407 33.160610 116.117668 84.887367 -20.088026 101.956764 117.541168 70.656364 84.200592 84.606171                334 
-49.695095 155.494293 105.796074 33.102421 116.124405 84.946411 -20.074150 101.935020 117.645363 70.662491 84.283150 84.654861                343 
-49.751850 155.555176 106.175453 33.019653 116.104088 84.942146 -20.087917 101.874176 117.698868 70.613510 84.303444 84.581154                352 
-47.056927 156.612137 107.492256 33.610836 114.080467 83.753975 -19.143904 101.616997 117.734894 70.010025 80.950851 82.257973                361 
-44.656651 157.636353 108.961868 34.157909 112.418648 83.196541 -18.489220 100.873657 117.631027 69.571091 78.300362 80.635498                370 
-44.527962 158.013168 109.036621 34.245499 112.265968 83.479622 -18.623398 100.609779 117.484764 69.664894 78.152596 80.939201                379 
-45.016613 157.854584 108.737968 34.273643 112.691185 83.595352 -18.683962 100.635536 117.267883 69.991417 78.876953 81.239838                388 
-45.039581 158.730194 108.397049 34.420246 113.309525 83.864716 -18.719084 101.186668 117.188210 70.260399 79.604240 81.828186                397 
-44.821373 159.637695 108.208855 34.383415 113.388657 83.790741 -18.782204 101.383087 117.072495 70.194595 79.650970 81.781250                406 
-44.008743 161.530533 108.035271 34.431149 113.383011 83.738632 -18.749723 101.667236 117.054527 70.111519 79.506348 81.740471                415 
-43.211269 163.494232 107.679169 34.410900 113.370247 83.645027 -18.733360 102.172920 117.245872 69.927139 79.319809 81.676552                425 
-42.503342 165.141129 107.122345 34.245449 113.249771 83.338913 -19.112396 102.695457 116.853355 69.348885 78.775833 81.337280                433 
-41.762413 166.478439 106.891617 34.186272 113.137192 83.214981 -18.983994 103.893074 117.861427 68.865646 78.236557 81.215858                443 
-41.435818 168.305984 105.964813 34.088280 113.832138 83.240250 -18.879427 106.331551 119.448883 68.413155 78.559204 81.712639                451 
-41.105392 170.630707 104.486717 34.150963 115.082626 83.345734 -19.160435 109.062607 120.063637 68.048370 79.375595 82.518806                461 
-40.612053 172.788025 103.003510 34.189835 116.111221 83.165977 -19.321560 111.567802 120.494682 67.603821 79.942665 82.939140                470 
-38.225418 174.977081 102.342377 34.031578 115.166687 82.153938 -19.153614 113.688522 120.809738 65.676926 77.445648 81.517365                479 
-37.212643 177.154449 100.675217 34.475800 116.169083 81.838135 -18.529188 116.593040 121.311409 65.595871 78.008224 81.851234                487 
-35.888512 179.623138 98.644966 34.640430 116.906792 80.955078 -18.592270 119.111031 120.401588 64.853874 78.027779 81.484116                497 
-34.695721 181.815964 96.569099 35.041824 117.846405 80.116745 -18.129808 121.732613 119.858925 64.652336 78.520477 81.299400                505 
-32.830051 184.095230 93.653343 35.633026 118.339363 78.732590 -17.408974 124.517952 118.586143 64.357941 78.397514 80.791153                515 
-31.804045 186.307053 89.561859 36.691360 120.005257 77.120667 -16.656210 127.641289 116.378441 65.298744 80.075111 80.571915                524 
-29.067450 189.679840 86.209030 37.809227 121.412094 75.276855 -15.622643 131.211838 113.966583 65.307106 80.789391 79.563210                533 
-26.268274 192.349609 83.381447 39.601013 122.800171 74.017876 -14.302955 133.917175 111.637650 66.310684 81.742012 79.070671                542 
-22.057518 194.487244 79.143234 42.102280 122.959183 72.758476 -12.441073 136.505112 108.598686 67.423042 81.241005 79.328293                551 
-21.333529 198.788162 74.616570 42.072548 126.423882 69.934967 -12.417356 141.665268 105.146950 66.736176 84.478523 77.484947                560 
-18.297747 203.488495 71.678299 41.892845 128.488480 65.805954 -11.012190 146.526443 102.067085 64.737694 85.456581 72.952934                569 
-19.080851 206.248367 66.732460 42.115501 131.930374 63.104858 -11.467447 150.395142 97.971634 65.118584 89.177879 71.338501                578 
-20.946779 207.627014 59.278263 42.310501 134.993057 60.766228 -12.566799 153.987076 92.726212 65.927513 93.130371 71.464958                587 
-21.120911 208.991547 55.037392 43.117977 137.291351 58.170055 -11.155278 157.253525 90.093956 67.316307 96.055046 69.947906                596 
-21.808929 210.895950 50.025028 43.556263 140.447479 54.980850 -11.432155 160.194412 85.248825 67.900444 99.497131 67.436386                605 
-25.018869 212.000717 43.811527 42.630276 143.929642 50.423187 -12.772179 162.855209 79.655228 68.141724 103.971443 63.735508                614 
-27.327694 212.619461 37.297985 43.093895 147.836914 46.551079 -13.151053 165.459900 73.956253 69.963890 109.263947 61.208466                623 
-27.462107 213.263733 30.934587 43.603245 150.171356 43.237392 -13.824853 167.418777 67.352669 69.933853 111.643242 58.953426                632 
-28.398636 212.375671 23.558105 43.602463 152.592239 39.622955 -14.990447 169.828171 59.695728 68.892799 113.947731 56.702492                641 
-29.577805 210.326218 16.712843 43.539154 154.702560 35.513206 -15.813857 171.923111 51.915363 67.707321 115.719177 53.427052                650 
-28.390581 209.465576 10.853483 42.692516 153.344482 29.978806 -15.880532 173.609009 44.226013 63.733776 112.320175 47.269878                659 
-30.599524 207.160126 3.111453 41.869392 155.571655 24.925747 -17.498064 174.652451 35.930710 62.676510 114.626099 42.680603                668 
-31.882635 205.038483 -5.579097 41.183990 157.899902 19.931482 -18.843792 175.936035 27.253220 61.585831 117.208138 38.710590                678 
-32.229279 204.047882 -12.299564 41.271885 160.017899 15.141859 -19.140528 177.133530 20.427647 61.599075 119.590950 34.562897                686 
-32.640129 203.874893 -19.885202 40.677006 161.961838 9.816293 -20.129618 177.809830 12.321192 60.731674 121.541962 29.533136                695 
-32.786133 202.039200 -28.240025 40.241043 163.551697 4.680305 -20.948051 177.866241 3.892772 60.043903 123.549812 25.474657                704 
-33.240669 201.116623 -36.099831 39.745502 165.829575 -1.065508 -21.795044 178.358658 -4.159726 59.676727 126.191589 20.295351                713 
-33.612038 198.758072 -44.413448 39.366299 167.941208 -6.635727 -22.526386 178.043503 -12.251099 59.733139 129.232407 15.981312                722 
-33.911335 196.166779 -52.869923 38.924019 170.012177 -12.663232 -23.223852 177.471146 -20.509501 59.782635 132.335327 11.213185                732 
-33.284840 193.205627 -60.267662 39.203003 171.793823 -17.785582 -23.125629 176.407364 -27.694368 60.566723 135.301407 7.445441                741 
-33.241650 189.232727 -67.065254 38.833874 173.508026 -22.988497 -23.566042 175.183624 -34.579880 60.786503 138.365265 3.615606                750 
-32.581612 185.624664 -73.828362 38.691944 174.684479 -28.442595 -23.688528 174.022568 -41.578842 60.748138 140.729004 -0.420112                759 
-32.069122 182.396179 -79.630928 38.454601 175.583862 -33.383312 -23.869816 172.633362 -47.706837 60.652645 142.753036 -4.158429                768 
-31.757896 178.752899 -86.276611 37.661991 176.370819 -39.199574 -24.502085 170.984436 -54.838795 59.926792 144.734970 -8.733829                777 
-31.218410 174.462982 -92.227295 36.980682 176.966080 -44.717705 -25.088278 169.009659 -61.256084 59.321522 146.835312 -12.815762                786 
-30.613773 170.219696 -97.780228 36.383331 177.368225 -50.318733 -25.614702 166.884720 -67.358025 58.859978 148.740219 -17.153265                795 
-29.814564 166.626785 -103.251274 35.537716 177.423401 -55.209972 -26.328402 164.586166 -73.179283 57.771580 149.946213 -20.926317                804 
-30.910904 159.116837 -107.249657 34.195435 176.285858 -61.195366 -27.557535 159.304199 -77.339813 57.750526 152.180588 -25.295458                813 
-31.709423 153.540588 -110.970184 33.085842 176.305481 -67.192535 -28.636633 156.363541 -81.215179 57.248032 155.995560 -29.398285                822 
-32.175072 149.041656 -114.834236 31.937672 176.237976 -72.836418 -29.607586 153.582047 -85.206490 56.609394 158.879028 -33.917496                831 
-34.647858 141.619644 -115.550720 30.245955 173.140991 -78.228363 -31.677193 149.409698 -86.850967 55.400780 160.319077 -37.885544                840 
-35.664261 132.511261 -115.467010 29.840824 167.617889 -82.873138 -32.723991 144.474930 -88.400879 54.317337 160.506241 -40.741978                849 
-36.307610 127.881691 -115.121178 30.039280 164.312805 -86.482323 -33.112076 142.137512 -89.674278 54.553913 160.479355 -43.949425                858 
-36.692238 126.073799 -115.220947 30.121124 162.568085 -89.017227 -33.444859 141.219070 -91.152161 54.653439 160.077484 -46.394791                867 
-37.482704 127.318062 -117.309166 29.401833 161.603333 -90.310089 -34.591740 141.456558 -93.808578 53.544632 156.733932 -47.670624                876 
-35.555286 125.346260 -117.377060 29.511471 161.121994 -92.507156 -34.394306 140.216644 -96.926270 53.019657 156.413818 -49.496597                885 
-34.172398 122.794815 -114.653191 29.143160 160.611145 -92.880135 -34.593555 138.567947 -97.396835 52.268772 157.139999 -49.545769                894 
-33.580009 121.915619 -114.493568 27.480364 161.836853 -94.053673 -35.558521 137.149658 -98.750496 51.281975 157.387573 -51.177139                904 
-35.526901 117.851730 -113.330528 24.905188 159.885941 -96.525238 -37.686867 133.232605 -98.627831 49.920307 157.507126 -54.177925                912 
-35.811195 112.817421 -111.003357 24.024050 156.777908 -97.872269 -38.179062 128.821365 -97.861137 49.036880 158.094223 -55.477276                921 
-35.324463 112.291794 -112.484283 23.378878 157.294830 -98.271790 -38.191391 127.738144 -99.030502 48.406227 157.969742 -55.870300                930 
-34.913414 111.837875 -113.972946 22.707603 157.775009 -98.716072 -38.215645 126.649338 -100.122322 47.919270 157.695862 -56.418602                939 
-33.550411 109.214424 -114.893974 21.990618 157.432297 -99.266212 -37.600578 123.485641 -100.828003 47.411312 157.773132 -57.095345                949 
-32.856770 107.739929 -115.444962 21.376068 157.261063 -99.549088 -37.455227 121.584709 -101.139297 47.023098 157.711563 -57.516521                958 
-32.864185 101.742958 -112.123253 19.901279 154.015060 -101.042473 -37.784019 116.368156 -98.927055 46.054310 158.539063 -59.566429                966 
-32.583214 100.516762 -114.014236 18.791494 154.010239 -102.531067 -38.072487 114.767067 -100.619186 44.846077 158.790833 -61.021858                975 
-32.132797 99.464478 -113.966087 18.347992 153.882141 -103.135345 -38.010406 113.637924 -100.639206 44.393684 159.449677 -61.718750                985 
-31.881981 99.795563 -115.075432 18.266972 154.269043 -103.271461 -38.255550 113.646751 -101.323547 44.138176 159.295761 -61.676720                994 
-30.898182 90.461372 -107.361557 17.414427 147.642776 -103.766144 -37.994747 106.030159 -96.024483 42.478882 159.912720 -63.196064               1003 
-32.672333 90.377968 -111.130783 15.966166 147.174454 -106.579842 -39.635044 105.603027 -99.248909 41.636868 158.119858 -66.009865               1012 
-33.402691 89.928314 -111.702560 15.212760 146.715530 -107.243767 -40.280098 104.975288 -99.704369 41.212303 157.411514 -66.816917               1021 
-34.113201 90.964211 -114.685753 15.006759 147.029160 -107.750671 -40.899990 105.420326 -102.177971 40.794434 155.902008 -66.750938               1030 
-33.918194 85.508034 -110.744827 13.110394 143.663284 -108.121140 -40.742306 100.032722 -99.108414 39.125484 155.999634 -68.174431               1039 
-32.713699 82.588646 -108.907578 12.258842 142.377457 -108.635307 -39.706787 96.965286 -97.518440 38.609989 156.549744 -69.526825               1048 
-32.681782 81.314911 -107.733658 11.246957 141.844315 -108.473434 -39.641884 95.486206 -96.490105 37.752846 156.792191 -69.760277               1057 
-33.134769 80.517334 -107.126884 10.483284 141.239548 -108.316505 -39.816456 94.476120 -96.065002 37.164730 156.393661 -69.804649               1066 
-33.650478 79.184395 -108.008942 10.476930 139.525085 -108.251297 -40.500710 93.204033 -97.303902 36.141964 154.653702 -69.044907               1075 
-34.089561 78.598854 -108.557381 10.320712 138.708694 -108.111771 -41.176247 92.830872 -98.264984 35.392197 153.726517 -68.481026               1084 
-34.175201 78.155090 -108.707008 10.415914 138.106827 -107.949799 -41.611675 92.779350 -98.880135 35.057892 153.165421 -68.065956               1093 
-34.164448 78.118912 -109.056557 10.602757 137.912552 -107.880005 -41.918930 93.208557 -99.701279 34.946617 152.845490 -67.766487               1102 
-34.273113 78.221954 -108.979477 10.637848 137.889725 -107.844200 -42.077126 93.655426 -100.137405 34.870987 152.875626 -67.683434               1111 
-34.346416 78.297142 -108.916328 10.662682 137.873566 -107.818863 -42.002892 93.891747 -100.542336 34.817604 152.897537 -67.625214               1120 
-35.636108 83.157158 -111.207741 11.390601 141.020004 -107.373871 -42.865021 99.010803 -102.432823 36.337265 153.039169 -66.656387               1129 
-34.685593 90.096809 -115.901794 12.995196 146.672333 -105.995453 -41.567734 105.240372 -105.988739 37.934448 154.094543 -64.190498               1138 
-33.448544 95.410439 -117.931824 14.743139 150.804581 -104.531700 -40.043671 110.137695 -107.363457 39.891705 155.237183 -62.429302               1147 
-33.499332 100.848106 -119.854492 16.409670 153.859985 -103.497215 -39.486626 115.368637 -108.850342 41.553329 155.240280 -61.181721               1156 
-32.299732 110.067154 -124.253609 18.335993 160.313400 -102.382568 -37.919842 123.521461 -111.906975 43.692856 156.635529 -60.332451               1165 
-26.373413 127.730644 -130.507553 25.829668 173.242004 -102.792725 -31.090296 139.944366 -117.029808 50.924248 163.644104 -61.527096               1192 
-25.037880 130.241608 -130.998779 27.367302 175.094894 -102.614807 -29.436737 142.348190 -117.608543 52.223679 164.892212 -61.350105               1201 
-24.689533 131.379730 -128.931610 29.420486 175.707245 -103.058044 -27.553581 144.275162 -116.894707 54.050659 166.764633 -61.367584               1211 
-21.075474 137.902115 -131.862076 32.700867 180.209381 -102.219078 -23.358797 150.238968 -119.727364 55.999668 168.865372 -60.347980               1220 
-17.148087 142.916412 -134.215500 35.504230 184.308395 -101.635178 -19.296089 154.598083 -121.828796 58.344692 171.001572 -60.090607               1229 
-11.870908 146.094971 -132.671539 40.024513 187.151886 -99.205299 -14.324039 157.797012 -120.674507 62.449570 173.017990 -57.707592               1238 
-7.475901 150.333832 -132.700348 43.676693 190.959290 -98.028137 -10.088099 161.789505 -120.723457 66.127396 175.685272 -56.950401               1247 
-2.342681 154.227631 -133.969147 47.561378 193.797607 -96.810875 -5.335162 165.459579 -122.073105 68.845795 177.100586 -55.666096               1256 
2.612688 158.723129 -134.982025 51.987923 195.989563 -95.244125 -0.566032 169.826248 -123.182106 71.425850 177.462860 -53.968967               1265 
8.967855 162.075043 -136.291611 56.918404 197.392822 -93.434898 5.455582 172.950348 -124.521660 74.095612 177.310226 -51.885612               1275 
13.430454 164.576279 -136.735092 60.656284 198.517487 -92.224503 9.831707 175.188400 -124.939690 76.779709 177.252060 -50.841820               1283 
18.011381 166.205582 -136.664246 64.839394 198.805267 -90.977547 14.499125 176.785446 -125.038986 79.364029 176.896271 -49.339333               1292 
23.068987 167.718628 -136.362946 68.751518 200.254898 -89.853622 19.435299 178.014694 -124.890045 82.961388 177.775101 -48.411522               1301 
27.483187 169.734070 -135.590042 72.518494 201.478210 -88.292809 23.506964 180.109924 -124.281090 85.986694 178.220383 -47.032764               1310 
32.315308 170.567932 -134.858093 76.480652 202.049072 -87.055374 27.895144 181.046066 -123.946747 89.263931 178.318176 -45.846855               1319 
37.012920 169.911148 -134.556641 80.018784 202.076828 -86.301468 32.174137 180.552719 -123.968788 91.824020 178.856049 -44.514606               1328 
41.932091 169.671463 -133.858261 83.829552 202.890503 -85.458458 36.630127 180.336655 -123.486343 95.330338 180.200958 -43.296555               1337 
46.877357 169.321930 -133.000366 87.367867 203.517487 -84.184959 40.975136 179.898575 -122.784767 98.513374 181.218140 -41.720535               1346 
50.878792 168.556152 -131.420120 90.897171 203.564865 -82.880150 44.758820 179.203522 -121.458435 101.747856 181.881287 -40.022312               1355 
51.112053 161.721237 -126.700569 92.787849 201.701202 -83.866890 45.270451 173.295776 -117.770683 105.598572 184.510056 -39.537895               1364 
54.174309 160.787201 -125.756409 95.910179 201.793930 -84.013367 48.208324 172.536087 -117.145287 108.771263 185.672333 -39.298752               1373 
58.545872 161.942459 -125.619385 99.501999 202.778061 -82.950821 52.255802 173.476608 -116.926392 112.037781 186.213486 -38.305790               1382 
61.069614 162.772888 -125.940170 102.155899 202.842545 -82.683502 54.816303 174.189117 -117.170700 114.418564 185.689194 -38.185192               1391 
63.928688 162.683548 -126.197159 104.876419 202.401962 -82.490822 57.674442 173.995789 -117.490456 116.624344 185.079834 -37.919083               1400 
67.576401 162.047089 -125.312889 108.060028 201.483093 -80.929581 61.137157 173.399399 -116.768242 118.792244 184.155289 -36.104630               1409 
71.440582 160.155594 -124.298943 111.210152 199.954086 -79.587166 64.476135 171.607437 -115.997635 121.037941 183.082581 -34.382332               1419 
74.916389 159.271896 -122.344917 114.268219 197.391434 -75.764671 67.376556 170.512650 -113.735504 123.167343 179.143982 -30.903261               1428 
76.121063 156.269470 -122.547646 115.795425 193.302521 -75.346199 68.773407 167.793289 -114.277649 122.795921 175.240631 -30.075113               1436 
78.842964 155.889023 -121.813683 117.319710 190.856506 -72.114273 71.099037 166.675430 -112.949448 124.403732 170.228149 -27.966816               1446 
80.644409 154.624115 -120.734360 118.523994 187.985565 -69.507599 72.703880 164.868530 -111.484390 125.820518 165.582596 -26.268988               1455 
82.340599 152.047256 -120.350044 119.625366 185.954559 -69.051857 74.231682 162.245819 -111.234787 126.806900 163.814590 -25.658806               1464 
83.609909 148.914398 -119.824951 120.803795 184.291595 -69.462151 75.422852 159.267593 -110.967209 128.184433 163.274338 -25.547329               1473 
84.658600 144.850891 -118.934128 122.412605 181.578415 -69.985222 76.548615 155.552979 -110.486397 129.627884 162.083054 -25.346895               1482 
85.677238 141.581024 -118.278717 123.608170 179.674393 -70.557556 77.545540 152.466827 -110.222565 130.825928 161.505768 -25.363363               1491 
86.279037 138.095352 -116.295197 124.940498 177.673828 -70.479980 78.253014 149.159821 -108.682678 132.550705 161.072174 -24.750563               1500 
86.949768 135.216263 -115.255692 125.857300 175.915268 -70.649284 78.928062 146.116272 -107.877350 133.792694 160.404419 -24.593309               1509 
87.519844 130.924469 -113.471390 126.831230 173.270233 -70.808411 79.505409 141.787598 -106.344765 135.564804 159.282928 -24.410248               1518 
88.372818 126.237816 -111.780281 127.971619 169.727844 -70.555878 80.347275 137.206848 -104.974464 136.735092 157.170792 -23.755964               1527 
88.743385 121.357452 -109.102592 128.633682 165.810501 -69.167534 80.764374 132.403305 -102.626648 137.181351 154.689331 -21.966188               1536 
88.702263 117.164787 -106.227425 129.118866 162.120041 -67.383514 80.746490 128.071579 -99.689331 138.518311 151.458282 -20.238127               1545 
88.625496 114.260826 -104.642921 129.437042 158.325027 -65.195030 80.895508 124.591187 -97.847969 139.156372 146.682022 -18.347567               1554 
88.492500 110.211540 -102.545586 129.757095 154.566772 -63.904049 80.813118 120.225601 -95.746056 139.891998 143.347717 -17.041203               1563 
88.436684 108.320221 -101.548424 129.906204 152.815918 -63.302624 81.099953 117.637711 -94.793427 140.235703 141.793594 -16.435577               1572 
88.641769 104.216911 -100.734497 130.497849 150.046341 -64.745171 81.481354 113.336266 -94.517105 141.037354 140.816742 -17.538778               1581 
89.205269 99.414017 -99.595200 130.976959 146.316223 -64.955009 82.101959 108.460663 -93.831467 140.896591 138.826050 -17.308304               1590 
89.713631 96.556107 -99.116508 131.527298 142.255844 -62.960514 82.745758 105.309990 -93.435760 139.990448 134.145035 -15.134792               1599 
89.999771 91.796150 -98.277000 131.627655 138.387787 -63.056740 82.978645 100.135002 -92.443619 141.120087 130.602737 -15.370296               1608 
90.807693 86.202827 -97.957367 130.421906 133.749817 -61.714252 83.377693 94.267624 -92.441704 138.214035 126.566223 -13.626950               1617 
90.306770 80.160484 -95.989243 128.004120 127.362663 -57.322910 82.398964 87.482155 -90.033134 136.131348 118.023766 -9.663251               1626 
91.626457 75.844650 -96.839828 127.001602 123.929703 -57.101635 83.270073 82.910339 -91.209137 133.718887 114.805641 -9.181498               1635 
92.748184 73.347176 -95.883720 128.769424 122.812958 -58.473705 84.247078 80.204399 -89.922882 137.711136 114.633408 -10.746871               1644 
88.293060 68.013351 -88.572159 128.746506 120.350777 -60.616329 79.530563 75.085297 -80.776047 146.473343 114.932220 -14.997163               1654 
86.486092 63.672497 -85.812744 127.921051 117.552155 -62.537590 77.087715 71.296982 -77.557579 147.584427 114.692978 -17.483324               1663 
85.859283 61.616493 -84.542625 127.772583 116.074203 -63.507568 76.082825 69.550774 -75.992783 148.368698 114.349182 -18.813789               1671 
85.864037 57.924698 -81.327866 131.050110 112.026680 -67.172836 77.005157 66.407074 -71.649200 156.881058 111.097015 -25.260941               1680 
87.486435 55.533695 -78.928032 133.037567 110.224609 -68.564262 78.994102 64.149292 -68.579910 161.648895 110.084473 -28.488316               1690 
89.007187 51.884953 -78.280350 136.228409 106.032600 -74.599861 82.569176 60.261433 -66.593239 171.132614 104.838135 -39.887047               1699 
90.083725 48.430691 -79.541069 137.314819 102.650063 -76.761749 84.724319 56.289017 -67.776054 174.163391 100.459946 -44.171932               1708 
90.389900 46.403004 -79.944504 134.298828 103.168556 -74.552292 85.627785 53.416302 -69.472580 170.884003 101.902611 -41.618549               1717 
90.283997 44.227879 -82.171227 128.185928 103.683784 -67.719833 85.137589 49.951233 -72.969566 161.229248 102.545425 -31.229383               1726 
88.282158 43.766506 -83.067986 125.469574 102.457802 -64.257912 84.694077 48.994358 -75.439255 156.197510 99.854187 -25.868790               1735 
87.257141 43.771767 -82.536819 125.340492 102.098824 -64.372337 84.972382 48.876747 -75.610352 156.875702 99.117867 -26.671480               1744 
81.655846 41.853680 -74.975601 122.895027 99.982918 -64.799591 80.459915 47.456802 -68.515022 157.816055 98.584991 -30.111303               1753 
82.954117 41.660725 -77.153275 123.026474 100.489594 -66.315186 81.785378 47.189777 -70.835632 157.757156 99.501366 -31.422314               1762 
83.362526 41.626228 -78.397911 123.326508 100.475876 -67.238976 82.423256 47.128151 -72.319336 157.915527 99.430519 -32.207329               1771 
83.366959 41.643642 -79.031715 123.397591 100.447647 -67.835114 82.600151 47.118637 -73.084335 158.040222 99.312920 -32.859257               1780 
83.409676 41.659901 -79.304054 123.350082 100.468170 -67.778206 82.831573 47.117508 -73.548660 157.796021 99.285759 -32.610199               1789 
83.337753 41.784954 -79.755211 123.434525 100.451797 -68.021484 82.967224 47.251823 -74.198303 157.696381 99.139999 -32.678677               1798 
83.057693 42.107590 -80.155067 123.184418 100.764854 -68.445427 82.780106 47.592773 -74.683327 157.481216 99.431938 -33.137310               1807 
82.247185 42.629154 -80.556915 123.146225 100.822159 -69.177361 82.143517 48.130711 -75.134537 157.802704 99.042892 -34.242100               1817 
81.817749 42.865891 -80.354446 122.714157 101.010132 -69.323700 81.461609 48.594479 -75.325829 156.984161 99.316597 -34.005032               1825 
81.228050 43.403976 -79.800255 121.859413 101.786316 -69.553909 80.552612 49.504288 -75.247612 155.527634 100.749001 -33.636162               1834 
79.946045 44.206017 -78.854401 121.136002 102.380455 -70.230728 79.270683 50.596180 -74.758057 155.307327 101.466942 -34.787876               1844 
74.044472 45.690609 -72.023811 118.115410 102.378395 -71.427063 74.035866 52.505283 -68.774101 154.361069 103.062424 -38.102985               1852 
70.910759 47.322495 -67.345116 115.603134 103.185074 -73.569847 71.309624 54.368202 -64.833435 153.867813 105.605011 -42.672134               1861 
71.584709 49.580971 -62.733818 116.945984 103.319870 -77.289581 72.446808 56.790745 -61.068157 157.711258 107.032990 -49.919617               1870 
73.964973 51.334770 -59.341373 117.045418 102.784279 -84.933380 75.555214 58.494152 -58.201660 163.254196 104.539795 -68.010704               1879 
75.686508 52.554897 -63.370132 117.320198 107.794052 -82.701500 77.625671 59.363392 -61.628719 164.803024 106.334839 -69.741493               1888 
78.041481 54.352863 -64.423500 117.939796 111.674362 -81.194801 80.164421 61.012444 -62.652233 166.250900 109.431595 -71.936417               1898 
76.371170 55.369919 -67.156303 118.123901 113.206917 -75.577232 78.845169 61.702606 -65.305832 165.914902 108.692665 -64.606720               1906 
74.872955 57.840824 -68.212952 117.911247 115.206474 -72.289604 77.653893 64.033524 -66.586525 165.179871 109.218872 -59.858387               1915 
72.376030 64.139145 -70.076942 118.621422 119.040634 -71.358223 75.424332 70.262024 -68.734314 164.658768 110.269867 -56.247070               1925 
71.287254 69.362579 -70.484428 118.066681 123.653122 -70.935730 74.141464 75.624062 -69.507080 163.817932 113.873901 -55.576672               1934 
70.713699 72.689629 -69.482536 116.580025 127.450974 -65.143646 73.237152 79.091766 -68.378006 161.921051 117.071648 -48.982857               1943 
64.698730 82.020645 -71.621422 113.859406 133.020508 -61.984196 67.473412 88.487694 -70.540840 156.179993 118.976753 -41.092793               1952 
58.444809 91.658417 -73.418121 111.414818 138.046158 -61.374920 62.416588 98.072121 -73.455055 150.764175 120.430717 -37.583466               1961 
52.027935 102.548721 -73.498001 109.066772 143.655609 -61.120674 59.610527 107.357155 -76.812645 145.467361 122.920067 -35.241245               1970 
46.983055 110.702965 -72.831169 106.180084 148.547440 -60.389694 56.980877 114.100319 -78.352684 141.019455 125.947868 -33.928646               1979 
44.160564 118.594688 -75.859558 104.732147 152.778564 -60.063713 54.914936 121.117477 -81.071762 136.008118 128.557129 -30.740583               1988 
52.552349 123.915855 -66.289612 102.950638 157.872742 -58.458008 52.871250 127.369682 -80.526245 132.561676 133.211380 -27.803261               1997 
54.264267 129.063507 -59.337986 100.642433 161.874329 -56.449150 49.390873 133.245148 -78.324570 129.224869 136.276825 -25.586201               2006 
56.404224 134.414474 -53.418240 102.641884 163.888931 -51.474110 49.379848 139.428955 -74.637909 127.145477 137.132751 -18.181602               2015 
55.607170 139.694336 -49.005550 104.181602 166.164398 -45.778046 48.303448 146.672928 -69.091980 125.608276 137.989456 -11.546768               2024 
55.291687 145.093719 -44.465973 104.533958 170.267441 -38.826286 47.608799 154.369644 -63.136448 124.740929 139.478195 -6.139728               2033 
54.335133 149.213486 -36.890621 104.577446 172.346741 -30.107983 46.623497 160.086807 -54.494118 123.708237 139.162643 0.836140               2042 
52.779915 153.107147 -30.095995 103.928589 174.233093 -22.672152 45.067619 165.419327 -46.600544 122.219627 138.839706 6.266678               2051 
49.968334 156.736435 -23.635796 102.495186 176.453705 -16.453609 42.462440 169.908585 -38.535454 120.648659 139.913742 11.114360               2060 
46.049118 160.106155 -18.733768 100.163315 178.358353 -10.504369 39.244289 174.070648 -31.353151 117.855644 140.720245 15.859703               2069 
42.389477 162.942490 -12.144984 98.340416 179.260132 -4.271682 36.484737 177.036591 -22.971155 115.692009 141.037979 21.471262               2078 
38.772312 165.617844 -7.048066 95.756187 180.592148 0.925470 33.029587 180.425125 -15.843718 112.839622 141.522461 25.551182               2087 
35.373638 167.980850 -1.161568 92.937263 181.574219 6.862873 29.113413 184.226013 -7.285972 109.472710 141.561691 30.321062               2097 
33.125896 169.836578 3.071327 91.383896 181.332352 13.021222 26.854696 187.226089 0.227637 106.539711 140.415695 35.843109               2105 
30.636492 172.717422 7.526200 89.646736 181.587662 19.307558 24.149340 191.278275 9.386497 103.657013 139.201523 40.088234               2114 
28.132002 175.016693 13.162025 87.911461 180.803421 25.722851 21.677073 194.151016 19.217834 100.683830 137.063889 44.389141               2123 
26.066597 176.014221 18.350769 86.335114 179.830002 32.278496 19.402454 195.095764 28.284252 98.529686 135.332077 49.481293               2133 
23.976397 175.941330 22.652748 84.306473 179.330399 38.521599 16.756876 194.806030 35.206131 96.557671 134.636261 55.166512               2142 
21.163448 174.893570 28.855619 82.225037 178.116394 43.314575 14.129601 193.830078 43.619492 95.230827 133.459747 59.480698               2151 
18.521837 174.113312 34.318535 80.122246 177.081039 48.228249 11.624357 192.901138 51.442463 93.731155 132.349365 63.674454               2160 
15.083229 173.238754 39.435490 77.377205 175.845718 52.477943 8.698350 191.847595 58.815327 91.625404 131.161179 67.477623               2169 
11.961146 172.445892 44.599632 75.148109 173.688156 56.563004 6.678149 189.805618 66.584068 89.891022 128.524323 69.508453               2178 
8.901549 171.780029 49.284313 72.998802 171.243362 60.542473 4.855209 187.679398 74.223282 87.979500 125.683510 71.704361               2187 
5.085271 170.044067 54.130520 70.117729 169.566803 63.578110 2.332577 184.995438 81.024010 86.392761 124.227585 73.785416               2196 
1.516246 169.041992 57.782307 67.392014 167.876404 66.848000 -0.281782 182.360718 86.023834 84.467377 122.663185 76.277023               2205 
-2.354557 168.229538 61.838413 64.449066 166.435745 69.716553 -2.888423 179.745483 91.214981 82.476135 121.386330 78.100105               2214 
-5.353442 167.346680 65.870224 62.161377 164.475067 72.571732 -4.602333 177.681183 96.094292 80.487717 119.424469 80.272278               2223 
-7.955776 166.284103 68.591148 60.160934 162.744705 75.140602 -6.417659 175.197830 99.902954 78.996536 117.782822 82.094643               2232 
-9.442349 164.965317 71.159142 59.230885 160.009888 77.572517 -6.996582 172.437286 104.071739 78.115692 114.969604 83.853157               2241 
-8.436458 163.985077 74.592834 60.416286 152.370819 80.166214 -4.436016 168.150421 108.703316 76.453598 106.020920 84.548096               2250 
-8.354238 162.508667 79.159393 60.441410 145.784256 81.317398 -2.061074 163.940918 113.712448 74.426102 98.637741 83.836327               2259 
-10.581004 160.139908 79.881859 59.366901 145.428131 84.005035 -4.840623 160.297165 114.791283 75.764709 99.093895 86.998566               2268 
-10.345937 170.196381 80.031548 59.773880 140.014145 86.192192 1.247710 149.611511 122.515724 86.226074 98.813568 91.436562               2277 
-16.013441 170.621628 80.281639 58.285500 136.114944 87.642899 2.021425 143.068726 124.170204 89.446899 98.387207 93.146957               2286 
-18.345547 171.391983 83.217583 57.555878 133.928482 88.578026 2.810074 139.875839 125.065468 89.974129 97.091774 92.679626               2296 
-19.232327 170.761276 85.452194 57.205662 132.056534 88.987366 3.262835 137.520798 124.947357 89.962265 95.413185 91.983910               2304 
-21.811026 168.821945 85.599503 56.509281 133.095139 90.091911 2.560233 137.757202 124.599411 90.849518 98.063797 94.365494               2315 
-26.814175 162.877182 85.219673 54.547340 134.292358 92.353928 -0.942939 133.213089 121.143250 91.889801 102.762222 98.362335               2340 
-27.859882 161.856659 85.245438 53.940411 134.600403 93.086861 -1.598889 133.128571 120.775169 91.730629 103.795097 99.989182               2350 
-28.908669 160.192322 86.435074 52.904594 132.529007 92.846687 -2.249089 130.857788 120.191284 90.650581 101.536232 99.123482               2358 
-28.699444 161.777695 91.867973 50.717907 127.221893 90.066589 -2.520416 127.541710 120.078461 86.033813 92.929764 91.310226               2368 
-28.007746 161.583405 94.843674 49.945507 124.382004 88.323730 -2.386727 124.742546 118.913925 83.928261 88.793083 86.504112               2376 
-27.124647 162.268402 97.464729 49.409107 122.967682 87.467262 -2.192244 123.722710 118.341682 82.174118 86.420273 83.536507               2385 
-26.909952 161.583511 99.364525 48.937775 121.887260 87.211128 -2.273094 122.747124 118.308159 81.074249 84.942352 82.012009               2395 
-27.646887 159.201523 100.116615 48.273792 121.285988 86.880089 -2.888802 122.120361 117.679306 80.223145 84.238853 81.271301               2404 
-28.341722 156.091064 100.658897 47.854900 120.954254 86.824402 -3.362781 121.514648 117.047165 79.865334 83.992493 81.004608               2413 
-29.004601 153.040146 100.181969 47.476181 120.494087 86.645340 -3.917057 120.827049 116.102051 79.718811 83.699066 81.055229               2422 
-29.638905 150.620468 99.412079 46.791191 119.498947 85.995934 -4.679335 119.922913 114.949715 78.989784 82.654709 80.476654               2431 
-29.480219 149.348755 99.066498 46.301945 118.503075 86.092827 -5.325507 119.947128 114.461205 77.739761 81.002762 80.606476               2440 
-29.554537 146.729858 98.480087 46.622978 118.817299 86.730141 -5.365778 119.801331 114.246498 78.574005 81.677162 81.785286               2449 
-28.923992 145.548599 98.351906 46.799168 117.965614 87.255058 -5.366743 119.745331 114.228165 78.163879 80.344147 82.196396               2458 
-28.199547 145.354340 98.136337 46.661709 116.577400 87.334824 -5.434822 119.965912 114.261879 76.879601 78.075302 81.933189               2467 
-26.602205 145.486115 98.153107 46.719025 114.455391 86.111443 -5.105306 119.206749 113.299232 74.902748 74.837509 78.313301               2476 
-24.761230 145.396835 98.682762 46.401928 111.437546 84.385246 -4.457631 118.284134 112.825516 71.984535 70.612587 74.208664               2485 
-23.412066 145.360641 99.187988 46.351574 110.109886 83.546791 -3.893888 118.164276 112.754349 70.254730 68.663200 71.905434               2494 
-20.662527 146.515854 98.996483 45.943691 107.033226 83.374931 -3.605128 119.018829 112.446365 65.860138 63.870277 70.529488               2503 
-19.336967 146.648132 98.702271 46.106480 106.146141 83.895180 -3.210298 119.961052 112.584694 64.238022 62.324249 70.643814               2512 
-18.942919 146.734421 98.483498 46.082020 105.871635 84.113152 -3.144773 120.443222 112.619202 63.492313 61.802521 70.715225               2521 
-19.248026 147.450562 98.471954 46.011803 106.888351 84.421417 -3.449781 121.218750 112.689285 63.628601 62.924042 70.949310               2531 
-19.556986 148.188934 98.304863 45.987057 107.953842 84.674088 -3.802586 121.965187 112.572189 63.874874 64.125183 71.117386               2539 
-24.922926 147.969009 95.637962 44.556381 113.573700 86.064941 -7.190253 124.265732 111.837143 66.938034 70.980461 75.596558               2549 
-27.284540 147.800247 93.863419 43.377220 115.408272 86.215157 -8.784761 125.729111 111.375259 67.248764 73.091850 78.203903               2557 
-27.154797 148.410736 93.753105 43.116665 115.139313 86.301682 -9.108355 126.035858 111.206413 66.463501 72.531914 78.286385               2566 
-26.845106 148.835358 93.712120 43.067459 114.890762 86.368217 -9.229914 126.367126 111.029152 65.854103 71.982086 78.347961               2575 
-27.289694 148.352814 93.796623 43.031887 115.764229 86.474243 -9.490608 126.654480 111.105774 66.106003 73.061142 78.183182               2584 
-27.293261 147.820435 93.727058 43.155949 115.697044 86.335022 -9.466120 126.399712 111.038811 66.243645 73.038223 77.856026               2593 
-27.381096 147.639618 93.732048 43.159069 115.772217 86.296211 -9.599488 126.245171 111.053169 66.316467 73.171516 77.715729               2603 
-27.420250 147.569931 93.735306 43.175907 115.851639 86.238579 -9.721250 126.082748 111.053535 66.396538 73.312622 77.523987               2611 
-27.523489 147.367691 93.664238 43.227764 115.997833 86.154831 -9.853395 125.829323 110.976540 66.637573 73.587105 77.321884               2620 
-27.770424 147.485260 93.410637 43.152744 116.401031 86.178436 -10.130526 126.040787 110.882179 66.770218 74.045151 77.640053               2630 
-27.862423 147.508469 93.324104 43.294918 116.633545 86.228432 -10.235416 125.859543 110.819763 67.242790 74.412621 77.945724               2639 
-28.152311 147.453171 92.809502 43.263306 117.006828 86.262962 -10.555001 125.950493 110.590073 67.521790 74.879173 78.420975               2648 
-28.771376 147.413574 91.989067 43.034546 117.651634 86.368744 -11.154904 126.249802 110.305450 67.802750 75.676384 79.345604               2657 
-29.416456 146.880615 91.308914 42.863766 118.141533 86.542686 -11.703988 126.216728 110.109398 68.209732 76.401764 80.211525               2666 
-29.968603 146.147354 90.770859 42.723896 118.528816 86.651634 -12.137212 126.185211 109.947304 68.495789 76.974922 80.838425               2675 
-30.472569 144.613968 90.438568 42.725620 118.910194 86.854980 -12.318750 126.239815 110.116524 68.881691 77.525543 81.574768               2684 
-30.918270 143.477798 90.047028 42.549450 119.003891 86.810478 -12.643011 126.175529 110.077347 68.801292 77.658791 81.698387               2693 
-29.050451 144.430222 90.704063 43.036518 116.317116 86.173729 -11.683623 125.536560 110.153481 66.955475 73.812241 79.396667               2702 
-26.865568 145.921494 91.418549 42.762238 112.621941 84.212387 -10.851682 124.665329 109.900055 63.166878 68.800499 74.829346               2711 
-27.041866 145.769058 91.166588 42.818638 112.868378 84.366669 -11.098915 124.537132 109.955032 63.514954 69.150642 75.139977               2720 
