-47.165051 160.639221 92.994682 28.158434 107.202713 75.163307 -22.416557 106.164375 99.434357 62.140690 72.590515 66.683212                  0 
-47.109222 160.624954 93.099068 28.164656 107.155190 75.155060 -22.396341 106.119896 99.454346 62.117664 72.530281 66.609947                  8 
-47.060513 160.610245 93.191872 28.170189 107.112930 75.147728 -22.378321 106.080276 99.472176 62.097168 72.476830 66.544777                 17 
-47.017456 160.596695 93.273788 28.175089 107.075516 75.141235 -22.362129 106.045151 99.488342 62.079006 72.429596 66.487061                 27 
-46.979206 160.584702 93.346710 28.179424 107.042412 75.135490 -22.347591 106.014046 99.502991 62.062923 72.387878 66.435982                 36 
-46.946396 160.573074 93.411583 28.183245 107.013245 75.130424 -22.334591 105.986610 99.516205 62.048740 72.351166 66.390961                 45 
-46.918121 160.558884 93.474426 28.186804 106.986053 75.125710 -22.322086 105.962166 99.525566 62.035515 72.316994 66.348991                 54 
-46.891525 160.548233 93.528831 28.189960 106.961945 75.121529 -22.302626 105.947739 99.528679 62.023781 72.286728 66.311775                 63 
-46.865967 160.539230 93.579025 28.192884 106.939621 75.117653 -22.282114 105.936699 99.527603 62.012909 72.258728 66.277298                 72 
-40.606892 161.204025 99.364670 28.873363 103.098907 73.987114 -20.550678 104.564156 100.189812 59.256229 66.492043 61.277706                 81 
-36.381290 161.941559 102.745880 29.341415 101.374268 73.410843 -19.144503 104.506706 100.889725 57.465553 63.765430 58.601444                 90 
-35.393028 162.136078 103.526047 29.652563 101.197823 73.445282 -18.549942 104.707413 101.084106 57.379944 63.439800 58.271816                 99 
-34.878120 162.269043 103.968750 29.799797 101.114326 73.461578 -18.252314 104.835960 101.119484 57.338463 63.287426 58.116959                108 
-34.547615 162.323502 104.282074 29.903009 101.055801 73.473007 -18.032234 104.937447 101.139702 57.309025 63.181271 58.008839                117 
-34.246223 162.387436 104.665329 29.986841 101.008263 73.482285 -17.855648 105.014664 101.157501 57.284904 63.095448 57.921291                126 
-33.942860 162.494400 105.087601 30.053913 100.970222 73.489708 -17.714373 105.077156 101.167534 57.265472 63.027042 57.851425                135 
-33.616657 162.638107 105.571129 30.112108 100.937225 73.496147 -17.584291 105.139046 101.169228 57.248516 62.967873 57.790928                144 
-33.536942 162.667877 105.830864 30.120455 100.936325 73.512917 -17.546730 105.186562 101.148705 57.231739 62.958965 57.783707                153 
-33.507793 162.652725 106.024048 30.127846 100.935532 73.527771 -17.517111 105.228622 101.127693 57.216888 62.951107 57.777313                162 
-33.522873 162.588638 106.213310 30.134920 100.934776 73.541985 -17.494345 105.267273 101.109657 57.202679 62.943611 57.771191                172 
-33.475029 162.578918 106.449760 30.138145 100.927711 73.575623 -17.496761 105.372696 100.960289 57.177330 62.929703 57.772343                181 
-33.417259 162.573349 106.691948 30.140518 100.919975 73.626366 -17.525293 105.558800 100.704636 57.133530 62.904903 57.785236                189 
-33.375103 162.550522 106.925598 30.142767 100.912651 73.674477 -17.579960 105.782738 100.366562 57.092007 62.881500 57.797443                198 
-33.320164 162.595612 107.209618 30.150761 100.938866 73.841316 -17.659742 106.049614 100.101921 57.050224 62.881454 57.942814                208 
-33.282761 162.623993 107.436478 30.157253 100.960159 73.976845 -17.732674 106.241310 99.942146 57.016315 62.881573 58.060757                216 
-33.187061 162.707077 107.727921 30.162842 100.978485 74.093483 -17.764284 106.339119 99.944466 56.987160 62.881786 58.162163                225 
-32.966911 162.887543 108.216934 30.167343 100.993256 74.187469 -17.775448 106.406883 99.974121 56.963684 62.882030 58.243801                235 
-32.845715 162.989456 108.632431 30.155472 101.010605 74.272232 -17.804417 106.441231 100.011742 56.941280 62.896057 58.318829                243 
-32.766022 163.055588 108.967682 30.145218 101.025597 74.345451 -17.828215 106.490410 100.011467 56.921955 62.908199 58.383606                252 
-32.689999 163.115356 109.282013 30.136490 101.038345 74.407761 -17.847097 106.566940 99.944290 56.905521 62.918556 58.438717                262 
-32.414219 163.330170 109.864586 30.129108 101.049133 74.460464 -17.865826 106.661827 99.834534 56.891636 62.927334 58.485325                271 
-31.954634 163.680801 110.647179 30.122663 101.058556 74.506485 -17.878513 106.748062 99.739182 56.879517 62.935005 58.526009                280 
-31.502665 164.012695 111.412552 30.116945 101.066917 74.547310 -17.891008 106.767082 99.754135 56.868771 62.941826 58.562096                289 
-31.118666 164.280334 112.070419 30.111830 101.074387 74.583832 -17.894444 106.786102 99.770691 56.859165 62.947929 58.594368                298 
-30.803349 164.495041 112.621506 30.107550 101.080643 74.614388 -17.902102 106.813293 99.757408 56.851135 62.953041 58.621368                307 
-30.542746 164.658340 113.114532 30.103498 101.086571 74.643326 -17.913826 106.860992 99.699356 56.843529 62.957890 58.646935                316 
-30.302031 164.794556 113.608002 30.099796 101.091980 74.669754 -17.932344 106.903343 99.641441 56.836590 62.962322 58.670284                325 
-30.071156 164.920120 114.068451 30.096550 101.096718 74.692932 -17.947899 106.947060 99.581566 56.830502 62.966209 58.690754                334 
-29.901632 165.000717 114.461571 30.093529 101.101135 74.714508 -17.970945 106.993317 99.510078 56.824841 62.969830 58.709805                343 
-29.825882 165.043152 114.656265 30.085611 101.107925 74.716362 -17.996965 107.041763 99.433960 56.811619 62.972061 58.713661                352 
-29.818722 165.037079 114.770500 30.078182 101.114296 74.718109 -18.021484 107.077599 99.379311 56.799210 62.974155 58.717278                361 
-29.858875 164.975937 114.896767 30.071093 101.120369 74.719772 -18.042746 107.106171 99.339752 56.787365 62.976154 58.720726                370 
-29.935400 164.875046 115.016670 30.064365 101.126137 74.721352 -18.059145 107.130646 99.311676 56.776127 62.978054 58.723999                379 
-30.039480 164.741745 115.131020 30.058113 101.131500 74.722824 -18.075966 107.157539 99.277138 56.765682 62.979820 58.727039                389 
-30.158403 164.595337 115.225647 30.052256 101.136520 74.724197 -18.090963 107.178917 99.253906 56.755898 62.981472 58.729885                397 
-30.272825 164.455551 115.303238 30.046526 101.141434 74.725540 -18.106071 107.200043 99.229172 56.746323 62.983093 58.732670                407 
-30.394699 164.395569 115.319809 30.037176 101.189934 74.731934 -18.135244 107.252090 99.196358 56.753010 63.032059 58.764755                415 
-30.536621 164.359772 115.319084 30.012535 101.255882 74.742218 -18.215652 107.292862 99.224586 56.743530 63.093822 58.810459                425 
-30.707989 164.478821 115.229004 29.961876 101.407982 74.770813 -18.323229 107.451332 99.170891 56.734112 63.239674 58.923489                434 
-30.851425 164.579712 115.159271 29.918926 101.536926 74.795059 -18.408058 107.591362 99.115746 56.725975 63.363377 59.019367                442 
-30.971462 164.653137 115.119881 29.883728 101.642601 74.814926 -18.481756 107.712036 99.060883 56.719204 63.464794 59.097984                451 
-31.160717 164.630386 114.941887 29.858971 101.690826 74.802994 -18.600067 107.736748 99.111763 56.714512 63.483795 59.191692                460 
-31.439465 164.543884 114.694328 29.842941 101.756348 74.786224 -18.682436 107.834488 99.018761 56.734020 63.523876 59.298882                469 
-32.193474 164.807800 113.728928 29.695509 102.095779 74.760490 -19.022432 108.242661 98.680435 56.769520 63.800720 59.753967                479 
-33.220062 164.631241 112.713356 29.543358 102.379364 74.742165 -19.349556 108.559280 98.384674 56.790478 64.046585 60.150982                488 
-36.975975 164.058899 109.645607 29.348732 103.898903 74.799751 -20.230307 108.718613 97.514297 58.357777 66.296295 61.790943                497 
-39.438828 163.262711 107.589424 29.322100 104.797882 74.888657 -20.684866 108.569908 97.007698 59.565464 67.813828 62.962704                506 
-40.786903 162.651855 106.447159 29.322763 105.264641 74.931061 -20.903929 108.436310 96.759460 60.227993 68.650253 63.574844                515 
-43.148315 162.774689 103.958313 28.867474 106.474785 75.031212 -21.790257 108.905861 96.301933 60.790924 70.331734 65.067146                524 
-43.459335 162.419846 103.766693 28.957220 106.577347 75.067223 -21.751442 108.734695 96.412399 61.083477 70.589264 65.194466                533 
-43.718632 162.142624 103.439293 29.050434 106.640923 75.056274 -21.733139 108.584236 96.390457 61.352879 70.774147 65.317863                542 
-43.913578 161.892838 103.182838 29.135403 106.677292 75.055412 -21.713057 108.444992 96.390244 61.573723 70.907845 65.411133                551 
-44.090248 161.661133 102.942017 29.206455 106.707710 75.054695 -21.696493 108.328598 96.386703 61.757984 71.020073 65.489082                560 
-44.239559 161.461182 102.718300 29.265327 106.732910 75.054100 -21.680838 108.237587 96.367378 61.910374 71.113358 65.553635                569 
-44.367992 161.289490 102.505219 29.315722 106.754478 75.053589 -21.671503 108.154022 96.360359 62.040607 71.193420 65.608871                578 
-44.447281 161.002869 102.371452 29.594341 106.925758 75.095505 -21.488102 108.021843 96.327141 62.493881 71.526833 65.648483                587 
-44.559902 160.836182 102.267136 29.862640 107.206505 75.269455 -21.370764 107.997169 96.320770 62.930878 71.958763 65.846184                596 
-44.573505 160.645432 102.217155 30.108912 107.360008 75.425217 -21.238731 107.933197 96.383255 63.270824 72.207016 65.977226                605 
-44.614548 160.458572 102.089249 30.292583 107.474487 75.541382 -21.156452 107.860550 96.471329 63.524471 72.392395 66.075745                615 
-44.628620 160.362701 102.002563 30.405972 107.545166 75.613098 -21.111149 107.813522 96.523476 63.681107 72.506943 66.136894                623 
-44.625107 160.307266 101.923019 30.522654 107.617493 75.737480 -21.058870 107.803604 96.604935 63.831665 72.608246 66.273224                632 
-44.640339 160.235886 101.824142 30.610781 107.672119 75.831429 -21.021074 107.794365 96.674606 63.945358 72.684746 66.376297                641 
-44.656094 160.175156 101.723564 30.682701 107.716705 75.908096 -21.024410 107.714035 96.900627 64.038124 72.747177 66.460480                650 
-44.683460 160.108292 101.581337 30.738922 107.751556 75.968033 -21.041801 107.576393 97.248985 64.110641 72.795975 66.526329                659 
-44.749153 160.014832 101.398514 30.741735 107.759125 75.970810 -21.089174 107.436104 97.534637 64.123718 72.815506 66.521111                669 
-44.764164 159.995850 101.282387 30.743267 107.759117 75.972755 -21.123222 107.334518 97.746284 64.128075 72.820038 66.516251                677 
-44.740749 160.024094 101.212479 30.746014 107.758682 75.980255 -21.146547 107.242126 97.932259 64.132278 72.827248 66.500671                686 
-44.445179 160.493347 101.166656 30.749987 107.758049 75.991096 -21.138744 107.189178 98.035744 64.138359 72.837708 66.478142                713 
-44.277107 160.757736 101.198303 30.751238 107.757851 75.994507 -21.119406 107.196945 98.023621 64.140266 72.841003 66.471046                722 
-44.095036 161.023941 101.276535 30.754257 107.752533 76.002480 -21.015497 107.290207 97.876328 64.141663 72.842972 66.446663                732 
-43.951832 161.226486 101.349457 30.757170 107.747406 76.010162 -20.850388 107.441704 97.659882 64.143005 72.844894 66.423141                741 
-43.743759 161.592270 101.408340 30.739601 107.751610 76.036797 -20.758089 107.654480 97.482788 64.069519 72.796814 66.445709                750 
-43.464878 162.077682 101.462151 30.722313 107.787491 76.027634 -20.684795 107.892479 97.376633 63.965923 72.752525 66.429550                759 
-42.052536 164.231110 101.421951 30.750418 108.249245 75.476242 -20.432018 109.288307 97.306839 63.328880 72.631798 65.742210                768 
-40.531975 167.901855 101.042618 30.428219 109.727745 74.605011 -20.306988 112.066849 97.361809 62.141495 73.341225 64.858269                777 
-39.044582 172.680252 99.437653 30.060652 112.217316 73.041199 -20.211376 115.868828 97.056648 60.885406 75.003754 63.570423                786 
-37.588478 176.430359 97.322601 30.341085 114.219994 71.818497 -19.777744 118.849701 96.618904 60.587204 76.381187 62.980698                795 
-37.535709 180.932510 95.425621 30.313522 117.803108 71.941719 -20.531796 122.852997 95.573219 60.395737 79.631622 64.022850                804 
-38.353863 185.803650 91.641365 29.425837 121.540131 71.050591 -21.958366 127.338943 93.544403 59.433525 83.023209 64.671310                813 
-36.960621 190.799271 90.320099 28.822945 124.332977 70.139244 -22.768917 131.534927 91.989609 57.633240 84.897690 63.851589                822 
-33.777470 197.960098 84.667389 29.348814 128.046997 67.842278 -22.212917 137.934189 89.415939 56.659817 87.307465 63.470814                831 
-32.705971 201.702408 78.663963 29.653151 130.387314 65.090874 -22.167320 141.407806 86.517677 56.567719 89.230789 62.549995                840 
-30.057686 207.534058 73.132645 29.728527 133.538147 62.538002 -22.282122 146.678787 83.675682 55.252670 91.438614 61.612125                849 
-26.089087 213.926819 67.715797 29.363907 136.273544 59.609909 -22.637041 152.243011 80.688713 52.750446 92.942894 60.093788                858 
-22.003147 219.158905 64.885040 29.325104 138.580078 57.452141 -22.838795 156.499863 78.339005 50.835609 94.294334 58.336243                867 
-20.980820 225.670303 58.105705 27.956083 143.248398 56.069618 -25.402113 162.924164 74.316711 48.227940 98.517311 59.660057                876 
-20.252472 229.448807 51.911316 27.110300 146.075836 52.904419 -26.871782 166.929794 69.379128 46.467262 101.082458 57.965378                885 
-24.915751 229.873535 42.742596 27.165415 149.578247 48.714725 -28.331453 168.123550 63.894299 49.044769 106.143745 56.424988                894 
-27.162647 230.921173 34.909927 27.314837 152.555069 44.202583 -28.971912 170.001556 58.539993 50.468212 110.149094 53.708611                903 
-32.658615 228.357361 25.408464 27.434204 155.029434 39.458115 -30.368244 169.062042 52.207569 53.422115 114.961143 51.452713                912 
-40.282055 223.264740 14.292134 26.280027 157.489792 33.724754 -32.756451 167.765198 45.086365 55.185024 120.487251 48.557915                921 
-46.804321 216.496475 6.124191 25.580013 159.460480 28.880728 -34.200516 166.437576 39.488274 56.716896 125.121758 45.495689                930 
-49.730400 210.414154 -1.024816 25.937313 160.412781 24.444548 -34.237846 165.706726 33.553982 57.912727 127.645470 42.571495                939 
-52.185177 205.426025 -6.473755 26.140884 161.388519 19.998281 -34.243141 164.742630 27.737238 58.889458 129.754715 38.747780                948 
-53.021465 202.475845 -14.026218 26.169680 162.780228 14.831161 -34.289692 165.454498 20.243364 58.718742 131.788895 34.950939                958 
-52.457428 202.015442 -21.945936 26.044893 164.067642 9.938332 -34.479939 167.391937 12.875165 57.494915 133.011459 31.643614                967 
-51.526291 200.743820 -27.766582 26.681723 164.447678 5.768248 -33.700626 167.809769 6.616033 57.390251 133.202011 28.249449                976 
-50.983822 202.497971 -33.838936 26.156925 165.647400 1.068099 -33.964813 169.168274 -0.706987 55.776707 133.404480 23.601921                985 
-49.928818 201.361176 -41.166313 26.141014 166.274353 -3.017906 -33.764881 169.320724 -7.887320 54.805092 133.961868 20.624935                994 
-49.240555 197.571274 -47.517616 26.662224 166.434982 -6.997915 -33.028389 168.319901 -14.131268 55.028835 134.480530 17.475698               1003 
-49.072044 193.492981 -54.124615 26.811724 166.788895 -11.725447 -32.632072 167.418701 -20.514185 55.099277 135.467117 13.641271               1012 
-48.902370 189.071228 -61.292290 26.333204 167.164902 -16.630213 -32.765476 166.637115 -27.361097 54.256458 136.597076 10.027060               1021 
-48.542122 184.710907 -68.578613 25.810148 167.250656 -22.012344 -32.940079 165.417953 -34.526768 53.386589 137.380035 5.772454               1030 
-44.727962 173.884979 -71.335571 25.517107 167.085983 -27.103188 -32.831833 163.967117 -41.669094 52.426453 137.528931 1.654021               1039 
-42.056763 168.671570 -75.899361 25.383913 167.051178 -31.843348 -32.760925 162.226746 -48.383953 51.482624 137.574478 -2.268169               1048 
-40.382027 166.592834 -81.542023 25.241732 167.311951 -36.396923 -32.518299 160.387314 -54.827888 50.761108 137.990036 -6.169508               1057 
-38.946011 164.125031 -87.491753 25.098375 166.902908 -40.698204 -32.062214 157.599991 -60.956535 50.177074 138.223953 -9.500659               1066 
-37.800182 162.311661 -93.526428 24.451719 165.847137 -44.542816 -31.982330 154.866119 -66.990570 48.645508 137.385330 -12.460173               1075 
-36.793907 160.787292 -98.569450 24.361010 165.021088 -48.283073 -31.695944 152.182098 -71.979401 48.058807 136.870132 -15.562309               1084 
-35.928234 159.205933 -102.566483 24.305201 164.536102 -51.216969 -30.918957 149.470047 -76.107590 47.948872 136.861618 -18.053589               1093 
-35.288570 155.189285 -105.505081 24.285513 163.878586 -53.751034 -29.929035 145.359604 -78.863449 48.274612 138.045944 -19.372147               1102 
-34.657234 151.160995 -109.038490 23.818783 163.262512 -56.583702 -28.434456 140.833374 -82.428993 48.248100 139.190674 -21.250080               1111 
-35.300007 160.881516 -114.936089 25.858959 164.163818 -55.396564 -27.061058 139.094788 -77.994644 51.499416 143.300552 -18.899977               1120 
-36.804943 162.932571 -119.828667 26.465929 164.663223 -56.799931 -26.973568 137.106430 -76.330185 53.286522 146.893539 -19.522532               1129 
-38.062717 160.086929 -122.933434 26.569223 164.670746 -59.003460 -27.284718 134.987122 -75.609268 54.278862 149.940399 -21.057407               1138 
-39.585941 146.860413 -128.749847 25.262602 160.382080 -65.087074 -29.747076 129.929489 -76.086349 52.435162 152.459839 -24.793156               1148 
-41.569454 144.322922 -132.095367 23.807125 160.372375 -68.940956 -31.367929 129.290070 -78.123398 51.358788 154.450851 -28.560869               1156 
-41.321224 143.251633 -134.790695 22.757418 161.008911 -70.390854 -31.744997 128.221619 -80.211014 50.103798 155.933121 -29.756853               1165 
-41.866257 139.000107 -136.279938 22.174053 159.813461 -72.562309 -32.701015 127.057129 -80.704971 49.295895 156.968201 -31.562063               1174 
-43.031933 135.242462 -136.986221 21.362425 158.379227 -74.272240 -33.773376 125.687370 -80.835365 48.560123 157.297745 -33.237797               1184 
-45.024971 137.170013 -138.159454 20.229053 158.115463 -75.580566 -34.905895 125.490532 -82.631439 48.051109 155.544983 -35.033855               1193 
-45.999905 138.289810 -139.304138 19.376017 157.873077 -76.464584 -35.524117 124.984688 -84.286049 47.431877 154.269745 -36.158329               1201 
-46.668762 139.021286 -140.118774 18.759323 157.824692 -77.099228 -35.902695 124.550858 -85.451889 47.017197 153.584183 -36.996605               1211 
-47.015747 139.357208 -140.640991 18.396051 157.772812 -77.461189 -36.100239 124.209671 -86.112312 46.743633 153.256363 -37.452110               1220 
-47.313957 139.347656 -141.124649 18.043257 157.533844 -77.727859 -36.244480 123.548950 -86.528625 46.470818 152.984863 -37.779263               1229 
-47.557259 139.575180 -141.796783 17.656950 157.310837 -77.991943 -36.513329 122.974388 -87.018906 46.077717 152.691742 -38.046555               1238 
-48.259548 138.735596 -143.194458 16.710205 156.732056 -79.058388 -37.219036 121.652245 -88.026581 45.172047 152.470001 -39.102562               1247 
-49.526478 134.588669 -145.454620 14.871343 154.682785 -81.248985 -38.739994 118.861847 -89.487083 43.074188 151.899567 -40.980350               1256 
-48.788418 133.342743 -146.135269 14.992829 153.310516 -81.188469 -39.059010 118.113190 -89.567184 42.556393 150.838913 -40.459476               1265 
-49.198162 133.173370 -147.270081 14.338988 152.648636 -81.874115 -39.987309 117.790703 -90.437218 41.595573 150.124969 -40.942223               1274 
-51.489815 126.211288 -147.586960 12.349099 150.046204 -83.898430 -40.921017 113.003937 -90.241226 40.264351 149.985001 -43.334347               1283 
-51.932816 125.397293 -147.471893 11.958505 150.659714 -84.344528 -40.768658 112.651733 -89.989143 40.140175 151.398743 -43.971798               1292 
-51.841141 124.819237 -147.328995 11.967817 150.684402 -84.324699 -40.550415 112.313339 -89.719841 40.164284 151.822128 -43.971573               1301 
-51.832016 124.828430 -147.652466 11.906249 150.865326 -84.616142 -40.526608 112.348717 -89.957893 40.082542 152.148010 -44.253277               1310 
-52.131996 124.806427 -148.190964 11.656859 151.319061 -85.376671 -40.534771 112.461601 -90.445938 39.885773 152.939102 -45.062729               1319 
-50.570889 119.841148 -147.006729 12.132405 150.315918 -84.874123 -39.458462 110.661041 -88.578987 39.735027 154.481812 -44.309971               1329 
-52.006077 113.803375 -144.411041 11.344175 148.328781 -85.096024 -38.995220 107.384407 -86.145706 39.631592 154.988724 -45.344578               1337 
-57.020260 118.805473 -146.198898 8.722932 148.696609 -86.949760 -40.001503 107.004135 -90.143295 38.666759 152.256561 -48.021576               1346 
-58.758461 117.036568 -143.239243 8.563092 148.884750 -86.829742 -37.982841 106.170914 -88.555511 39.531246 153.797791 -48.862057               1356 
-60.093063 116.316910 -141.361115 8.263571 148.685089 -86.496796 -36.539314 105.381844 -88.094231 39.916378 153.987411 -49.151176               1364 
-62.106068 113.100639 -139.089752 7.249214 147.644882 -86.849907 -35.675968 103.533028 -87.130516 39.716301 154.355881 -50.441654               1374 
-62.836205 113.771271 -138.174530 7.223199 147.869049 -86.568169 -34.443310 103.552612 -87.482742 40.075348 154.386780 -50.471558               1382 
-62.533024 121.935608 -139.601898 8.407864 149.347748 -85.271072 -34.273663 106.949265 -89.919716 40.984818 152.128189 -48.450954               1392 
-63.015530 120.655334 -139.106369 8.144715 148.907761 -85.483757 -33.629818 106.231194 -89.983177 40.873596 152.276138 -48.847927               1400 
-63.132202 121.933571 -139.008530 8.373958 149.165939 -85.304810 -32.859219 106.715050 -90.672905 41.169209 152.027252 -48.685223               1410 
-63.185486 121.655647 -138.985764 8.417660 149.149216 -85.532661 -32.393616 106.681992 -90.962952 41.227657 152.258301 -48.946499               1418 
-63.466187 121.328468 -138.480103 8.400990 149.056656 -85.492577 -31.990015 106.523849 -90.926399 41.385818 152.349152 -49.080074               1428 
-64.333260 120.979858 -137.637192 8.193286 148.774414 -85.580368 -31.736824 106.345047 -90.987244 41.593781 152.167648 -49.558113               1437 
-64.903404 120.912575 -137.181534 8.063308 148.728043 -85.743851 -31.496180 106.327858 -91.279869 41.790421 152.126724 -50.027740               1446 
-63.704933 127.804230 -138.942596 9.410641 149.987045 -85.028191 -31.092024 109.144562 -94.003838 42.853477 149.964828 -48.885612               1455 
-61.903816 129.041016 -139.932266 10.640950 150.075058 -84.790947 -30.143047 109.790985 -94.730927 43.551414 149.458206 -48.168129               1464 
-60.289070 126.421692 -140.000275 11.639993 149.528214 -84.873627 -29.143019 109.143509 -93.849625 44.120766 150.326920 -47.872662               1473 
-56.123131 136.965057 -143.251160 14.720072 151.812790 -83.912933 -28.145674 114.757286 -96.621208 45.750801 148.603851 -45.814289               1482 
-54.115009 139.206390 -145.696014 15.616405 152.872330 -84.673386 -26.970888 115.935577 -98.638550 46.121754 149.221893 -46.192120               1491 
-52.958958 142.219193 -147.260498 16.473162 154.094452 -85.452156 -26.644165 118.208244 -100.162567 46.745693 149.709473 -46.863873               1500 
-51.701012 145.589417 -147.914734 17.906136 155.818283 -85.953857 -26.175442 121.275360 -100.758995 48.129852 150.830124 -47.400581               1509 
-49.038605 148.523712 -149.208862 19.649450 157.465942 -85.992958 -24.305502 123.404678 -102.142410 49.397137 151.763779 -47.169376               1518 
-46.799026 150.096558 -150.474136 21.038973 158.421799 -86.230446 -22.946896 124.816689 -103.249908 50.341000 152.405853 -47.116390               1527 
-45.546181 150.195526 -151.749725 21.985043 158.432693 -87.143990 -22.059818 125.020943 -104.262840 51.093094 152.491989 -47.873905               1536 
-43.654308 153.154510 -152.586212 23.674826 160.054031 -87.590454 -20.796032 127.411346 -105.032372 52.522423 153.553497 -48.216995               1545 
-43.047169 148.692230 -151.959702 24.794661 160.617752 -88.215607 -18.911261 125.937386 -103.465706 54.291470 156.900940 -48.962158               1554 
-40.997791 152.756546 -152.401550 26.622368 162.676453 -88.062767 -16.496595 128.073700 -105.015083 56.193638 157.580505 -49.020721               1563 
-39.076550 157.182678 -152.086334 28.593204 164.820297 -87.472374 -14.036942 130.474182 -106.073395 58.394157 158.214722 -48.833279               1572 
-34.614170 160.050491 -153.274231 31.872488 166.077805 -87.262444 -11.157355 132.769226 -106.782631 60.744820 158.783722 -48.046448               1581 
-27.242695 162.664124 -156.159286 36.161407 167.155655 -87.051407 -7.074189 135.236084 -108.391411 62.920971 159.297104 -46.469650               1590 
-23.997778 160.423752 -158.739304 38.165443 167.733963 -88.739204 -4.548009 134.868149 -109.640152 64.258018 161.518341 -47.444492               1600 
-21.038252 160.536957 -161.227020 39.859863 168.525192 -90.186729 -2.449235 135.511444 -111.526718 65.204514 162.753387 -48.365150               1608 
-15.910358 159.956955 -163.846481 42.675411 169.584961 -91.076302 1.886862 135.461700 -113.578896 66.961113 164.528030 -48.539940               1617 
-11.318084 159.027756 -162.289597 46.764927 170.902466 -89.440056 6.561754 135.780319 -111.567314 71.015709 166.957825 -46.766300               1626 
-6.376394 162.064774 -161.162338 50.926384 172.803299 -87.515015 10.272526 138.568756 -110.423370 74.723709 168.225784 -44.649605               1635 
-1.305797 163.840469 -161.554489 54.698792 174.035477 -86.831848 13.685558 140.541534 -110.533157 77.789436 169.132172 -43.617382               1644 
4.255580 165.455200 -161.598282 58.511093 174.995087 -85.504616 17.338928 142.315491 -110.271919 80.597046 169.739182 -41.809124               1653 
8.651971 166.033218 -161.918152 61.526817 175.847504 -84.887016 20.757648 143.194244 -110.437271 82.990608 170.635651 -40.877331               1663 
12.417868 165.487335 -162.399628 64.222557 176.308762 -84.773087 23.622274 143.572433 -110.479691 85.137306 171.645172 -40.438740               1671 
18.719175 168.687027 -163.096786 67.885307 178.630142 -83.652542 29.111675 145.533890 -111.591011 87.703217 173.189285 -38.904839               1681 
26.205481 175.147308 -164.646057 71.932297 181.990448 -82.850082 34.731457 149.821747 -113.818390 89.965958 174.747528 -37.605881               1690 
31.514769 178.065842 -165.167526 75.216446 184.431610 -82.229439 38.782959 152.457581 -114.266541 92.139465 176.940155 -36.598312               1699 
33.093075 176.032486 -164.587982 77.268761 184.312180 -82.066849 40.403542 151.778870 -113.007622 94.368866 177.951767 -36.330200               1708 
33.518936 171.207428 -163.392761 78.691368 184.107651 -82.015549 41.634727 149.825211 -110.660904 96.391090 180.285339 -36.224503               1717 
36.757832 169.113968 -162.564529 81.713585 184.621521 -81.556175 43.934582 150.108337 -108.859856 99.008377 182.433823 -35.503876               1726 
39.661392 165.893402 -161.907639 84.452766 184.326553 -81.465622 46.266449 149.326538 -107.407303 101.473068 183.892471 -35.261391               1735 
42.982445 144.260254 -122.243988 86.314682 183.545578 -81.691544 48.397217 148.618256 -107.636467 102.732956 183.531967 -35.267948               1744 
44.925735 137.430267 -109.400200 87.993950 182.842758 -82.145836 50.832394 148.062378 -108.640587 103.770073 182.680573 -35.500393               1753 
47.029037 136.260834 -106.177399 90.213318 182.236908 -83.308990 54.440010 148.048584 -111.005287 105.529068 180.622803 -36.537926               1762 
48.806023 135.879135 -104.870171 92.025818 181.645935 -84.164230 57.930809 147.390915 -112.489204 107.061310 179.128113 -37.342175               1771 
50.128910 136.796417 -104.413071 95.239082 180.107300 -85.114067 61.386169 147.125443 -113.906639 110.324394 175.742004 -38.444084               1780 
51.311474 137.022614 -104.268715 97.047485 178.969864 -85.741142 64.375847 146.140030 -115.061180 112.213158 172.919281 -39.285759               1789 
52.580437 136.706711 -102.796898 98.713318 177.804108 -85.807640 66.541214 144.854370 -115.021133 114.353989 170.805298 -39.643845               1798 
54.194588 136.028702 -101.313171 100.919044 176.415588 -84.903099 68.617867 143.531967 -113.962502 116.642509 168.985001 -38.835011               1807 
54.951866 135.615402 -100.537773 102.198975 175.369659 -84.382172 70.098213 142.362991 -113.304680 118.229622 167.282242 -38.531082               1816 
57.181797 134.881897 -98.945534 104.584328 174.026306 -82.195450 72.751534 141.137527 -111.688538 120.354385 164.991455 -36.430981               1825 
59.646332 133.696915 -97.782730 106.749069 172.697647 -80.576698 74.709030 138.209183 -109.996147 121.903244 163.241409 -34.689442               1834 
65.583626 128.116440 -96.681946 110.762177 166.935715 -75.644386 80.111557 131.963821 -108.176399 124.625214 154.194168 -30.145166               1861 
67.441582 126.309525 -95.300537 111.553879 165.950668 -73.848915 81.699356 130.366959 -106.865959 125.744522 152.790512 -28.570379               1871 
68.433380 124.127411 -93.892860 112.617661 163.562927 -72.463554 82.566780 127.863731 -105.547325 126.734528 150.158890 -27.233519               1879 
69.618729 121.553680 -91.783417 113.682205 161.616486 -71.556114 83.398293 125.095306 -103.839256 128.621628 148.659378 -26.460245               1888 
70.580902 117.486954 -90.032715 114.383606 158.235550 -71.135651 84.135643 120.727127 -102.563629 129.504028 146.206619 -25.843401               1897 
71.518898 114.540016 -88.572853 115.516502 155.347473 -70.633804 85.045944 117.259407 -101.359192 130.257797 144.160370 -25.002090               1906 
71.921967 111.045624 -86.742615 116.433739 152.176743 -71.086174 85.244522 112.998833 -99.848991 131.630951 142.683716 -25.220751               1916 
72.138893 108.094742 -84.480270 116.797371 149.926773 -71.534073 85.032310 109.547928 -98.088730 133.223480 142.041656 -25.787840               1925 
72.216423 104.094498 -83.213623 116.796814 146.340912 -71.530685 84.886810 105.296410 -97.036194 133.805984 139.226257 -25.871296               1934 
73.115936 100.135422 -83.466339 116.320992 143.746826 -71.749199 85.919167 101.412575 -97.143898 132.806061 137.684875 -25.746971               1943 
73.836113 97.149773 -82.490128 116.329407 141.673370 -71.735756 86.465385 98.402512 -96.314514 133.301422 136.468048 -25.805756               1953 
75.189774 94.458496 -79.778023 117.530807 139.749741 -72.051437 87.201073 95.395180 -94.117172 136.473221 136.020615 -26.752552               1961 
76.522835 91.505409 -76.427910 117.987549 138.040970 -71.874825 87.948715 92.171806 -91.197739 138.743011 136.323608 -27.254519               1970 
77.861206 88.794418 -74.470306 118.182755 136.501450 -72.503052 88.754921 89.314575 -89.602112 140.469498 136.470734 -28.593937               1979 
76.409531 85.582336 -72.591164 117.102051 132.973267 -72.617004 87.316345 85.287247 -87.738754 139.240936 134.642807 -28.664846               1988 
78.554420 82.487686 -70.665108 117.414871 131.275269 -74.154099 88.461357 82.239120 -86.444969 142.295898 134.564011 -31.788685               1997 
79.199829 78.036217 -69.187363 117.109978 127.293587 -75.734604 88.724411 77.251564 -85.122169 143.029297 132.802979 -34.231041               2006 
81.212997 75.450722 -68.195786 117.031143 126.069603 -76.344696 90.403671 74.784203 -84.256523 143.756104 133.205017 -35.606846               2015 
81.894035 72.886406 -68.070976 117.434517 123.879486 -75.693298 91.120316 72.458893 -83.987213 144.282532 130.778336 -34.995640               2024 
81.229179 67.922508 -71.091331 115.428925 120.471771 -73.694641 91.295471 68.824150 -86.287354 140.190186 125.665039 -31.449886               2033 
82.571571 64.849220 -71.842636 115.522301 118.516075 -72.964500 92.675552 66.556725 -86.741982 140.459351 123.245071 -30.768646               2042 
83.078346 62.657661 -72.148315 115.305565 117.124741 -72.041870 93.415817 64.937889 -86.596031 139.999649 121.702560 -29.686758               2051 
80.682777 59.448223 -70.220085 114.064331 113.575706 -70.166817 91.637642 61.343102 -83.974007 137.676788 118.792679 -27.272232               2060 
79.921120 57.944660 -68.496590 113.502403 112.363785 -69.630959 90.857613 59.786610 -81.946014 137.933197 118.419029 -27.308620               2069 
77.660057 56.681499 -68.698189 113.501175 110.442490 -69.313751 89.436737 58.313404 -80.987221 138.019119 116.215302 -27.002346               2078 
76.034599 55.789146 -69.675255 113.461609 109.438721 -69.226265 88.959557 57.349064 -80.386421 138.049698 115.110245 -26.941872               2087 
73.854607 54.603672 -67.861664 112.604370 107.991722 -69.511185 87.912720 55.409668 -77.559380 137.232819 115.684647 -27.571129               2097 
72.310654 53.652477 -68.949516 112.245804 106.856400 -70.615517 87.805870 54.013737 -77.394135 136.630676 115.296776 -28.676897               2106 
72.257210 53.047077 -70.454987 112.997520 106.236740 -72.187241 88.860069 53.095169 -77.781685 137.312820 115.389015 -30.357685               2114 
71.473083 52.803009 -71.657333 112.991882 105.832626 -72.842346 88.838104 52.611431 -78.069771 136.970184 115.160423 -30.857311               2124 
68.527649 51.764881 -66.802147 110.725708 104.156555 -72.649162 86.033470 50.904114 -73.348915 135.947083 116.133362 -32.088734               2133 
68.272438 50.913818 -68.357300 109.612549 104.270302 -72.659935 86.148384 50.456127 -74.631668 134.409439 115.795502 -31.708818               2142 
68.251694 50.565517 -69.208435 109.327133 104.296608 -72.747307 86.266571 50.291691 -75.356621 134.101593 115.449753 -31.679756               2151 
68.117989 50.436665 -69.834091 109.147934 104.344109 -72.781067 86.191071 50.250813 -75.836304 133.909927 115.177254 -31.620451               2160 
67.939003 50.458019 -70.004471 109.089546 104.367485 -72.778435 86.057022 50.250854 -75.888367 133.877686 115.098663 -31.606846               2169 
67.814125 50.419830 -70.286537 109.080902 104.371292 -72.790802 85.769577 50.203468 -75.905907 133.811035 115.047035 -31.569952               2178 
67.688736 50.377884 -70.572769 109.073402 104.374596 -72.801537 85.618797 50.151432 -75.929550 133.753082 115.002274 -31.538048               2187 
67.602394 50.358528 -70.779533 109.068268 104.373322 -72.811172 85.442551 50.119484 -75.953972 133.701447 114.949936 -31.506794               2196 
67.471527 50.406517 -71.304420 109.061234 104.404381 -72.838104 85.232903 50.166325 -76.243980 133.462250 114.819206 -31.355200               2205 
67.805542 51.557903 -73.610809 109.736893 105.380913 -73.113487 85.569992 51.337101 -78.041992 133.324234 114.846886 -30.938345               2214 
67.845108 52.714920 -75.614639 110.225792 106.147697 -73.229477 85.596497 52.423630 -79.666580 133.058777 114.577866 -30.424137               2223 
68.311943 54.666695 -75.471588 111.861588 107.031624 -71.133461 85.965759 53.912781 -78.421921 132.369278 115.372940 -27.149748               2232 
67.746971 57.282246 -77.036247 112.912567 108.005966 -69.551369 85.393211 56.181911 -78.731232 130.798141 115.614182 -24.308342               2241 
66.909012 60.381386 -78.103607 114.481949 108.791794 -69.523972 84.381805 58.694153 -79.317505 131.639343 115.739784 -23.894379               2250 
64.832886 64.355873 -78.311119 115.370903 109.650345 -69.321213 82.087875 61.661495 -78.798546 131.292908 116.992882 -23.307232               2259 
63.015419 68.073959 -80.138832 115.055946 111.168137 -68.421570 80.067696 64.772308 -79.138031 128.225861 118.963470 -21.618839               2268 
63.940025 71.070107 -79.728775 116.430054 114.198631 -68.821945 80.999191 67.951790 -78.347092 130.693680 122.436012 -22.417154               2277 
62.544285 73.183960 -77.835457 117.255562 114.587166 -68.882202 79.567368 69.672600 -75.466209 133.127029 124.226135 -23.276318               2286 
61.257545 73.448830 -81.029152 116.076729 115.462799 -70.256706 78.274055 70.506020 -75.516243 130.660797 127.555077 -24.805727               2295 
60.986794 73.092705 -83.701111 115.104935 116.776482 -70.404877 77.950455 71.199448 -74.567680 128.838669 130.773834 -25.236652               2304 
61.795513 73.074036 -85.851746 112.539490 120.969635 -70.197174 78.730881 72.882324 -74.387230 124.723633 136.266541 -25.005787               2313 
61.436558 74.728439 -82.823929 110.569611 125.037819 -69.207779 78.662872 75.561798 -71.475327 123.276512 141.835297 -24.698345               2322 
58.728333 79.256233 -81.419296 108.789597 128.456650 -67.112755 76.082253 79.570282 -70.213371 122.217827 144.003067 -22.361200               2331 
53.316875 83.105659 -77.323753 106.374245 129.710983 -65.244385 70.798576 82.797356 -66.289932 121.244789 145.983215 -21.212679               2340 
50.054111 87.763474 -72.779747 104.926544 132.747391 -63.125282 68.048897 86.979813 -61.938717 121.133484 149.813156 -19.872478               2349 
48.858627 89.504044 -65.260559 102.766579 135.929581 -61.410164 67.036049 89.547623 -56.023518 119.933052 156.173462 -19.934780               2359 
45.578373 93.526733 -60.185604 100.531029 137.929001 -58.913677 63.188236 93.030846 -51.976376 116.892242 160.263428 -18.192753               2367 
45.759109 94.293999 -53.672119 98.496864 140.417297 -56.127625 63.095192 94.347694 -46.950230 113.376892 165.795273 -16.640244               2377 
47.329128 92.722916 -49.525955 97.763786 140.616867 -53.746693 64.163742 93.495270 -43.177128 108.963379 169.548096 -15.507146               2386 
51.364914 88.621162 -57.221226 99.005737 138.919846 -52.536972 67.057541 89.626175 -49.123489 102.442940 166.625763 -11.974946               2395 
999.000000 999.000000 999.000000 999.000000 999.000000 999.000000 999.000000 999.000000 999.000000 999.000000 999.000000 999.000000             2404.0 
999.000000 999.000000 999.000000 999.000000 999.000000 999.000000 999.000000 999.000000 999.000000 999.000000 999.000000 999.000000             2413.0 
999.000000 999.000000 999.000000 999.000000 999.000000 999.000000 999.000000 999.000000 999.000000 999.000000 999.000000 999.000000             2422.0 
999.000000 999.000000 999.000000 999.000000 999.000000 999.000000 999.000000 999.000000 999.000000 999.000000 999.000000 999.000000             2431.0 
999.000000 999.000000 999.000000 999.000000 999.000000 999.000000 999.000000 999.000000 999.000000 999.000000 999.000000 999.000000             2440.0 
999.000000 999.000000 999.000000 999.000000 999.000000 999.000000 999.000000 999.000000 999.000000 999.000000 999.000000 999.000000             2449.0 
999.000000 999.000000 999.000000 999.000000 999.000000 999.000000 999.000000 999.000000 999.000000 999.000000 999.000000 999.000000             2458.0 
999.000000 999.000000 999.000000 999.000000 999.000000 999.000000 999.000000 999.000000 999.000000 999.000000 999.000000 999.000000             2467.0 
999.000000 999.000000 999.000000 999.000000 999.000000 999.000000 999.000000 999.000000 999.000000 999.000000 999.000000 999.000000             2476.0 
999.000000 999.000000 999.000000 999.000000 999.000000 999.000000 999.000000 999.000000 999.000000 999.000000 999.000000 999.000000             2485.0 
999.000000 999.000000 999.000000 999.000000 999.000000 999.000000 999.000000 999.000000 999.000000 999.000000 999.000000 999.000000             2494.0 
999.000000 999.000000 999.000000 999.000000 999.000000 999.000000 999.000000 999.000000 999.000000 999.000000 999.000000 999.000000             2503.0 
999.000000 999.000000 999.000000 999.000000 999.000000 999.000000 999.000000 999.000000 999.000000 999.000000 999.000000 999.000000             2512.0 
999.000000 999.000000 999.000000 999.000000 999.000000 999.000000 999.000000 999.000000 999.000000 999.000000 999.000000 999.000000             2521.0 
999.000000 999.000000 999.000000 999.000000 999.000000 999.000000 999.000000 999.000000 999.000000 999.000000 999.000000 999.000000             2530.0 
999.000000 999.000000 999.000000 999.000000 999.000000 999.000000 999.000000 999.000000 999.000000 999.000000 999.000000 999.000000             2539.0 
999.000000 999.000000 999.000000 999.000000 999.000000 999.000000 999.000000 999.000000 999.000000 999.000000 999.000000 999.000000             2548.0 
999.000000 999.000000 999.000000 999.000000 999.000000 999.000000 999.000000 999.000000 999.000000 999.000000 999.000000 999.000000             2557.0 
999.000000 999.000000 999.000000 999.000000 999.000000 999.000000 999.000000 999.000000 999.000000 999.000000 999.000000 999.000000             2566.0 
999.000000 999.000000 999.000000 999.000000 999.000000 999.000000 999.000000 999.000000 999.000000 999.000000 999.000000 999.000000             2575.0 
-4.686162 152.663162 40.594208 69.561211 166.524155 45.858490 2.263740 157.023163 38.935120 93.003891 131.269638 71.003479               2585 
-4.976315 152.847946 40.576202 70.056671 163.464127 48.636799 2.751232 155.808136 39.833046 92.359924 126.083702 71.658043               2593 
-5.648623 152.812714 42.051273 69.807190 161.170334 51.223591 2.447586 154.991135 41.741432 91.456001 122.321915 72.362167               2602 
-7.534345 152.759628 44.493149 68.763634 159.697479 53.134762 1.304514 153.643478 44.563610 90.775581 120.488388 73.205429               2611 
-10.185619 153.192368 47.009800 66.996216 157.578247 55.551548 -0.651209 152.812180 47.964779 88.623421 117.945610 75.204231               2621 
-13.346859 154.629578 48.114471 64.761887 156.220169 57.198002 -3.090826 152.484543 50.560726 86.029488 116.614517 77.292564               2630 
-17.350498 157.567047 50.462296 61.938004 155.825912 59.086807 -6.097783 152.705093 54.098949 83.276390 116.459549 79.572716               2639 
-20.886116 158.637543 53.083038 59.410007 154.720123 61.701931 -8.743311 151.415649 57.923748 81.230499 115.549179 82.054138               2648 
-28.698053 164.017532 63.011551 54.119347 148.070572 69.243042 -15.006289 148.459793 73.315193 76.111595 107.653595 86.779243               2687 
-30.388372 164.411545 64.357727 52.822124 147.524841 70.105629 -16.282551 147.447067 74.947556 75.281845 107.248291 87.370354               2693 
-33.600513 165.127884 66.666122 50.051384 145.381500 72.151314 -19.048344 145.468063 78.623627 72.892075 105.401085 89.603508               2704 
-35.195782 164.309326 68.330605 48.907719 143.939529 73.323006 -20.168438 143.452835 81.186165 72.468849 104.306244 90.608406               2711 
-37.254921 164.347061 69.997841 47.084049 141.845505 74.513779 -21.958221 141.934860 84.604660 71.007889 102.516563 91.995033               2720 
-39.009792 164.864868 71.583664 45.505020 140.694351 76.195862 -23.626652 141.348816 88.212883 69.694229 101.557922 93.743874               2729 
-39.891399 164.935623 73.257416 44.934162 140.180710 77.856636 -24.229456 140.987762 91.917992 69.703758 101.513344 95.633362               2738 
-40.983604 165.237137 74.284355 43.969620 139.218613 78.744225 -25.200510 140.707840 95.210930 69.079247 100.753891 96.483482               2747 
-42.553253 165.575516 76.016907 42.537636 138.840851 80.139526 -26.614685 140.666397 98.602188 67.951180 100.387917 97.466774               2757 
-44.088276 164.261307 77.060562 41.209801 137.309265 80.649261 -27.952402 138.502457 100.025215 66.985649 98.681183 97.025696               2765 
-45.101921 163.795700 78.190544 40.395142 136.656143 81.124519 -28.658394 137.600754 102.000244 66.582146 98.060188 96.913834               2774 
-46.048325 163.107620 79.188042 39.579258 135.834244 81.666794 -29.430168 136.479813 103.519684 66.018692 97.157204 96.824364               2783 
-48.158916 163.675919 82.202568 36.363754 132.832596 81.707878 -32.234211 134.962097 105.210060 61.509670 92.338623 94.062271               2792 
-49.422646 164.501221 83.456017 34.376835 131.680130 82.203468 -33.975258 135.349594 106.594116 58.697315 90.551735 94.106384               2801 
-50.211266 163.987732 84.491707 33.613598 131.203796 82.633064 -34.621780 134.757370 107.756706 58.031284 90.000816 94.069923               2811 
-50.646996 163.459412 84.673073 33.310596 130.927521 82.750587 -34.907314 134.322311 108.374649 57.922962 89.819763 94.112518               2819 
-51.071674 162.794754 85.260063 33.001507 130.419373 83.007072 -35.154583 133.571518 109.454880 57.831348 89.357468 94.057350               2828 
-51.770973 161.257507 84.999985 32.273277 128.552780 82.954407 -35.891926 131.889694 110.161583 57.108643 87.475449 93.934731               2837 
-51.068798 159.020187 86.538696 32.714054 125.494164 82.680336 -35.079727 128.503082 111.585892 57.462009 83.956322 92.000015               2846 
-51.318447 157.493423 87.265678 33.125530 125.233566 83.569344 -34.905266 126.258514 112.153809 58.734291 84.094467 92.314377               2856 
-51.506966 157.790024 86.677887 32.759258 124.726372 82.768486 -34.959686 126.318687 112.318878 58.409721 83.673714 91.793053               2865 
-52.489128 157.726593 86.002609 31.057941 122.684990 81.558990 -36.743843 124.716377 111.152885 55.874660 80.872360 89.340012               2874 
-53.136681 157.954269 85.790359 30.761749 123.332596 81.935791 -37.232441 124.442291 111.384117 56.074978 81.815598 89.700424               2883 
-53.155739 157.484482 85.215080 31.380363 123.872330 82.451950 -36.610882 124.228493 112.135582 57.664566 83.179359 91.279900               2892 
-53.460304 156.867889 84.845856 31.657532 124.208534 82.569496 -36.306721 123.327812 112.337906 58.860397 84.206787 91.765938               2901 
-52.655155 158.734375 84.917854 31.608042 123.573708 82.799728 -36.443890 123.981728 112.512001 57.905827 82.913795 91.738876               2910 
-52.203270 159.321106 84.911034 31.875870 123.367065 82.606850 -35.995731 123.965141 112.815918 58.202839 82.724800 91.540329               2919 
-51.568981 160.366394 85.320328 32.150944 123.242943 82.534027 -35.505131 124.131119 113.227173 58.347168 82.466202 91.236076               2928 
-49.731163 162.919922 86.477371 32.669048 122.543289 82.128372 -34.441208 124.797134 113.945572 57.998547 81.061981 90.029472               2937 
-47.544567 166.316879 87.216812 33.436089 122.412506 81.923798 -33.339603 125.567535 114.376770 58.127052 80.447533 89.272774               2946 
-48.542953 166.587830 88.020515 33.641605 125.009300 82.403664 -33.108749 126.174858 115.054710 59.538811 83.744438 89.562958               2955 
-48.703331 165.401031 86.796097 34.535397 126.125336 83.470062 -32.940151 126.261963 114.639687 61.059933 85.433235 91.551620               2964 
-49.470219 163.331238 86.317650 34.856621 127.352020 84.274422 -32.755745 126.677612 115.177254 62.215611 87.417305 93.297394               2973 
-49.834938 160.838684 85.873779 34.888805 127.251350 84.174858 -32.709034 126.639587 115.229469 62.381817 87.472672 93.475449               2982 
-48.370594 165.175812 88.231598 35.242859 129.026962 84.302986 -31.876404 129.622238 116.395790 61.618896 88.172714 92.045387               3009 
-47.700874 166.725037 88.920296 35.407200 129.262527 84.343811 -31.578737 130.301331 116.701805 61.356449 88.044334 91.583046               3018 
-46.831715 169.382629 89.311066 35.502148 129.311020 84.355965 -31.432922 130.632080 116.795502 61.164036 87.857719 91.269806               3027 
-45.780155 172.429443 89.708893 35.568230 129.268143 84.400772 -31.404882 130.727615 116.639816 60.982544 87.610298 90.992195               3036 
-46.023533 171.833771 88.631462 35.715702 129.325287 84.400848 -31.440454 130.733063 116.274536 61.427792 87.976860 91.742897               3045 
-47.291359 164.749725 87.126175 35.903633 129.497025 84.295586 -31.454006 130.573929 115.782692 62.131969 88.645287 92.536919               3054 
-47.329659 163.419571 86.605682 36.421570 131.180557 84.679207 -31.150871 132.235382 115.716881 62.698559 90.435799 93.287003               3063 
-48.699150 159.913589 85.388382 36.134758 131.432678 84.416557 -31.643171 130.847702 114.980003 63.543392 91.578476 93.642548               3073 
-48.991299 159.484131 85.267105 36.130474 131.818222 84.342896 -31.608496 130.709488 114.955635 63.948212 92.285629 93.726753               3081 
-49.160057 159.635605 85.073906 36.148045 132.107071 84.291000 -31.567640 130.645325 114.899918 64.246475 92.803848 93.801231               3091 
-48.976353 160.534897 85.194237 36.374355 132.513687 84.498642 -31.285759 130.982300 115.186874 64.607826 93.336197 94.126968               3100 
-48.832912 160.931686 85.025764 36.604439 132.666122 84.662918 -31.121193 130.912598 115.070900 64.989677 93.643501 94.472214               3109 
-48.559555 161.995773 84.890732 36.829250 132.749588 84.792038 -30.978233 130.849442 114.747910 65.260643 93.788101 94.710129               3118 
-47.953686 164.108398 85.126617 37.081741 132.751114 84.976440 -30.745464 131.034393 114.647614 65.312820 93.606201 94.743324               3127 
-47.473881 165.665436 85.314285 37.270050 132.752243 85.113968 -30.575069 131.170258 114.590950 65.350891 93.471527 94.768066               3136 
-46.106735 168.068542 85.637512 37.735416 132.247253 85.257339 -30.213261 131.677200 114.342270 64.986107 92.296623 94.534012               3145 
-46.105564 168.054901 85.290848 37.827736 132.221725 85.309288 -30.116865 131.703415 114.296738 65.242905 92.496582 95.057678               3154 
-45.115219 170.291656 85.921295 38.174877 132.303406 85.581490 -29.680223 132.329132 114.590919 65.254532 92.314087 95.186478               3163 
-44.230656 171.635818 86.540359 38.655262 132.025284 85.986229 -29.014681 132.317505 115.259712 65.765465 92.094978 95.749321               3172 
-43.008106 175.136398 87.293167 38.631077 131.860291 85.999016 -28.937771 132.487564 115.286278 65.372818 91.565529 95.268402               3181 
-41.265491 177.876205 87.268135 38.892620 130.652573 86.193504 -28.947945 131.602844 114.729240 65.169312 90.019501 95.314888               3190 
-39.160194 180.650726 88.605309 39.587467 130.213242 86.485168 -28.175535 131.452728 115.192207 65.443634 89.163193 94.915001               3199 
-37.697567 182.798004 89.314552 39.957882 130.029572 86.542015 -27.799713 131.410355 115.271698 65.537582 88.716873 94.520103               3208 
-35.806316 185.065994 90.599960 40.429337 129.566238 86.862938 -27.403780 131.090530 115.423264 65.592308 87.877373 94.182312               3217 
-31.132792 186.998322 92.364998 42.378433 127.266640 87.622887 -25.711691 130.035141 115.454140 66.233788 84.679634 94.102036               3226 
-28.436827 187.644501 93.764397 43.737431 125.777191 88.568031 -24.377047 128.901367 116.253128 67.284218 82.995201 94.889435               3235 
-27.390385 188.212997 94.629051 43.978119 125.046249 88.666809 -24.197109 128.006500 116.152145 67.431465 82.152596 94.564713               3244 
-26.262623 189.223495 95.783684 44.108757 124.623741 89.031586 -24.131487 127.570007 116.226593 67.377136 81.574532 94.514114               3253 
-25.740417 189.971039 95.815132 44.266548 124.556778 89.428200 -23.966230 127.377251 116.421402 67.826424 81.726730 95.363647               3262 
-24.574753 191.354462 96.207596 44.435406 124.447365 89.706352 -23.730154 127.268913 116.563148 68.157936 81.743195 95.895462               3271 
-24.488071 192.063675 95.840714 44.349686 124.619896 89.796410 -23.781008 127.271042 116.480598 68.426071 82.189064 96.479347               3280 
-25.468185 191.315842 95.593819 44.026909 124.439995 89.919899 -24.168427 126.461578 116.126137 68.566017 82.305420 96.791573               3289 
-25.442852 191.474945 95.603271 43.999550 124.447968 89.889793 -24.103296 126.478928 116.072540 68.639000 82.381081 96.816887               3298 
-26.392485 191.821045 95.487640 43.440739 125.007942 89.599243 -24.514589 126.336266 115.996506 68.683670 83.317276 96.627274               3307 
-29.518147 191.544113 94.981613 42.103889 126.379143 89.489220 -25.969194 125.422813 115.332428 68.778297 85.638008 96.793030               3316 
-29.985832 191.671295 94.843239 41.996052 126.711296 89.755722 -26.119263 125.189537 115.136139 69.080238 86.290138 97.324547               3325 
-29.719730 192.183258 94.996185 41.943260 126.711319 89.778946 -26.102655 125.219231 115.025497 69.081383 86.333084 97.383545               3335 
-29.379313 192.544540 95.232208 42.095715 126.732208 89.867325 -25.845819 125.214462 115.126472 69.347816 86.437317 97.506363               3344 
-29.435612 192.690933 95.346054 42.054539 126.781708 89.966148 -25.789644 125.141228 115.151726 69.484543 86.623123 97.685829               3353 
-29.148699 193.092743 95.684914 42.087570 126.802673 90.082253 -25.654562 125.172699 115.291183 69.586876 86.688248 97.784927               3362 
-29.398514 192.758484 96.304626 42.087830 126.681244 90.337067 -25.577156 124.512932 115.259232 69.888748 86.743706 97.874458               3371 
-31.073107 192.139099 97.338921 41.689407 127.512741 90.806671 -25.932871 123.811020 115.298805 70.236641 88.031441 97.947556               3380 
-31.187790 192.432404 98.825142 41.705601 128.009232 91.447754 -25.747047 123.920212 116.047943 70.438972 88.587952 98.160805               3389 
-31.102692 192.618271 100.429939 41.586609 127.999619 91.789772 -25.682203 123.279228 115.920570 70.566635 88.661652 97.904694               3398 
-31.014196 193.151062 100.752945 41.359875 128.100372 91.956528 -25.785624 123.310242 115.926453 70.471718 88.868355 98.125771               3407 
-31.725620 193.202393 101.007324 40.198166 127.646599 91.535278 -26.705336 122.827751 115.694389 69.414948 88.463249 97.514793               3416 
-32.170723 192.981415 101.763580 39.308331 127.033279 91.338699 -27.453852 122.140427 115.389114 68.499725 87.764000 96.861015               3425 
-31.827671 193.316513 101.939751 39.361267 127.046684 91.334961 -27.302641 122.223434 115.458206 68.572838 87.789902 96.839478               3434 
-31.546480 193.529556 101.764679 39.487450 127.041702 91.281082 -26.973616 122.372757 115.743042 68.811752 87.894661 96.964760               3443 
-31.299940 193.763855 101.714775 39.525253 126.999641 91.313713 -26.793146 122.422226 115.953728 68.945206 87.944420 97.133133               3452 
-29.387205 194.318604 102.902229 39.265419 125.380974 91.379341 -26.885389 121.948807 116.426369 68.037567 85.794098 96.833984               3461 
-26.593847 196.141708 104.526611 39.714287 124.965157 91.585670 -26.192644 122.043892 117.156036 68.224747 85.140587 96.671638               3470 
-23.179136 197.841599 106.718895 40.089485 124.050560 91.738289 -25.726740 121.240120 117.360344 68.376144 83.992874 96.205559               3480 
-20.310087 198.893311 108.623428 40.475590 123.160843 91.749672 -25.330112 119.925674 117.166435 68.829369 83.094849 95.685333               3488 
-19.132519 199.898392 108.722916 40.531219 123.059906 91.830101 -25.208315 119.872154 117.233482 68.993629 83.094131 95.994003               3498 
-18.661852 200.336807 108.627792 40.435127 122.918236 91.827721 -25.255611 119.842468 117.180870 68.932251 82.994247 96.151924               3506 
-18.024012 201.046906 107.993095 40.645912 123.086220 91.826523 -24.909546 120.393547 117.409584 69.164459 83.222855 96.550323               3515 
-17.574917 201.541245 107.427658 40.747673 123.135902 91.886612 -24.645292 120.914894 117.811348 69.247810 83.304390 96.976074               3524 
-16.129902 202.626892 108.187645 40.745026 123.149681 92.057312 -24.527451 121.259560 118.181282 69.102768 83.203400 97.041603               3533 
-18.993990 203.699295 105.530602 39.495171 124.857849 91.592239 -25.653635 121.894638 117.847763 69.051300 85.967674 97.813103               3543 
-16.939302 204.923264 106.726227 39.378014 124.586166 91.699074 -25.523706 122.515671 118.592606 68.474510 85.300537 97.593422               3552 
-14.901766 206.424805 108.611252 39.212742 124.681435 92.442497 -25.730188 123.209129 119.227898 67.832718 85.006554 98.055908               3561 
-22.543606 207.787415 101.545441 36.939087 128.745712 91.463959 -28.077570 124.404144 117.760185 68.314621 91.808228 100.176483               3570 
-19.936605 208.378937 104.040024 37.049282 127.784393 91.481964 -27.804255 124.084702 118.217552 67.837364 90.135826 99.188393               3579 
-17.030144 207.825851 107.294426 37.238491 125.879585 91.385918 -27.600266 122.797157 118.148857 67.149582 87.271645 97.667915               3588 
-17.741783 208.383331 105.948425 37.032909 126.504990 91.155243 -27.743526 123.084427 117.976372 67.425301 88.383888 98.068573               3597 
-15.474756 207.788391 105.929329 38.020645 124.970474 91.463043 -26.781727 122.492874 118.230278 67.960419 86.533600 98.599373               3606 
-13.409488 206.419968 108.286888 38.921490 123.182152 91.929993 -25.964050 120.962654 118.180214 68.341942 84.205452 98.251686               3615 
-13.188070 206.402420 108.154602 39.265083 123.184311 92.049866 -25.465370 121.022385 118.530952 68.809479 84.319305 98.480286               3624 
-13.066826 206.410767 108.128700 39.419842 123.185280 92.103859 -25.219486 121.082848 118.722321 69.020226 84.370926 98.582481               3633 
-11.046751 205.155930 111.436188 39.423889 121.578529 91.158585 -24.760933 119.677689 118.622215 68.397018 82.013664 95.618294               3642 
-11.649984 205.198349 110.715157 39.356056 121.775482 91.064041 -24.769722 119.761879 118.518959 68.581337 82.434746 95.849350               3651 
-11.445973 205.314636 110.521217 39.459686 121.769653 91.034882 -24.575451 119.984734 118.618828 68.659157 82.422112 95.920731               3660 
-11.270875 205.413635 110.349869 39.548882 121.764641 91.009789 -24.397696 120.190933 118.734154 68.726456 82.411690 95.982193               3669 
-10.756402 205.298019 111.123550 39.661186 121.571510 90.974609 -24.247459 120.014885 118.693489 68.724098 82.093575 95.616791               3678 
-10.636757 206.004639 110.744804 39.600773 122.054848 91.031448 -24.151571 120.873085 119.055534 68.639847 82.584846 95.885429               3687 
-10.393478 205.103546 112.976524 40.255440 121.844879 91.323929 -23.651497 119.617691 118.790092 69.517151 82.451309 95.399292               3697 
-9.818666 205.121872 113.280014 40.550095 121.766228 91.268356 -23.310795 119.655098 118.741646 69.732925 82.301201 95.215981               3705 
-10.407742 205.289368 112.693527 40.478554 122.111252 91.172157 -23.331680 119.880798 118.649620 69.892006 82.844467 95.376724               3714 
-18.993187 206.108917 106.712341 38.719654 126.231087 90.543503 -24.918324 120.561722 117.847504 71.190521 89.833855 97.295853               3723 
-27.361679 205.717377 100.009575 36.601315 129.728561 89.596291 -26.638847 121.086853 117.022217 71.737946 96.535049 98.994072               3733 
-27.161747 205.490646 100.215439 36.726494 129.455429 89.626175 -26.457096 121.011795 117.213989 71.822952 96.202919 98.965302               3741 
-26.811407 204.175598 100.237450 37.271339 128.256516 89.940979 -25.943460 119.867485 117.413429 72.393402 95.079849 99.451996               3751 
-25.683945 203.166840 101.175415 38.090675 127.048782 90.370300 -25.196758 118.825752 117.647621 73.028625 93.625465 99.694016               3760 
-22.761436 203.064743 101.799316 39.649448 125.779808 91.253853 -23.773571 118.845016 118.423859 73.979568 91.771042 100.717262               3768 
-17.638403 203.830444 105.060822 39.746780 123.186363 91.500366 -23.812914 119.420876 118.888664 71.922729 86.802292 99.600822               3778 
-14.000953 203.198761 106.471352 41.386883 121.285439 92.196503 -22.628071 118.832619 118.558502 72.439240 83.891838 100.081909               3786 
-12.754363 203.371750 107.268257 41.737682 120.943275 92.495819 -22.342724 119.117798 118.644836 72.335732 83.137970 100.191765               3796 
-11.841859 203.085434 108.078735 42.002556 120.354744 92.603333 -22.127115 118.926849 118.520874 72.245026 82.208488 100.017227               3805 
-11.991117 202.995300 107.970139 42.103493 120.395714 92.650589 -22.038937 119.005653 118.333229 72.380203 82.297974 100.173447               3814 
