-17.468569 139.582306 93.741020 49.775318 141.332458 74.463211 -13.552198 153.681946 94.224312 68.129005 97.264877 86.542114                  0 
-17.224257 139.258865 93.510742 50.123459 141.099030 74.463539 -13.194497 153.355515 94.067993 68.324409 96.813782 85.963615                 18 
-18.855587 139.684448 91.886391 49.125557 143.367950 75.391640 -15.195792 153.930115 92.389694 68.166908 99.733757 87.969124                 37 
-19.546722 139.581497 90.687561 48.749599 144.136765 75.625038 -15.997070 153.936417 91.305687 68.041634 100.668831 88.394783                 56 
-19.593727 139.573944 90.576241 48.758305 144.121262 75.610634 -15.971967 154.015671 91.214691 68.018822 100.629456 88.346642                 75 
-19.766401 139.803238 90.057953 48.766228 143.740799 75.604668 -15.927541 154.264908 90.865532 67.454536 99.902275 87.999878                 94 
-20.474287 140.052139 89.233414 48.273071 144.327148 75.783005 -16.645855 154.670578 90.135551 67.001312 100.590996 88.475998                113 
-25.024364 149.977997 87.338936 47.698509 145.582199 76.008461 -17.514645 155.556503 89.217484 66.429871 101.855637 88.729866                132 
-25.443466 155.383072 86.487366 49.435627 143.172699 75.898651 -15.500342 154.903641 89.619934 67.284950 99.057541 88.546371                151 
-24.263769 156.772873 85.742615 50.974926 140.726410 74.757263 -13.461310 154.437851 90.022858 68.152267 96.413757 87.642838                169 
-23.806501 157.632690 85.299049 51.512985 139.214874 74.394051 -12.614514 154.280304 90.364731 68.031738 94.605995 87.117622                188 
-25.622044 159.216385 84.597786 50.339413 140.909286 74.081940 -14.026575 155.069183 89.887901 67.884758 97.081154 88.080719                207 
-27.198460 160.018478 84.613083 49.244728 142.726456 73.116898 -15.151807 155.495514 89.901100 68.184761 99.592178 87.449348                226 
-26.573694 159.801178 84.627594 49.771244 141.287628 72.276443 -14.126859 155.053909 90.250458 68.950630 98.633080 87.685875                245 
-26.208067 159.561966 84.630409 49.914124 140.081772 71.936836 -13.547263 155.039688 90.591393 68.915298 97.568268 87.945168                264 
-25.837032 159.147675 84.710831 50.135532 139.287048 71.456978 -12.917343 155.034882 90.998581 69.266052 96.986252 87.869652                283 
-25.657515 159.093613 84.987244 50.198017 138.802444 71.004066 -12.345035 155.261429 91.534058 69.507835 96.633629 87.545868                301 
-25.404779 159.799957 85.402161 50.258339 138.310898 70.476517 -11.574101 155.825333 92.210678 69.716820 96.333313 87.327629                320 
-25.797552 159.773895 86.240074 49.931305 138.851685 69.560997 -11.318627 155.984848 92.995430 70.601822 97.442902 86.376251                339 
-24.058722 158.453232 87.732780 50.955162 136.301224 68.656898 -8.792712 154.870071 94.612770 71.589722 94.487572 84.485458                358 
-23.774960 157.585556 88.328171 51.104263 135.729904 68.345238 -7.645466 155.243668 95.688583 72.099365 94.012100 83.951035                377 
-24.885691 156.541534 88.920380 50.194542 136.056671 68.359192 -7.046164 156.722015 96.077408 72.076248 94.820122 84.025948                396 
-25.228247 155.295319 89.307076 49.887363 135.472855 68.351685 -6.154632 157.170761 96.141174 72.163353 94.440765 83.999641                415 
-25.541138 154.390747 90.425377 49.274361 135.092056 68.045547 -5.701887 157.014084 96.583069 71.872826 93.927040 82.859764                434 
-25.408125 153.323593 91.616142 49.013641 134.146393 67.921127 -4.960703 156.463821 97.314194 71.708885 92.766449 81.968765                452 
-25.239256 152.383896 92.933563 48.161732 132.683624 66.669853 -4.002240 155.954865 98.083389 70.796852 90.891151 79.544273                471 
-26.444466 151.635315 94.225777 46.808521 133.482620 66.508842 -4.897088 156.072067 98.795181 70.604904 92.239174 79.055565                490 
-26.417192 150.954254 95.066414 46.575645 133.188782 66.454491 -4.571541 155.741760 99.301804 70.580322 91.906372 78.464828                509 
-24.948254 150.776138 96.909668 47.005886 131.842239 66.191872 -2.633238 154.970947 100.657158 70.400787 89.814041 76.728447                528 
-23.315577 151.432358 97.667198 47.828396 129.871750 65.522682 -0.322520 154.071991 101.229774 70.637260 87.341980 75.304543                547 
-23.379936 152.993576 97.454102 47.913475 129.874237 65.304649 0.047089 154.166702 101.265358 70.695709 87.266754 74.806328                566 
-23.577320 155.101242 97.199745 47.833603 129.938461 65.283699 0.117667 154.426926 101.295296 70.434578 87.210571 74.676964                584 
-23.385071 156.455902 97.072006 48.082771 129.919357 65.365234 0.416930 154.498138 101.341949 70.417000 87.011330 74.573578                603 
-23.119623 156.693146 96.661247 48.705273 129.859528 65.337593 0.785457 154.115646 101.201378 71.166122 86.994850 74.439224                622 
-22.928308 157.337402 96.021492 49.354813 129.716995 65.308372 1.017666 153.472153 100.939201 71.874710 86.839714 74.202362                641 
-23.142332 157.486023 94.896431 49.768021 129.539764 65.284363 0.800232 152.925949 100.294357 72.298561 86.687798 74.272873                660 
-23.577744 157.484604 93.585648 50.034569 129.682739 65.192352 0.362739 152.682907 99.480019 72.706459 86.960510 74.439331                679 
-23.925407 157.204956 92.433952 50.337196 129.856842 65.194321 -0.016724 152.464783 98.781578 73.155334 87.267174 74.689697                698 
-24.134403 157.155396 91.364853 50.675484 129.973114 65.311089 -0.298155 152.300735 98.215981 73.438751 87.385307 74.945518                717 
-24.339258 157.256439 90.400826 50.992535 130.417740 65.362846 -0.591677 152.314667 97.727562 73.784241 87.852287 75.028778                735 
-24.385565 157.310303 89.565735 51.351398 130.791260 65.394104 -0.761296 152.335129 97.322632 74.097374 88.196022 75.036522                754 
-24.383614 157.433792 88.815437 51.732380 131.140762 65.580193 -0.911532 152.395203 97.028252 74.385689 88.499413 75.236969                773 
-24.382460 157.428360 88.410820 51.973194 131.325531 65.727051 -1.015428 152.340195 96.961266 74.600189 88.660828 75.342255                792 
-24.512068 157.449692 88.036781 52.098652 131.679764 65.854164 -1.249330 152.334351 96.824997 74.769310 89.020256 75.389206                811 
-24.552296 157.601746 87.784782 52.195030 131.795410 66.058807 -1.366244 152.339645 96.785538 74.750542 89.057404 75.515114                830 
-24.671360 157.753204 86.884438 52.534054 132.243851 66.414787 -1.631239 152.433456 96.307892 75.050034 89.514099 76.001701                848 
-24.442190 158.146912 85.216415 53.125595 132.085327 66.835381 -1.538753 152.739426 95.414589 75.039680 89.122971 76.771080                867 
-24.588127 158.164413 83.207832 53.520905 132.488464 66.645653 -1.093292 153.760452 94.681160 75.347466 89.542419 76.841171                886 
-25.193653 158.818466 77.847511 53.851677 133.712936 65.300835 -1.786653 155.025650 90.744072 75.374390 90.806908 76.280609                905 
-25.020981 160.410248 70.206177 54.442287 135.126892 61.021717 -1.497648 156.995377 84.048340 75.280930 91.968704 72.327988                924 
-28.124928 164.528961 57.760025 52.160297 140.781525 52.586090 -4.649884 162.334900 72.338951 73.398903 98.373665 65.822601                943 
-30.879538 166.804398 46.155075 50.202583 145.583160 44.010632 -7.435274 165.728104 60.834431 72.283226 104.066376 58.622662                962 
-33.615166 166.705933 31.753689 48.147514 149.734421 33.902271 -10.746258 167.260727 46.711391 71.199654 109.277565 49.919518                981 
-35.633904 164.375504 14.434737 45.766655 152.754974 24.045879 -14.562283 166.849731 30.159439 68.994186 113.387894 42.360493                999 
-37.148487 161.713486 -2.044147 43.066978 155.546295 11.958341 -17.566372 166.211639 12.606484 66.438393 117.446342 32.619411               1018 
-40.110275 159.557251 -19.330259 38.702885 157.564896 -1.236729 -21.650948 164.467377 -6.168212 61.843452 120.697693 21.785727               1037 
-39.376194 157.936813 -37.248207 37.475025 159.836685 -13.123645 -22.553097 160.420441 -24.946850 59.748631 124.669579 13.179799               1056 
-38.710903 157.527237 -53.111324 36.806301 161.358063 -25.761301 -22.584400 158.031555 -41.500729 57.969410 127.639870 3.220012               1075 
-36.662640 156.644211 -69.279655 36.775299 162.371292 -37.064392 -21.312151 155.860565 -57.230854 56.172367 130.065521 -5.365795               1094 
-35.850864 151.991058 -83.301971 35.503044 162.107498 -47.557297 -21.407562 151.185867 -70.386604 54.424042 132.159195 -13.354876               1113 
-34.514133 149.472885 -95.159943 34.875305 162.836060 -56.235550 -20.809320 148.138107 -81.055725 53.357128 134.759857 -20.251406               1132 
-35.437157 146.708481 -102.748901 33.527554 164.055771 -64.161453 -21.904823 145.161438 -87.922966 53.157295 138.482452 -26.940639               1150 
-32.948036 142.038498 -114.286980 32.194031 163.586716 -70.862740 -20.663610 140.546082 -97.615646 50.124435 140.504578 -31.234152               1169 
-31.213730 136.808136 -121.049622 30.446436 163.773926 -74.945244 -20.340338 135.728073 -102.530289 47.936333 143.720703 -33.512386               1188 
-29.594162 124.222023 -121.207359 28.205387 165.379715 -80.661636 -19.611296 126.780296 -102.069717 48.582634 154.067078 -37.285355               1207 
-29.440298 109.318214 -116.246994 24.954151 163.718613 -88.355965 -20.403582 117.093796 -97.880951 47.225082 164.655609 -44.448818               1226 
-28.717356 107.532661 -118.811996 23.578379 164.465576 -91.704010 -21.188021 116.057655 -99.917496 46.116089 166.864777 -47.988960               1245 
-28.082098 107.023552 -120.783386 22.808449 164.664566 -92.358902 -21.888866 115.538605 -101.204056 45.152901 166.842987 -48.533222               1264 
-27.580173 101.145111 -118.387497 20.957870 162.750092 -94.008629 -21.434546 110.919930 -98.948593 44.126118 168.544876 -50.946316               1282 
-30.162151 100.599754 -120.384827 18.946384 162.233582 -96.511604 -23.558826 110.300125 -100.430626 42.742470 168.349915 -53.837883               1301 
-32.770851 101.716286 -124.028137 17.450563 162.261063 -99.133392 -26.295462 111.294533 -103.485107 40.417095 168.239655 -55.988235               1320 
-33.789669 96.463737 -126.867241 13.745133 159.598297 -103.172981 -28.228973 106.905891 -106.457375 35.862556 167.734131 -59.937145               1339 
-34.621319 96.295746 -129.039139 12.486746 159.498764 -104.367630 -29.335049 106.548347 -108.119980 34.278652 167.542755 -60.949699               1358 
-33.297779 90.526955 -125.815384 11.091067 156.905884 -104.354088 -28.347086 101.926506 -105.095291 32.822918 168.043945 -61.594521               1377 
-35.509914 87.687431 -123.092712 9.666308 154.561920 -104.769264 -30.088888 99.815445 -102.693954 32.058083 167.324493 -62.811722               1396 
-37.439819 83.856415 -121.142586 7.583399 151.951080 -107.203644 -31.684710 97.199959 -101.546600 29.908773 167.619980 -66.206406               1415 
-42.615543 84.941147 -119.015038 6.008518 151.095642 -107.819458 -33.426266 97.633362 -100.472847 30.368444 166.516296 -67.900696               1433 
-42.317123 86.496811 -118.135529 6.071402 152.917358 -107.202499 -31.627739 98.949203 -100.071327 29.882460 169.010269 -67.217987               1452 
-46.066986 92.221634 -116.823479 5.704050 156.406830 -107.968033 -32.922192 103.848846 -99.545387 31.436077 171.765808 -68.895348               1471 
-47.195217 100.208153 -124.664299 5.464859 162.752701 -110.575386 -33.305611 110.063675 -106.658264 31.119287 174.752518 -70.294319               1490 
-48.195698 112.771912 -139.374832 6.216146 170.745270 -115.578094 -34.277073 119.578377 -119.904411 30.765799 176.454727 -73.276482               1509 
-48.973640 123.258705 -148.789978 7.180872 176.104660 -117.521362 -34.238201 126.941536 -128.209946 31.566875 176.109329 -74.742477               1528 
-47.560513 126.557213 -149.483612 9.063233 179.004913 -117.882011 -32.389729 130.169296 -128.541367 32.977402 179.411194 -74.839508               1547 
-49.111847 130.713516 -152.878708 9.096963 181.670944 -121.359634 -32.308208 133.649033 -132.234497 33.524673 181.394104 -78.605453               1565 
-47.727768 112.243149 -143.064407 3.587908 177.422043 -132.401733 -29.619228 123.415314 -125.919632 29.364897 193.268692 -93.554070               1584 
-48.476326 105.381592 -145.498810 0.906865 172.478271 -137.283264 -29.575506 118.180176 -129.448120 25.295118 191.267044 -98.852745               1603 
-42.593559 94.944893 -137.288757 -0.044353 167.087860 -139.235184 -21.864489 111.060860 -125.049873 25.099796 191.853943 -104.896820               1622 
-38.412769 80.657013 -112.290398 0.334904 152.879776 -129.903915 -17.341961 100.104225 -104.442062 23.846663 185.832611 -101.867912               1641 
-36.171265 79.549759 -114.355370 0.935283 152.888031 -131.087814 -14.731122 99.317337 -106.587585 24.027863 185.892578 -102.765686               1660 
-36.365063 79.491646 -110.661293 0.582515 152.157700 -130.574875 -13.515170 99.627411 -104.179642 23.432053 186.548386 -103.744125               1679 
-36.427090 79.843246 -108.486336 0.485263 151.962601 -130.490326 -12.391303 100.139351 -103.115440 23.353765 187.138260 -104.714088               1698 
-33.702358 80.985252 -108.273521 -0.982061 154.546173 -132.175476 -8.924660 101.099762 -106.097427 26.339127 188.263474 -108.907333               1716 
-32.808048 82.097946 -107.046844 -0.970375 155.636139 -132.272583 -7.664290 101.897476 -106.424194 28.416365 188.704636 -110.648438               1735 
-23.184210 102.954353 -91.602470 -0.434369 152.696381 -130.250854 -11.263551 102.133568 -102.142807 33.125561 182.939606 -110.660332               1754 
-19.053154 109.390503 -88.109818 -1.476714 152.707275 -129.767700 -11.714341 102.216988 -103.131096 34.593990 180.433517 -110.929710               1773 
-19.797930 108.438095 -81.640091 -2.349623 147.917526 -125.982170 -13.519351 98.969322 -97.683876 36.020718 173.917160 -109.355522               1792 
-21.650599 110.327057 -80.710701 -1.660180 147.756073 -125.471703 -14.359117 99.654938 -97.511665 37.618252 172.071304 -108.422234               1811 
-21.873899 111.179436 -83.080269 -0.607280 148.792862 -126.623123 -13.967057 100.153496 -100.482170 38.757957 171.893143 -108.144341               1830 
-21.217768 110.550591 -85.831764 0.055348 149.689072 -127.395996 -13.836428 99.880165 -103.953064 39.577843 171.340591 -107.549240               1848 
-20.751509 110.393456 -87.145866 0.379640 150.127670 -127.774246 -13.780112 99.855614 -105.622887 39.984844 171.032761 -107.301956               1867 
-20.185600 110.383049 -86.959106 0.473147 150.038025 -127.615349 -13.434587 99.700668 -105.537766 40.057499 170.999329 -107.160210               1886 
-20.620434 109.441940 -86.203285 0.264012 148.994522 -126.633530 -14.098413 98.690140 -104.797882 39.908871 169.572891 -105.908539               1905 
-20.702234 108.857796 -86.857132 0.617314 148.848831 -126.461662 -14.222588 98.272026 -105.618065 40.245617 168.761627 -105.065674               1924 
-19.420946 107.610580 -85.273918 1.097392 147.279999 -125.486946 -13.354239 96.818085 -104.119019 41.082664 167.298508 -104.867851               1943 
-19.563742 107.135811 -84.836914 0.949150 146.657196 -125.089607 -13.804682 96.259468 -103.810165 41.312981 166.156860 -104.712303               1962 
-19.746788 103.964958 -79.069244 0.707770 141.028732 -121.536201 -14.674009 92.004509 -97.771393 42.114635 160.212067 -103.038071               1981 
-20.439528 105.097931 -78.872833 2.426660 141.682877 -120.439568 -14.734592 92.922394 -97.523895 43.555630 159.804443 -100.321747               1999 
-20.810452 105.801430 -77.331772 3.083430 141.161316 -119.310570 -14.275982 92.907440 -95.836159 44.011539 159.358200 -98.853951               2018 
-17.584959 104.777908 -78.697128 2.696548 142.614120 -120.356781 -10.568827 92.725082 -97.690369 42.763084 163.146225 -100.411484               2037 
-16.505733 104.019310 -80.736786 2.474496 144.014481 -120.873642 -8.701845 92.845222 -100.015732 41.198975 165.762970 -99.610344               2056 
-15.441501 101.749718 -90.530434 -0.736682 148.334091 -124.809280 -6.490247 93.988831 -110.940170 35.267128 171.081314 -100.090881               2075 
-20.461252 101.729034 -114.763641 -3.605172 156.277405 -131.891602 -9.605982 100.338257 -135.663971 29.451210 170.100632 -98.114326               2094 
-20.701487 100.747009 -119.648170 -5.385544 156.721085 -132.999100 -9.018063 100.902237 -140.138840 25.609781 169.770294 -97.030815               2113 
-32.245350 106.768433 -123.156715 -11.023119 161.750870 -129.178940 -21.667292 108.485954 -144.340500 22.290634 165.415131 -93.102951               2131 
-38.723953 109.376923 -125.334908 -17.586464 164.428925 -123.872307 -28.658680 113.971008 -146.501526 15.935482 162.634674 -87.847740               2150 
-46.459747 143.235397 -111.835342 6.171712 174.519089 -101.784172 -53.575962 148.155716 -110.564659 31.537195 156.705719 -63.522102               2169 
-48.163113 153.701797 -100.393066 10.246489 176.325424 -87.686691 -59.957958 163.094421 -90.189034 34.386761 154.106522 -50.967793               2188 
-48.924519 162.257385 -84.926987 12.483728 177.177780 -74.675171 -60.326481 175.569000 -71.150635 35.806702 150.501877 -40.482403               2207 
-48.670872 164.767197 -68.149689 13.916163 175.760315 -61.694744 -58.438690 182.612015 -52.795403 37.195213 148.057022 -28.298275               2226 
-31.346682 162.164948 -40.672256 14.839293 173.179108 -48.995449 -56.370739 186.570343 -36.516861 37.839134 145.146057 -15.680810               2245 
-26.645947 158.161499 -23.619568 16.089285 170.155029 -36.509575 -54.208530 187.188156 -21.755360 39.453251 142.798782 -2.887102               2264 
-23.774900 154.871048 -9.154703 18.304970 166.672333 -23.272907 -50.662781 188.276123 -5.460171 41.868488 139.409897 10.286444               2282 
-21.702717 153.008133 3.396322 20.404234 163.720123 -11.198119 -46.704266 190.071686 9.135681 43.402355 135.304184 21.791742               2301 
-19.339018 151.748001 14.908555 23.059090 161.192230 0.461762 -42.211086 192.202576 21.713383 44.949913 132.185196 33.689678               2320 
-17.577713 150.024170 26.599760 24.369429 159.184830 10.855062 -38.605221 193.789917 34.730160 47.033211 130.735519 44.046921               2339 
-15.359462 147.818176 36.175632 26.079868 157.992340 19.830578 -35.619144 193.935959 46.062176 49.794724 129.817459 52.518368               2358 
-13.456770 146.539444 44.360798 27.837280 157.015411 27.930721 -32.486286 193.975769 56.034328 51.654800 127.806946 59.621441               2377 
-11.913982 144.633759 51.125839 29.109468 155.569717 34.399734 -29.495987 193.703110 64.732285 53.322746 125.628059 65.090515               2395 
-10.053089 142.092361 57.741100 31.316555 152.153793 41.392540 -23.398909 192.716705 75.499603 54.149055 118.859497 69.586090               2414 
-9.971688 141.305557 61.555218 31.208981 151.970871 45.175640 -22.351799 192.611725 80.706345 54.338730 118.072906 72.390572               2433 
-8.079109 139.047119 65.676208 33.293556 149.571899 49.752666 -19.486465 190.376038 85.588936 55.778618 114.600449 76.136932               2452 
-6.380029 136.840744 69.863914 34.971882 147.456360 53.999786 -17.063042 188.194489 90.231194 57.307209 111.802620 79.585999               2471 
-7.304060 137.595062 72.494568 33.333729 149.412918 55.710190 -19.171080 189.107605 91.841743 57.328751 114.912971 81.375397               2490 
-9.179401 137.702438 72.782509 32.018547 149.644257 55.948509 -19.587212 189.126556 92.986603 55.993904 114.398521 80.598656               2509 
-9.914413 136.191193 74.132759 33.015099 147.113968 57.711216 -16.892769 187.106094 95.491753 56.103241 110.432564 81.080460               2528 
-10.747714 134.721710 75.377502 34.280560 144.160446 59.838203 -14.175862 184.958145 97.838875 56.132084 106.198708 82.335472               2546 
-11.336522 132.613266 75.466484 36.025898 139.646179 61.509769 -10.790861 181.249908 99.811943 55.631767 99.725945 82.644920               2565 
-12.369725 132.511093 75.364098 36.940590 137.434906 62.470074 -8.618759 179.079025 101.308144 55.032486 96.051498 82.086586               2584 
-7.748285 135.002792 73.001938 35.159702 144.361786 59.399059 -19.400352 168.596115 84.373611 56.321339 105.421066 80.858688               2603 
-23.919962 136.504944 66.049919 39.736816 145.855072 59.893436 -16.518850 164.700974 87.117668 65.413406 110.194977 82.114609               2622 
-31.958925 135.936447 63.933170 42.270653 137.034286 66.054817 -12.601667 162.705368 91.847664 63.375568 100.108101 90.869125               2641 
-34.044270 135.223312 65.483986 41.716209 139.384903 66.025681 -14.560669 154.117233 89.039627 66.700035 103.742966 89.051125               2660 
-36.448372 133.673599 66.234062 38.375828 143.046127 64.847076 -18.658901 149.527344 85.468979 66.216194 108.811050 86.700752               2678 
-36.047783 136.003632 67.297966 39.253887 139.459808 65.891647 -17.159109 150.936874 86.309692 64.247719 103.539078 88.468613               2697 
-24.930880 138.532059 69.046768 34.466709 146.565414 62.283371 -22.900465 149.581619 75.205269 57.472759 108.423386 83.274261               2716 
-24.156906 154.019623 64.752434 34.814228 144.226746 62.149918 -24.875660 148.306000 82.420105 60.113865 106.315102 80.787117               2735 
-17.080179 157.262299 67.750175 40.745354 134.591385 65.976234 -17.948614 147.842468 92.725021 65.388885 97.308449 86.649612               2754 
-15.162105 155.082779 70.277985 42.469482 130.793808 67.316666 -15.593262 148.003891 96.669632 67.092659 93.740814 88.423180               2773 
-14.867424 154.513397 70.908745 42.784977 130.098907 67.561951 -15.217910 148.556000 97.264977 67.410316 93.090004 88.743179               2792 
-15.363268 153.877502 71.128609 42.723652 130.097260 67.516174 -15.379314 149.303238 97.317307 67.512199 93.301804 88.878113               2811 
-15.855534 153.041443 71.459274 42.716698 129.961548 67.528503 -15.277369 150.308594 97.643921 67.643143 93.360481 89.063232               2830 
-16.370775 152.165527 71.911247 42.710613 129.842773 67.539299 -15.143333 151.042999 97.801384 67.756462 93.412743 89.224960               2848 
-16.899271 151.449234 72.367683 42.667957 129.848679 67.569450 -14.811585 152.136032 98.244057 67.827751 93.555054 89.351730               2867 
-16.591351 150.389465 72.788277 43.156914 128.621887 67.431595 -13.872182 151.704697 98.625305 67.780083 91.528656 88.467323               2886 
-5.408020 129.909134 70.728462 33.988705 143.937729 64.661011 -26.896915 159.486710 88.856438 61.610062 108.845306 85.404495               2905 
-9.286321 143.753143 76.947502 34.783379 144.630524 64.862587 -19.432650 161.625244 101.274292 62.382015 106.010262 77.958420               2924 
-5.116945 135.379822 73.808983 33.199875 147.520157 64.997032 -24.524446 163.931519 95.714531 61.154045 110.401382 81.290298               2943 
-12.900433 144.729004 71.538490 34.492874 146.392563 65.412262 -25.437138 158.741547 94.249840 62.822983 109.785538 82.206329               2961 
-10.460635 149.692841 75.867783 43.189369 133.904984 68.630028 -13.902462 154.343216 99.689171 67.853554 95.273445 86.629829               2980 
