-41.430561 140.021194 91.205811 23.866297 144.037949 80.307404 -29.399630 147.900955 105.727318 47.815094 101.326721 75.119316                  0 
-41.485680 140.107285 91.302490 23.814455 144.324387 80.377594 -29.465563 147.934128 105.785843 47.899048 101.702225 75.086739                 18 
-41.524208 139.953369 91.265297 23.767147 144.464096 80.391800 -29.575144 147.816772 105.666962 48.054695 101.949677 75.162117                 36 
-41.527977 139.963242 91.306694 23.776695 144.506851 80.431648 -29.586447 147.764175 105.656273 48.094452 102.015587 75.154396                 54 
-41.540535 139.987305 91.301682 23.782597 144.499054 80.442459 -29.596727 147.732864 105.629143 48.084835 102.003632 75.127441                 72 
-41.543293 140.008942 91.282631 23.785515 144.480713 80.438583 -29.595335 147.727112 105.620575 48.053951 101.971825 75.076958                 90 
-40.326374 139.869736 91.666351 25.022242 141.203644 80.098434 -27.928392 147.635086 105.592300 47.481739 97.552734 76.241203                108 
-40.341011 139.855072 91.611412 25.015976 141.505798 80.060806 -28.039814 147.583664 105.478462 47.709473 97.974556 76.220718                126 
-40.220398 139.811844 91.776756 25.114052 141.859238 80.176140 -28.025570 147.374878 105.613495 47.987942 98.464226 75.890305                144 
-40.103600 139.704346 91.866081 25.195927 141.996353 80.249313 -27.982029 147.222458 105.718735 48.169010 98.676941 75.735336                162 
-40.063557 139.728516 91.998413 25.211899 142.069565 80.325890 -27.958618 147.199463 105.857010 48.186157 98.765900 75.669083                180 
-40.082371 139.704697 91.954765 25.193571 142.054947 80.282684 -27.992823 147.153000 105.815102 48.170986 98.755600 75.601425                198 
-40.442547 139.631729 91.979492 24.789558 142.799423 80.244812 -28.448517 147.282257 105.806824 48.325356 99.787323 75.691154                216 
-40.636284 139.582245 91.797562 24.607239 142.866959 80.149254 -28.676767 147.242828 105.645309 48.221405 99.896706 75.606300                235 
-40.785118 139.444580 91.654510 24.451742 142.809708 79.992577 -28.844181 147.172821 105.479713 48.143654 99.866707 75.599136                253 
-41.008862 139.327835 91.486656 24.247135 142.663513 79.924461 -29.089767 147.047821 105.341888 47.925587 99.708801 75.573166                271 
-41.247658 139.236954 91.237038 24.043530 142.378464 79.820717 -29.330826 146.860855 105.182289 47.575100 99.353462 75.368355                289 
-41.419708 139.031204 91.039337 23.880068 142.414749 79.742592 -29.573633 146.695374 105.042419 47.580517 99.476250 75.351295                307 
-41.523476 138.860428 90.938675 23.776581 142.424393 79.699814 -29.728716 146.534439 105.039314 47.596676 99.550720 75.322403                325 
-41.564880 138.651749 90.835503 23.696518 142.419342 79.668091 -29.846655 146.366745 105.012711 47.612820 99.600685 75.276917                343 
-41.562542 138.424225 90.739220 23.631447 142.395248 79.633080 -29.935005 146.208420 104.971169 47.624680 99.620895 75.229713                361 
-40.906593 136.894150 90.148346 24.305025 140.595016 79.061256 -29.242027 144.565201 104.477592 48.104923 97.722595 74.563507                379 
-39.836723 135.489838 89.616989 25.292358 136.355820 77.511421 -27.644300 142.456284 103.892830 47.061401 92.500252 72.266640                397 
-40.045227 135.174988 89.744576 25.077517 136.590851 77.660141 -27.965958 142.419647 103.951767 47.325768 92.910561 72.995651                415 
-40.184799 134.952194 89.852829 24.956059 136.877258 77.920418 -28.230410 142.383179 104.051636 47.620171 93.370232 73.655792                433 
-40.402122 134.706055 89.886742 24.758001 137.208252 78.151192 -28.584473 142.307251 104.095078 47.868740 93.904610 74.227097                451 
-40.695618 134.578629 89.936783 24.478621 137.553497 78.374229 -29.012022 142.302948 104.224052 47.949928 94.420769 74.717064                470 
-40.901836 134.406448 89.917526 24.282591 137.760620 78.500443 -29.322815 142.212830 104.228867 48.035038 94.767220 75.022133                488 
-40.173630 132.877045 89.616257 25.089384 136.069992 78.543282 -28.660276 140.625351 103.997932 48.759850 93.021622 75.188133                506 
-40.361702 133.038986 89.683197 24.914043 136.305176 78.641563 -28.908033 140.835464 104.163773 48.667000 93.289650 75.452278                524 
-40.645626 133.407959 89.661087 24.767839 136.681900 78.658447 -29.116980 141.012466 104.142220 48.668442 93.747375 75.480858                542 
-40.737843 133.709671 89.565262 24.744726 136.859695 78.603943 -29.160572 141.216949 104.065529 48.609646 93.906532 75.409920                560 
-40.819630 134.354965 89.400467 24.789503 137.215118 78.428719 -29.115458 141.674011 103.910088 48.544979 94.206131 75.170731                578 
-40.970924 135.543839 89.023117 24.744221 138.349274 77.980736 -29.163805 142.794083 103.488449 48.587479 95.378120 74.868172                596 
-40.684776 136.314545 88.302917 25.161499 138.830139 77.514053 -28.833956 143.375381 102.843109 48.855122 95.783485 74.303436                614 
-22.779455 124.088837 74.655029 18.809454 145.595764 72.742790 -37.637375 150.895782 101.218727 48.083527 106.384422 78.239082                632 
-19.015985 122.959099 72.810951 17.178659 145.505524 71.335304 -40.779751 157.733124 98.597527 43.897118 105.278809 80.960533                650 
-19.383982 124.081482 72.023285 16.287844 146.926956 69.991325 -41.690514 160.535889 96.790779 42.763885 106.820442 80.724312                668 
-19.120287 126.093681 70.811371 16.316116 149.164795 67.421036 -41.296246 163.558960 94.565315 43.232918 109.655830 79.220894                686 
-19.684612 129.449173 70.043510 15.278399 152.884109 64.705040 -39.960556 166.442368 96.153954 43.193119 113.243690 73.314095                705 
-21.392889 137.432541 66.536690 14.665508 159.231583 61.404636 -38.053345 173.625183 95.924210 40.498627 117.519585 65.584213                723 
-20.682114 143.386734 63.372265 15.712579 164.885330 57.917213 -36.708485 180.069107 91.123627 41.261536 123.020714 62.311977                741 
-19.673483 148.401184 56.115520 18.438951 168.207581 52.105717 -34.057041 184.971146 83.697189 42.089943 125.202858 56.097515                759 
-18.875294 153.584213 45.187546 20.948215 172.320740 43.612816 -33.022358 189.591949 71.325974 43.861473 129.043335 48.785755                777 
-17.380480 156.791565 34.060608 23.744223 175.019623 34.798073 -31.820400 192.530426 57.242451 46.532246 132.077576 42.633610                795 
-16.825027 159.707672 26.395607 23.690619 179.910675 27.098732 -32.243382 193.322083 44.978745 48.686913 138.161591 34.642559                813 
-16.250492 161.601669 15.962026 23.234182 184.036789 16.170769 -32.785213 194.156097 26.523218 50.205791 144.554810 27.935795                831 
-15.396263 161.241745 4.345151 23.558924 185.619263 4.660691 -32.020885 192.067139 9.020543 52.084301 148.772781 20.577656                849 
-14.551043 159.860779 -9.513665 23.636200 186.198257 -7.937344 -31.431862 188.904312 -10.083980 52.585632 152.394226 13.132236                867 
-14.196608 158.608444 -25.384359 24.050892 186.495407 -20.924900 -30.213779 185.511047 -29.520555 52.117496 156.219131 5.913929                885 
-13.323969 155.833145 -41.420391 24.295992 185.787399 -33.114254 -28.683361 180.690018 -46.865452 51.443764 158.639694 -2.280662                903 
-12.823071 152.098145 -56.209732 23.104012 184.855637 -45.124775 -28.255657 174.855774 -62.075741 50.331673 160.844650 -11.855607                921 
-10.912094 147.452011 -69.416618 22.639183 183.013474 -55.357067 -26.589323 167.960312 -75.559128 49.411404 161.995499 -19.773333                940 
-8.929660 141.550415 -79.614128 22.429750 179.787399 -64.132683 -25.086746 160.021240 -86.026772 48.620087 162.204620 -26.322340                958 
-7.477541 134.829773 -86.045815 22.147657 175.534775 -71.159248 -24.924017 151.367264 -92.592766 48.267609 161.742645 -31.760830                976 
-7.109337 129.359192 -89.637482 21.944180 171.720657 -76.249626 -24.896919 144.434570 -96.519264 47.659039 161.411057 -35.541298                994 
-6.572715 118.930527 -90.148369 21.274818 164.504196 -81.140923 -24.006609 131.661087 -97.360184 46.933567 161.700912 -39.206688               1012 
-7.467460 115.960724 -93.486610 20.576239 162.393692 -83.889793 -24.232607 128.162811 -99.327477 46.583935 160.585037 -42.116138               1030 
-8.505599 108.990334 -93.247398 19.716188 156.847061 -87.022362 -24.430216 120.345131 -99.385674 45.047668 159.778793 -44.898365               1048 
-9.213103 103.985931 -96.351036 17.392635 153.448807 -91.604507 -25.126585 114.487236 -102.400360 42.500763 159.159897 -49.632195               1066 
-9.963326 97.311493 -98.183868 12.718842 149.399338 -96.015434 -26.426125 106.357506 -103.638092 38.369854 159.309464 -55.167854               1084 
-9.743322 96.519249 -97.156982 13.567398 148.662079 -95.338295 -25.842602 105.842918 -102.742569 38.828327 158.981583 -54.349228               1102 
-9.494342 95.760139 -97.856956 13.795816 148.126694 -95.675064 -25.383841 105.222977 -103.541023 38.515141 158.559006 -54.385452               1120 
-11.297730 93.364212 -98.606255 12.227270 145.993362 -97.524269 -26.292049 102.797081 -104.799606 36.317650 157.770477 -56.224590               1138 
-11.182096 93.255394 -98.050674 11.768561 146.437347 -97.917458 -25.675854 102.634636 -104.340553 36.124668 159.274490 -57.092243               1156 
-12.467400 92.027534 -96.757088 10.143785 145.779175 -98.435349 -25.359903 101.243958 -103.268341 35.171940 160.245346 -58.572693               1175 
-14.036166 90.724464 -96.836151 8.527812 144.926926 -99.581581 -25.216103 99.875374 -103.631126 33.884289 160.502136 -60.349304               1193 
-14.078645 90.047211 -95.806633 8.120685 144.715439 -98.744301 -24.308596 99.206985 -102.677521 33.660297 160.740860 -59.813286               1211 
-15.344756 90.412674 -96.141342 7.460514 145.252304 -98.669678 -25.237818 99.953056 -102.653961 33.420658 160.952927 -59.884747               1229 
-16.130505 91.172821 -97.428154 6.527707 146.480881 -99.632187 -25.817383 100.928497 -103.646523 32.671638 162.257431 -61.001823               1247 
-16.094633 89.783546 -97.138710 5.942146 145.606506 -100.465034 -25.718447 99.484253 -103.458885 31.937269 162.696365 -62.295670               1265 
-16.390764 89.434769 -97.643265 5.926760 145.389786 -100.589272 -25.970131 99.407082 -104.098183 31.682480 162.369446 -62.209019               1283 
-17.618135 88.876366 -98.942841 5.051476 145.123016 -101.218086 -26.947254 99.212646 -105.172287 30.832388 161.855560 -62.746319               1301 
-21.779585 88.530037 -102.425636 1.172441 145.375488 -103.695824 -30.677179 99.341614 -107.524475 28.132660 161.580658 -65.811150               1319 
-22.823952 88.195450 -102.779251 -1.186994 146.160553 -104.497940 -31.713036 99.133026 -107.530678 25.320772 163.944473 -67.004196               1337 
-23.754131 87.691246 -101.744545 -2.558050 146.310379 -104.105911 -32.579895 98.877953 -106.310677 23.734632 165.213913 -67.010612               1355 
-23.905706 87.020691 -100.593010 -6.552860 147.351059 -102.555161 -33.473274 98.041069 -104.154381 20.238045 167.541504 -66.509315               1373 
-32.082989 92.182114 -105.171875 -12.046999 151.961868 -99.955231 -41.020287 104.200081 -106.304092 17.301508 166.534531 -63.199112               1391 
-35.094753 91.754242 -105.963737 -19.184114 152.970901 -98.352425 -44.693665 103.325905 -105.236496 11.848764 168.088684 -63.236572               1410 
-46.491673 95.863686 -114.130432 -31.176823 157.025330 -104.009987 -56.241383 107.306023 -112.012085 1.895782 170.869797 -70.257301               1428 
-49.082191 94.430885 -111.535446 -36.134933 156.387039 -100.926697 -59.096756 105.679840 -109.119995 -3.730771 171.554459 -67.094322               1446 
-52.766972 92.951294 -105.307312 -45.182575 157.115387 -100.374207 -63.140575 103.787361 -102.740417 -13.037456 178.577682 -69.865669               1464 
-73.589645 98.922195 -104.049744 -57.011028 161.382339 -98.745361 -82.176979 110.954666 -99.936432 -18.776047 177.312424 -72.117775               1482 
-86.779221 104.225922 -105.831047 -64.916145 164.134369 -94.650322 -94.522598 116.385788 -99.760925 -23.604092 173.531021 -69.555962               1500 
-95.955139 105.824921 -102.735573 -71.696358 164.510361 -89.914398 -105.029655 118.030098 -93.636314 -28.848303 171.462692 -66.667480               1518 
-109.586021 110.545166 -105.415001 -79.746750 164.938248 -86.687569 -118.032616 121.560486 -92.159325 -34.522781 165.538101 -67.215988               1536 
-119.084480 112.436935 -105.414627 -86.068810 163.697906 -83.420914 -127.290642 121.992775 -89.002129 -39.724464 160.899704 -67.017204               1554 
-124.650421 108.320091 -103.372612 -92.522743 159.861588 -80.459198 -133.280487 117.037056 -85.948425 -45.980263 157.795837 -64.514290               1572 
-135.178833 104.722298 -105.488266 -104.283195 156.996948 -82.172989 -144.410110 112.705376 -86.713104 -57.575439 156.176804 -66.603058               1590 
-141.316757 98.836227 -104.732117 -111.696747 151.735214 -80.667702 -150.387299 105.589378 -84.608765 -64.513550 152.520447 -66.602165               1608 
-144.728302 97.119057 -102.126015 -120.959480 155.222229 -83.724960 -156.703323 106.194595 -83.991112 -76.090851 161.628586 -64.477249               1626 
-150.485779 97.234749 -98.572525 -127.802704 157.204086 -85.554771 -163.646454 108.148857 -82.032692 -84.105171 166.032532 -64.643196               1645 
-160.520966 96.532227 -96.544495 -133.558777 155.028488 -85.033455 -173.092163 108.799721 -80.497032 -89.622841 161.223862 -63.680214               1663 
-171.498932 98.698013 -98.008377 -136.846542 152.152176 -83.040291 -181.804947 110.586685 -80.139694 -91.623573 150.929504 -63.595535               1681 
-174.421066 97.659790 -98.925629 -138.904968 149.578445 -80.868721 -184.641663 108.327583 -80.229118 -93.757866 146.473297 -61.457218               1699 
-180.800232 99.255142 -106.251747 -142.495895 143.631912 -77.144707 -190.227676 105.185684 -85.153206 -97.220947 133.951447 -60.376350               1717 
-185.209854 97.082413 -104.103561 -144.098602 139.096085 -75.308762 -194.126297 103.445648 -83.158104 -99.457855 126.667465 -58.652122               1735 
-184.853439 92.448143 -99.209007 -142.158768 133.546921 -71.035721 -192.911758 99.222816 -78.380638 -97.602402 120.163391 -54.901245               1753 
-184.948853 91.193733 -97.779610 -141.714890 131.966843 -69.442902 -192.652161 99.070068 -77.545273 -97.768417 118.077362 -52.107960               1771 
-180.901917 90.061607 -96.852615 -137.627319 128.126144 -64.661415 -184.880142 98.716690 -78.688210 -94.319000 112.467209 -47.228760               1789 
-183.446411 92.224854 -97.704346 -139.232208 128.421631 -64.374542 -183.481857 101.493355 -81.363014 -95.805145 111.685738 -48.290066               1807 
-187.299133 93.406769 -98.513962 -141.076920 126.590897 -64.559074 -185.402893 102.967812 -82.895081 -98.884033 107.148506 -48.235344               1825 
-188.034439 94.850616 -98.982552 -141.141144 127.070496 -64.842392 -185.529709 104.353302 -83.476570 -99.285378 106.860237 -48.583553               1843 
-188.506424 95.270256 -98.583267 -141.082108 127.199539 -64.754234 -185.483215 104.869537 -83.406448 -99.536118 106.600868 -48.191166               1861 
-188.860123 95.584404 -98.296722 -141.038986 127.293808 -64.689827 -184.925980 105.120728 -83.908035 -99.722755 106.420296 -47.897694               1879 
-189.509445 98.764503 -98.438774 -140.113037 127.161819 -63.985287 -183.687881 107.363014 -85.278168 -100.017639 103.818375 -47.488243               1898 
-189.302353 101.830315 -99.033981 -138.902237 127.269661 -63.719330 -180.748108 109.445221 -87.925140 -99.949394 101.838646 -47.574699               1916 
-187.580521 103.499680 -99.494171 -137.607834 127.135063 -62.350113 -178.085739 110.531784 -89.094994 -100.035881 100.387733 -45.097904               1934 
-181.130951 100.104576 -101.469299 -135.183884 127.866425 -62.059383 -172.430939 107.983353 -91.126862 -98.120117 103.708977 -40.439854               1952 
-178.754364 101.886261 -103.352295 -133.759796 134.185440 -66.372360 -170.259674 110.937569 -93.866928 -97.775116 112.754707 -40.477642               1970 
-181.022980 100.357689 -102.834305 -135.572327 140.134521 -74.772179 -172.995956 109.830284 -95.235336 -98.061081 124.886627 -46.752220               1988 
-163.620132 99.535065 -76.130539 -120.121758 143.169724 -52.475330 -160.369965 100.002342 -66.258232 -78.079460 130.967178 -29.930872               2006 
-154.856949 102.373924 -72.816635 -114.246468 147.081284 -46.480133 -153.125443 97.483147 -61.742931 -71.053635 136.156128 -25.510384               2024 
-160.528061 117.707291 -66.381531 -115.343941 161.170593 -46.155807 -159.394867 113.101212 -54.567493 -72.622284 148.733368 -25.063494               2042 
-158.094666 125.596512 -62.096504 -111.394531 169.203140 -46.199169 -156.625092 121.338448 -50.035740 -67.858009 157.051712 -26.663977               2060 
-154.331406 125.797539 -52.771111 -108.289764 171.805649 -43.390144 -152.419891 122.670441 -40.339748 -63.616032 162.613037 -24.830410               2078 
-149.442337 136.473923 -34.666210 -101.962875 181.561951 -35.182339 -147.130859 134.923492 -22.049614 -56.197880 173.162430 -19.066414               2096 
-126.240234 129.132217 -35.716686 -100.208458 176.517456 -32.903923 -138.954147 122.789658 -29.091057 -53.731400 171.347672 -17.481007               2114 
-113.166695 128.605164 -32.197739 -97.564011 175.487427 -26.749187 -132.432220 118.948036 -28.566439 -50.192783 171.763397 -13.833757               2133 
-100.662697 131.688828 -20.358353 -88.488647 178.214050 -15.821182 -122.146004 120.820396 -16.778856 -40.495625 175.418320 -5.164576               2151 
-89.932076 134.054550 -9.944667 -79.615311 180.440430 -6.680235 -112.565956 122.537003 -6.211134 -31.409998 178.396561 3.157460               2169 
-81.393494 135.493790 0.327350 -71.127205 181.436539 2.490018 -105.227997 124.143044 4.338145 -22.806677 178.551178 11.518353               2187 
-73.715126 136.919113 8.793526 -61.810959 182.009323 10.653540 -99.284691 126.761787 11.859497 -14.040139 176.373322 21.184177               2205 
-70.308014 139.571899 21.837738 -59.309696 184.448273 17.913982 -96.725952 129.357834 23.542906 -12.869485 181.163162 33.952206               2223 
-64.172188 143.972168 37.751305 -51.175350 186.406723 25.006710 -91.100937 133.817627 35.726311 -9.696477 188.201263 51.482971               2241 
-57.712490 148.312836 51.276051 -41.693581 186.168655 30.551535 -83.617798 136.149353 45.463696 -8.262887 197.690903 64.820129               2259 
-57.546707 204.288101 80.656105 25.366863 155.208450 60.893349 9.441896 207.306381 55.745964 72.495255 140.975281 61.913925               2277 
-57.349728 204.138245 82.890846 25.117111 154.449203 62.832172 9.795667 206.801422 58.497116 72.079788 139.684586 63.938068               2295 
-56.533276 204.176056 85.883354 26.271545 154.432632 67.438873 11.077793 206.801590 62.863194 73.191544 139.633667 69.491623               2313 
-52.066372 205.056625 89.877312 29.482819 153.202209 71.654381 15.251531 205.722305 65.874809 76.129150 137.534042 73.481415               2331 
-49.236866 203.786621 92.987595 30.729572 149.644318 74.456963 18.438320 202.789352 70.118317 76.762787 132.289719 76.571281               2349 
-48.000927 202.578888 95.763252 31.119856 147.905701 75.309891 19.454273 201.285721 72.346367 76.949364 129.947357 76.674973               2368 
-47.408333 200.458649 98.548157 30.704926 144.581894 77.525139 20.459538 198.324249 76.483643 76.024834 125.392174 79.128311               2386 
-40.044308 182.250717 100.983337 9.317586 137.606873 70.960983 -18.055201 181.939484 88.793221 58.259613 132.823334 73.511589               2404 
-34.229107 180.431839 108.409424 3.906794 137.059265 71.214195 -25.937271 176.027908 97.531281 52.802055 132.974548 75.370918               2422 
-35.211552 182.833984 111.960571 2.670263 138.772446 73.803207 -27.783903 176.667618 101.661324 51.671486 135.574402 77.458702               2440 
-36.224163 181.024643 112.731155 1.574532 138.044006 72.809258 -28.792219 174.743515 102.764740 50.491302 134.026245 76.773750               2458 
-39.141064 180.323563 112.149628 0.874153 138.362091 73.232239 -31.471666 173.887680 102.999092 49.819611 136.081039 78.115776               2476 
-41.490520 179.526779 111.689537 1.386395 137.996292 75.460625 -33.746117 172.547470 103.853539 50.321354 139.125549 80.827606               2494 
-42.900291 178.115402 111.148895 1.964007 137.445190 76.391846 -35.240421 170.664841 104.431107 50.746632 140.973984 82.093880               2512 
-43.710995 175.934265 111.137718 2.243660 136.659714 76.152107 -36.078903 168.352554 105.027771 50.899532 141.294815 82.138077               2530 
-44.907333 173.885147 110.881981 2.455060 136.183258 76.000824 -37.118053 166.354996 105.187157 50.903351 142.152588 82.469215               2548 
-45.315826 171.075500 111.197777 2.297312 134.480423 75.441696 -37.630295 163.502167 105.721542 50.693279 140.196335 82.503471               2566 
-46.057281 169.429352 110.951797 2.274839 133.788086 75.161362 -38.386147 161.820572 105.749733 50.529804 139.914581 82.818665               2584 
-46.589615 167.845444 110.828964 2.242324 132.847321 75.050468 -38.918774 160.239243 105.747704 50.390568 139.283630 83.114616               2603 
-46.892681 166.383163 110.058594 2.580685 130.928619 75.608017 -39.209240 158.632797 105.376289 50.576836 137.742935 84.247719               2621 
-46.991467 164.512619 109.893356 2.663543 129.532486 75.195305 -39.352726 156.782303 105.228485 50.605042 136.188538 84.251762               2639 
-47.220131 164.068176 110.103294 1.232701 127.838753 74.957100 -39.906738 156.093460 105.413849 49.382217 133.107559 83.821274               2657 
-47.354801 164.222504 110.316162 0.287366 127.074280 74.991539 -40.370621 155.994385 105.715073 48.540878 131.516266 83.742371               2675 
-47.280914 164.483871 110.600853 -0.256724 126.719444 75.075569 -40.625504 156.010696 106.176369 48.061939 130.559601 83.751381               2693 
-46.820835 164.368576 110.974480 -0.512052 126.134529 74.977829 -40.435436 155.733383 106.602997 47.869743 129.042984 83.664169               2711 
-45.819744 163.543930 111.667595 -1.116960 124.627602 74.365601 -39.821842 154.769302 107.092659 47.405476 125.772232 82.670593               2729 
-38.496788 156.932220 112.834457 1.932413 116.934067 71.950676 -33.434494 148.022095 107.559059 50.404430 112.782852 79.562561               2747 
-33.915035 152.229507 113.912949 3.364412 110.767868 71.503754 -29.439180 143.217285 108.481583 51.820103 104.412903 77.534546               2765 
-29.470890 149.202744 115.180954 3.589356 107.975845 69.154770 -25.771862 140.503372 109.031837 51.336929 96.921570 73.917358               2783 
-27.367241 143.006256 116.510506 3.269544 104.966118 66.232933 -22.906281 136.655075 108.581543 50.006535 89.921913 69.979347               2801 
-26.905828 143.671066 116.580460 2.912967 104.246010 66.876534 -21.519926 138.505783 108.101822 49.502007 88.743095 70.595505               2820 
-25.342155 142.615112 117.836517 2.090910 102.883881 67.010773 -19.485735 138.454941 108.613907 48.299198 86.039734 69.414703               2837 
-26.114523 142.903458 118.274788 0.815296 102.833885 67.485489 -20.140732 138.993088 108.963997 46.613285 84.953850 70.234779               2856 
-25.786472 147.012772 120.150803 -2.052654 105.134880 69.472504 -20.620029 142.873611 110.788513 43.022614 85.424339 71.575966               2874 
-25.704987 149.522705 122.168144 -5.301010 106.942413 71.158943 -22.382460 145.058624 113.362633 39.265739 86.029930 72.246521               2892 
-21.441786 151.810364 124.972992 -8.042778 108.933464 72.390312 -20.499681 147.149323 116.674500 34.840973 84.792137 70.690201               2910 
-19.523705 151.814728 125.354134 -8.320683 109.657982 72.042458 -19.962748 147.245956 117.498779 34.139423 84.860847 69.405876               2928 
999.000000 999.000000 999.000000 999.000000 999.000000 999.000000 999.000000 999.000000 999.000000 999.000000 999.000000 999.000000             2946.0 
999.000000 999.000000 999.000000 999.000000 999.000000 999.000000 999.000000 999.000000 999.000000 999.000000 999.000000 999.000000             2964.0 
999.000000 999.000000 999.000000 999.000000 999.000000 999.000000 999.000000 999.000000 999.000000 999.000000 999.000000 999.000000             2982.0 
999.000000 999.000000 999.000000 999.000000 999.000000 999.000000 999.000000 999.000000 999.000000 999.000000 999.000000 999.000000             3000.0 
999.000000 999.000000 999.000000 999.000000 999.000000 999.000000 999.000000 999.000000 999.000000 999.000000 999.000000 999.000000             3018.0 
999.000000 999.000000 999.000000 999.000000 999.000000 999.000000 999.000000 999.000000 999.000000 999.000000 999.000000 999.000000             3036.0 
999.000000 999.000000 999.000000 999.000000 999.000000 999.000000 999.000000 999.000000 999.000000 999.000000 999.000000 999.000000             3054.0 
