-33.182205 170.948074 98.368095 26.902517 103.749023 72.141441 -22.693672 100.478661 99.827408 56.382114 65.039543 64.575775                  0 
-33.354206 170.934280 98.308006 26.818798 103.805161 72.029655 -22.813023 100.452538 99.721664 56.336105 65.124420 64.464027                  8 
-33.386528 170.868912 98.360756 26.667315 103.681099 71.937737 -23.013309 100.338181 99.669975 56.100918 64.953247 64.287453                 18 
-33.349110 170.895691 98.284805 26.536020 103.554680 71.843536 -23.167564 100.330635 99.640778 55.851494 64.739563 64.181961                 27 
-33.317013 170.923569 98.206032 26.454866 103.470886 71.776283 -23.245560 100.329208 99.643539 55.692009 64.595673 64.120102                 36 
-33.227352 171.058838 97.982430 26.376402 103.368889 71.734596 -23.288645 100.454208 99.755379 55.494957 64.381226 64.199242                 45 
-33.454292 171.071152 97.821808 26.343441 103.478325 71.718941 -23.250978 100.505539 99.899635 55.551105 64.538101 64.283836                 54 
-33.681164 171.081543 97.686394 26.294689 103.580200 71.709106 -23.221357 100.549103 100.031364 55.585159 64.685448 64.362244                 63 
-33.964783 171.097595 97.523575 26.250406 103.724686 71.714516 -23.194777 100.594368 100.116341 55.659115 64.897469 64.483688                 72 
-34.224075 171.043884 97.443260 26.201803 103.815666 71.707176 -23.202866 100.550697 100.110893 55.717495 65.059921 64.529030                 81 
-34.306786 171.055618 97.404503 26.155281 103.823158 71.713524 -23.184898 100.557335 100.180183 55.679604 65.065651 64.580498                 90 
-34.393593 171.037460 97.364288 26.093651 103.799461 71.701752 -23.218039 100.519035 100.151543 55.620525 65.038345 64.598976                 99 
-34.504265 171.089294 97.311615 25.981762 103.848045 71.611710 -23.272104 100.555740 100.109512 55.503433 65.083130 64.508034                108 
-34.627995 171.087738 97.342453 25.886139 103.896965 71.547607 -23.345526 100.530396 100.032661 55.420631 65.149757 64.400780                117 
-34.668102 171.103058 97.416870 25.806177 103.902496 71.523666 -23.406948 100.503204 99.994331 55.318279 65.146828 64.330353                126 
-34.705082 171.122360 97.456886 25.798822 103.952690 71.520538 -23.393408 100.493103 99.974121 55.328068 65.212555 64.313911                135 
-34.738541 171.205048 97.467918 25.755453 104.019485 71.512093 -23.390566 100.558113 99.998367 55.279644 65.273689 64.315178                144 
-34.766468 171.273697 97.477074 25.706699 104.066811 71.499435 -23.394588 100.604446 100.015892 55.220299 65.312691 64.303871                153 
-34.799747 171.347946 97.476181 25.650023 104.115318 71.486420 -23.394560 100.644196 100.022263 55.151131 65.351219 64.293434                162 
-34.814991 171.394638 97.480217 25.612045 104.141220 71.477356 -23.393290 100.659821 100.024040 55.099030 65.367073 64.280586                171 
-34.860954 171.451340 97.499290 25.581951 104.220940 71.453362 -23.381073 100.688667 100.020599 55.079403 65.458359 64.237251                180 
-34.878136 171.484192 97.522255 25.565670 104.263214 71.440384 -23.356401 100.692917 100.030991 55.063999 65.504646 64.206314                189 
-34.879364 171.513504 97.538040 25.554272 104.292671 71.418846 -23.333355 100.695198 100.035851 55.045582 65.532372 64.165482                198 
-34.823982 171.563797 97.606171 25.552534 104.309967 71.405304 -23.293142 100.692535 100.066841 55.020992 65.538918 64.116570                207 
-34.777222 171.620438 97.655624 25.568394 104.342606 71.412781 -23.255814 100.703979 100.088455 55.023537 65.564224 64.109245                216 
-34.687263 171.702591 97.763863 25.619720 104.402031 71.453812 -23.200239 100.737175 100.110146 55.055866 65.614487 64.122421                225 
-34.617882 171.764236 97.848763 25.665222 104.454720 71.490189 -23.149870 100.764755 100.135635 55.084557 65.659096 64.134048                234 
-34.540131 171.787033 97.944214 25.679209 104.446259 71.495995 -23.144688 100.732384 100.101326 55.062180 65.632141 64.092239                243 
-34.381321 171.886505 98.149063 25.769255 104.536102 71.542458 -23.082567 100.765434 100.080566 55.110935 65.707275 64.052605                253 
-34.278873 171.952972 98.318626 25.826550 104.599152 71.586121 -23.050539 100.770691 100.054802 55.143097 65.764008 64.030899                262 
-34.084778 172.292267 98.464226 25.960003 104.876488 71.723198 -22.895451 101.088509 100.232697 55.243141 66.014191 64.178032                271 
-34.075893 172.405182 98.576691 26.039761 105.066353 71.766609 -22.816774 101.187004 100.273880 55.351410 66.231308 64.191872                280 
-34.050709 172.666046 99.022461 26.195354 105.529854 71.970230 -22.550028 101.479279 100.693153 55.586960 66.779221 64.273979                289 
-33.914173 173.436234 99.101944 26.497692 106.359673 72.237831 -22.020021 102.474663 101.713203 55.968616 67.642868 64.675865                298 
-34.327183 174.117661 98.578217 26.642050 107.282455 72.369202 -21.804115 103.621666 102.627800 56.349991 68.676208 65.178528                307 
-34.876110 176.857422 97.927437 26.243710 109.709923 72.835251 -21.664948 107.120018 104.793098 56.003212 71.011070 66.394676                316 
-34.020470 177.635468 97.837074 26.976519 110.421776 72.538651 -20.560335 108.425941 105.929909 56.634350 71.654343 66.041809                325 
-33.031734 178.569168 97.393112 27.430763 110.741325 72.355370 -19.393686 110.161827 107.794495 56.729202 71.662552 66.097504                334 
-32.636669 179.159164 95.683533 28.613094 111.494896 72.019005 -17.810808 111.943466 109.273041 58.223152 72.528931 66.577721                343 
-30.324989 181.104126 94.862244 29.220570 111.851784 71.351631 -16.406996 114.610504 110.882317 57.730213 72.049500 66.089645                352 
-27.275696 183.275284 93.553146 30.734375 112.638527 70.249138 -15.087408 117.131737 110.841377 58.131470 72.054268 65.050362                361 
-23.128872 187.321945 92.230278 32.481552 114.539040 69.617249 -14.285717 120.962006 109.868149 58.180332 72.829948 64.653969                370 
-22.155802 190.162582 88.112762 34.124645 117.027229 68.427490 -12.889973 125.060089 109.347214 60.072105 75.308907 65.107758                379 
-19.375439 193.228989 84.584831 36.179352 118.881516 66.982178 -10.839730 128.934311 108.407127 61.808228 76.882210 65.000069                388 
-17.749611 196.283997 79.742531 37.728252 121.327660 64.264450 -9.225870 133.191498 105.728210 63.279446 79.240532 63.543053                397 
-14.903301 200.485138 75.822044 39.165882 123.917274 62.470886 -8.357504 137.726364 103.014343 63.858311 81.317444 62.968956                406 
-12.669001 204.969147 70.867477 40.605652 127.289406 60.132359 -7.306183 142.988739 99.832085 64.781761 84.436539 62.096519                416 
-10.673605 207.519104 65.367729 42.541550 129.342834 58.186066 -5.943925 146.880386 96.719261 66.486115 86.485214 62.006065                424 
-9.373287 210.393539 60.279869 44.245773 132.275467 55.614540 -4.623457 150.967987 93.232269 68.186592 89.550598 60.726532                433 
-9.574154 210.807037 53.544044 46.553524 134.328140 52.548103 -2.625402 153.687881 89.444695 71.787842 92.645302 59.652996                443 
-8.803061 210.597000 47.099537 48.871696 135.418854 50.232601 -1.393512 155.497574 85.152817 74.540344 94.404007 59.376629                451 
-8.809089 210.265686 39.851772 50.760906 137.378067 47.371330 -0.553781 158.048904 80.263832 76.780731 97.071739 58.465363                460 
-8.733961 208.157349 31.402149 53.392250 138.907227 43.413841 0.858995 159.664459 73.882294 79.915382 99.504578 56.400948                470 
-8.886168 205.567062 22.609600 55.494804 140.716721 40.623646 1.289695 161.518753 67.117210 82.216362 102.441216 56.296986                478 
-7.745809 201.186020 12.221332 59.090107 142.508728 38.099583 2.318249 161.717010 58.628998 86.282158 106.257339 57.364559                488 
-5.698579 198.631592 4.377119 61.837402 143.824600 34.479389 4.138391 162.269409 50.974228 88.725021 108.370956 55.569786                497 
-2.427008 195.346771 -3.614430 64.446815 143.667694 31.162617 6.218622 161.998810 43.091389 90.262222 108.708145 54.316540                506 
0.176254 191.876373 -9.730005 67.631302 144.146851 27.337296 9.096289 161.099945 36.182877 93.348778 109.754234 51.430233                515 
2.809057 188.398788 -17.014021 70.553291 145.508484 23.172804 11.613033 160.507370 28.284739 96.163254 112.050919 48.656750                524 
6.061748 183.629791 -24.293346 73.903580 146.652679 19.448418 14.588272 159.011002 20.663359 99.572243 114.661613 46.695454                533 
9.906867 180.186066 -31.382017 76.790375 147.611023 15.434624 17.509338 158.707779 13.327024 101.797371 116.596443 44.373455                542 
13.967071 176.294846 -38.409702 79.812363 148.181122 11.129869 20.594490 158.028000 6.198474 104.209061 118.320602 41.754383                551 
17.600775 173.095642 -44.774918 82.378510 148.532578 6.837238 23.261534 157.120850 -0.419684 106.249336 119.568687 38.711777                560 
21.885611 168.943710 -51.740471 84.774925 148.361710 2.806176 26.023802 156.185486 -7.358403 107.436699 120.906036 36.825871                569 
25.804163 166.163635 -57.483139 86.940140 148.053909 -0.973764 28.611225 155.080215 -13.615421 108.487877 121.293633 34.300762                578 
29.685909 163.646835 -62.650154 89.133499 147.587006 -4.625612 31.283865 153.879639 -19.541973 109.558090 121.295578 31.655323                587 
44.131813 153.036224 -79.840637 95.242706 143.311142 -14.306712 40.013206 146.195190 -38.021702 111.006493 119.135193 25.589863                614 
46.817894 146.703125 -84.040428 96.612045 140.809448 -17.371317 41.852161 142.560211 -42.373295 111.424080 118.768272 24.095537                623 
50.036095 142.757294 -86.969177 98.514359 138.948471 -19.626440 44.200825 140.205307 -45.882954 112.284065 117.941483 22.726974                632 
53.456337 138.828079 -89.644211 100.735451 137.487686 -21.562208 46.948566 137.843292 -49.318268 113.437531 117.171219 21.456488                641 
57.550961 134.377029 -92.433792 102.899376 136.218353 -23.160780 49.792938 134.726929 -52.715900 114.485863 117.031410 20.683538                650 
61.200478 130.592209 -95.163513 104.183159 135.281418 -24.579294 51.913536 131.935333 -56.050983 114.431366 117.220146 20.069048                659 
64.788445 127.331238 -97.606560 106.051132 134.140610 -26.195511 54.072605 128.826126 -58.890842 115.557053 116.721184 18.870121                668 
68.242554 124.376198 -99.765701 107.900787 132.965790 -27.629812 56.112865 126.012207 -61.368118 116.620262 116.204102 17.842445                677 
71.249168 121.382065 -101.454346 109.155464 132.525513 -28.676838 57.660625 122.980438 -63.273842 117.424484 116.760170 17.233805                686 
73.943474 118.473740 -103.002914 110.441536 132.297577 -29.900129 59.099384 120.117165 -64.922966 118.519783 117.664658 16.417572                695 
76.511421 116.154198 -104.124527 111.806053 131.455978 -30.636650 60.515915 117.796272 -66.141014 119.399620 117.490662 15.968258                704 
78.924309 112.739021 -104.983253 113.199997 130.111877 -31.274254 61.959957 114.866875 -67.006332 120.303230 117.301727 15.738021                713 
80.892014 108.743271 -106.625969 114.370125 128.967194 -32.997028 63.045490 111.442268 -68.474258 121.282768 117.765160 14.452310                722 
82.989708 105.863197 -107.451027 115.471283 127.797646 -33.571892 64.217468 108.695824 -69.148026 121.974007 117.557564 14.151951                732 
84.809799 102.546677 -108.503716 116.367264 126.841927 -34.637375 65.219749 105.586891 -69.933777 122.693565 117.927719 13.375381                741 
86.407524 99.025520 -109.335793 116.854408 125.530144 -35.419140 65.903320 102.494621 -70.593628 122.648499 118.032242 12.901870                749 
87.856415 95.802170 -110.474525 117.399712 124.972015 -36.929874 66.748848 99.067093 -71.336739 123.470795 118.799469 11.544362                759 
89.046654 92.247902 -111.436066 117.961014 122.724571 -37.994953 67.259331 95.919121 -72.266106 123.516182 117.490501 10.651266                768 
89.895607 90.335602 -111.672508 118.200546 122.274246 -38.452621 67.853317 93.497200 -72.178612 124.023239 117.686829 10.227575                777 
91.149834 89.791931 -112.281067 119.006966 121.292206 -38.644611 69.071693 91.411507 -72.466888 125.308205 116.018158 9.906278                786 
91.653755 88.803673 -112.919281 118.826263 120.141670 -38.908051 69.452255 89.241783 -72.971977 125.351448 114.416618 9.562102                795 
91.220726 87.075241 -112.721016 118.131935 119.302612 -38.942448 69.174469 86.365860 -72.328369 125.507210 113.690865 9.418937                804 
91.398880 85.087608 -112.073021 117.386032 117.436317 -37.957623 69.082077 82.976318 -71.480904 125.047142 111.510742 10.321825                813 
91.053772 83.789505 -112.095695 116.922714 116.192459 -37.900482 68.832596 80.388718 -71.122299 125.312218 109.914680 10.213089                822 
91.056923 82.682274 -111.862053 115.890724 115.257416 -37.325851 68.238075 78.435684 -70.897652 124.077095 108.809151 10.800160                831 
90.722466 81.652046 -111.409508 115.838036 114.473549 -37.015774 68.114365 76.987045 -70.231277 124.393219 108.004761 11.043289                840 
90.785667 81.194160 -111.884171 115.419151 113.214622 -36.940941 68.122299 75.116295 -70.750687 124.138451 105.890396 10.965628                849 
91.209007 80.182495 -111.997665 114.401566 111.863564 -36.438408 68.038391 73.098038 -71.341805 122.539024 103.968842 11.479909                858 
91.253632 78.997032 -111.514053 112.875259 110.426811 -35.412563 67.647751 71.026581 -71.550774 120.238396 101.983635 12.537483                867 
91.425461 77.696243 -111.378754 112.205627 109.548607 -35.322426 67.768326 69.447617 -72.065231 118.970436 100.967255 12.691195                876 
91.268608 77.116859 -111.350929 111.963852 108.846375 -35.477112 68.101814 68.052330 -72.699120 118.944931 99.508209 12.364013                885 
91.047707 75.980064 -110.467400 112.025711 108.569756 -35.483517 68.776466 66.536064 -72.689217 119.221275 98.926773 12.265272                894 
90.883896 74.702934 -109.069504 111.686455 108.378616 -35.107956 69.439865 65.068062 -72.599907 118.717697 98.453033 12.607393                904 
90.765709 72.311035 -106.303703 111.884628 107.821854 -35.283638 70.094589 64.241570 -73.369362 118.947067 97.131989 12.261697                912 
89.839203 69.543968 -102.172028 111.822212 106.957405 -34.631500 71.019157 63.398197 -73.489548 118.525093 95.521042 12.792025                922 
87.920799 67.520782 -98.538307 111.559601 106.245743 -34.491520 70.351219 63.564461 -73.760368 117.977699 94.110100 12.797421                930 
86.935173 65.765068 -95.960632 111.386436 105.932701 -34.830223 70.976891 63.004383 -74.293289 117.838036 93.470375 12.369113                939 
86.336235 65.495880 -95.332634 110.908989 105.552292 -35.008247 71.256371 63.007198 -75.443626 116.915726 92.334587 12.044079                949 
86.237152 65.470901 -95.180450 110.781433 105.321182 -35.117882 71.725159 62.952362 -76.213219 116.582901 91.572884 11.807988                958 
85.562675 65.515335 -95.202950 110.421989 104.772415 -35.162563 71.335587 63.141777 -76.917603 115.700966 90.516838 11.673543                967 
83.313324 63.271305 -94.726517 109.218590 102.790276 -35.541779 69.773071 61.299629 -76.890556 114.160042 88.919594 11.446479                976 
83.737396 63.279202 -95.065605 109.223686 102.831520 -35.989395 72.087837 60.575939 -77.909714 113.786118 88.791542 10.986910                985 
83.770844 63.245075 -95.092590 109.116257 102.838989 -36.251438 73.415222 60.177437 -78.535225 113.306877 88.714729 10.734241                994 
83.537399 63.227154 -94.968315 109.034851 102.802986 -36.558956 73.977715 60.162369 -79.139099 112.833382 88.563011 10.425130               1003 
82.857086 63.019066 -96.435204 107.989456 101.347206 -37.397358 73.957977 59.868580 -81.505234 110.126816 86.362183 9.459769               1012 
83.205933 63.508694 -96.344696 108.378426 101.943138 -37.701023 75.337250 60.264229 -81.982399 110.026329 87.001541 9.189734               1021 
83.339371 63.015785 -93.980026 108.690262 103.974167 -37.197380 76.385704 59.917580 -79.459305 111.365791 90.712929 10.149118               1030 
85.623688 66.417747 -91.949486 111.274429 108.256927 -35.972404 79.167381 63.280838 -77.335907 114.897461 95.456612 11.437886               1039 
81.847626 64.675896 -86.760254 112.986099 111.132324 -37.663589 76.513611 63.279369 -71.487862 119.974594 103.192192 10.428252               1048 
81.567947 66.267265 -85.026733 115.441345 115.673904 -40.909340 76.899513 65.991852 -69.484863 125.081245 110.856697 7.138311               1057 
80.746063 67.771072 -84.259041 116.066895 118.135887 -42.465614 76.264954 68.095055 -68.679619 126.732803 114.673615 5.481865               1066 
78.376991 68.370323 -81.686722 115.549194 119.260536 -42.296375 73.710358 69.387039 -66.037521 127.707642 116.735756 5.353469               1075 
77.023827 73.190025 -81.445999 115.172752 123.822891 -42.685162 72.178986 74.731400 -65.950745 126.558197 122.030441 5.188303               1084 
76.211212 77.708900 -82.104271 114.583153 127.715775 -42.785408 71.231316 79.283371 -66.709953 125.380760 125.646324 5.212914               1093 
74.763947 81.522331 -81.959732 113.886253 131.032898 -42.781231 69.897141 83.168533 -66.604996 124.814377 128.817261 5.181013               1102 
72.822350 85.295181 -80.854408 112.951302 133.424561 -41.015434 68.071533 87.109993 -65.730728 123.156410 130.730270 7.081411               1112 
70.001671 88.632660 -80.209312 111.523788 135.659119 -40.518547 65.754799 90.600502 -65.269676 121.889091 132.639053 7.524658               1120 
66.075645 92.466011 -78.169884 109.998909 139.336441 -40.993153 63.799923 94.617805 -63.595554 121.724640 137.266418 6.786887               1129 
61.574989 96.657181 -75.847633 108.315399 142.705231 -41.238094 61.999233 98.523262 -61.840927 121.686043 141.123230 6.126800               1138 
56.973644 101.287613 -74.625938 105.999451 145.529221 -41.142982 59.990753 102.336357 -61.421436 119.952797 143.597855 6.040529               1147 
53.942444 106.546623 -72.544075 104.456085 149.792328 -40.389526 59.987801 106.321381 -60.171307 118.970428 147.877182 6.625110               1156 
51.869934 112.177864 -70.112328 103.079277 154.704163 -38.464542 60.705070 110.627716 -58.523945 118.075638 152.279907 8.374992               1165 
49.398670 117.576767 -68.387962 101.330765 158.999634 -36.899563 58.313126 115.880470 -57.404205 116.742722 155.612137 9.744903               1174 
46.448017 123.015244 -67.908127 99.471970 162.335571 -35.933632 54.057976 122.777657 -57.783600 115.142075 157.215576 10.466187               1183 
44.319477 127.443787 -68.458145 98.170265 164.794037 -35.539001 50.732323 129.052231 -58.771648 113.509125 158.394424 10.812634               1192 
41.414303 130.512054 -69.115356 95.727112 166.875214 -35.851410 47.123905 133.571289 -59.717018 111.266792 159.571854 10.299311               1201 
37.747620 133.961212 -69.947182 93.319382 168.242218 -36.576736 43.330555 137.644333 -60.770355 108.958824 159.818192 9.348784               1211 
34.211311 137.435242 -70.023232 90.961288 170.139267 -37.070633 39.935993 141.353180 -61.024612 107.142929 160.765152 8.481429               1220 
30.343523 139.938156 -70.648781 87.766075 171.830078 -38.063885 36.151222 144.103012 -61.775185 104.374550 161.939529 7.224584               1229 
26.820980 142.907135 -71.401672 84.655624 174.308029 -39.107143 32.791203 147.136978 -62.668858 101.883179 163.691299 5.783911               1238 
24.117104 145.566116 -72.217285 81.833755 176.878555 -39.656925 30.122694 149.794540 -63.505466 99.592812 165.363647 4.803539               1247 
21.235006 148.487808 -74.254791 78.618698 179.514603 -40.902611 27.224224 152.621872 -65.513306 96.626457 166.876282 3.150804               1256 
17.131927 150.102264 -76.002327 74.749496 180.701782 -42.657253 23.261480 154.153290 -67.290016 93.135422 167.483551 1.068552               1265 
14.170074 151.523163 -77.693954 71.435898 181.992218 -43.596298 20.273897 155.496262 -68.873940 89.527718 168.517746 0.173948               1274 
10.727736 152.995819 -78.880821 68.252113 183.126923 -44.929676 16.956902 156.909378 -70.121117 86.598312 169.344467 -1.361677               1283 
7.605580 153.753464 -79.038963 65.315643 184.354736 -45.876335 13.960464 157.772522 -70.441460 84.318459 170.766586 -2.529303               1292 
4.435775 154.488159 -79.352966 62.139858 185.693268 -46.770706 10.880732 158.600327 -70.876671 81.747276 172.279999 -3.639006               1301 
-0.562929 156.227234 -81.204086 57.398449 187.641174 -49.369122 6.107866 160.265717 -72.933693 78.391747 173.450485 -7.148090               1310 
-6.379336 156.680359 -82.834808 52.919724 187.548325 -53.045242 0.694586 160.736328 -74.953026 74.818481 173.558182 -11.219053               1319 
-12.464574 157.061615 -84.424057 47.742100 187.717712 -56.332973 -5.056509 161.080124 -76.879898 70.783096 173.593872 -15.170616               1328 
-18.531710 157.400681 -85.626396 42.577702 187.516022 -58.982861 -10.795392 161.310364 -78.398293 66.579796 173.017609 -18.505642               1337 
-24.158056 157.606873 -86.513153 37.750751 187.240479 -61.255116 -16.158800 161.407944 -79.573387 62.376816 172.716461 -21.163721               1346 
-28.969769 157.528381 -86.739365 33.130650 187.346191 -62.222660 -20.891190 161.306137 -79.956230 58.119423 173.055191 -22.272207               1355 
-34.409344 157.325409 -86.323349 28.198507 187.470520 -63.603794 -26.117229 161.055939 -79.856133 54.135269 173.617767 -24.105753               1364 
-40.183987 156.677231 -86.144424 23.005962 186.856491 -65.191238 -31.605654 160.217911 -80.027290 49.789417 173.327530 -26.148655               1373 
-46.751240 156.519180 -85.682602 16.820351 186.888870 -66.256584 -37.819920 159.689774 -79.937988 45.038311 172.807953 -28.438805               1383 
-52.406757 155.813324 -84.858162 11.573007 186.686249 -67.743210 -43.253819 158.872681 -79.483444 40.741058 173.505890 -30.323792               1392 
-58.706852 155.047318 -84.601662 5.534303 186.304779 -69.303574 -49.343716 157.869232 -79.535995 35.801487 173.320450 -32.697361               1400 
-64.431396 154.295334 -83.551216 -0.031942 185.462189 -68.790039 -54.893063 156.743805 -78.664551 30.982798 171.762299 -33.081375               1409 
-69.987465 153.605270 -82.563828 -5.323468 184.586868 -68.637711 -60.340424 155.630569 -77.779449 26.130781 170.750305 -33.368893               1418 
-78.082504 151.946487 -84.898064 -13.359545 183.523941 -72.423332 -68.021042 152.766830 -79.971428 18.059004 171.558472 -36.445389               1428 
-84.588028 151.652802 -83.119026 -19.416348 182.917542 -72.026451 -74.092369 151.338089 -78.311234 13.198717 170.191406 -37.399681               1437 
-89.989769 150.695496 -81.250648 -24.696695 182.079346 -71.025597 -79.332375 149.806427 -76.368240 8.772159 168.957672 -37.374928               1446 
-95.611481 149.095810 -78.485649 -30.348515 181.124863 -70.015648 -84.578041 147.623611 -73.753487 4.259002 168.260452 -37.434414               1455 
-100.799660 147.399551 -76.129730 -35.665684 180.024979 -68.817581 -89.496758 145.369232 -71.409882 -0.285438 167.435455 -36.967121               1464 
-106.038979 144.958832 -73.337532 -41.296936 178.721771 -67.691063 -94.300880 142.375153 -68.694511 -5.097139 167.161957 -36.375648               1473 
-110.729607 142.990112 -70.762375 -46.199776 177.419159 -66.716003 -98.705513 140.055634 -66.092216 -9.440383 166.833389 -35.709572               1482 
-115.482445 139.787247 -68.207176 -51.627277 175.630295 -65.770203 -103.152283 136.891861 -63.754883 -13.976795 166.084457 -35.504246               1491 
-119.523392 136.162598 -65.009369 -56.491962 173.538223 -64.465813 -106.812225 133.351456 -60.738716 -18.190077 165.716766 -34.524200               1500 
-123.448723 132.065521 -62.515709 -62.147141 172.215790 -63.959305 -110.374199 129.691650 -58.425449 -23.031363 166.858368 -34.532040               1509 
-127.702507 128.516830 -60.166317 -67.991135 170.933182 -63.178658 -114.276665 126.416313 -56.531048 -27.772797 166.816391 -35.067314               1518 
-131.047714 124.153618 -59.507931 -73.443069 169.555954 -62.844398 -117.402229 122.700951 -55.937149 -32.749832 167.243790 -35.214264               1527 
-134.859650 119.895042 -59.791447 -79.278236 168.272308 -62.737644 -120.887344 119.123528 -56.000645 -38.191235 167.486923 -35.609222               1536 
-137.991714 116.884537 -60.103256 -83.636971 167.420944 -61.441795 -123.765549 116.565514 -55.735966 -42.018005 166.790741 -35.132591               1545 
-139.866028 113.423370 -59.623066 -87.317368 166.347656 -59.743698 -125.471611 113.677429 -54.969051 -45.249752 166.465424 -34.150497               1554 
-145.103638 110.019226 -61.248966 -93.498520 164.478928 -59.640671 -130.534531 110.769218 -56.028774 -51.264610 164.879959 -34.325733               1563 
-149.478424 106.461197 -61.633488 -99.134529 162.664978 -60.137985 -134.555008 107.794418 -56.278248 -56.309155 164.027237 -35.871933               1572 
-152.201141 103.407890 -61.385265 -103.276825 161.112839 -59.797138 -137.199402 105.296196 -55.973244 -60.329975 163.539658 -35.830742               1581 
-155.917038 98.824150 -60.465462 -107.823387 157.420898 -60.973358 -140.781082 101.267548 -55.234497 -64.860580 161.383347 -37.241386               1590 
-161.239746 100.583618 -64.157372 -112.233421 158.527557 -61.864548 -146.279053 102.771889 -58.439152 -69.344193 160.862503 -37.786095               1599 
-162.561783 99.691124 -64.543129 -115.736954 159.556702 -62.784092 -147.656754 102.558708 -58.733070 -73.006203 163.803772 -38.685234               1608 
-164.548691 99.315086 -65.189697 -117.819908 159.285782 -62.510220 -149.691040 102.119682 -59.226475 -75.275093 163.310425 -38.046967               1617 
-166.681396 99.514313 -67.974258 -118.811348 158.160980 -60.004845 -151.775406 101.457069 -61.820927 -76.105522 159.065567 -35.507824               1626 
-173.698990 102.934929 -74.373161 -120.528427 155.175415 -58.734657 -158.753113 102.581673 -67.965790 -78.400200 148.757874 -34.062046               1635 
-175.941666 104.729553 -77.216438 -120.858337 153.004013 -56.206612 -160.989792 103.155380 -71.060745 -78.796005 142.300415 -32.949287               1644 
-176.965683 105.265213 -78.312416 -120.905838 150.828003 -53.981571 -162.177246 102.900841 -72.174225 -78.992760 137.602722 -31.775808               1654 
-178.815887 106.228333 -78.639648 -121.333023 148.826965 -52.265610 -164.301208 103.127579 -72.525711 -79.561615 133.202484 -31.391340               1662 
-183.429901 110.486565 -76.888893 -123.143913 150.337341 -52.484043 -169.297852 106.732254 -70.535362 -82.195580 132.850922 -31.456224               1672 
-185.125504 111.955406 -81.561394 -124.747696 148.915833 -53.106205 -171.343597 107.526459 -75.076355 -84.438637 129.228714 -32.800865               1681 
-184.364044 109.690323 -77.498886 -124.161400 148.232117 -50.774635 -170.431778 105.635918 -71.240555 -82.822876 129.589508 -31.583761               1690 
-185.947693 112.105835 -75.800377 -124.522308 147.957703 -48.084572 -172.230988 107.449371 -69.610649 -83.694519 127.458992 -29.710546               1699 
-186.434952 107.916718 -68.482742 -124.513382 146.072144 -45.269905 -172.462128 103.805229 -62.591400 -82.545052 127.135300 -27.812384               1708 
-194.902084 124.154243 -67.516991 -127.206001 154.867416 -50.051384 -181.882675 118.936394 -60.514572 -89.029900 132.621536 -28.316257               1717 
-197.039734 126.086678 -74.599228 -130.137329 154.486725 -51.135319 -184.572678 120.231529 -67.173599 -93.546265 130.186920 -28.879456               1726 
-197.852310 126.995491 -77.427597 -131.367020 154.327011 -51.590031 -185.646133 120.885567 -69.830650 -95.420120 129.163422 -29.244476               1735 
-199.547104 126.316597 -70.598679 -131.874252 156.556168 -52.067879 -187.203186 121.438263 -62.425911 -95.384087 134.926544 -27.061138               1762 
999.000000 999.000000 999.000000 999.000000 999.000000 999.000000 999.000000 999.000000 999.000000 999.000000 999.000000 999.000000             1771.0 
999.000000 999.000000 999.000000 999.000000 999.000000 999.000000 999.000000 999.000000 999.000000 999.000000 999.000000 999.000000             1780.0 
999.000000 999.000000 999.000000 999.000000 999.000000 999.000000 999.000000 999.000000 999.000000 999.000000 999.000000 999.000000             1789.0 
999.000000 999.000000 999.000000 999.000000 999.000000 999.000000 999.000000 999.000000 999.000000 999.000000 999.000000 999.000000             1798.0 
999.000000 999.000000 999.000000 999.000000 999.000000 999.000000 999.000000 999.000000 999.000000 999.000000 999.000000 999.000000             1807.0 
999.000000 999.000000 999.000000 999.000000 999.000000 999.000000 999.000000 999.000000 999.000000 999.000000 999.000000 999.000000             1816.0 
999.000000 999.000000 999.000000 999.000000 999.000000 999.000000 999.000000 999.000000 999.000000 999.000000 999.000000 999.000000             1825.0 
999.000000 999.000000 999.000000 999.000000 999.000000 999.000000 999.000000 999.000000 999.000000 999.000000 999.000000 999.000000             1834.0 
999.000000 999.000000 999.000000 999.000000 999.000000 999.000000 999.000000 999.000000 999.000000 999.000000 999.000000 999.000000             1844.0 
999.000000 999.000000 999.000000 999.000000 999.000000 999.000000 999.000000 999.000000 999.000000 999.000000 999.000000 999.000000             1852.0 
999.000000 999.000000 999.000000 999.000000 999.000000 999.000000 999.000000 999.000000 999.000000 999.000000 999.000000 999.000000             1861.0 
999.000000 999.000000 999.000000 999.000000 999.000000 999.000000 999.000000 999.000000 999.000000 999.000000 999.000000 999.000000             1870.0 
999.000000 999.000000 999.000000 999.000000 999.000000 999.000000 999.000000 999.000000 999.000000 999.000000 999.000000 999.000000             1879.0 
999.000000 999.000000 999.000000 999.000000 999.000000 999.000000 999.000000 999.000000 999.000000 999.000000 999.000000 999.000000             1889.0 
999.000000 999.000000 999.000000 999.000000 999.000000 999.000000 999.000000 999.000000 999.000000 999.000000 999.000000 999.000000             1898.0 
999.000000 999.000000 999.000000 999.000000 999.000000 999.000000 999.000000 999.000000 999.000000 999.000000 999.000000 999.000000             1907.0 
999.000000 999.000000 999.000000 999.000000 999.000000 999.000000 999.000000 999.000000 999.000000 999.000000 999.000000 999.000000             1916.0 
999.000000 999.000000 999.000000 999.000000 999.000000 999.000000 999.000000 999.000000 999.000000 999.000000 999.000000 999.000000             1925.0 
999.000000 999.000000 999.000000 999.000000 999.000000 999.000000 999.000000 999.000000 999.000000 999.000000 999.000000 999.000000             1934.0 
999.000000 999.000000 999.000000 999.000000 999.000000 999.000000 999.000000 999.000000 999.000000 999.000000 999.000000 999.000000             1943.0 
999.000000 999.000000 999.000000 999.000000 999.000000 999.000000 999.000000 999.000000 999.000000 999.000000 999.000000 999.000000             1952.0 
999.000000 999.000000 999.000000 999.000000 999.000000 999.000000 999.000000 999.000000 999.000000 999.000000 999.000000 999.000000             1961.0 
999.000000 999.000000 999.000000 999.000000 999.000000 999.000000 999.000000 999.000000 999.000000 999.000000 999.000000 999.000000             1970.0 
999.000000 999.000000 999.000000 999.000000 999.000000 999.000000 999.000000 999.000000 999.000000 999.000000 999.000000 999.000000             1979.0 
999.000000 999.000000 999.000000 999.000000 999.000000 999.000000 999.000000 999.000000 999.000000 999.000000 999.000000 999.000000             1988.0 
999.000000 999.000000 999.000000 999.000000 999.000000 999.000000 999.000000 999.000000 999.000000 999.000000 999.000000 999.000000             1997.0 
999.000000 999.000000 999.000000 999.000000 999.000000 999.000000 999.000000 999.000000 999.000000 999.000000 999.000000 999.000000             2006.0 
999.000000 999.000000 999.000000 999.000000 999.000000 999.000000 999.000000 999.000000 999.000000 999.000000 999.000000 999.000000             2015.0 
999.000000 999.000000 999.000000 999.000000 999.000000 999.000000 999.000000 999.000000 999.000000 999.000000 999.000000 999.000000             2024.0 
999.000000 999.000000 999.000000 999.000000 999.000000 999.000000 999.000000 999.000000 999.000000 999.000000 999.000000 999.000000             2033.0 
999.000000 999.000000 999.000000 999.000000 999.000000 999.000000 999.000000 999.000000 999.000000 999.000000 999.000000 999.000000             2042.0 
999.000000 999.000000 999.000000 999.000000 999.000000 999.000000 999.000000 999.000000 999.000000 999.000000 999.000000 999.000000             2051.0 
999.000000 999.000000 999.000000 999.000000 999.000000 999.000000 999.000000 999.000000 999.000000 999.000000 999.000000 999.000000             2086.0 
999.000000 999.000000 999.000000 999.000000 999.000000 999.000000 999.000000 999.000000 999.000000 999.000000 999.000000 999.000000             2121.0 
999.000000 999.000000 999.000000 999.000000 999.000000 999.000000 999.000000 999.000000 999.000000 999.000000 999.000000 999.000000             2155.0 
999.000000 999.000000 999.000000 999.000000 999.000000 999.000000 999.000000 999.000000 999.000000 999.000000 999.000000 999.000000             2164.0 
999.000000 999.000000 999.000000 999.000000 999.000000 999.000000 999.000000 999.000000 999.000000 999.000000 999.000000 999.000000             2173.0 
999.000000 999.000000 999.000000 999.000000 999.000000 999.000000 999.000000 999.000000 999.000000 999.000000 999.000000 999.000000             2182.0 
999.000000 999.000000 999.000000 999.000000 999.000000 999.000000 999.000000 999.000000 999.000000 999.000000 999.000000 999.000000             2192.0 
999.000000 999.000000 999.000000 999.000000 999.000000 999.000000 999.000000 999.000000 999.000000 999.000000 999.000000 999.000000             2201.0 
999.000000 999.000000 999.000000 999.000000 999.000000 999.000000 999.000000 999.000000 999.000000 999.000000 999.000000 999.000000             2210.0 
999.000000 999.000000 999.000000 999.000000 999.000000 999.000000 999.000000 999.000000 999.000000 999.000000 999.000000 999.000000             2219.0 
999.000000 999.000000 999.000000 999.000000 999.000000 999.000000 999.000000 999.000000 999.000000 999.000000 999.000000 999.000000             2228.0 
999.000000 999.000000 999.000000 999.000000 999.000000 999.000000 999.000000 999.000000 999.000000 999.000000 999.000000 999.000000             2237.0 
999.000000 999.000000 999.000000 999.000000 999.000000 999.000000 999.000000 999.000000 999.000000 999.000000 999.000000 999.000000             2246.0 
999.000000 999.000000 999.000000 999.000000 999.000000 999.000000 999.000000 999.000000 999.000000 999.000000 999.000000 999.000000             2255.0 
999.000000 999.000000 999.000000 999.000000 999.000000 999.000000 999.000000 999.000000 999.000000 999.000000 999.000000 999.000000             2264.0 
999.000000 999.000000 999.000000 999.000000 999.000000 999.000000 999.000000 999.000000 999.000000 999.000000 999.000000 999.000000             2273.0 
999.000000 999.000000 999.000000 999.000000 999.000000 999.000000 999.000000 999.000000 999.000000 999.000000 999.000000 999.000000             2282.0 
999.000000 999.000000 999.000000 999.000000 999.000000 999.000000 999.000000 999.000000 999.000000 999.000000 999.000000 999.000000             2291.0 
999.000000 999.000000 999.000000 999.000000 999.000000 999.000000 999.000000 999.000000 999.000000 999.000000 999.000000 999.000000             2300.0 
999.000000 999.000000 999.000000 999.000000 999.000000 999.000000 999.000000 999.000000 999.000000 999.000000 999.000000 999.000000             2309.0 
999.000000 999.000000 999.000000 999.000000 999.000000 999.000000 999.000000 999.000000 999.000000 999.000000 999.000000 999.000000             2318.0 
999.000000 999.000000 999.000000 999.000000 999.000000 999.000000 999.000000 999.000000 999.000000 999.000000 999.000000 999.000000             2327.0 
999.000000 999.000000 999.000000 999.000000 999.000000 999.000000 999.000000 999.000000 999.000000 999.000000 999.000000 999.000000             2336.0 
999.000000 999.000000 999.000000 999.000000 999.000000 999.000000 999.000000 999.000000 999.000000 999.000000 999.000000 999.000000             2345.0 
999.000000 999.000000 999.000000 999.000000 999.000000 999.000000 999.000000 999.000000 999.000000 999.000000 999.000000 999.000000             2354.0 
999.000000 999.000000 999.000000 999.000000 999.000000 999.000000 999.000000 999.000000 999.000000 999.000000 999.000000 999.000000             2363.0 
999.000000 999.000000 999.000000 999.000000 999.000000 999.000000 999.000000 999.000000 999.000000 999.000000 999.000000 999.000000             2372.0 
999.000000 999.000000 999.000000 999.000000 999.000000 999.000000 999.000000 999.000000 999.000000 999.000000 999.000000 999.000000             2381.0 
999.000000 999.000000 999.000000 999.000000 999.000000 999.000000 999.000000 999.000000 999.000000 999.000000 999.000000 999.000000             2390.0 
999.000000 999.000000 999.000000 999.000000 999.000000 999.000000 999.000000 999.000000 999.000000 999.000000 999.000000 999.000000             2399.0 
999.000000 999.000000 999.000000 999.000000 999.000000 999.000000 999.000000 999.000000 999.000000 999.000000 999.000000 999.000000             2408.0 
999.000000 999.000000 999.000000 999.000000 999.000000 999.000000 999.000000 999.000000 999.000000 999.000000 999.000000 999.000000             2417.0 
999.000000 999.000000 999.000000 999.000000 999.000000 999.000000 999.000000 999.000000 999.000000 999.000000 999.000000 999.000000             2427.0 
999.000000 999.000000 999.000000 999.000000 999.000000 999.000000 999.000000 999.000000 999.000000 999.000000 999.000000 999.000000             2436.0 
999.000000 999.000000 999.000000 999.000000 999.000000 999.000000 999.000000 999.000000 999.000000 999.000000 999.000000 999.000000             2445.0 
999.000000 999.000000 999.000000 999.000000 999.000000 999.000000 999.000000 999.000000 999.000000 999.000000 999.000000 999.000000             2454.0 
999.000000 999.000000 999.000000 999.000000 999.000000 999.000000 999.000000 999.000000 999.000000 999.000000 999.000000 999.000000             2463.0 
999.000000 999.000000 999.000000 999.000000 999.000000 999.000000 999.000000 999.000000 999.000000 999.000000 999.000000 999.000000             2472.0 
999.000000 999.000000 999.000000 999.000000 999.000000 999.000000 999.000000 999.000000 999.000000 999.000000 999.000000 999.000000             2481.0 
999.000000 999.000000 999.000000 999.000000 999.000000 999.000000 999.000000 999.000000 999.000000 999.000000 999.000000 999.000000             2490.0 
999.000000 999.000000 999.000000 999.000000 999.000000 999.000000 999.000000 999.000000 999.000000 999.000000 999.000000 999.000000             2499.0 
999.000000 999.000000 999.000000 999.000000 999.000000 999.000000 999.000000 999.000000 999.000000 999.000000 999.000000 999.000000             2508.0 
999.000000 999.000000 999.000000 999.000000 999.000000 999.000000 999.000000 999.000000 999.000000 999.000000 999.000000 999.000000             2517.0 
999.000000 999.000000 999.000000 999.000000 999.000000 999.000000 999.000000 999.000000 999.000000 999.000000 999.000000 999.000000             2526.0 
999.000000 999.000000 999.000000 999.000000 999.000000 999.000000 999.000000 999.000000 999.000000 999.000000 999.000000 999.000000             2535.0 
999.000000 999.000000 999.000000 999.000000 999.000000 999.000000 999.000000 999.000000 999.000000 999.000000 999.000000 999.000000             2544.0 
999.000000 999.000000 999.000000 999.000000 999.000000 999.000000 999.000000 999.000000 999.000000 999.000000 999.000000 999.000000             2553.0 
999.000000 999.000000 999.000000 999.000000 999.000000 999.000000 999.000000 999.000000 999.000000 999.000000 999.000000 999.000000             2562.0 
999.000000 999.000000 999.000000 999.000000 999.000000 999.000000 999.000000 999.000000 999.000000 999.000000 999.000000 999.000000             2571.0 
999.000000 999.000000 999.000000 999.000000 999.000000 999.000000 999.000000 999.000000 999.000000 999.000000 999.000000 999.000000             2580.0 
999.000000 999.000000 999.000000 999.000000 999.000000 999.000000 999.000000 999.000000 999.000000 999.000000 999.000000 999.000000             2589.0 
999.000000 999.000000 999.000000 999.000000 999.000000 999.000000 999.000000 999.000000 999.000000 999.000000 999.000000 999.000000             2598.0 
999.000000 999.000000 999.000000 999.000000 999.000000 999.000000 999.000000 999.000000 999.000000 999.000000 999.000000 999.000000             2607.0 
999.000000 999.000000 999.000000 999.000000 999.000000 999.000000 999.000000 999.000000 999.000000 999.000000 999.000000 999.000000             2616.0 
999.000000 999.000000 999.000000 999.000000 999.000000 999.000000 999.000000 999.000000 999.000000 999.000000 999.000000 999.000000             2625.0 
999.000000 999.000000 999.000000 999.000000 999.000000 999.000000 999.000000 999.000000 999.000000 999.000000 999.000000 999.000000             2634.0 
999.000000 999.000000 999.000000 999.000000 999.000000 999.000000 999.000000 999.000000 999.000000 999.000000 999.000000 999.000000             2643.0 
999.000000 999.000000 999.000000 999.000000 999.000000 999.000000 999.000000 999.000000 999.000000 999.000000 999.000000 999.000000             2652.0 
999.000000 999.000000 999.000000 999.000000 999.000000 999.000000 999.000000 999.000000 999.000000 999.000000 999.000000 999.000000             2661.0 
999.000000 999.000000 999.000000 999.000000 999.000000 999.000000 999.000000 999.000000 999.000000 999.000000 999.000000 999.000000             2671.0 
999.000000 999.000000 999.000000 999.000000 999.000000 999.000000 999.000000 999.000000 999.000000 999.000000 999.000000 999.000000             2680.0 
999.000000 999.000000 999.000000 999.000000 999.000000 999.000000 999.000000 999.000000 999.000000 999.000000 999.000000 999.000000             2689.0 
999.000000 999.000000 999.000000 999.000000 999.000000 999.000000 999.000000 999.000000 999.000000 999.000000 999.000000 999.000000             2698.0 
999.000000 999.000000 999.000000 999.000000 999.000000 999.000000 999.000000 999.000000 999.000000 999.000000 999.000000 999.000000             2707.0 
999.000000 999.000000 999.000000 999.000000 999.000000 999.000000 999.000000 999.000000 999.000000 999.000000 999.000000 999.000000             2716.0 
999.000000 999.000000 999.000000 999.000000 999.000000 999.000000 999.000000 999.000000 999.000000 999.000000 999.000000 999.000000             2725.0 
999.000000 999.000000 999.000000 999.000000 999.000000 999.000000 999.000000 999.000000 999.000000 999.000000 999.000000 999.000000             2734.0 
999.000000 999.000000 999.000000 999.000000 999.000000 999.000000 999.000000 999.000000 999.000000 999.000000 999.000000 999.000000             2743.0 
999.000000 999.000000 999.000000 999.000000 999.000000 999.000000 999.000000 999.000000 999.000000 999.000000 999.000000 999.000000             2752.0 
999.000000 999.000000 999.000000 999.000000 999.000000 999.000000 999.000000 999.000000 999.000000 999.000000 999.000000 999.000000             2761.0 
999.000000 999.000000 999.000000 999.000000 999.000000 999.000000 999.000000 999.000000 999.000000 999.000000 999.000000 999.000000             2770.0 
999.000000 999.000000 999.000000 999.000000 999.000000 999.000000 999.000000 999.000000 999.000000 999.000000 999.000000 999.000000             2779.0 
999.000000 999.000000 999.000000 999.000000 999.000000 999.000000 999.000000 999.000000 999.000000 999.000000 999.000000 999.000000             2788.0 
999.000000 999.000000 999.000000 999.000000 999.000000 999.000000 999.000000 999.000000 999.000000 999.000000 999.000000 999.000000             2797.0 
999.000000 999.000000 999.000000 999.000000 999.000000 999.000000 999.000000 999.000000 999.000000 999.000000 999.000000 999.000000             2806.0 
999.000000 999.000000 999.000000 999.000000 999.000000 999.000000 999.000000 999.000000 999.000000 999.000000 999.000000 999.000000             2815.0 
999.000000 999.000000 999.000000 999.000000 999.000000 999.000000 999.000000 999.000000 999.000000 999.000000 999.000000 999.000000             2824.0 
999.000000 999.000000 999.000000 999.000000 999.000000 999.000000 999.000000 999.000000 999.000000 999.000000 999.000000 999.000000             2833.0 
999.000000 999.000000 999.000000 999.000000 999.000000 999.000000 999.000000 999.000000 999.000000 999.000000 999.000000 999.000000             2842.0 
999.000000 999.000000 999.000000 999.000000 999.000000 999.000000 999.000000 999.000000 999.000000 999.000000 999.000000 999.000000             2851.0 
999.000000 999.000000 999.000000 999.000000 999.000000 999.000000 999.000000 999.000000 999.000000 999.000000 999.000000 999.000000             2860.0 
999.000000 999.000000 999.000000 999.000000 999.000000 999.000000 999.000000 999.000000 999.000000 999.000000 999.000000 999.000000             2869.0 
999.000000 999.000000 999.000000 999.000000 999.000000 999.000000 999.000000 999.000000 999.000000 999.000000 999.000000 999.000000             2878.0 
999.000000 999.000000 999.000000 999.000000 999.000000 999.000000 999.000000 999.000000 999.000000 999.000000 999.000000 999.000000             2887.0 
999.000000 999.000000 999.000000 999.000000 999.000000 999.000000 999.000000 999.000000 999.000000 999.000000 999.000000 999.000000             2896.0 
999.000000 999.000000 999.000000 999.000000 999.000000 999.000000 999.000000 999.000000 999.000000 999.000000 999.000000 999.000000             2906.0 
999.000000 999.000000 999.000000 999.000000 999.000000 999.000000 999.000000 999.000000 999.000000 999.000000 999.000000 999.000000             2915.0 
999.000000 999.000000 999.000000 999.000000 999.000000 999.000000 999.000000 999.000000 999.000000 999.000000 999.000000 999.000000             2924.0 
999.000000 999.000000 999.000000 999.000000 999.000000 999.000000 999.000000 999.000000 999.000000 999.000000 999.000000 999.000000             2933.0 
999.000000 999.000000 999.000000 999.000000 999.000000 999.000000 999.000000 999.000000 999.000000 999.000000 999.000000 999.000000             2942.0 
999.000000 999.000000 999.000000 999.000000 999.000000 999.000000 999.000000 999.000000 999.000000 999.000000 999.000000 999.000000             2951.0 
999.000000 999.000000 999.000000 999.000000 999.000000 999.000000 999.000000 999.000000 999.000000 999.000000 999.000000 999.000000             2960.0 
999.000000 999.000000 999.000000 999.000000 999.000000 999.000000 999.000000 999.000000 999.000000 999.000000 999.000000 999.000000             2987.0 
999.000000 999.000000 999.000000 999.000000 999.000000 999.000000 999.000000 999.000000 999.000000 999.000000 999.000000 999.000000             2996.0 
999.000000 999.000000 999.000000 999.000000 999.000000 999.000000 999.000000 999.000000 999.000000 999.000000 999.000000 999.000000             3005.0 
999.000000 999.000000 999.000000 999.000000 999.000000 999.000000 999.000000 999.000000 999.000000 999.000000 999.000000 999.000000             3014.0 
999.000000 999.000000 999.000000 999.000000 999.000000 999.000000 999.000000 999.000000 999.000000 999.000000 999.000000 999.000000             3023.0 
999.000000 999.000000 999.000000 999.000000 999.000000 999.000000 999.000000 999.000000 999.000000 999.000000 999.000000 999.000000             3032.0 
999.000000 999.000000 999.000000 999.000000 999.000000 999.000000 999.000000 999.000000 999.000000 999.000000 999.000000 999.000000             3041.0 
999.000000 999.000000 999.000000 999.000000 999.000000 999.000000 999.000000 999.000000 999.000000 999.000000 999.000000 999.000000             3050.0 
999.000000 999.000000 999.000000 999.000000 999.000000 999.000000 999.000000 999.000000 999.000000 999.000000 999.000000 999.000000             3060.0 
999.000000 999.000000 999.000000 999.000000 999.000000 999.000000 999.000000 999.000000 999.000000 999.000000 999.000000 999.000000             3068.0 
999.000000 999.000000 999.000000 999.000000 999.000000 999.000000 999.000000 999.000000 999.000000 999.000000 999.000000 999.000000             3077.0 
999.000000 999.000000 999.000000 999.000000 999.000000 999.000000 999.000000 999.000000 999.000000 999.000000 999.000000 999.000000             3086.0 
999.000000 999.000000 999.000000 999.000000 999.000000 999.000000 999.000000 999.000000 999.000000 999.000000 999.000000 999.000000             3095.0 
999.000000 999.000000 999.000000 999.000000 999.000000 999.000000 999.000000 999.000000 999.000000 999.000000 999.000000 999.000000             3104.0 
999.000000 999.000000 999.000000 999.000000 999.000000 999.000000 999.000000 999.000000 999.000000 999.000000 999.000000 999.000000             3113.0 
999.000000 999.000000 999.000000 999.000000 999.000000 999.000000 999.000000 999.000000 999.000000 999.000000 999.000000 999.000000             3122.0 
999.000000 999.000000 999.000000 999.000000 999.000000 999.000000 999.000000 999.000000 999.000000 999.000000 999.000000 999.000000             3132.0 
999.000000 999.000000 999.000000 999.000000 999.000000 999.000000 999.000000 999.000000 999.000000 999.000000 999.000000 999.000000             3141.0 
999.000000 999.000000 999.000000 999.000000 999.000000 999.000000 999.000000 999.000000 999.000000 999.000000 999.000000 999.000000             3150.0 
999.000000 999.000000 999.000000 999.000000 999.000000 999.000000 999.000000 999.000000 999.000000 999.000000 999.000000 999.000000             3159.0 
999.000000 999.000000 999.000000 999.000000 999.000000 999.000000 999.000000 999.000000 999.000000 999.000000 999.000000 999.000000             3168.0 
999.000000 999.000000 999.000000 999.000000 999.000000 999.000000 999.000000 999.000000 999.000000 999.000000 999.000000 999.000000             3177.0 
999.000000 999.000000 999.000000 999.000000 999.000000 999.000000 999.000000 999.000000 999.000000 999.000000 999.000000 999.000000             3186.0 
999.000000 999.000000 999.000000 999.000000 999.000000 999.000000 999.000000 999.000000 999.000000 999.000000 999.000000 999.000000             3195.0 
999.000000 999.000000 999.000000 999.000000 999.000000 999.000000 999.000000 999.000000 999.000000 999.000000 999.000000 999.000000             3204.0 
999.000000 999.000000 999.000000 999.000000 999.000000 999.000000 999.000000 999.000000 999.000000 999.000000 999.000000 999.000000             3213.0 
999.000000 999.000000 999.000000 999.000000 999.000000 999.000000 999.000000 999.000000 999.000000 999.000000 999.000000 999.000000             3222.0 
999.000000 999.000000 999.000000 999.000000 999.000000 999.000000 999.000000 999.000000 999.000000 999.000000 999.000000 999.000000             3231.0 
999.000000 999.000000 999.000000 999.000000 999.000000 999.000000 999.000000 999.000000 999.000000 999.000000 999.000000 999.000000             3240.0 
999.000000 999.000000 999.000000 999.000000 999.000000 999.000000 999.000000 999.000000 999.000000 999.000000 999.000000 999.000000             3249.0 
999.000000 999.000000 999.000000 999.000000 999.000000 999.000000 999.000000 999.000000 999.000000 999.000000 999.000000 999.000000             3258.0 
999.000000 999.000000 999.000000 999.000000 999.000000 999.000000 999.000000 999.000000 999.000000 999.000000 999.000000 999.000000             3267.0 
999.000000 999.000000 999.000000 999.000000 999.000000 999.000000 999.000000 999.000000 999.000000 999.000000 999.000000 999.000000             3276.0 
999.000000 999.000000 999.000000 999.000000 999.000000 999.000000 999.000000 999.000000 999.000000 999.000000 999.000000 999.000000             3285.0 
999.000000 999.000000 999.000000 999.000000 999.000000 999.000000 999.000000 999.000000 999.000000 999.000000 999.000000 999.000000             3294.0 
999.000000 999.000000 999.000000 999.000000 999.000000 999.000000 999.000000 999.000000 999.000000 999.000000 999.000000 999.000000             3303.0 
999.000000 999.000000 999.000000 999.000000 999.000000 999.000000 999.000000 999.000000 999.000000 999.000000 999.000000 999.000000             3312.0 
999.000000 999.000000 999.000000 999.000000 999.000000 999.000000 999.000000 999.000000 999.000000 999.000000 999.000000 999.000000             3321.0 
999.000000 999.000000 999.000000 999.000000 999.000000 999.000000 999.000000 999.000000 999.000000 999.000000 999.000000 999.000000             3330.0 
999.000000 999.000000 999.000000 999.000000 999.000000 999.000000 999.000000 999.000000 999.000000 999.000000 999.000000 999.000000             3339.0 
999.000000 999.000000 999.000000 999.000000 999.000000 999.000000 999.000000 999.000000 999.000000 999.000000 999.000000 999.000000             3348.0 
999.000000 999.000000 999.000000 999.000000 999.000000 999.000000 999.000000 999.000000 999.000000 999.000000 999.000000 999.000000             3358.0 
