-24.082397 198.445160 136.326431 10.107156 121.032661 92.304176 -40.812042 105.457512 73.457993 33.512512 88.342468 63.874428                  0 
-24.494511 198.480942 135.961273 10.135432 121.137123 92.208092 -40.736698 105.326538 73.371964 33.688816 88.475319 63.868107                  9 
-24.847494 198.448105 135.640808 10.189546 121.181694 92.165337 -40.678062 105.247536 73.331169 33.839508 88.531677 63.892281                 18 
-25.049519 198.393143 135.492798 10.186698 121.188133 92.162521 -40.701744 105.256989 73.321404 33.848316 88.537796 63.899590                 27 
-25.335281 198.395401 135.202454 10.180031 121.223305 92.161873 -40.710636 105.294701 73.283607 33.865025 88.546509 63.949150                 36 
-25.580965 198.337769 134.991074 10.182240 121.225731 92.161339 -40.718864 105.296562 73.272415 33.877586 88.541451 63.965981                 45 
-25.827223 198.267471 134.780182 10.191071 121.222664 92.155296 -40.711105 105.284042 73.248558 33.904217 88.529861 63.984795                 54 
-26.055109 198.204544 134.528610 10.219185 121.200836 92.140816 -40.676525 105.246223 73.202225 33.961304 88.486115 64.020203                 63 
-26.300137 198.139099 134.280304 10.245801 121.175468 92.131828 -40.638420 105.187607 73.158768 34.031567 88.444183 64.067429                 72 
-26.524151 198.078201 134.042465 10.270901 121.151543 92.123344 -40.599922 105.129959 73.117653 34.097797 88.404732 64.112007                 81 
-26.717678 198.013779 133.790894 10.308069 121.089516 92.125206 -40.529076 105.036522 73.030266 34.204548 88.312897 64.208153                 90 
-26.671124 198.020706 133.808060 10.300534 121.081444 92.132874 -40.552330 105.106361 73.002167 34.167934 88.286980 64.211906                 99 
-26.624386 197.912537 133.827805 10.327971 120.995491 92.099449 -40.520100 105.109322 72.866028 34.197506 88.213203 64.166008                108 
-26.574188 197.813370 133.849289 10.353703 120.914871 92.068100 -40.488697 105.109970 72.739380 34.225307 88.144012 64.123024                117 
-26.451189 197.746628 133.913406 10.387602 120.851868 92.043335 -40.464840 105.161736 72.639992 34.232391 88.081825 64.074425                126 
-26.433689 197.748108 133.946793 10.403908 120.865944 92.033691 -40.451824 105.142929 72.657814 34.254059 88.101448 64.062851                135 
-26.484200 197.829300 133.825562 10.333564 120.893135 91.979713 -40.512493 105.137497 72.601105 34.185581 88.092018 64.053421                144 
-26.528927 197.854721 133.771179 10.271433 120.906502 91.925804 -40.555195 105.146187 72.511276 34.124073 88.097115 64.009758                153 
-26.527225 197.945770 133.678513 10.270771 120.947639 91.910637 -40.536560 105.157967 72.488068 34.130684 88.106857 64.037750                162 
-26.538815 197.981613 133.621475 10.292648 120.963074 91.916473 -40.491947 105.125153 72.499962 34.167114 88.107872 64.073059                171 
-26.545706 198.014847 133.577881 10.289247 120.970596 91.916748 -40.471344 105.091354 72.499985 34.168365 88.098190 64.097641                180 
-26.546871 198.062225 133.534866 10.281186 120.984665 91.916695 -40.454132 105.062416 72.501053 34.162296 88.092438 64.122734                189 
-26.537132 198.105301 133.503555 10.275601 120.998024 91.907387 -40.429779 105.017677 72.500656 34.160671 88.089828 64.135750                198 
-26.584789 198.177612 133.361664 10.196013 120.964279 91.920059 -40.455379 104.940781 72.471786 34.087948 87.988075 64.235123                207 
-26.597527 198.211243 133.250214 10.151956 120.919495 91.913963 -40.450542 104.868584 72.426575 34.049244 87.893997 64.292480                216 
-26.578287 198.211929 132.895767 10.195208 120.764999 91.867653 -40.359806 104.682701 72.323006 34.124283 87.636368 64.397614                226 
-26.562889 198.211823 132.588730 10.232117 120.633163 91.828133 -40.287983 104.528885 72.236023 34.188004 87.416855 64.487640                235 
-26.534819 198.198654 132.338745 10.256108 120.510460 91.783897 -40.249126 104.420959 72.148918 34.222759 87.220024 64.543182                244 
-26.578959 198.191727 132.242493 10.211597 120.445511 91.798744 -40.282261 104.357506 72.144981 34.183777 87.114929 64.612038                253 
-26.535006 198.164352 132.276489 10.218287 120.408722 91.815933 -40.270138 104.380432 72.114174 34.181705 87.071701 64.629395                262 
-26.483589 198.116348 132.315964 10.220192 120.332680 91.857948 -40.255760 104.374985 72.084442 34.177608 86.976410 64.689751                271 
-26.406942 198.069473 132.396637 10.221916 120.263863 91.895981 -40.239216 104.365646 72.058556 34.173824 86.890137 64.744354                280 
-26.319304 198.055832 132.397446 10.244293 120.211418 91.903206 -40.215485 104.373215 72.023148 34.184486 86.807526 64.778366                289 
-26.256189 198.041977 132.407104 10.252995 120.165718 91.922554 -40.198521 104.397087 71.974564 34.190582 86.735863 64.827415                298 
-26.212820 198.025223 132.405579 10.260646 120.125542 91.939560 -40.178062 104.406723 71.933296 34.195831 86.672836 64.870514                307 
-26.200642 198.005569 132.377213 10.267291 120.094719 91.935341 -40.154560 104.398300 71.887558 34.209389 86.625244 64.893158                316 
-26.365780 198.064224 132.245758 10.292624 120.171768 91.947472 -40.084946 104.315781 71.928635 34.316601 86.707001 64.972153                325 
-26.495295 198.098083 132.185562 10.319399 120.251091 91.948303 -40.023624 104.249893 71.976852 34.407349 86.808662 65.002357                334 
-26.609251 198.102539 132.158890 10.339215 120.311523 91.942520 -39.972889 104.194633 72.002296 34.482925 86.897255 65.011543                343 
-26.702835 198.092255 132.154617 10.349345 120.351685 91.942169 -39.932545 104.145981 72.015305 34.541935 86.960869 65.025978                352 
-26.788429 198.071548 132.163513 10.361437 120.390137 91.935791 -39.894398 104.099915 72.025482 34.600033 87.025429 65.028603                361 
-26.843874 198.013321 132.212967 10.396269 120.406792 91.930893 -39.837753 104.038780 72.043442 34.675266 87.080475 65.012566                370 
-26.670528 197.919724 132.105225 10.451324 120.242416 91.859253 -39.808880 103.917915 72.016945 34.677162 86.858101 64.964897                379 
-26.717234 197.916336 132.061478 10.446034 120.234810 91.871819 -39.798798 103.895462 72.018402 34.693420 86.836342 65.014488                388 
-26.919836 198.042725 131.895401 10.391378 120.263458 92.047234 -39.744865 103.984100 71.885452 34.763977 86.788231 65.399612                397 
-27.119810 198.154343 131.756973 10.343561 120.274826 92.263329 -39.677155 104.068939 71.773277 34.847248 86.722084 65.834312                406 
-27.155827 198.134506 131.772675 10.366591 120.287727 92.289375 -39.638329 104.089630 71.767540 34.902428 86.743248 65.879715                415 
-27.251003 198.104446 131.831619 10.350477 120.309464 92.348969 -39.627201 104.137863 71.744919 34.930710 86.785057 65.955109                424 
-27.359726 198.075516 131.858871 10.338698 120.327820 92.412186 -39.607437 104.169945 71.723457 34.971294 86.817657 66.049072                433 
-27.468550 198.026031 131.888748 10.329551 120.346931 92.459549 -39.586723 104.194214 71.703804 35.010544 86.855560 66.117821                443 
-27.566557 197.983307 131.877625 10.310408 120.351494 92.499931 -39.582226 104.201714 71.697197 35.026455 86.861359 66.189522                451 
-27.658718 197.941681 131.869583 10.285345 120.348671 92.553444 -39.583611 104.219009 71.680885 35.036091 86.854004 66.281448                461 
-27.774580 197.892288 131.795563 10.244338 120.310585 92.611267 -39.590431 104.189034 71.655769 35.037289 86.790260 66.411896                470 
-27.804148 197.879257 131.679901 10.235293 120.241554 92.725616 -39.546612 104.230415 71.574760 35.068512 86.644897 66.662506                480 
-27.865932 197.843338 131.605637 10.221248 120.228050 92.756058 -39.538277 104.262123 71.528458 35.078674 86.606949 66.747604                488 
-27.909819 197.803757 131.553970 10.212049 120.220856 92.763947 -39.537067 104.283310 71.505623 35.082996 86.584732 66.787857                497 
-27.776592 197.783890 131.469559 10.228483 120.121689 92.776115 -39.523502 104.286942 71.454323 35.062027 86.411484 66.860352                506 
-27.635044 197.665726 131.419220 10.161077 119.984406 92.623894 -39.652035 104.238792 71.401283 34.883549 86.232422 66.656357                515 
-27.599838 197.640518 131.436462 10.071911 119.981331 92.534760 -39.780243 104.260826 71.419533 34.718906 86.217384 66.511086                524 
-27.571087 197.650436 131.444946 10.005363 120.011673 92.459518 -39.879463 104.306679 71.442604 34.590019 86.239113 66.388115                533 
-27.596130 197.637497 131.387222 9.908554 120.019745 92.377464 -39.997242 104.325684 71.448540 34.434433 86.225426 66.278900                542 
-27.610781 197.568192 131.419388 9.848310 120.030983 92.306976 -40.053192 104.335358 71.445633 34.322388 86.247665 66.145615                551 
-27.558714 197.539383 131.455795 9.804746 120.053757 92.242569 -40.097088 104.382248 71.449860 34.204803 86.265938 66.017960                560 
-27.543314 197.505905 131.461853 9.786977 120.054626 92.228745 -40.098412 104.376976 71.478119 34.150223 86.257942 65.981331                569 
-27.546516 197.476501 131.447601 9.777142 120.055351 92.227150 -40.097454 104.378723 71.502853 34.118900 86.248985 65.972267                578 
-27.530497 197.451553 131.447861 9.759173 120.052940 92.210831 -40.106377 104.390114 71.505791 34.073788 86.239365 65.940094                587 
-27.526295 197.394821 131.489334 9.738253 120.042671 92.191246 -40.111328 104.387924 71.496979 34.031731 86.239998 65.886955                596 
-27.526527 197.337708 131.526718 9.720092 120.033760 92.174248 -40.116127 104.386536 71.491150 33.995235 86.240585 65.840836                605 
-27.529575 197.335999 131.417328 9.689179 119.997231 92.178543 -40.129658 104.353394 71.498795 33.946072 86.152733 65.894264                614 
-27.531673 197.333145 131.324402 9.661883 119.964973 92.182327 -40.145180 104.337379 71.501450 33.902573 86.075211 65.941475                623 
-27.550753 197.363434 131.190552 9.632117 119.944336 92.184036 -40.164337 104.316475 71.499840 33.870094 86.001411 66.009468                632 
-27.606014 197.364822 131.050964 9.551148 119.914841 92.128616 -40.237350 104.310349 71.428841 33.781105 85.931984 65.998474                641 
-27.657402 197.330994 131.014786 9.472003 119.894211 92.092667 -40.309578 104.322937 71.383408 33.690144 85.896683 65.970657                650 
-27.740536 197.229248 131.226807 9.381314 119.952148 92.042496 -40.408344 104.445313 71.336891 33.580425 86.034889 65.798782                659 
-27.805683 197.158478 131.359741 9.341371 119.982941 92.059471 -40.445419 104.494293 71.363243 33.539738 86.106979 65.761787                669 
-27.881304 197.177338 131.394562 9.368175 120.075439 92.117287 -40.428253 104.547241 71.525826 33.585171 86.214622 65.817253                677 
-27.946644 197.321350 131.243896 9.410993 120.191711 92.185143 -40.404350 104.577393 71.764801 33.650719 86.283264 65.967529                687 
-28.099358 197.871368 131.139618 9.420069 120.634438 92.524559 -40.434296 104.750771 72.460922 33.679295 86.612328 66.472755                695 
-28.578899 197.994568 131.465591 9.476745 121.236191 92.490883 -40.320152 105.032852 72.565163 33.930065 87.488029 66.264816                704 
-27.952164 198.062454 131.958374 9.806775 121.426842 92.499672 -40.114254 105.348373 72.803299 34.079624 87.726639 66.045273                714 
-26.019003 199.459091 133.191925 10.633738 122.454956 93.414604 -39.630211 106.617355 74.436302 34.364346 88.470718 66.831909                723 
-26.293659 200.722977 130.010361 11.435168 123.244476 92.212555 -38.629807 106.226364 73.747559 35.680607 88.891792 66.585190                732 
-27.339787 205.809616 117.909454 11.770290 125.161888 89.251381 -37.806984 106.039566 71.541267 36.870556 88.529526 67.973289                741 
-26.511143 204.997971 115.622276 12.487376 124.389694 86.702957 -37.472198 105.211609 70.162239 37.383057 87.746277 65.204697                750 
-25.991016 204.975220 111.101906 14.302311 124.187759 84.554749 -35.664337 103.609535 70.592751 39.478886 87.247261 63.908932                759 
-36.345997 213.738312 96.308884 18.159218 138.555420 79.980385 -28.212095 110.672424 69.333908 49.856319 104.370758 64.124397                786 
-33.045738 216.751953 93.040077 18.934143 139.344116 78.278328 -28.538456 114.658798 65.552513 49.836472 103.995262 63.438705                795 
-32.379841 218.970856 87.393059 19.117872 140.626801 75.402885 -28.669949 117.877327 60.273796 50.151955 104.767853 62.146530                804 
-31.801540 222.193237 84.454781 19.188581 143.518173 72.146645 -28.807705 122.815163 54.562595 50.181961 107.607964 58.933865                813 
-33.399384 222.838196 84.067490 19.124823 145.825165 68.112289 -28.906977 126.207573 49.155373 50.729832 111.150497 53.162354                822 
-36.742775 225.403702 75.639107 19.045568 149.943207 63.575157 -28.510691 129.364960 43.683502 52.181267 115.980202 50.412724                831 
-39.525063 227.370499 69.276489 18.665842 153.114563 60.198036 -28.337261 132.702225 37.844109 53.150539 119.974640 48.482182                840 
-44.260750 227.932465 59.081161 18.858879 157.036758 55.554108 -26.240915 135.329086 29.290802 56.022308 125.990929 46.624023                850 
-48.031715 228.080627 46.968056 18.617208 160.260284 50.512039 -23.665802 136.650665 20.705637 57.800930 130.927597 45.132515                858 
-50.597076 225.810913 32.460781 19.194466 162.209045 44.696503 -20.334522 136.856430 12.034937 59.957722 134.634369 43.052231                867 
-52.352482 221.376907 17.431692 20.176760 164.339340 39.175335 -15.781396 137.926605 2.837157 62.271900 138.863068 41.090805                876 
-53.278320 215.517151 2.343630 20.666527 166.056732 33.162334 -11.201046 139.129288 -6.745919 63.749687 142.782715 38.346077                886 
-51.775776 209.610413 -8.953542 22.631969 167.150833 28.012529 -6.784394 141.554718 -14.477754 66.299553 145.455536 34.880272                894 
-50.446861 206.385666 -21.265371 21.496288 168.098145 21.854628 -4.689992 145.292130 -24.151142 64.993515 146.777954 30.694920                904 
-48.950741 203.421783 -32.017101 19.891745 167.968155 16.209421 -2.780197 148.322327 -33.135212 63.133873 146.956543 26.855577                912 
-47.138340 201.508286 -42.316933 18.371367 168.460190 10.207715 -1.254294 151.784439 -41.727634 61.237885 147.559921 22.469461                921 
-44.897423 199.636856 -53.066624 17.197468 169.400772 3.675479 0.533255 154.150101 -49.988186 59.556805 148.773407 17.990097                931 
-43.327126 198.240219 -62.360207 16.329054 170.534195 -2.905660 2.127017 156.919250 -58.049408 58.527161 150.532776 12.713971                940 
-40.404495 192.213913 -72.558197 16.605555 171.353775 -8.892591 5.564835 156.901306 -65.139465 58.717361 153.554977 9.396967                949 
-36.557529 188.498932 -82.788193 16.761086 172.007507 -15.546413 9.026728 157.744049 -72.923347 58.163273 155.412811 5.314674                958 
-33.794327 185.633835 -91.496521 16.663954 172.536346 -21.930222 11.134411 157.943100 -79.887939 57.371796 156.729248 0.823188                967 
-31.911095 181.983704 -99.728020 16.528872 173.094589 -28.510357 12.409105 156.769531 -86.402702 56.708206 158.408157 -4.125117                976 
-30.422506 177.643768 -107.559219 15.779723 173.127853 -34.850155 13.592551 155.440857 -92.731789 55.500160 160.063309 -8.844103                985 
-29.122160 174.165314 -114.260460 15.000443 172.979599 -40.482979 14.566286 154.540375 -98.404099 54.279408 161.252457 -13.200256                994 
-37.120274 164.639374 -121.883247 24.375463 181.366028 -63.681370 -26.721857 156.343536 -78.114624 53.065346 171.332458 -24.939558               1003 
-37.212719 159.738998 -122.727890 24.472488 179.689392 -65.905312 -26.745064 153.304016 -78.842293 53.269043 171.823837 -26.744089               1012 
-36.317726 157.037811 -125.753616 23.827389 178.463684 -68.264000 -27.328707 150.762634 -81.790390 51.967281 171.254807 -28.503614               1021 
-14.144678 120.287445 -106.865219 21.541271 167.245621 -76.230560 -28.177748 135.111359 -86.197815 46.561718 170.650436 -33.956516               1030 
-11.103191 117.970345 -98.812523 19.327274 168.414825 -81.582146 -31.631092 137.365112 -88.889946 45.217670 173.311295 -39.983803               1039 
-10.339669 119.159485 -98.516937 17.620863 170.601669 -85.529251 -33.285301 138.995285 -92.048775 44.242645 175.502869 -44.395706               1048 
-10.751382 120.597984 -100.723312 16.469269 172.041687 -88.215797 -34.562126 140.000931 -94.994728 43.643856 175.831711 -47.327080               1057 
-10.442743 118.040039 -99.365616 15.626228 170.558624 -90.249710 -35.069759 137.196564 -95.280807 43.009266 176.590485 -49.771370               1066 
-11.346118 117.293480 -100.858871 14.427685 170.087036 -92.396317 -36.284691 136.127335 -97.307159 41.720631 176.514801 -51.918068               1075 
-12.010359 116.674118 -101.550369 13.664623 169.602859 -93.439682 -37.183842 135.011703 -98.177597 41.115799 176.108261 -53.081005               1084 
-11.724958 114.062897 -99.930016 13.046643 167.681976 -93.841835 -37.429722 131.830460 -97.633118 40.160641 176.053818 -53.599403               1093 
-12.971540 110.867897 -97.375328 11.859147 164.738647 -95.212379 -38.666523 128.545166 -96.992775 38.700794 175.880127 -55.461868               1103 
-17.446148 111.238029 -102.082542 9.223261 164.143051 -98.131821 -41.973484 128.687119 -101.200890 36.709347 172.895157 -58.224106               1111 
-18.111164 110.661621 -104.142982 8.588243 163.506424 -99.444626 -42.197334 126.759277 -103.467072 35.554691 171.934799 -59.114948               1120 
-18.031763 110.231789 -104.850220 8.545506 163.093094 -99.512642 -42.060364 125.563103 -104.180244 35.181732 171.252762 -58.909176               1129 
-17.901081 103.774414 -99.612282 8.008425 157.237137 -100.331535 -41.562309 118.632896 -102.128853 33.590160 170.740631 -60.482567               1138 
-16.718725 100.098366 -93.758133 6.847011 154.268402 -100.183632 -40.568401 113.555801 -97.927750 32.467133 172.645203 -62.360195               1148 
-15.241953 98.463669 -92.781860 6.724607 153.299423 -99.289085 -39.583588 111.530350 -97.064423 32.281292 172.254929 -61.709103               1156 
-14.863726 98.805328 -94.060417 6.668571 153.943451 -99.425758 -39.453438 111.897858 -98.100937 32.266388 172.232956 -61.544956               1166 
-15.160480 99.381844 -98.116211 5.709824 154.982910 -100.629303 -39.995438 112.393211 -101.281059 31.425249 171.472504 -62.009102               1174 
-14.765167 99.549561 -97.879272 5.717053 154.993225 -100.512421 -39.900433 112.305283 -101.436211 31.322092 171.383316 -61.776691               1183 
-14.604039 99.854172 -98.821709 5.247868 155.309814 -100.560280 -40.062466 112.263954 -102.223885 31.050200 170.904007 -61.627380               1193 
-14.323112 100.151863 -98.873764 4.822127 155.482712 -100.415489 -39.875031 111.796982 -102.512558 30.849419 170.648743 -61.463192               1202 
-13.961619 100.301781 -98.592766 4.838321 155.484497 -100.394455 -39.453079 111.374931 -102.714493 30.788828 170.664597 -61.396427               1211 
-13.513299 100.427261 -98.390228 4.893616 155.540161 -100.257233 -38.921227 110.961311 -102.941345 30.670254 170.719009 -61.143585               1220 
-13.106714 99.913177 -97.027222 4.759968 155.037170 -99.708694 -38.304577 109.819214 -102.089485 30.382580 170.875275 -60.755566               1229 
-13.347754 99.733353 -96.696243 4.409110 154.804138 -99.506454 -37.940567 109.208221 -102.167480 30.123365 170.612518 -60.601673               1238 
-13.650249 99.898979 -97.769287 4.092125 154.932724 -99.984528 -37.662106 108.924660 -103.612282 29.502766 170.319962 -60.713135               1247 
-14.217967 98.950760 -97.258850 4.041765 153.654327 -100.425827 -37.341976 107.522240 -104.175850 28.827845 169.577179 -60.969231               1256 
-14.767426 98.705109 -97.363525 3.378372 153.346405 -100.537880 -36.848331 106.583755 -104.966385 27.781649 169.291183 -60.852188               1265 
-14.980640 98.490883 -97.391266 2.825289 153.152756 -100.723389 -36.429379 105.822342 -105.523811 26.857624 169.326813 -60.904339               1274 
-15.406421 98.638695 -96.528992 1.963134 152.941284 -101.005013 -36.678600 105.274620 -105.370644 26.145399 169.530029 -61.448196               1283 
-16.039034 99.217651 -97.104485 0.987816 153.310638 -101.252945 -37.162304 105.552116 -106.140541 25.832380 169.111816 -61.784218               1292 
-16.621758 99.130562 -96.457474 -0.217119 153.107407 -101.401421 -37.492401 104.923241 -105.630959 25.391987 169.132294 -62.515869               1301 
-16.427996 99.753075 -94.323486 -1.133717 152.368881 -101.791649 -37.816654 103.955643 -105.419678 24.111860 169.386826 -63.090740               1310 
-16.105997 101.283936 -94.718468 -2.722129 153.092957 -102.588440 -38.481644 104.206932 -106.697151 22.935667 169.763153 -64.007462               1320 
-9.480357 93.042107 -75.041656 -5.479095 141.536865 -97.547142 -33.126156 89.057037 -84.829742 20.482847 171.048843 -67.886902               1328 
-7.600276 90.143181 -73.522728 -9.177930 137.667831 -97.661850 -31.805458 83.964073 -80.954277 17.676693 169.629471 -71.546852               1337 
-10.751435 90.710480 -77.694290 -12.502998 138.674088 -100.466774 -35.133877 84.639938 -85.000343 15.138510 169.604187 -73.934036               1346 
-12.049751 91.554840 -79.512833 -14.116405 139.162354 -101.827797 -36.700985 84.971153 -86.967407 13.905343 169.597900 -75.122566               1355 
-18.490641 95.147537 -84.364113 -17.286774 143.756943 -102.890167 -43.783913 90.261971 -92.851456 12.604006 169.677826 -73.575348               1364 
-24.314539 97.819687 -91.256218 -20.795122 147.888855 -103.277336 -50.202679 95.092514 -100.171928 10.965943 167.752396 -71.318237               1373 
-28.384745 98.617325 -99.301712 -24.593390 149.662155 -105.269157 -54.289539 97.060555 -108.554832 7.343829 165.296509 -71.206108               1382 
-33.190601 101.771049 -104.685104 -28.697401 153.007904 -106.117561 -59.296696 101.376678 -113.561630 4.231933 164.954163 -71.510399               1391 
-37.319256 105.524010 -107.506783 -32.165161 156.631729 -106.346336 -63.582466 105.875221 -115.956100 1.617808 166.254288 -71.837975               1401 
-47.096664 113.288116 -111.779655 -35.776886 163.246201 -108.721405 -72.741257 117.012428 -121.108177 -2.261865 167.510620 -72.898682               1409 
-52.582584 116.560852 -110.948433 -38.690781 165.878235 -109.559113 -77.321846 121.087212 -122.245209 -7.421948 170.163986 -71.762253               1419 
-57.382122 117.890060 -107.100960 -42.137634 166.736359 -108.729431 -82.059517 122.557167 -119.297340 -11.497092 172.647278 -70.638382               1428 
-60.717617 118.744064 -101.843254 -45.733547 167.312378 -107.705528 -86.009735 122.709335 -114.821960 -15.895164 176.951813 -69.738937               1437 
-65.761429 122.462250 -103.324722 -50.356514 171.169434 -105.527870 -92.251961 128.012482 -114.729065 -19.208908 177.220795 -67.872627               1446 
-70.176338 124.686333 -101.186584 -54.499374 173.303558 -102.385262 -97.291786 130.835098 -111.449348 -22.114244 177.983459 -65.588364               1455 
-73.585381 123.975204 -94.984787 -59.767811 172.844467 -100.640137 -101.245384 128.360825 -104.970718 -26.671646 181.717957 -65.276100               1464 
-77.170952 123.239868 -92.327057 -65.464302 172.366394 -100.150864 -105.805389 126.442436 -102.196411 -32.891762 184.218918 -65.175774               1473 
-79.951996 122.889977 -89.733780 -69.796722 172.143845 -99.038864 -110.362907 125.937576 -99.001122 -37.694542 186.061356 -64.391167               1482 
-86.160866 123.317711 -91.568130 -76.572578 173.131439 -98.344040 -118.151093 127.366638 -99.324371 -43.920372 185.392639 -63.584774               1491 
-91.312363 124.778694 -91.300392 -81.258514 174.775024 -95.954231 -123.915085 129.639343 -96.976677 -46.854069 184.755722 -62.169174               1500 
-97.177773 125.420837 -90.917328 -86.165092 175.432556 -92.561935 -129.960938 131.271194 -94.876793 -50.329636 182.366638 -59.509727               1509 
-102.205437 123.467270 -90.160744 -92.771385 173.772217 -92.088913 -135.401917 128.158340 -92.333977 -55.596245 181.615906 -60.764874               1518 
-108.962372 122.777702 -88.913185 -99.883514 173.020264 -92.744942 -142.314941 127.069672 -90.284325 -61.998791 182.059631 -62.616093               1527 
-113.279121 119.879021 -87.449371 -104.841896 170.221375 -91.210144 -146.742142 123.603462 -88.891029 -67.235687 179.704727 -60.869598               1536 
-116.357674 117.662628 -85.481216 -109.785416 168.026291 -89.027084 -150.185852 119.942032 -86.827133 -72.290512 178.372528 -58.831097               1546 
-120.785065 113.789131 -83.908150 -120.120575 164.244659 -89.282951 -154.544556 111.667068 -85.048103 -83.776802 179.744202 -59.895805               1554 
-126.251839 112.297478 -84.072838 -128.063400 162.354736 -91.253044 -159.359894 108.017639 -83.517677 -90.879921 180.309235 -64.425179               1564 
-137.203308 109.454971 -92.092735 -134.305359 159.822327 -90.287918 -170.474380 107.854996 -92.130463 -95.815666 169.083725 -61.005154               1575 
-141.333527 108.903671 -93.256454 -136.387787 158.917557 -89.283165 -174.675308 108.469368 -92.705215 -97.017273 165.252258 -60.394691               1581 
-149.277191 110.898575 -99.123383 -141.953003 159.700439 -89.264885 -183.602615 111.820663 -97.930382 -102.955887 160.485840 -59.209641               1590 
-153.061844 111.275696 -100.249710 -143.912079 158.866196 -86.951096 -187.968796 112.841141 -97.015144 -104.012062 156.103455 -58.227139               1599 
-155.858093 110.559448 -99.247269 -143.842957 157.048737 -84.624481 -191.321762 112.844002 -94.565041 -104.245239 150.964890 -55.993763               1608 
-156.560791 111.056412 -92.882614 -142.960907 158.182831 -82.482834 -192.546585 114.295883 -88.076309 -104.103958 153.283691 -52.635792               1617 
-157.636978 111.520126 -89.319771 -143.248657 158.711929 -80.654770 -193.961487 115.183708 -84.435371 -104.807045 154.216232 -50.212353               1626 
-159.700775 112.263977 -84.626610 -144.202255 159.486313 -80.159637 -196.346359 117.022400 -79.971397 -105.941536 156.506226 -49.306015               1635 
-161.330582 112.169624 -81.734184 -145.747314 159.325760 -79.115822 -198.333481 117.093498 -77.478745 -107.792023 157.282944 -47.811958               1645 
-163.291641 110.546227 -78.715439 -147.237305 157.462692 -77.665695 -200.549469 115.929390 -74.970459 -109.673485 155.973984 -45.862339               1654 
-164.207993 109.820305 -77.776268 -147.751953 156.476715 -76.451164 -201.639603 115.452301 -74.025040 -110.303673 154.326904 -44.549522               1663 
-165.569946 107.941681 -76.037186 -148.681854 154.344986 -74.723289 -203.205002 113.929512 -73.122566 -112.006142 151.942047 -41.953979               1672 
-166.518967 106.406441 -75.746864 -149.157074 152.544006 -74.027443 -204.270569 112.754501 -73.266640 -112.966820 149.503845 -40.774879               1681 
-166.898895 103.936607 -74.739166 -149.358185 149.917053 -72.603317 -204.797379 110.427498 -72.888458 -113.805260 146.522171 -38.703835               1690 
-168.303055 102.140938 -72.398430 -149.747742 147.700195 -71.611298 -206.172668 109.503548 -70.760773 -114.320572 144.430695 -37.568146               1699 
-169.803528 101.089867 -68.512062 -150.263702 146.170288 -69.795197 -207.586472 109.333145 -66.740715 -114.536667 143.431000 -36.019684               1708 
-170.508865 100.619278 -66.565552 -150.519714 145.411179 -68.894081 -208.286911 109.278130 -64.714279 -114.631668 142.925003 -35.270027               1717 
-170.756912 100.286484 -65.275192 -150.362564 144.779282 -68.695686 -208.550797 109.315170 -63.806747 -114.663261 142.805099 -34.837574               1726 
-170.884964 100.123817 -64.269196 -150.218597 144.375809 -68.532661 -208.706146 109.400444 -63.040329 -114.614883 142.804291 -34.553017               1735 
-170.951874 100.037727 -63.631264 -150.128845 144.124329 -68.431038 -208.811371 109.456474 -62.543179 -114.580200 142.807053 -34.383015               1744 
-170.972687 98.391571 -62.313160 -150.292953 142.500488 -67.214424 -208.927536 107.685654 -61.251549 -114.770058 141.337891 -33.133907               1753 
-171.604462 96.098251 -59.548828 -150.894897 139.896637 -66.421333 -209.574158 105.543465 -58.206387 -114.839172 139.844788 -32.884914               1762 
999.000000 999.000000 999.000000 999.000000 999.000000 999.000000 999.000000 999.000000 999.000000 999.000000 999.000000 999.000000             1771.0 
999.000000 999.000000 999.000000 999.000000 999.000000 999.000000 999.000000 999.000000 999.000000 999.000000 999.000000 999.000000             1780.0 
999.000000 999.000000 999.000000 999.000000 999.000000 999.000000 999.000000 999.000000 999.000000 999.000000 999.000000 999.000000             1789.0 
999.000000 999.000000 999.000000 999.000000 999.000000 999.000000 999.000000 999.000000 999.000000 999.000000 999.000000 999.000000             1798.0 
999.000000 999.000000 999.000000 999.000000 999.000000 999.000000 999.000000 999.000000 999.000000 999.000000 999.000000 999.000000             1807.0 
999.000000 999.000000 999.000000 999.000000 999.000000 999.000000 999.000000 999.000000 999.000000 999.000000 999.000000 999.000000             1816.0 
999.000000 999.000000 999.000000 999.000000 999.000000 999.000000 999.000000 999.000000 999.000000 999.000000 999.000000 999.000000             1825.0 
999.000000 999.000000 999.000000 999.000000 999.000000 999.000000 999.000000 999.000000 999.000000 999.000000 999.000000 999.000000             1834.0 
999.000000 999.000000 999.000000 999.000000 999.000000 999.000000 999.000000 999.000000 999.000000 999.000000 999.000000 999.000000             1843.0 
999.000000 999.000000 999.000000 999.000000 999.000000 999.000000 999.000000 999.000000 999.000000 999.000000 999.000000 999.000000             1852.0 
999.000000 999.000000 999.000000 999.000000 999.000000 999.000000 999.000000 999.000000 999.000000 999.000000 999.000000 999.000000             1861.0 
999.000000 999.000000 999.000000 999.000000 999.000000 999.000000 999.000000 999.000000 999.000000 999.000000 999.000000 999.000000             1871.0 
999.000000 999.000000 999.000000 999.000000 999.000000 999.000000 999.000000 999.000000 999.000000 999.000000 999.000000 999.000000             1879.0 
999.000000 999.000000 999.000000 999.000000 999.000000 999.000000 999.000000 999.000000 999.000000 999.000000 999.000000 999.000000             1889.0 
999.000000 999.000000 999.000000 999.000000 999.000000 999.000000 999.000000 999.000000 999.000000 999.000000 999.000000 999.000000             1898.0 
999.000000 999.000000 999.000000 999.000000 999.000000 999.000000 999.000000 999.000000 999.000000 999.000000 999.000000 999.000000             1907.0 
999.000000 999.000000 999.000000 999.000000 999.000000 999.000000 999.000000 999.000000 999.000000 999.000000 999.000000 999.000000             1934.0 
999.000000 999.000000 999.000000 999.000000 999.000000 999.000000 999.000000 999.000000 999.000000 999.000000 999.000000 999.000000             1943.0 
999.000000 999.000000 999.000000 999.000000 999.000000 999.000000 999.000000 999.000000 999.000000 999.000000 999.000000 999.000000             1952.0 
999.000000 999.000000 999.000000 999.000000 999.000000 999.000000 999.000000 999.000000 999.000000 999.000000 999.000000 999.000000             1961.0 
999.000000 999.000000 999.000000 999.000000 999.000000 999.000000 999.000000 999.000000 999.000000 999.000000 999.000000 999.000000             1970.0 
999.000000 999.000000 999.000000 999.000000 999.000000 999.000000 999.000000 999.000000 999.000000 999.000000 999.000000 999.000000             1979.0 
999.000000 999.000000 999.000000 999.000000 999.000000 999.000000 999.000000 999.000000 999.000000 999.000000 999.000000 999.000000             1988.0 
999.000000 999.000000 999.000000 999.000000 999.000000 999.000000 999.000000 999.000000 999.000000 999.000000 999.000000 999.000000             1997.0 
999.000000 999.000000 999.000000 999.000000 999.000000 999.000000 999.000000 999.000000 999.000000 999.000000 999.000000 999.000000             2006.0 
999.000000 999.000000 999.000000 999.000000 999.000000 999.000000 999.000000 999.000000 999.000000 999.000000 999.000000 999.000000             2015.0 
999.000000 999.000000 999.000000 999.000000 999.000000 999.000000 999.000000 999.000000 999.000000 999.000000 999.000000 999.000000             2024.0 
999.000000 999.000000 999.000000 999.000000 999.000000 999.000000 999.000000 999.000000 999.000000 999.000000 999.000000 999.000000             2033.0 
999.000000 999.000000 999.000000 999.000000 999.000000 999.000000 999.000000 999.000000 999.000000 999.000000 999.000000 999.000000             2042.0 
999.000000 999.000000 999.000000 999.000000 999.000000 999.000000 999.000000 999.000000 999.000000 999.000000 999.000000 999.000000             2051.0 
999.000000 999.000000 999.000000 999.000000 999.000000 999.000000 999.000000 999.000000 999.000000 999.000000 999.000000 999.000000             2060.0 
999.000000 999.000000 999.000000 999.000000 999.000000 999.000000 999.000000 999.000000 999.000000 999.000000 999.000000 999.000000             2069.0 
999.000000 999.000000 999.000000 999.000000 999.000000 999.000000 999.000000 999.000000 999.000000 999.000000 999.000000 999.000000             2078.0 
999.000000 999.000000 999.000000 999.000000 999.000000 999.000000 999.000000 999.000000 999.000000 999.000000 999.000000 999.000000             2087.0 
999.000000 999.000000 999.000000 999.000000 999.000000 999.000000 999.000000 999.000000 999.000000 999.000000 999.000000 999.000000             2096.0 
999.000000 999.000000 999.000000 999.000000 999.000000 999.000000 999.000000 999.000000 999.000000 999.000000 999.000000 999.000000             2106.0 
999.000000 999.000000 999.000000 999.000000 999.000000 999.000000 999.000000 999.000000 999.000000 999.000000 999.000000 999.000000             2115.0 
999.000000 999.000000 999.000000 999.000000 999.000000 999.000000 999.000000 999.000000 999.000000 999.000000 999.000000 999.000000             2124.0 
999.000000 999.000000 999.000000 999.000000 999.000000 999.000000 999.000000 999.000000 999.000000 999.000000 999.000000 999.000000             2133.0 
999.000000 999.000000 999.000000 999.000000 999.000000 999.000000 999.000000 999.000000 999.000000 999.000000 999.000000 999.000000             2142.0 
999.000000 999.000000 999.000000 999.000000 999.000000 999.000000 999.000000 999.000000 999.000000 999.000000 999.000000 999.000000             2151.0 
999.000000 999.000000 999.000000 999.000000 999.000000 999.000000 999.000000 999.000000 999.000000 999.000000 999.000000 999.000000             2185.0 
999.000000 999.000000 999.000000 999.000000 999.000000 999.000000 999.000000 999.000000 999.000000 999.000000 999.000000 999.000000             2220.0 
999.000000 999.000000 999.000000 999.000000 999.000000 999.000000 999.000000 999.000000 999.000000 999.000000 999.000000 999.000000             2229.0 
999.000000 999.000000 999.000000 999.000000 999.000000 999.000000 999.000000 999.000000 999.000000 999.000000 999.000000 999.000000             2238.0 
999.000000 999.000000 999.000000 999.000000 999.000000 999.000000 999.000000 999.000000 999.000000 999.000000 999.000000 999.000000             2247.0 
999.000000 999.000000 999.000000 999.000000 999.000000 999.000000 999.000000 999.000000 999.000000 999.000000 999.000000 999.000000             2256.0 
999.000000 999.000000 999.000000 999.000000 999.000000 999.000000 999.000000 999.000000 999.000000 999.000000 999.000000 999.000000             2265.0 
999.000000 999.000000 999.000000 999.000000 999.000000 999.000000 999.000000 999.000000 999.000000 999.000000 999.000000 999.000000             2274.0 
999.000000 999.000000 999.000000 999.000000 999.000000 999.000000 999.000000 999.000000 999.000000 999.000000 999.000000 999.000000             2283.0 
999.000000 999.000000 999.000000 999.000000 999.000000 999.000000 999.000000 999.000000 999.000000 999.000000 999.000000 999.000000             2293.0 
999.000000 999.000000 999.000000 999.000000 999.000000 999.000000 999.000000 999.000000 999.000000 999.000000 999.000000 999.000000             2302.0 
999.000000 999.000000 999.000000 999.000000 999.000000 999.000000 999.000000 999.000000 999.000000 999.000000 999.000000 999.000000             2311.0 
999.000000 999.000000 999.000000 999.000000 999.000000 999.000000 999.000000 999.000000 999.000000 999.000000 999.000000 999.000000             2320.0 
999.000000 999.000000 999.000000 999.000000 999.000000 999.000000 999.000000 999.000000 999.000000 999.000000 999.000000 999.000000             2329.0 
999.000000 999.000000 999.000000 999.000000 999.000000 999.000000 999.000000 999.000000 999.000000 999.000000 999.000000 999.000000             2338.0 
999.000000 999.000000 999.000000 999.000000 999.000000 999.000000 999.000000 999.000000 999.000000 999.000000 999.000000 999.000000             2347.0 
999.000000 999.000000 999.000000 999.000000 999.000000 999.000000 999.000000 999.000000 999.000000 999.000000 999.000000 999.000000             2356.0 
999.000000 999.000000 999.000000 999.000000 999.000000 999.000000 999.000000 999.000000 999.000000 999.000000 999.000000 999.000000             2365.0 
999.000000 999.000000 999.000000 999.000000 999.000000 999.000000 999.000000 999.000000 999.000000 999.000000 999.000000 999.000000             2374.0 
999.000000 999.000000 999.000000 999.000000 999.000000 999.000000 999.000000 999.000000 999.000000 999.000000 999.000000 999.000000             2383.0 
999.000000 999.000000 999.000000 999.000000 999.000000 999.000000 999.000000 999.000000 999.000000 999.000000 999.000000 999.000000             2392.0 
999.000000 999.000000 999.000000 999.000000 999.000000 999.000000 999.000000 999.000000 999.000000 999.000000 999.000000 999.000000             2401.0 
999.000000 999.000000 999.000000 999.000000 999.000000 999.000000 999.000000 999.000000 999.000000 999.000000 999.000000 999.000000             2410.0 
999.000000 999.000000 999.000000 999.000000 999.000000 999.000000 999.000000 999.000000 999.000000 999.000000 999.000000 999.000000             2419.0 
999.000000 999.000000 999.000000 999.000000 999.000000 999.000000 999.000000 999.000000 999.000000 999.000000 999.000000 999.000000             2428.0 
999.000000 999.000000 999.000000 999.000000 999.000000 999.000000 999.000000 999.000000 999.000000 999.000000 999.000000 999.000000             2437.0 
999.000000 999.000000 999.000000 999.000000 999.000000 999.000000 999.000000 999.000000 999.000000 999.000000 999.000000 999.000000             2446.0 
999.000000 999.000000 999.000000 999.000000 999.000000 999.000000 999.000000 999.000000 999.000000 999.000000 999.000000 999.000000             2455.0 
999.000000 999.000000 999.000000 999.000000 999.000000 999.000000 999.000000 999.000000 999.000000 999.000000 999.000000 999.000000             2464.0 
999.000000 999.000000 999.000000 999.000000 999.000000 999.000000 999.000000 999.000000 999.000000 999.000000 999.000000 999.000000             2473.0 
999.000000 999.000000 999.000000 999.000000 999.000000 999.000000 999.000000 999.000000 999.000000 999.000000 999.000000 999.000000             2482.0 
999.000000 999.000000 999.000000 999.000000 999.000000 999.000000 999.000000 999.000000 999.000000 999.000000 999.000000 999.000000             2491.0 
999.000000 999.000000 999.000000 999.000000 999.000000 999.000000 999.000000 999.000000 999.000000 999.000000 999.000000 999.000000             2500.0 
999.000000 999.000000 999.000000 999.000000 999.000000 999.000000 999.000000 999.000000 999.000000 999.000000 999.000000 999.000000             2509.0 
999.000000 999.000000 999.000000 999.000000 999.000000 999.000000 999.000000 999.000000 999.000000 999.000000 999.000000 999.000000             2518.0 
999.000000 999.000000 999.000000 999.000000 999.000000 999.000000 999.000000 999.000000 999.000000 999.000000 999.000000 999.000000             2528.0 
999.000000 999.000000 999.000000 999.000000 999.000000 999.000000 999.000000 999.000000 999.000000 999.000000 999.000000 999.000000             2537.0 
999.000000 999.000000 999.000000 999.000000 999.000000 999.000000 999.000000 999.000000 999.000000 999.000000 999.000000 999.000000             2546.0 
999.000000 999.000000 999.000000 999.000000 999.000000 999.000000 999.000000 999.000000 999.000000 999.000000 999.000000 999.000000             2555.0 
999.000000 999.000000 999.000000 999.000000 999.000000 999.000000 999.000000 999.000000 999.000000 999.000000 999.000000 999.000000             2564.0 
999.000000 999.000000 999.000000 999.000000 999.000000 999.000000 999.000000 999.000000 999.000000 999.000000 999.000000 999.000000             2573.0 
999.000000 999.000000 999.000000 999.000000 999.000000 999.000000 999.000000 999.000000 999.000000 999.000000 999.000000 999.000000             2582.0 
999.000000 999.000000 999.000000 999.000000 999.000000 999.000000 999.000000 999.000000 999.000000 999.000000 999.000000 999.000000             2591.0 
999.000000 999.000000 999.000000 999.000000 999.000000 999.000000 999.000000 999.000000 999.000000 999.000000 999.000000 999.000000             2600.0 
999.000000 999.000000 999.000000 999.000000 999.000000 999.000000 999.000000 999.000000 999.000000 999.000000 999.000000 999.000000             2609.0 
999.000000 999.000000 999.000000 999.000000 999.000000 999.000000 999.000000 999.000000 999.000000 999.000000 999.000000 999.000000             2618.0 
999.000000 999.000000 999.000000 999.000000 999.000000 999.000000 999.000000 999.000000 999.000000 999.000000 999.000000 999.000000             2627.0 
999.000000 999.000000 999.000000 999.000000 999.000000 999.000000 999.000000 999.000000 999.000000 999.000000 999.000000 999.000000             2636.0 
999.000000 999.000000 999.000000 999.000000 999.000000 999.000000 999.000000 999.000000 999.000000 999.000000 999.000000 999.000000             2645.0 
999.000000 999.000000 999.000000 999.000000 999.000000 999.000000 999.000000 999.000000 999.000000 999.000000 999.000000 999.000000             2654.0 
999.000000 999.000000 999.000000 999.000000 999.000000 999.000000 999.000000 999.000000 999.000000 999.000000 999.000000 999.000000             2663.0 
999.000000 999.000000 999.000000 999.000000 999.000000 999.000000 999.000000 999.000000 999.000000 999.000000 999.000000 999.000000             2672.0 
999.000000 999.000000 999.000000 999.000000 999.000000 999.000000 999.000000 999.000000 999.000000 999.000000 999.000000 999.000000             2681.0 
999.000000 999.000000 999.000000 999.000000 999.000000 999.000000 999.000000 999.000000 999.000000 999.000000 999.000000 999.000000             2690.0 
999.000000 999.000000 999.000000 999.000000 999.000000 999.000000 999.000000 999.000000 999.000000 999.000000 999.000000 999.000000             2699.0 
999.000000 999.000000 999.000000 999.000000 999.000000 999.000000 999.000000 999.000000 999.000000 999.000000 999.000000 999.000000             2708.0 
999.000000 999.000000 999.000000 999.000000 999.000000 999.000000 999.000000 999.000000 999.000000 999.000000 999.000000 999.000000             2717.0 
999.000000 999.000000 999.000000 999.000000 999.000000 999.000000 999.000000 999.000000 999.000000 999.000000 999.000000 999.000000             2726.0 
999.000000 999.000000 999.000000 999.000000 999.000000 999.000000 999.000000 999.000000 999.000000 999.000000 999.000000 999.000000             2735.0 
999.000000 999.000000 999.000000 999.000000 999.000000 999.000000 999.000000 999.000000 999.000000 999.000000 999.000000 999.000000             2744.0 
999.000000 999.000000 999.000000 999.000000 999.000000 999.000000 999.000000 999.000000 999.000000 999.000000 999.000000 999.000000             2753.0 
999.000000 999.000000 999.000000 999.000000 999.000000 999.000000 999.000000 999.000000 999.000000 999.000000 999.000000 999.000000             2763.0 
999.000000 999.000000 999.000000 999.000000 999.000000 999.000000 999.000000 999.000000 999.000000 999.000000 999.000000 999.000000             2772.0 
999.000000 999.000000 999.000000 999.000000 999.000000 999.000000 999.000000 999.000000 999.000000 999.000000 999.000000 999.000000             2780.0 
999.000000 999.000000 999.000000 999.000000 999.000000 999.000000 999.000000 999.000000 999.000000 999.000000 999.000000 999.000000             2790.0 
999.000000 999.000000 999.000000 999.000000 999.000000 999.000000 999.000000 999.000000 999.000000 999.000000 999.000000 999.000000             2799.0 
999.000000 999.000000 999.000000 999.000000 999.000000 999.000000 999.000000 999.000000 999.000000 999.000000 999.000000 999.000000             2808.0 
999.000000 999.000000 999.000000 999.000000 999.000000 999.000000 999.000000 999.000000 999.000000 999.000000 999.000000 999.000000             2817.0 
999.000000 999.000000 999.000000 999.000000 999.000000 999.000000 999.000000 999.000000 999.000000 999.000000 999.000000 999.000000             2826.0 
999.000000 999.000000 999.000000 999.000000 999.000000 999.000000 999.000000 999.000000 999.000000 999.000000 999.000000 999.000000             2835.0 
999.000000 999.000000 999.000000 999.000000 999.000000 999.000000 999.000000 999.000000 999.000000 999.000000 999.000000 999.000000             2844.0 
999.000000 999.000000 999.000000 999.000000 999.000000 999.000000 999.000000 999.000000 999.000000 999.000000 999.000000 999.000000             2853.0 
999.000000 999.000000 999.000000 999.000000 999.000000 999.000000 999.000000 999.000000 999.000000 999.000000 999.000000 999.000000             2862.0 
999.000000 999.000000 999.000000 999.000000 999.000000 999.000000 999.000000 999.000000 999.000000 999.000000 999.000000 999.000000             2871.0 
999.000000 999.000000 999.000000 999.000000 999.000000 999.000000 999.000000 999.000000 999.000000 999.000000 999.000000 999.000000             2880.0 
999.000000 999.000000 999.000000 999.000000 999.000000 999.000000 999.000000 999.000000 999.000000 999.000000 999.000000 999.000000             2889.0 
999.000000 999.000000 999.000000 999.000000 999.000000 999.000000 999.000000 999.000000 999.000000 999.000000 999.000000 999.000000             2898.0 
999.000000 999.000000 999.000000 999.000000 999.000000 999.000000 999.000000 999.000000 999.000000 999.000000 999.000000 999.000000             2907.0 
999.000000 999.000000 999.000000 999.000000 999.000000 999.000000 999.000000 999.000000 999.000000 999.000000 999.000000 999.000000             2916.0 
999.000000 999.000000 999.000000 999.000000 999.000000 999.000000 999.000000 999.000000 999.000000 999.000000 999.000000 999.000000             2925.0 
999.000000 999.000000 999.000000 999.000000 999.000000 999.000000 999.000000 999.000000 999.000000 999.000000 999.000000 999.000000             2934.0 
999.000000 999.000000 999.000000 999.000000 999.000000 999.000000 999.000000 999.000000 999.000000 999.000000 999.000000 999.000000             2943.0 
999.000000 999.000000 999.000000 999.000000 999.000000 999.000000 999.000000 999.000000 999.000000 999.000000 999.000000 999.000000             2952.0 
999.000000 999.000000 999.000000 999.000000 999.000000 999.000000 999.000000 999.000000 999.000000 999.000000 999.000000 999.000000             2961.0 
999.000000 999.000000 999.000000 999.000000 999.000000 999.000000 999.000000 999.000000 999.000000 999.000000 999.000000 999.000000             2970.0 
999.000000 999.000000 999.000000 999.000000 999.000000 999.000000 999.000000 999.000000 999.000000 999.000000 999.000000 999.000000             2979.0 
999.000000 999.000000 999.000000 999.000000 999.000000 999.000000 999.000000 999.000000 999.000000 999.000000 999.000000 999.000000             2988.0 
999.000000 999.000000 999.000000 999.000000 999.000000 999.000000 999.000000 999.000000 999.000000 999.000000 999.000000 999.000000             2998.0 
999.000000 999.000000 999.000000 999.000000 999.000000 999.000000 999.000000 999.000000 999.000000 999.000000 999.000000 999.000000             3007.0 
999.000000 999.000000 999.000000 999.000000 999.000000 999.000000 999.000000 999.000000 999.000000 999.000000 999.000000 999.000000             3016.0 
999.000000 999.000000 999.000000 999.000000 999.000000 999.000000 999.000000 999.000000 999.000000 999.000000 999.000000 999.000000             3025.0 
999.000000 999.000000 999.000000 999.000000 999.000000 999.000000 999.000000 999.000000 999.000000 999.000000 999.000000 999.000000             3034.0 
999.000000 999.000000 999.000000 999.000000 999.000000 999.000000 999.000000 999.000000 999.000000 999.000000 999.000000 999.000000             3043.0 
999.000000 999.000000 999.000000 999.000000 999.000000 999.000000 999.000000 999.000000 999.000000 999.000000 999.000000 999.000000             3052.0 
999.000000 999.000000 999.000000 999.000000 999.000000 999.000000 999.000000 999.000000 999.000000 999.000000 999.000000 999.000000             3061.0 
999.000000 999.000000 999.000000 999.000000 999.000000 999.000000 999.000000 999.000000 999.000000 999.000000 999.000000 999.000000             3070.0 
999.000000 999.000000 999.000000 999.000000 999.000000 999.000000 999.000000 999.000000 999.000000 999.000000 999.000000 999.000000             3079.0 
999.000000 999.000000 999.000000 999.000000 999.000000 999.000000 999.000000 999.000000 999.000000 999.000000 999.000000 999.000000             3088.0 
999.000000 999.000000 999.000000 999.000000 999.000000 999.000000 999.000000 999.000000 999.000000 999.000000 999.000000 999.000000             3097.0 
999.000000 999.000000 999.000000 999.000000 999.000000 999.000000 999.000000 999.000000 999.000000 999.000000 999.000000 999.000000             3106.0 
999.000000 999.000000 999.000000 999.000000 999.000000 999.000000 999.000000 999.000000 999.000000 999.000000 999.000000 999.000000             3133.0 
999.000000 999.000000 999.000000 999.000000 999.000000 999.000000 999.000000 999.000000 999.000000 999.000000 999.000000 999.000000             3142.0 
999.000000 999.000000 999.000000 999.000000 999.000000 999.000000 999.000000 999.000000 999.000000 999.000000 999.000000 999.000000             3151.0 
999.000000 999.000000 999.000000 999.000000 999.000000 999.000000 999.000000 999.000000 999.000000 999.000000 999.000000 999.000000             3160.0 
999.000000 999.000000 999.000000 999.000000 999.000000 999.000000 999.000000 999.000000 999.000000 999.000000 999.000000 999.000000             3169.0 
999.000000 999.000000 999.000000 999.000000 999.000000 999.000000 999.000000 999.000000 999.000000 999.000000 999.000000 999.000000             3178.0 
