-32.828415 144.684128 52.066814 22.987490 118.330368 94.313583 -14.773822 129.085968 52.800331 47.283375 77.350449 81.861023                  0 
-32.843327 144.791519 52.046230 22.989479 118.333344 94.358292 -14.687384 129.186737 52.766361 47.252712 77.327988 81.925842                  9 
-32.962181 144.979813 51.892246 22.797628 118.451141 94.389069 -14.720139 129.371643 52.644913 47.063168 77.422806 82.037163                 17 
-33.005146 145.108261 51.933701 22.803598 118.461853 94.426086 -14.661382 129.536285 52.615501 47.028950 77.418045 82.046738                 26 
-33.070000 145.234100 51.971188 22.788071 118.567345 94.501709 -14.603799 129.787247 52.556602 46.989910 77.498917 82.158081                 35 
-33.197842 145.506241 51.799355 22.546473 118.787811 94.540955 -14.656286 130.164780 52.363323 46.754902 77.694702 82.292763                 45 
-33.226673 145.662155 51.858597 22.540884 118.817711 94.565773 -14.619621 130.438812 52.299618 46.694954 77.708527 82.264320                 53 
-33.248035 145.795074 51.917366 22.543312 118.838982 94.585663 -14.582787 130.726776 52.214104 46.646236 77.715874 82.230530                 63 
-33.364811 146.254349 51.914371 22.297329 118.973740 94.602905 -14.678928 131.255768 52.111362 46.305233 77.827110 82.141563                 72 
-33.452484 146.806595 51.827045 22.011213 119.137390 94.580383 -14.784203 131.786942 51.991974 45.908188 77.956741 82.018593                 81 
-33.504162 147.144363 51.840614 21.891010 119.228897 94.577682 -14.842068 132.119263 51.965519 45.704140 78.027275 81.925766                 90 
-33.671829 147.449387 51.804585 21.705885 119.294647 94.456703 -15.031809 132.385742 51.885796 45.385437 78.043289 81.716431                 99 
-33.719566 147.674316 51.892483 21.660297 119.348297 94.467377 -15.088417 132.584595 51.938992 45.248646 78.069511 81.647018                108 
-33.787949 147.783768 51.886478 21.590256 119.341331 94.432487 -15.177838 132.642380 51.945213 45.109150 78.032715 81.580658                117 
-33.935036 147.849091 51.828930 21.469887 119.377617 94.382668 -15.395543 132.561554 52.008648 44.932709 78.026703 81.564400                126 
-34.000648 147.864716 51.816425 21.455791 119.371040 94.378944 -15.570067 132.305054 52.210308 44.907684 78.007339 81.581970                135 
-34.059689 147.888657 51.811066 21.450871 119.362045 94.376320 -15.823266 131.781143 52.625626 44.890583 77.986717 81.594620                144 
-34.155788 148.026825 51.856213 21.453842 119.364784 94.375946 -16.356916 130.575745 53.589893 44.866573 77.980179 81.574837                153 
-34.349182 148.190903 52.151043 21.531651 119.352982 94.392838 -17.108583 129.126785 54.938919 44.829300 77.934471 81.491829                162 
-34.545048 148.209671 52.299622 21.534899 119.295502 94.291405 -17.860615 127.675819 56.122799 44.727245 77.848534 81.292419                171 
-34.516327 148.374054 52.779522 21.745937 119.074936 94.283821 -18.344284 126.467094 57.404873 44.672184 77.578964 80.972870                180 
-34.544262 148.224457 52.956623 21.875849 118.945511 94.296013 -18.804514 124.807915 58.683964 44.782185 77.475311 80.870956                189 
-34.750458 146.606155 51.939617 21.946404 118.772713 93.941689 -19.253416 120.609436 60.192070 45.535130 77.481956 81.160637                216 
-34.752132 146.229568 51.835743 22.037722 118.682945 93.908081 -19.296312 119.342316 60.848026 45.747997 77.439384 81.199776                226 
-34.739250 145.678040 51.704685 22.173483 118.573288 93.885025 -19.354950 117.549019 61.837925 46.066208 77.415924 81.239120                234 
-35.206161 145.188171 51.663471 22.018242 118.705383 93.659012 -19.805050 116.268898 62.724964 45.987316 77.624557 80.909142                243 
-35.110863 144.367645 51.517639 22.031441 118.688507 93.631874 -19.905527 115.332130 63.400604 46.050800 77.670761 80.774002                252 
-35.493587 142.323151 51.352058 22.555588 117.658401 92.310127 -20.039726 113.535110 63.419605 46.577400 76.876785 78.726242                261 
-35.802013 141.331375 51.764664 22.670963 117.036346 91.942200 -20.297075 112.628967 63.916092 46.526180 76.362549 77.754852                270 
-35.930721 141.000763 51.917637 22.729593 116.999229 91.756294 -20.361229 112.327728 64.181396 46.562431 76.429253 77.237938                280 
-36.012997 140.635559 52.073750 22.716692 116.949905 91.686798 -20.459011 112.076775 64.495430 46.480381 76.432961 76.909309                289 
-36.106041 139.838974 52.407879 23.073837 116.276360 91.216682 -20.413366 111.215248 64.816841 46.567867 75.767235 75.993309                298 
-35.890400 139.144073 52.291073 23.350616 115.575157 90.789757 -20.180092 110.405380 64.746719 46.712646 75.121887 75.218681                307 
-35.789059 138.702713 52.270569 23.514988 115.290421 90.612587 -20.012665 109.870781 64.883865 46.795940 74.841690 74.908844                316 
-35.799347 138.437912 52.301796 23.586754 115.113373 90.503662 -19.898479 109.393311 65.069977 46.804546 74.668472 74.696884                326 
-35.783245 138.368546 52.379532 23.654655 115.015091 90.436539 -19.773560 109.069588 65.250908 46.784527 74.571808 74.497299                336 
-35.775688 138.370026 52.435387 23.700033 114.981171 90.388062 -19.678133 108.846970 65.390808 46.761345 74.535385 74.356079                343 
-35.764221 138.406494 52.440445 23.741508 114.972130 90.258652 -19.633669 108.806053 65.428436 46.673717 74.505325 74.095055                354 
-35.730740 138.366760 52.475224 23.777878 114.970619 90.259270 -19.579052 108.730492 65.529213 46.659805 74.504906 74.021873                361 
-35.708687 138.255157 52.557220 23.809889 114.983620 90.280548 -19.530083 108.545036 65.782150 46.601612 74.513885 73.926712                371 
-35.677692 138.126694 52.602131 23.823944 115.024971 90.277206 -19.496639 108.419174 65.987236 46.531158 74.560150 73.794167                379 
-35.602757 137.890472 52.511707 23.829000 115.028778 90.279655 -19.399200 108.167152 66.131340 46.509003 74.564461 73.757973                388 
-35.524937 137.643097 52.396236 23.829134 115.028427 90.279694 -19.345772 108.073341 66.165649 46.504337 74.563751 73.752296                397 
-35.410755 137.986420 52.428875 23.777554 115.231743 90.315834 -19.401190 108.542259 66.195114 46.263420 74.741226 73.594177                406 
-35.083714 138.733795 52.618977 23.719860 115.643677 90.591789 -19.487392 109.481880 66.427811 45.812126 75.026779 73.653381                415 
-34.708782 140.258255 53.048870 23.609478 116.364662 91.018600 -19.634108 111.024750 66.764862 45.141258 75.606415 73.702202                424 
-34.481583 141.507202 53.032261 23.286304 116.988205 91.158936 -19.889524 112.419174 66.673676 44.398857 76.147224 73.524193                433 
-34.497761 142.024384 53.273968 23.110247 117.339073 91.325432 -20.150553 113.119049 66.939323 43.903416 76.406357 73.524689                442 
-34.606277 142.483444 52.889492 22.736307 117.724808 91.235954 -20.422651 113.663757 66.612785 43.530159 76.776718 73.471397                451 
-34.744652 143.041443 52.590714 22.434862 118.137604 91.152977 -20.648464 114.264389 66.283028 43.256363 77.190948 73.417534                460 
-34.902252 143.892181 52.657951 22.265759 118.508438 91.168350 -20.807640 115.047623 66.064377 43.068512 77.628220 73.258499                469 
-36.190582 145.515701 52.863548 21.632959 118.949776 90.349571 -21.682730 116.122765 65.351669 42.278530 78.241478 71.875137                478 
-37.001038 147.173203 53.342384 21.306313 119.245323 89.947121 -22.156054 117.376785 64.769302 41.779263 78.651428 71.034058                487 
-37.435810 148.447830 53.648624 21.137875 119.419579 89.679222 -22.383080 118.867195 63.981152 41.518902 78.915405 70.476730                496 
-37.530579 149.081238 53.894005 21.174475 119.487000 89.702065 -22.294338 120.490936 63.212620 41.537369 79.007591 70.428238                505 
-37.510433 149.986374 54.106155 21.169912 119.725563 89.829025 -22.100185 122.868828 62.175430 41.499844 79.245361 70.522102                514 
-37.622097 151.231934 53.971321 20.808388 120.336487 89.992668 -22.018806 125.292564 61.055855 41.186802 79.792885 70.870781                523 
-37.766708 152.295792 54.054089 20.605339 120.749153 90.167923 -21.720901 127.802849 59.811710 41.028633 80.133423 71.248062                532 
-38.012157 153.509705 54.651508 20.556831 120.934921 90.401939 -21.315332 130.155853 58.753513 40.933594 80.254028 71.572113                542 
-38.336956 154.572510 55.194519 20.529009 120.936249 90.388412 -21.029602 131.804276 57.816147 40.847900 80.221046 71.570213                551 
-38.677284 155.970032 55.855427 20.433350 121.027733 90.427231 -20.908976 133.056931 57.239826 40.656811 80.255623 71.629456                560 
-38.915546 157.049835 56.241512 20.342199 121.116623 90.499619 -20.887463 133.598236 56.922577 40.502106 80.209183 71.928947                569 
-38.973518 158.092514 56.733715 20.365021 121.099564 90.636253 -20.756897 134.014542 56.769180 40.438042 80.096535 72.182648                578 
-39.179932 159.397156 57.483326 20.427443 121.109390 90.721954 -20.733833 134.069946 56.813564 40.409496 80.003685 72.398506                587 
-39.371796 160.312927 57.742088 20.385370 121.270142 90.794548 -20.829092 134.044983 56.738106 40.407082 80.039444 72.798141                596 
-39.362049 160.736374 57.772175 20.413691 121.403542 90.929855 -20.947779 134.052261 56.777348 40.472481 80.064735 73.225128                605 
-38.955978 160.307693 56.782726 20.554562 121.567474 91.175865 -20.704981 133.621628 56.460518 40.899143 79.998901 74.357368                614 
-37.993610 159.949585 56.008228 21.033291 121.678093 91.752068 -20.108372 133.086227 56.567356 41.738659 79.986908 75.694603                623 
-37.413952 158.837112 55.141449 21.488544 121.651566 92.234344 -19.826340 131.558182 56.900970 42.880619 79.987053 77.030479                632 
-36.476742 157.057144 53.597637 22.068920 121.151848 92.484627 -19.816355 127.879433 57.885334 44.122486 79.406494 78.496208                641 
-35.796532 156.163101 52.720573 22.462467 120.889450 92.606125 -19.772818 125.464798 58.739792 44.948715 79.189102 79.183769                650 
-35.602226 154.005310 51.117638 22.788239 120.348259 92.211777 -19.836351 121.866722 59.266830 45.857925 78.619339 79.915550                659 
-35.260441 153.010971 50.075481 22.994125 120.029312 91.894073 -19.860445 119.598099 59.785103 46.268753 78.249100 80.171654                668 
-35.112541 151.933273 49.431259 23.206301 119.800995 91.743492 -19.913279 117.387360 60.664307 46.624176 77.960907 80.530991                677 
-35.006969 151.036682 49.011269 23.380096 119.624901 91.656883 -19.914688 115.648727 61.436092 46.916889 77.763687 80.777191                686 
-35.076771 150.043243 48.753334 23.563614 119.476601 91.519501 -19.843958 113.994423 62.147133 47.366276 77.730255 80.777718                695 
-35.011692 148.069275 48.424156 24.014046 118.114349 90.763687 -19.730093 111.464577 62.669956 47.674160 76.335518 79.834908                704 
-35.234406 146.219376 48.513992 24.320509 117.145973 90.346962 -19.691942 109.319145 63.517345 47.939365 75.402985 79.194290                713 
-35.343388 144.870621 48.674046 24.722839 116.681671 90.040352 -19.450043 107.902504 64.198174 48.395161 75.033112 78.650513                722 
-35.452080 143.286636 48.801147 25.003895 116.147797 89.885025 -19.211601 106.583626 64.758064 48.819565 74.630859 78.314903                732 
-35.799591 141.368637 49.281712 25.582552 114.899742 89.036827 -19.026068 104.912659 65.106277 49.291534 73.534599 76.727516                741 
-35.907204 139.943100 49.061275 25.647795 114.324020 88.538742 -18.995020 103.900436 65.274307 49.230614 72.938866 76.055565                750 
-35.928692 138.659653 49.383335 25.913202 113.627151 88.261108 -18.756062 102.889488 65.664192 49.371761 72.325844 75.276192                759 
-36.421795 138.201660 49.780819 25.768551 113.148300 87.650055 -18.907410 102.183044 65.959824 48.820969 71.864006 73.905869                767 
-37.341579 137.179245 49.786228 25.558050 112.475594 86.261322 -19.325123 101.218536 65.935913 48.033867 71.068642 71.943085                776 
-37.898838 136.157867 50.134800 25.316380 112.029800 85.698685 -19.598476 100.616173 66.155289 47.503540 70.711830 70.689850                786 
-38.117821 135.621765 50.270386 25.200577 111.848091 85.451469 -19.366123 99.667320 66.569099 47.238285 70.578255 70.094063                795 
-38.044945 135.400955 50.297779 25.156225 111.829765 85.390770 -19.125309 99.346313 66.725143 47.059235 70.594917 69.749290                804 
-37.955383 135.135315 50.263157 25.126427 111.817444 85.349983 -19.051588 99.317665 66.747452 46.938679 70.607239 69.517929                813 
-37.996834 135.023544 50.320053 25.031519 111.828499 85.287155 -19.072245 99.423935 66.701294 46.756222 70.676552 69.185463                822 
-38.025848 134.883698 50.364098 24.952812 111.846382 85.234657 -19.036329 99.558403 66.615921 46.602921 70.747765 68.897987                831 
-38.046764 134.760178 50.392555 24.890018 111.860649 85.192780 -18.958694 99.739861 66.464691 46.480328 70.805412 68.668953                840 
-38.063786 134.640381 50.435791 24.844437 111.879044 85.180634 -18.870556 99.939392 66.322327 46.390564 70.860916 68.507683                849 
-38.033844 134.442871 50.484928 24.831247 111.912636 85.197891 -18.756075 100.194847 66.179970 46.348709 70.940399 68.375732                858 
-38.000839 134.254425 50.518486 24.819971 111.941353 85.212654 -18.661589 100.430557 66.045799 46.312691 71.008675 68.263054                867 
-37.964500 134.062576 50.546947 24.809134 111.968956 85.226837 -18.582928 100.665092 65.921417 46.277882 71.074562 68.154884                876 
-37.959373 133.965317 50.643791 24.842451 112.026131 85.230804 -18.536076 100.744675 65.951401 46.316074 71.193344 68.018097                885 
-37.953197 133.942932 50.737495 24.855776 112.087860 85.266548 -18.520758 100.828339 65.998589 46.334675 71.309418 67.932045                894 
-37.929893 133.987091 50.883617 24.919441 112.195305 85.288040 -18.465195 100.962692 66.053223 46.401787 71.494019 67.777359                904 
-37.926720 134.071182 50.919262 24.881340 112.274605 85.326981 -18.468164 101.098602 66.031281 46.371326 71.625648 67.704475                912 
-37.966694 134.065216 50.991295 24.829321 112.310150 85.398254 -18.490282 101.130394 66.080589 46.343189 71.705238 67.703491                921 
-38.083340 134.139801 51.295807 24.755020 112.407822 85.534897 -18.599726 101.215897 66.355560 46.206970 71.840981 67.678391                931 
-38.094379 134.009979 51.340069 24.759792 112.397308 85.514458 -18.633118 100.910576 66.638939 46.165844 71.826141 67.612747                939 
-38.105007 133.879440 51.410679 24.768131 112.386429 85.485573 -18.694632 100.788841 66.825798 46.109512 71.815483 67.506325                949 
-38.092014 133.886932 51.427197 24.763739 112.408646 85.430252 -18.675798 101.281250 66.526535 46.033100 71.841675 67.356934                957 
-38.042198 133.890167 51.469151 24.777182 112.433311 85.423141 -18.638861 101.819717 66.238380 45.976498 71.872208 67.254601                966 
-37.824642 134.328400 51.838051 24.940569 112.528847 85.531342 -18.507666 102.762535 66.054337 45.862942 71.951401 67.080460                975 
-37.503441 134.726379 52.054878 25.134424 112.617058 85.631523 -18.357073 103.315742 66.088783 45.792397 71.991600 66.989357                984 
-37.538841 134.658112 52.331524 25.232962 112.724564 85.606483 -18.397694 103.433830 66.376404 45.723034 72.046875 66.893044                994 
-37.293655 134.937363 52.272270 25.282684 112.808815 85.579079 -18.393705 103.814316 66.321831 45.558239 72.077362 66.749313               1003 
-36.989445 135.138794 52.131435 25.386887 112.942459 85.511177 -18.298477 104.293983 66.154465 45.491676 72.171326 66.584435               1012 
-36.667202 135.513626 51.870476 25.570967 113.249779 85.352150 -18.122934 104.809708 65.960693 45.505421 72.360336 66.500603               1021 
-35.900463 136.496262 51.700012 26.157675 114.182968 85.260155 -17.598492 105.990265 65.916199 45.827251 73.126312 66.493996               1030 
-35.111401 137.039337 51.347599 26.739113 114.893425 85.135643 -17.024355 106.824219 65.760880 46.282112 73.712593 66.509842               1039 
-33.913429 136.970474 50.618153 27.656319 116.170708 85.527435 -15.873955 107.514328 65.871498 47.610588 74.721855 67.962425               1048 
-32.749977 137.413300 49.368778 28.521326 117.924950 85.292854 -14.768203 109.176231 65.033607 48.910355 76.314484 68.632507               1057 
-31.847689 138.806412 48.198879 29.129074 120.058517 84.861519 -14.039633 111.655334 64.091438 49.520298 78.110115 69.074203               1066 
-31.294804 141.261032 47.470882 29.323824 122.645546 84.601418 -13.848318 115.082436 63.380699 49.300346 80.266037 69.448036               1075 
-30.275265 142.854919 46.037304 30.027309 124.791740 83.802856 -13.032633 117.590706 62.133121 49.883453 82.091774 69.409935               1084 
-28.129530 143.122299 44.297947 31.833029 125.247749 82.698746 -11.098845 118.497086 60.472935 51.543732 82.251686 69.004349               1093 
-27.288870 146.097046 42.379070 32.222309 128.446030 81.592934 -10.611320 122.123116 58.774517 51.733688 85.090782 68.773468               1102 
-26.886894 148.654373 39.451969 32.134544 134.366226 80.887238 -9.947295 126.321945 56.903934 53.177505 91.079697 70.486275               1111 
-26.899696 153.773544 37.615170 32.519051 134.838272 77.191971 -10.432304 129.662323 53.853317 51.223553 90.931496 65.065704               1120 
-28.259214 157.333954 34.775398 31.898226 139.007965 73.890114 -11.430294 133.368896 51.272820 50.423691 94.818100 62.542290               1130 
-28.449821 160.549820 31.633619 31.531322 142.327866 71.426445 -11.669393 136.521194 48.471378 50.129662 97.993996 60.781273               1138 
-27.568375 163.286285 27.905565 32.027908 145.184052 68.826576 -10.728528 139.003265 45.025257 51.205063 100.970291 58.722614               1147 
-27.809010 166.864212 25.007179 31.851685 148.296158 66.623390 -10.632853 141.776932 42.256264 51.391499 104.084068 57.232075               1156 
-27.446232 167.945557 20.523233 32.607471 149.207809 62.129089 -10.096190 143.130203 37.429947 51.955685 104.757187 53.497780               1165 
-26.786963 169.374542 16.638430 33.426052 151.200073 58.525475 -9.388725 145.311752 33.396160 52.841492 106.629539 50.701267               1174 
-25.260273 170.606369 10.517659 33.377769 156.203339 56.093277 -7.854834 148.548859 28.223190 54.945499 112.244873 50.878315               1183 
-24.241365 170.787170 5.072424 33.073051 161.004059 53.552326 -6.522179 151.330063 23.176159 57.040524 118.070374 50.912422               1192 
-23.334444 172.206268 0.288013 32.747131 164.951660 50.692009 -5.580044 154.778702 17.845491 58.317017 122.891388 49.341480               1201 
-21.976414 173.756744 -4.661469 32.499760 167.965683 47.717041 -4.277623 157.979080 12.108611 59.539585 126.818428 47.037876               1210 
-21.694342 174.978577 -10.832084 31.473524 171.409225 43.130184 -4.055772 161.001770 5.417359 59.709904 131.073395 43.791435               1220 
-20.871220 175.463516 -17.317982 30.605658 173.781387 38.384018 -3.302957 162.975571 -1.456019 60.343971 134.565399 39.948875               1229 
-18.871973 175.028564 -26.567966 28.222643 176.345642 32.922825 -2.174492 164.101639 -9.803419 59.249329 138.390060 37.551880               1238 
-19.981943 173.887009 -32.737671 26.642258 178.506821 27.003538 -2.945420 164.737991 -16.448280 59.524487 142.260117 32.448273               1247 
-16.536530 171.738358 -39.767384 25.472874 179.515900 23.032068 0.072013 165.120895 -23.839455 61.115791 146.324875 30.287975               1256 
-13.510808 170.498825 -46.399387 23.956835 179.713501 19.058477 2.408824 165.801727 -30.769304 61.257103 148.835907 28.001335               1265 
-11.512403 169.862213 -52.920654 22.621910 180.443436 14.164159 3.892463 166.530991 -37.356159 60.894718 151.290848 24.653599               1274 
-9.345711 169.691666 -59.695869 21.848536 180.590256 8.782492 5.640652 167.323013 -44.146320 61.096424 153.118683 20.167826               1283 
-7.150878 169.298737 -66.023766 21.153685 181.171371 3.563875 7.386638 167.879913 -50.345760 60.839085 155.008362 16.419859               1292 
-5.276396 168.626068 -72.526802 20.479963 182.040161 -2.211010 9.003162 168.558914 -56.980904 60.674828 157.442612 12.073355               1301 
-3.029024 166.153549 -79.001396 19.560932 182.324936 -8.158656 11.028917 168.094818 -63.735508 60.052853 159.631241 8.276367               1310 
-1.592012 164.249420 -85.112556 18.586847 182.687241 -14.076769 12.221213 167.463181 -69.877197 59.120899 161.411163 4.062392               1319 
0.889159 161.693878 -91.542412 17.605688 182.830093 -20.341728 14.313637 166.539246 -76.333351 58.183102 163.661224 -0.075057               1328 
2.467445 159.113480 -96.741692 16.786203 182.599640 -25.738855 15.686079 165.235825 -81.674126 57.199692 164.929276 -3.847808               1337 
9.732091 146.012939 -112.491676 14.889245 179.148132 -44.104538 21.063673 155.712418 -97.580070 54.509686 168.614365 -16.828718               1364 
10.806211 144.049057 -116.420288 15.047227 179.216263 -48.930393 22.048307 154.185074 -101.571129 54.272854 169.587402 -20.764009               1373 
10.952027 141.621841 -120.638618 14.874301 179.044159 -54.057621 22.613005 152.120590 -105.597961 53.857857 170.783524 -25.130924               1382 
12.773499 138.845901 -124.847603 14.610944 177.695724 -58.526611 24.617346 150.009567 -109.224197 53.545330 172.373032 -28.853516               1391 
13.215878 136.199570 -128.759811 14.040783 176.360352 -62.590591 25.790575 147.783661 -112.405777 52.619267 173.062592 -32.167980               1400 
14.830371 128.623520 -130.873184 12.644366 171.829132 -66.053467 28.080898 143.025543 -115.286003 50.316544 172.273865 -34.346699               1409 
15.607050 125.486450 -133.621994 11.929667 169.349167 -68.572105 30.114948 142.247070 -118.399139 48.786098 171.742004 -36.005440               1418 
14.257817 125.871201 -136.042404 11.532851 168.301041 -69.469315 30.138824 144.108383 -121.109283 48.604290 170.732269 -37.150467               1427 
13.857481 124.689339 -136.955917 11.283781 167.720062 -70.448280 30.672392 145.046143 -123.117943 48.204723 170.743683 -38.007385               1436 
13.871749 121.742195 -137.479965 10.968443 166.427307 -71.781090 31.364597 144.529327 -125.051422 47.580730 170.693848 -39.130718               1445 
12.487392 119.752563 -138.827850 10.437359 165.495544 -73.477440 31.037718 144.037598 -127.222984 46.973072 170.083679 -40.784920               1455 
12.261641 117.419746 -139.037186 10.342239 164.672394 -74.501038 31.385073 143.367554 -128.427902 46.676540 170.074814 -41.708622               1463 
11.510093 115.215752 -139.698792 9.656573 163.462830 -75.702515 30.894251 143.266830 -130.213974 45.919735 169.591446 -42.959072               1472 
11.711512 108.617088 -137.722610 8.514749 161.014221 -77.063728 30.477034 139.775101 -131.036667 44.295696 169.908951 -44.424530               1481 
11.858693 105.561867 -136.873260 7.993504 159.844604 -77.927544 30.035635 139.045975 -132.078781 43.515148 169.993042 -45.370945               1490 
11.016303 104.649193 -137.049225 7.803451 159.423828 -78.501350 29.123131 139.543640 -133.314133 43.555412 169.651978 -46.223000               1500 
10.572611 102.977493 -136.698761 7.591607 158.788071 -79.069595 28.509520 139.413391 -134.064194 43.313416 169.441437 -46.895569               1509 
10.056272 101.696251 -136.488098 7.431255 158.261642 -79.528610 27.852280 139.533234 -134.688248 43.162247 169.129837 -47.436733               1518 
10.279835 94.537712 -133.296814 6.325932 154.632568 -80.089622 27.156065 133.942871 -134.316956 41.657475 168.328354 -48.644157               1527 
9.442230 92.737175 -133.088409 5.647938 153.523041 -80.634499 26.433857 132.122467 -134.471893 40.942993 167.469009 -49.258099               1536 
9.502856 92.835442 -133.612991 5.533043 153.419281 -80.916153 26.254917 132.231995 -134.560913 40.711246 167.279312 -49.370888               1545 
10.257052 92.746941 -133.707809 5.619493 153.304169 -81.014809 26.503202 132.499741 -134.512650 40.518219 167.400986 -49.264706               1554 
10.483822 92.753899 -133.629532 5.711278 153.312439 -80.929688 26.478745 132.775955 -134.301376 40.482224 167.379318 -49.026489               1563 
10.337432 92.479080 -133.547821 5.741110 153.140701 -80.850067 26.281939 132.547165 -134.027054 40.476723 167.257843 -48.930588               1572 
10.390419 91.017677 -132.848557 5.246140 152.215942 -80.730186 25.962751 131.122208 -133.360245 39.681458 166.923203 -48.751827               1581 
10.326180 90.329765 -132.622498 4.918963 151.746170 -80.708145 25.711210 130.428711 -133.077255 39.176212 166.730164 -48.667061               1590 
10.217611 89.716789 -132.356384 4.662160 151.393494 -80.698685 25.356308 129.673431 -132.737061 38.789940 166.619476 -48.633526               1599 
9.672901 89.329147 -132.359299 4.179101 151.145584 -80.801208 24.559540 128.798691 -132.343796 38.262211 166.448547 -48.725193               1608 
9.368932 89.048531 -132.318222 3.804518 151.043762 -80.932228 23.907455 127.923103 -131.983780 37.854965 166.578812 -48.933170               1617 
8.603208 87.210457 -132.126358 2.530292 149.967636 -81.684433 22.272320 125.877342 -132.242966 36.634102 166.687653 -50.346264               1626 
7.742872 82.994415 -130.932373 0.358998 147.439484 -82.803673 20.066174 119.415337 -130.581512 34.194641 166.262207 -52.380581               1635 
7.722714 82.549454 -132.045593 -0.785843 146.938812 -83.987312 19.189608 115.751793 -128.609894 32.659386 166.382294 -53.522942               1645 
7.785381 79.919319 -130.403137 -1.827705 145.635468 -84.355095 18.453255 111.966301 -126.759575 31.392849 166.885803 -54.867340               1654 
7.331559 81.662956 -132.029495 -1.903121 146.624802 -84.815117 17.957666 113.223564 -127.438278 31.533253 167.418854 -55.246101               1662 
8.265572 79.447716 -130.526535 -2.529113 145.396988 -85.009377 18.012581 112.386917 -127.973946 30.466377 167.978745 -56.267914               1672 
8.951344 79.423622 -131.178040 -2.832727 145.467514 -86.016174 18.529568 112.395813 -128.484360 29.591709 168.294571 -56.822147               1680 
9.674622 82.235573 -134.542282 -3.286298 146.918945 -87.735184 19.062983 115.460190 -131.140198 28.404964 168.982330 -57.180630               1689 
9.573918 84.380295 -137.194763 -3.826818 147.980560 -89.022026 18.798466 118.629051 -134.244156 27.595959 169.427124 -57.759209               1699 
7.532905 87.078697 -140.412384 -4.507185 149.865479 -90.811760 17.673983 121.555016 -137.100311 27.147797 169.564163 -58.646034               1708 
7.840581 89.505150 -141.676987 -4.322786 152.386749 -92.242233 18.229513 124.077507 -138.089188 27.010052 171.678543 -59.519306               1717 
7.899432 90.966225 -142.409363 -4.216735 154.348236 -93.701927 17.807262 125.711815 -135.998810 27.213791 173.922592 -61.241547               1726 
7.377236 97.008034 -148.887772 -3.862725 157.997223 -97.128410 17.667278 131.011658 -138.125946 27.605680 174.866928 -63.218792               1735 
6.051665 101.305809 -153.440979 -4.013278 160.487640 -99.473396 16.975763 134.434769 -140.062195 27.552521 174.938538 -64.552322               1744 
7.181533 102.265633 -154.111679 -3.647451 162.001633 -101.053154 17.404186 134.811035 -139.430740 27.631140 176.961624 -66.088051               1753 
5.123558 106.336929 -157.534943 -3.895310 164.413086 -102.449493 15.816203 137.312851 -140.424194 28.165289 177.531815 -67.453392               1762 
3.039939 110.295158 -161.069580 -4.011677 166.716721 -104.102524 14.326260 140.494995 -143.208389 29.127142 178.437088 -69.618301               1771 
-0.500872 115.403084 -165.758270 -3.985836 169.439865 -106.280624 12.206310 144.443375 -147.100220 30.572813 178.505554 -72.395180               1780 
-0.251136 116.745056 -166.759842 -3.083797 170.778000 -107.302811 12.805758 145.556381 -148.104401 31.456829 179.102234 -73.209373               1789 
-0.119147 115.388313 -166.243317 -2.849644 171.407181 -108.698524 12.900502 144.844330 -148.696457 31.778494 180.847351 -74.986725               1798 
1.444488 112.542000 -164.830368 -2.882358 171.491806 -110.440575 13.535797 143.304642 -149.034729 31.529156 183.760818 -77.424988               1807 
3.747473 97.331917 -151.204056 -4.889981 166.713486 -111.715820 13.060987 131.904114 -143.602295 29.068836 189.383011 -84.191254               1816 
2.831552 91.470947 -144.750031 -6.315475 164.682129 -113.118820 11.390014 126.715111 -141.324036 28.004864 191.155899 -89.752953               1825 
1.361479 90.487320 -145.288589 -7.326223 164.331390 -115.084023 9.319757 125.814552 -143.158890 27.852140 192.083252 -94.662788               1834 
0.358886 89.179848 -144.485443 -8.020207 163.791214 -116.188026 7.928562 124.517639 -143.588974 27.622999 192.518890 -98.049889               1843 
-0.092270 88.269913 -143.645279 -8.211892 163.400406 -116.727226 7.327521 123.541458 -143.492691 27.682770 192.600601 -99.885849               1852 
-0.306568 87.818787 -143.208817 -8.310926 163.198502 -117.005806 6.504175 122.228867 -144.366760 27.706074 192.627579 -100.837471               1861 
-6.822251 90.855034 -146.259338 -7.173197 165.064911 -116.074112 1.646411 123.981117 -147.207901 32.169601 190.977585 -101.742744               1870 
-11.806123 92.838379 -145.792282 -6.428622 166.096924 -114.961746 -2.869058 124.733543 -147.612488 35.408333 189.211899 -103.126320               1879 
-15.230699 94.496857 -144.248123 -4.706426 166.082794 -113.064217 -6.649509 125.091171 -146.827972 39.369572 186.055954 -103.948891               1888 
-18.045479 96.848976 -142.750427 -3.100478 165.939362 -110.673149 -10.986621 126.445213 -145.925156 42.831982 182.539764 -104.400543               1898 
-19.759979 98.412285 -142.155838 -2.961686 165.916336 -109.650223 -14.273754 127.525589 -145.631424 43.778519 180.746719 -105.164375               1907 
-17.771900 98.876884 -141.437836 -2.420582 165.746231 -107.927216 -15.086906 128.208450 -144.657898 43.995304 182.048935 -105.806511               1915 
-22.905127 102.114655 -137.222977 1.066987 165.943741 -105.463081 -18.646864 130.487167 -141.386780 49.535904 174.591476 -104.632027               1925 
-20.695539 102.063995 -135.954971 3.562587 165.494125 -105.319427 -17.878374 130.264465 -140.644196 52.216553 173.073334 -105.558304               1934 
-21.368925 104.653954 -135.664993 4.325317 165.856735 -104.490326 -19.666378 132.539505 -140.175232 53.338013 170.554230 -105.122185               1943 
-20.305834 106.065781 -135.478745 4.683558 166.027039 -104.100914 -20.527084 133.695465 -139.962296 53.803730 169.372589 -104.953011               1951 
-18.760395 106.284737 -135.633209 5.091619 165.298706 -103.672127 -20.851456 133.767792 -139.820648 54.224930 168.283035 -104.984222               1960 
-16.569407 106.549606 -136.335297 5.142742 165.193253 -103.638916 -20.464321 133.843796 -140.264069 54.228786 168.885788 -104.917709               1970 
-16.409706 107.526955 -135.661636 5.357874 165.195435 -103.148682 -21.358885 134.603699 -139.690643 54.519524 167.545624 -104.671463               1979 
-16.314909 109.340485 -135.363205 5.836181 165.470123 -102.502098 -22.393854 136.260757 -139.099274 55.024174 166.263992 -104.651711               1988 
-15.800448 110.728523 -135.256866 6.154369 165.647919 -102.110001 -23.118004 137.480240 -138.761047 55.325459 165.390030 -104.726723               1997 
-15.735242 112.103676 -134.940720 6.653633 165.819183 -101.588562 -23.805109 138.820999 -138.199829 55.769516 164.269440 -104.741081               2006 
-15.458070 113.355835 -134.793335 6.996189 166.005203 -101.243164 -24.438719 140.039673 -137.822021 56.034702 163.392731 -104.863838               2015 
-14.928140 114.340668 -134.603806 7.252730 166.217239 -100.890350 -25.312389 141.843216 -137.729752 56.215179 163.002014 -105.019600               2024 
-14.510527 114.875732 -134.336731 7.582059 166.030853 -100.477158 -26.418694 143.741150 -137.612030 56.440968 162.428513 -105.430954               2033 
-14.281740 115.275780 -134.053146 7.801832 165.828995 -100.080711 -27.697882 146.171112 -136.844269 56.555244 161.939148 -105.797676               2042 
-13.752782 115.879845 -132.820984 9.041431 165.213181 -98.534706 -28.772131 149.087326 -134.438110 57.496334 161.132492 -106.292290               2051 
-11.651698 113.075676 -128.683685 11.688054 162.117706 -94.912491 -28.746332 149.699142 -128.915649 59.605267 159.572327 -105.965614               2060 
-9.508568 110.644753 -122.709007 14.501619 160.594330 -91.189827 -28.460957 149.545837 -122.380363 61.555199 159.290466 -105.645645               2069 
-9.051308 107.508873 -117.158775 16.220299 157.701859 -87.391052 -28.730732 148.254013 -116.547844 62.448395 156.404724 -104.302307               2078 
-8.253527 105.551376 -113.149467 17.031651 156.398743 -84.817810 -28.808950 147.240921 -113.053368 62.843124 155.308716 -102.840874               2087 
-7.846679 104.802673 -111.510780 17.364658 155.863892 -83.761665 -28.948029 147.069550 -111.764343 62.996876 154.845459 -102.237961               2096 
-33.555538 168.240677 -116.519684 36.293949 152.683212 -80.743385 6.310108 124.554489 -100.901062 83.482765 142.413040 -71.128326               2105 
-12.013894 171.498611 -150.451263 46.707642 146.464691 -79.572762 17.585533 113.229553 -93.203316 86.370743 136.821304 -52.030910               2114 
3.748722 169.712448 -162.750458 50.455856 143.624786 -79.749130 20.650356 108.874763 -92.195404 84.758522 134.911087 -45.513065               2124 
7.662811 157.931137 -165.999680 52.592907 141.586349 -79.510223 22.186508 105.967621 -90.532814 84.344978 134.044998 -42.636875               2133 
9.599125 153.998489 -166.062195 53.708782 140.498138 -78.738113 22.063852 104.986351 -87.125984 84.362717 133.081039 -40.922337               2141 
9.466088 156.029312 -165.902313 52.147789 140.992874 -78.100716 20.355467 105.208069 -85.890312 81.867912 132.763367 -39.711922               2150 
13.633454 165.279358 -163.884171 49.284515 142.215942 -74.614471 20.005253 105.580818 -87.490761 75.823471 131.171768 -34.634224               2159 
10.429854 167.514923 -163.382202 45.360523 145.472717 -73.583878 18.143152 107.194992 -86.693382 71.478798 135.349518 -33.086143               2169 
5.541159 168.081451 -163.810272 43.374638 147.150101 -74.938362 16.633533 108.043098 -86.988289 70.752449 137.733597 -35.107533               2178 
3.233728 167.737885 -163.529282 42.479328 148.302155 -74.958389 16.166550 108.499954 -85.901100 70.302788 140.030457 -35.182220               2186 
-0.890843 172.081802 -163.474197 40.281898 150.997086 -76.148880 14.174195 110.923706 -87.083855 68.862640 142.427200 -36.977352               2196 
-3.414366 171.058060 -164.417038 38.207413 152.096725 -76.816490 12.595056 111.398468 -86.951828 66.916466 144.705109 -37.499008               2205 
-7.491285 167.137970 -164.073654 36.041710 152.128159 -76.617485 10.349258 111.023346 -86.226845 65.568802 146.765289 -37.577759               2214 
-10.009946 167.847427 -163.882675 33.670986 154.422653 -76.208580 8.706588 112.880348 -87.454346 63.223011 150.216034 -37.046200               2223 
-15.363871 170.426331 -164.292816 28.944372 156.244263 -77.018463 5.238016 114.591187 -91.480949 58.716743 152.172699 -38.008999               2232 
-19.283436 170.598068 -165.620911 24.450859 159.392639 -77.572144 2.233082 117.241364 -94.030594 53.963871 156.977615 -38.229298               2241 
-23.942009 170.523499 -165.185669 21.194017 160.605698 -77.642555 -1.506027 118.542351 -94.615631 51.408573 158.703949 -38.807339               2250 
-27.252459 167.104233 -163.115234 18.627558 161.122437 -75.521255 -4.014231 118.283760 -91.150635 49.261311 161.173843 -36.968945               2259 
-31.218433 166.125275 -159.199524 16.693521 161.741684 -72.517342 -6.439351 118.610222 -86.981857 48.341793 162.686859 -34.805225               2268 
-34.677380 165.244400 -154.560333 15.507795 163.302353 -69.014870 -8.388767 119.822289 -81.048988 48.257477 165.525299 -32.310284               2277 
-38.390335 166.438461 -148.586380 14.402481 164.175049 -64.582771 -10.348336 120.797958 -75.321213 48.374863 166.555313 -29.017033               2286 
-39.586891 168.281677 -141.033875 15.855064 164.121506 -58.788681 -11.017386 121.669411 -68.058266 51.121750 165.594559 -24.455013               2295 
-41.994595 169.706879 -133.396164 16.193348 164.129776 -53.129284 -12.015427 122.281052 -61.132214 52.705849 164.998413 -20.102133               2304 
-45.361294 172.018814 -125.828072 16.375067 164.365601 -48.422157 -13.620411 123.467270 -54.700493 54.470886 164.207916 -17.222900               2313 
-49.615128 173.184769 -118.402184 15.560414 164.706436 -43.967625 -15.421918 124.295700 -48.278297 55.091972 164.232590 -14.612193               2322 
-52.801083 176.693344 -110.584129 14.846532 164.639175 -38.949402 -17.601320 125.327415 -42.568016 55.410152 162.484268 -11.116706               2331 
-34.743469 127.967606 -76.195930 13.378258 165.810379 -35.986034 -19.885113 127.085945 -34.311275 55.721035 164.886169 -10.867421               2340 
-34.102612 120.236519 -65.699913 10.750690 165.733398 -30.698175 -24.773819 129.060516 -30.876795 53.610176 160.348312 -7.059747               2349 
-30.890280 145.614563 -71.530952 15.819989 175.684860 -21.108660 -17.153805 140.020737 -50.998894 54.530609 158.949158 4.310111               2358 
-23.643135 162.595261 -68.080421 21.153757 178.139191 -9.032612 -9.597595 150.415924 -51.948635 54.849091 152.737457 16.346241               2368 
-20.801260 170.579849 -62.618496 23.335497 178.878586 -1.301777 -6.241629 156.428009 -48.878708 54.173729 149.389771 23.277145               2376 
-19.557388 175.323639 -57.348862 24.150782 179.484619 4.857747 -4.609192 160.402054 -44.440517 53.672569 147.939026 28.480816               2385 
-18.876673 177.842377 -51.756046 25.338575 179.414978 10.296772 -4.211323 162.065292 -38.786594 53.835983 146.449829 33.229424               2394 
-18.994127 178.218185 -46.775074 26.228907 179.812302 14.595535 -4.324710 162.157883 -33.083378 54.586197 146.678314 37.458431               2404 
-18.299694 178.777390 -41.480354 27.482100 179.340027 19.525530 -3.965785 162.038651 -26.673244 55.323154 145.586090 42.114391               2413 
-17.383331 180.030167 -36.402542 28.926798 179.307251 24.226168 -3.215865 162.693680 -20.916668 56.365124 144.895172 46.309124               2421 
-16.664902 181.679703 -31.580912 29.895266 179.196487 28.829792 -2.577252 163.820557 -15.928500 56.863003 143.981644 50.215923               2431 
-15.725056 182.103439 -26.597542 31.588667 178.621307 33.191116 -1.666195 163.884918 -10.658543 58.090397 142.839233 54.215191               2440 
-15.259961 182.330551 -21.930056 32.399403 177.792831 37.526489 -1.383523 163.619797 -5.378267 58.257935 141.431656 58.357029               2449 
-13.889427 182.750961 -17.774801 33.457008 177.098114 41.848286 -0.140994 163.443192 -0.510254 58.781921 140.239471 62.458931               2458 
-12.336643 182.792435 -13.509293 34.767708 176.219208 46.222095 1.362933 163.048676 4.181432 59.657112 138.955734 66.634369               2467 
-1.423347 167.710236 -0.883051 36.168133 175.743561 49.645802 2.219476 162.194595 8.688205 61.377468 138.587921 69.861084               2476 
4.461769 160.259933 7.659019 37.790432 175.247391 53.494541 3.338317 161.556259 13.369685 63.661407 138.186523 73.036667               2485 
7.564609 158.079407 20.636179 39.128532 173.397812 65.028923 4.253827 162.570541 25.053080 64.363586 134.719238 82.113144               2512 
9.502564 157.923721 23.620224 39.616276 172.342178 68.637718 5.529024 162.674301 27.880526 65.455246 133.400909 84.150146               2521 
10.745659 157.799255 26.335510 40.249321 171.473801 71.361771 6.261049 162.717682 30.636707 66.599777 132.286606 85.316231               2530 
11.856750 159.214142 28.703369 40.960564 171.285172 73.580856 6.748078 164.508270 32.986111 66.326042 130.949982 86.005615               2539 
12.882728 159.783630 30.801117 41.275406 170.620224 75.494545 6.903534 165.337326 35.157452 66.179161 129.508606 86.187874               2548 
13.994938 160.248520 32.556919 41.399361 170.037567 77.189743 7.025683 165.872864 37.059875 66.041275 128.381317 86.258476               2557 
14.866098 160.891861 34.584038 41.670971 169.812668 78.905212 6.952461 166.503265 39.349533 65.828407 127.579071 86.484856               2566 
15.515900 161.729538 36.909668 41.405388 169.250687 81.224411 6.626678 166.664413 41.271221 65.242340 126.521606 86.768288               2575 
16.171114 163.086960 38.925522 41.123940 168.274734 83.350296 6.127068 166.811478 43.751617 64.129143 124.832115 86.215424               2584 
16.422550 163.076004 40.290230 41.142899 167.975784 84.166771 5.025923 165.424057 46.054592 63.891388 124.328560 85.628326               2594 
16.979824 162.896667 41.384563 41.248684 167.743530 84.891472 4.551306 164.752731 47.551716 63.781097 123.962524 85.365173               2602 
17.016188 162.647705 42.698849 41.089657 166.992386 85.936203 3.743946 163.776077 49.476345 63.571140 123.190872 85.087288               2611 
17.339088 162.435425 43.395691 41.047829 165.994522 86.588928 3.339115 162.985901 50.597145 63.411346 122.175804 84.466919               2620 
17.800535 161.886612 44.241997 41.041683 165.053146 87.365143 3.275206 162.710602 51.362705 63.364185 121.271423 84.270409               2629 
18.033991 161.887695 45.124050 40.913551 164.823257 88.111664 3.033205 163.095352 52.182060 63.158070 121.069023 84.179970               2638 
18.166857 161.415939 45.719635 40.812702 164.486893 88.522385 2.744080 163.005249 52.779938 62.963657 120.728157 84.138557               2647 
18.308411 161.097717 45.975014 40.605274 164.251373 88.695847 2.291023 162.459686 53.305180 62.718155 120.511429 83.947441               2656 
18.197294 161.108154 46.256924 40.242958 164.209427 88.889824 1.567075 162.009430 54.083725 62.028961 120.339828 83.836342               2665 
18.094963 161.276978 46.484749 39.966881 164.193314 89.052299 0.998531 161.742416 54.723293 61.535034 120.266441 83.579170               2675 
18.003689 161.209747 46.535583 39.748058 164.295898 88.940903 0.297999 160.940720 55.487427 61.251347 120.370110 83.209991               2684 
18.041264 160.378647 46.464970 39.413105 163.443604 88.862556 -0.270852 159.714752 55.791843 60.791641 119.488670 82.893364               2693 
18.099236 159.823395 46.532211 39.131393 162.855789 88.953659 -0.640027 158.992722 56.005550 60.475403 118.913605 82.770775               2702 
18.371286 159.122849 46.506989 39.125710 161.976776 88.972771 -0.655037 158.279053 55.993607 60.405720 118.045738 82.497025               2711 
18.469091 157.997620 46.334572 38.904018 160.803329 88.884125 -0.726527 157.150284 55.716999 60.387470 117.002251 82.203026               2720 
18.576857 157.492950 46.322128 38.995831 160.484009 88.819969 -0.698330 156.702011 55.724667 60.516647 116.697128 82.166100               2729 
18.574249 156.926407 46.404228 39.013046 160.053040 88.845833 -0.753334 156.033707 55.817898 60.814552 116.425606 82.059700               2738 
18.587837 156.523010 46.324894 39.063553 159.970184 88.691483 -0.785036 155.612808 55.781010 61.044567 116.415512 82.017982               2747 
18.572716 156.039612 46.337624 39.086430 159.780930 88.631828 -0.859302 155.096924 55.788723 61.304832 116.336098 82.028847               2756 
18.621038 155.319550 46.403694 39.141361 159.503479 88.627274 -0.867926 154.381073 55.852329 61.582451 116.134926 82.280937               2765 
18.613907 154.519135 46.424435 39.084946 158.927338 88.635002 -0.947349 153.503525 55.909626 61.674561 115.615814 82.427711               2774 
18.644590 153.577667 46.407436 39.069221 158.394653 88.588150 -0.975694 152.390137 55.932919 62.051239 115.260162 82.592133               2783 
18.257000 152.322098 46.624695 38.868496 157.971649 88.603310 -1.462834 150.938065 56.415829 62.248466 114.985855 83.097961               2792 
18.202610 151.729965 46.740307 38.893475 157.675171 88.631813 -1.613559 150.323410 56.585743 62.435658 114.760277 83.266411               2801 
18.059177 150.675125 46.857704 38.955219 157.044388 88.576683 -1.925654 149.123398 56.973213 62.674187 114.204399 83.394424               2810 
17.960913 149.917160 46.945564 38.999481 156.592239 88.537170 -2.168694 148.231354 57.284229 62.846451 113.807877 83.484467               2819 
17.896791 149.123322 47.386986 39.049934 155.808731 88.910744 -2.317959 147.187790 57.880711 63.189377 113.220215 83.598953               2829 
18.603695 146.736343 49.186871 40.877800 150.504227 90.482864 -1.468279 144.319122 59.905319 64.782883 108.393250 81.542885               2837 
18.567581 145.365189 51.345715 41.669674 148.653671 92.216698 -1.434047 143.011276 61.909218 66.345230 107.363174 81.684776               2847 
18.611736 144.683884 51.575665 41.941032 147.394730 92.352043 -1.493028 142.645584 61.853348 66.725471 106.394722 80.974823               2855 
19.074947 141.877640 52.507191 42.321850 145.064941 93.288452 -1.176547 140.004684 62.437565 67.940178 104.581253 81.909401               2864 
19.662962 140.528183 52.833866 42.841156 143.298965 93.677269 -0.762059 139.834595 61.806042 68.760811 103.170898 81.734917               2874 
19.717695 140.489212 52.617096 42.804794 143.649002 93.482040 -0.800568 140.225067 61.158703 69.245201 103.825691 81.661781               2883 
20.982121 139.548416 53.402210 44.246956 141.807205 94.224327 0.464352 140.520248 61.321472 70.111359 101.811966 81.729378               2891 
21.986061 137.673019 53.416912 45.922195 139.671722 93.861145 1.558437 139.973679 60.935448 71.220482 99.462357 80.903023               2901 
22.380335 136.719070 53.540699 46.692116 138.562454 93.766197 1.995803 139.972839 60.660519 71.760971 98.316010 80.481407               2910 
8.733103 159.197662 50.205429 50.283287 142.792953 93.146210 10.337948 145.801651 49.211586 78.790619 102.826096 89.313240               2919 
6.533087 164.062210 47.692642 55.226475 141.949631 94.185333 16.244598 145.353058 46.445496 83.110382 101.369591 94.861824               2928 
6.745974 165.104233 46.116379 57.429344 139.414154 93.384377 17.932627 144.103912 45.336510 83.426674 97.638100 95.284416               2937 
7.536345 166.071609 45.833481 58.243637 137.725327 93.336746 18.913961 144.168625 45.052715 82.767181 95.075745 95.414955               2946 
7.745786 166.028107 45.509518 58.250061 137.068771 93.627563 19.397314 143.991913 44.883171 82.094231 94.073036 96.372025               2955 
7.937704 165.592834 45.131935 58.235050 136.606781 93.828873 20.134804 143.957825 44.457165 81.839676 93.517204 97.118271               2964 
8.353663 164.878525 44.580074 58.193790 136.339767 94.203773 22.048216 144.766357 43.598763 81.645966 93.240486 98.345963               2973 
8.865563 163.583710 44.089825 57.897789 135.572937 94.914322 24.133484 144.835403 43.009735 80.866638 92.346306 100.262230               2982 
8.843564 162.219818 43.552299 57.603939 135.613495 95.458321 25.625416 144.655701 42.560661 80.570595 92.572113 102.142776               2991 
4.704550 159.556229 42.521137 55.971924 137.878510 94.361961 22.913738 143.069244 42.197575 80.929886 96.259529 102.708870               3000 
4.355386 158.725800 41.755764 55.002831 137.091125 94.263618 23.236713 142.600189 42.289246 79.553925 95.355461 103.212807               3009 
4.721115 159.694595 41.740128 54.235485 135.957825 94.457077 23.818020 143.135666 43.015690 77.485672 93.425903 103.127441               3018 
6.001082 159.515305 42.021317 54.321960 134.408676 95.241341 25.525202 142.735046 43.918800 76.281204 91.246063 104.157089               3027 
6.942164 158.176224 42.702972 54.767918 132.682327 96.211113 27.156027 141.510391 44.938843 75.722000 89.146240 105.710846               3036 
4.103634 153.606522 40.609093 53.357342 136.764618 96.226936 26.378708 139.462402 44.332432 78.121140 96.212463 109.149277               3045 
3.004326 152.487457 40.259411 53.013226 137.572357 95.773399 25.962189 139.088303 44.143867 78.904900 97.833961 109.009384               3054 
2.365224 151.635010 40.097107 52.652111 138.072464 95.724747 25.762318 138.681976 44.200516 79.173920 98.884895 109.349663               3063 
1.989199 151.723419 39.699600 51.975624 137.479492 95.443390 25.683033 138.689362 44.322659 78.509659 98.165024 108.673172               3072 
1.430357 151.980927 39.575085 51.374424 137.287918 95.254929 25.430799 138.823044 44.741314 77.962196 97.897514 108.146637               3081 
1.023656 152.111130 39.537994 51.088486 137.430084 95.125900 25.388012 139.063339 45.128304 77.796577 98.084038 107.903870               3090 
0.619172 151.713898 39.563580 51.078308 137.786942 95.000977 25.509123 139.059189 45.460651 78.166023 98.740555 107.898476               3099 
-0.421497 150.782578 39.859467 50.884163 138.411118 94.898766 25.210936 138.817719 45.955616 78.570564 99.906647 108.149406               3109 
-0.707562 150.570831 40.014267 50.862137 138.335892 94.847313 25.238684 138.771606 46.312489 78.637192 99.877335 108.045616               3117 
-1.149346 150.004059 40.099232 50.759350 138.052078 94.684143 25.255409 138.856140 46.875111 78.659508 99.682610 107.877861               3126 
-1.427643 149.793350 40.239025 50.727615 137.815414 94.592010 25.386389 139.234802 47.432701 78.603508 99.405441 107.719032               3136 
-2.130562 148.889404 40.717346 50.782612 138.300598 94.633018 25.197033 139.153992 48.046070 79.037987 100.317009 108.182602               3145 
-2.244045 148.779068 40.801857 50.784225 138.297470 94.633537 25.486959 139.608566 48.316093 79.091721 100.352425 108.182281               3154 
-1.458235 149.552521 42.354931 51.290642 133.297760 95.022324 26.125311 138.796463 49.305363 77.101433 93.005630 106.643723               3163 
-1.878773 149.415695 42.635773 51.257931 133.723465 95.091064 26.123692 139.177246 49.576065 77.231506 93.587448 106.888649               3172 
-1.933272 148.948853 43.000668 51.107285 132.810959 95.425026 26.444761 139.006668 49.977276 76.630684 92.414848 107.317047               3181 
-1.389822 148.534943 43.637676 51.100731 130.297241 95.933685 27.316801 138.558075 50.598610 75.736923 89.160774 107.139023               3190 
-2.366657 147.171143 43.431133 50.722736 130.743240 95.728836 26.964401 138.349487 50.602882 76.158310 90.247803 107.470284               3199 
-3.182914 147.331635 43.708214 50.222672 131.878845 95.987221 26.313047 139.025803 51.008629 76.265015 91.804855 107.843933               3208 
-5.313439 146.205109 43.876938 49.715755 133.481888 95.204750 24.549786 138.916031 51.138481 77.393127 94.537117 107.120178               3217 
-6.740109 145.849777 44.080242 49.206188 135.531342 94.959961 23.315556 139.237228 51.573788 77.988434 97.532272 107.303520               3226 
-7.507048 145.883591 44.316231 48.978489 136.278076 94.743050 22.481455 139.147293 52.179119 78.360008 98.657722 106.832092               3235 
-8.081560 145.754486 44.468006 48.763447 136.502472 94.561165 21.891731 138.822586 52.751095 78.611008 99.141693 106.308746               3244 
-9.264698 145.565338 44.651493 48.245152 137.485214 94.190201 20.901487 138.760437 53.182972 78.737213 100.633766 105.891251               3253 
-9.695813 146.378494 44.759838 47.906433 137.825882 94.116432 20.479156 139.015076 53.693867 78.304825 100.808922 105.535370               3262 
-10.350902 147.058289 45.073761 47.511265 137.668365 93.976822 19.905262 139.053864 54.316643 77.820534 100.390182 104.765472               3272 
-10.559253 147.608719 45.293373 47.404171 137.743958 93.986855 19.665060 139.028625 54.983482 77.671722 100.331276 104.421265               3280 
-11.628724 145.792282 45.447186 46.960480 139.489716 93.987267 18.996227 138.423645 55.491989 78.844284 103.637100 105.065292               3289 
-8.118737 148.479324 45.647816 48.642910 134.330551 94.707932 21.448523 137.613098 55.839333 76.413765 94.957428 104.868980               3298 
-9.119246 149.074112 45.935883 48.116444 134.715286 94.384468 20.593159 138.146683 55.881813 75.960495 95.289497 104.132584               3308 
-12.355100 146.580460 45.717060 46.292347 137.309753 93.719772 18.214348 137.726990 55.807632 76.547760 99.949356 104.374390               3317 
-13.217484 147.156952 46.013065 46.075394 138.034271 93.248871 17.637648 138.283295 56.047653 76.630890 100.785728 103.428131               3325 
-2.505341 134.626083 50.151119 44.402645 137.769196 92.554939 15.622455 139.469040 56.073860 74.142380 99.544762 101.451599               3334 
2.033882 129.139725 52.083542 43.758663 138.158340 92.295601 14.451847 140.308792 56.636444 72.987831 99.407143 100.584785               3344 
3.077090 127.439819 53.177471 43.332787 139.012146 92.192490 13.480930 140.904388 57.151077 72.307991 100.092415 100.583084               3352 
3.282363 126.654190 53.858932 43.019089 139.873108 92.051071 12.721526 141.194427 57.468388 72.037712 101.061821 100.786835               3361 
3.545761 126.596512 54.264217 42.952892 140.305984 92.231842 12.460218 141.600174 57.855400 71.871567 101.427925 101.002075               3371 
4.118218 125.104568 53.664070 42.643867 138.771774 92.340088 13.056467 140.855499 57.493824 71.254601 99.745689 101.456017               3380 
3.860033 124.845024 53.974873 42.293274 138.396317 92.665672 13.142789 141.188873 57.660881 70.214539 98.989555 102.268776               3389 
3.470597 125.589775 54.154678 42.326145 138.290024 92.627411 12.871192 141.894958 57.972919 69.754539 98.384109 101.566696               3398 
3.182513 126.037834 54.271317 42.078648 138.541473 92.707733 12.404703 142.260864 58.258087 69.273895 98.459618 101.571922               3407 
3.130181 126.018341 54.255527 42.029255 138.503723 92.641617 12.242111 142.350540 58.309856 69.234596 98.397842 101.365021               3416 
2.926932 126.053291 54.374634 41.849342 138.480576 92.714653 11.985485 142.454971 58.440178 68.948349 98.295525 101.404610               3425 
2.628652 126.420418 54.396652 41.697231 138.473740 92.671890 11.671782 142.805649 58.564667 68.601173 98.092850 101.054710               3434 
1.822319 126.982201 53.624138 40.874538 137.983566 92.200279 10.742267 143.222076 58.329903 67.532875 97.266815 99.696213               3443 
2.138309 126.724022 53.906799 40.644913 138.544846 92.760300 10.634592 143.137421 58.638371 67.771690 98.239166 100.779037               3452 
2.221618 126.315147 53.340801 40.370083 138.577576 92.387810 10.352485 142.893784 58.253666 68.132210 98.679222 100.267929               3461 
8.025119 122.779518 53.688694 42.941841 133.228592 93.915276 15.271039 141.452332 58.528149 67.321548 91.143791 101.610039               3470 
12.814383 118.607895 53.747150 45.069862 128.741165 95.158073 20.157812 140.125931 57.946949 68.128769 85.913605 102.825974               3479 
14.923523 115.974701 53.399788 45.916534 126.228615 95.665710 23.381020 139.133286 56.601097 68.240715 83.191635 104.277267               3488 
16.133654 113.502945 53.823494 46.675175 125.527626 95.936226 25.462078 138.234512 55.374001 69.321106 83.013695 106.155693               3497 
15.425833 113.388351 54.036774 45.691128 128.750565 95.252602 23.693861 138.995987 54.351170 70.763847 87.978676 106.816444               3506 
14.769231 113.870071 54.584564 45.092075 131.298889 94.932732 22.199104 139.747192 54.101463 71.692955 91.693207 107.118484               3515 
15.323630 112.987976 55.424976 44.753952 133.263596 95.180984 21.825817 139.178772 53.899734 72.870438 95.292786 109.051498               3524 
15.010900 113.247292 55.160950 44.596210 133.176453 95.035591 21.679230 139.489441 53.828274 72.631989 95.028824 108.580444               3533 
14.522176 113.291634 55.236145 44.446522 133.160263 94.908409 21.403763 139.613083 53.872074 72.474670 94.935669 108.250587               3542 
13.772098 113.696075 55.129623 44.405502 132.693436 94.699852 21.109470 139.955185 54.079853 72.080841 93.943581 107.239174               3551 
13.587303 113.794250 55.152893 44.421711 132.699188 94.672913 21.137573 140.084335 54.210472 72.068451 93.880119 107.060326               3560 
13.286953 113.949692 55.021366 44.102924 133.082169 94.515350 20.857119 140.341171 54.217857 72.023277 94.442375 106.849434               3569 
13.046741 114.077766 54.952042 43.915943 133.309311 94.455429 20.700888 140.518692 54.352207 71.987419 94.752541 106.706062               3579 
12.865841 113.946114 54.976910 43.802567 133.525085 94.352699 20.492653 140.322968 54.456760 72.096291 95.161324 106.697586               3587 
12.670954 113.907120 54.927193 43.619892 133.689575 94.309326 20.358143 140.194168 54.522053 72.016937 95.437050 106.761711               3596 
12.608545 113.407471 55.483673 43.234833 134.129395 94.714012 20.182877 139.813004 54.708855 71.962532 96.363922 107.874504               3605 
12.356610 112.734474 56.096237 42.838394 134.428345 95.084763 20.301495 139.467484 54.714188 71.904083 97.178375 108.953285               3615 
12.205982 112.467155 56.029034 42.794125 134.413574 94.991135 20.539131 139.379654 54.582375 72.002869 97.326920 108.996101               3624 
11.537304 112.766830 55.469975 42.529942 133.437424 95.003471 20.843081 139.535095 54.534634 70.799324 95.496162 108.642097               3633 
10.433849 112.465019 55.654331 41.046722 135.338867 94.393684 18.920944 139.432556 54.176388 70.867310 98.857758 108.696510               3660 
10.113967 112.583153 56.143158 41.021908 136.168076 94.246193 18.335485 139.391235 54.461098 71.428520 100.145927 108.478287               3669 
