-35.114742 168.650635 82.267426 24.247902 105.577347 69.661522 -19.719465 102.431267 105.883080 55.740032 67.748962 71.064758                  0 
-34.997833 168.582474 82.509895 23.982620 105.202995 69.612129 -19.677465 102.459579 105.813950 55.075378 67.038971 70.819366                  8 
-34.998569 168.389069 82.720741 23.758698 104.778244 69.860191 -19.491409 102.663391 106.250740 54.499516 66.330284 71.071259                 17 
-35.156288 167.996643 82.823845 24.288149 104.875908 70.346291 -18.958643 102.505737 106.405579 55.319195 66.670250 71.799438                 26 
-35.268269 167.828659 82.926353 24.280907 104.685692 70.328667 -19.186695 101.858711 105.447350 55.262684 66.437531 71.713402                 35 
-35.385326 167.818863 83.313103 24.928511 105.141762 70.939034 -18.634893 101.802330 105.569977 56.397217 67.302147 72.549744                 44 
-34.707378 167.884384 84.293404 24.538929 104.155800 71.001038 -18.926140 100.771324 104.772583 55.428955 65.825760 72.151825                 53 
-34.572472 167.942322 84.991898 25.317781 104.561050 71.720558 -18.440517 100.020096 104.343811 56.624001 66.572464 72.944344                 62 
-34.346848 167.910904 85.442764 25.269722 104.067917 71.825256 -18.576693 99.450928 104.111282 56.364395 65.900551 72.866135                 71 
-34.090942 168.015808 85.927574 24.958199 103.433411 71.909218 -18.672731 99.331696 104.394806 55.600517 64.896286 72.714104                 81 
-34.138092 168.042206 86.121552 25.005754 103.271637 72.010193 -18.500050 99.340881 104.572350 55.532841 64.641396 72.725342                 89 
-34.526989 167.755859 86.529991 26.164118 104.011353 72.528137 -17.188095 99.326889 105.172096 57.453133 65.995972 73.261986                 99 
-34.635616 167.810776 86.793083 26.077028 103.814728 72.276917 -17.134895 99.149506 105.118095 57.229858 65.682457 72.652657                108 
-34.813343 167.778351 87.151878 26.034151 103.643478 71.939163 -16.893858 98.886215 105.131210 57.163036 65.489914 71.849777                117 
-35.194275 167.941986 87.309235 25.786573 103.364357 71.390694 -16.688902 98.507133 105.168587 57.013454 65.295036 70.826080                126 
-36.920620 169.343765 86.995399 26.973303 105.627029 72.344238 -15.104488 99.224991 106.552666 60.120132 69.213051 72.203758                135 
-36.682957 171.291031 87.259850 26.406298 105.099655 71.460693 -15.124039 98.432182 106.555710 59.706474 68.839615 70.451988                144 
-38.900082 172.684479 86.666512 26.598097 106.867500 72.366119 -14.917933 98.449783 107.350098 61.810623 72.448860 71.984947                153 
-38.048149 173.540100 87.257431 25.771061 105.049721 72.302551 -14.981301 97.415672 108.442482 60.845604 70.500092 71.402740                162 
-39.409523 173.965103 87.320030 26.027464 106.148689 72.687126 -14.501713 97.313408 108.904732 62.373501 72.938339 71.822311                171 
-38.305531 174.904953 87.891426 26.055296 105.631416 72.543411 -14.421628 96.898697 108.905846 62.399441 72.435150 71.194000                180 
-38.157398 175.483337 88.066788 26.634613 106.081322 73.042389 -14.255044 96.971008 109.046082 63.538795 73.503128 71.837097                189 
-36.752560 176.399902 88.575684 26.308296 105.207787 72.870331 -14.746006 97.355087 109.200020 62.769466 72.147331 71.353882                198 
-35.207256 177.601578 89.189659 25.842171 104.631004 72.510063 -15.520399 98.027000 108.840469 61.601204 70.832260 70.600533                207 
-34.452484 178.294174 89.616600 25.771912 104.622421 72.443611 -15.658145 98.946709 109.075401 61.247158 70.538803 70.316666                216 
-34.826546 178.388000 90.864761 26.670630 105.853210 73.012566 -15.271945 99.169037 109.011673 62.710102 72.379654 70.691536                225 
-35.777252 179.631836 90.814476 27.474825 108.085342 75.088013 -14.733532 101.649483 110.996735 64.249031 75.362206 73.837593                234 
-34.928036 180.181473 91.069786 27.433268 107.828880 75.124100 -14.912852 102.144829 111.184875 63.763767 74.617455 73.780212                243 
-35.038746 180.361237 91.045609 27.808403 108.286102 75.295753 -14.557014 102.888657 111.656670 64.274521 75.219200 74.066162                252 
-35.305183 180.686554 90.945663 28.194660 108.974907 75.665596 -14.245195 104.014908 112.388901 64.814911 76.069435 74.718536                261 
-35.027206 181.118240 91.260101 28.134279 109.084862 75.691109 -14.306441 105.123360 113.192749 64.457924 75.854446 74.670235                270 
-36.463451 182.562408 91.827858 28.699537 112.153671 76.690926 -13.988919 108.041939 114.792580 65.719017 79.690964 76.027122                280 
-36.263702 184.318665 91.589523 28.062338 112.963142 76.920685 -14.592143 111.076057 116.620865 64.480095 79.821213 76.657822                288 
-35.820244 184.812561 91.711853 28.071823 113.031715 76.843964 -14.048416 113.261253 119.157410 64.115326 79.482971 76.604118                297 
-35.198151 186.263412 92.320572 28.995384 114.772598 76.958786 -13.069413 115.692772 120.886986 65.028038 81.212784 76.647888                307 
-33.162842 187.426407 92.051659 29.575956 114.670586 76.307739 -12.768942 116.885231 120.957947 64.704109 80.165131 75.997452                316 
-31.866360 187.996063 92.026718 29.717501 114.365120 75.448479 -12.448142 117.830940 120.972168 64.117447 79.136391 74.910294                325 
-30.320951 189.527405 92.713310 29.565952 114.851067 74.381516 -11.489852 119.762108 121.492180 63.102074 78.818863 73.070564                333 
-28.681658 191.666000 92.476768 30.728912 116.654343 73.717613 -10.460106 122.371841 121.155319 63.702518 80.107193 72.392189                343 
-26.185965 193.910873 91.787636 31.770521 117.737892 72.952812 -9.514478 124.943504 120.461220 63.654160 80.230850 71.784149                352 
-25.118792 196.272430 90.292404 33.170284 120.251251 71.844856 -8.513130 128.405594 119.049034 64.572159 82.329895 71.068680                361 
-22.211094 197.221725 88.434593 34.890591 120.046059 70.935135 -6.742874 130.296616 117.966545 65.192696 81.232697 70.811981                370 
-22.122393 201.392136 85.838203 35.407745 124.258919 69.378700 -6.792672 135.225906 115.830208 65.541397 85.318146 69.916664                379 
-23.070436 205.518936 81.742516 35.684788 128.869949 67.232109 -7.360091 140.403702 112.816086 66.104645 90.183006 68.863831                388 
-23.703871 208.982819 77.607491 35.627823 132.491440 64.727600 -6.892778 145.863647 110.248627 66.007927 93.822372 67.269661                397 
-24.790867 211.269714 72.925201 35.125858 135.003418 62.094406 -7.302353 150.349121 107.083626 65.199478 96.182091 65.726479                406 
-25.608839 213.772278 68.280052 34.584431 137.670074 58.875275 -7.870753 154.605392 103.115120 64.072464 98.472771 63.204006                415 
-27.601238 216.047897 62.046978 33.640511 140.696594 55.556957 -8.685963 159.718979 98.882072 62.979458 101.567909 61.291210                424 
-29.861563 217.251556 55.849297 33.049171 143.474731 51.604057 -9.046901 163.920624 94.088249 62.536190 104.616180 58.329967                433 
-33.160351 218.409805 49.033985 31.979446 146.787872 47.408024 -10.574125 167.932861 88.711182 61.994011 108.557350 55.298698                442 
-35.693298 217.456665 41.190392 31.559053 148.098984 43.442204 -12.011358 169.980408 82.673042 62.116180 110.720268 53.127403                451 
-39.360512 218.250717 33.806019 29.719465 151.077225 38.762241 -14.412849 173.369553 76.297432 60.874119 114.543159 49.687405                460 
-41.651482 217.991867 25.688540 28.909943 152.906586 34.021950 -16.328604 175.333542 69.080139 60.438168 117.192390 46.478943                469 
-44.820446 218.304901 17.102678 27.629152 156.021271 28.807278 -19.462074 177.254684 60.900669 59.717060 121.345634 42.688057                478 
-49.758507 217.660843 7.009848 25.150515 159.393585 22.509630 -23.348154 179.430695 51.427811 58.252914 126.452637 38.124847                487 
-52.342636 217.043015 -0.651906 23.896616 161.357437 16.824734 -25.499853 179.829391 42.998974 57.453747 129.242828 33.173443                496 
-55.920803 214.491318 -10.375169 22.484367 163.549225 10.856646 -28.207312 179.712982 33.495300 57.010445 133.401215 28.849895                505 
-58.327946 212.989151 -19.363447 21.178680 165.116226 4.330296 -30.188641 178.960251 23.443945 56.201138 136.142105 23.268024                514 
-60.674561 208.384552 -31.027805 20.237818 166.413956 -1.704864 -32.370750 177.674210 13.476362 55.985004 140.349350 19.916531                524 
-62.790340 208.045044 -39.944748 18.132813 167.907227 -8.336579 -34.830608 177.766785 4.691646 53.897743 142.595856 14.133720                533 
-64.747757 205.540512 -50.966843 16.388586 169.580902 -15.371553 -37.277599 176.969116 -4.986282 52.416786 146.221069 8.732318                541 
-65.337288 203.804123 -60.079472 15.470037 170.617096 -21.508345 -38.501812 175.900803 -13.364205 51.560352 148.490768 3.643692                550 
-66.413216 201.607208 -70.038940 13.770097 171.242538 -28.381323 -40.303413 175.079681 -22.166182 49.789234 150.444580 -2.022717                559 
-66.663597 198.213425 -80.490181 12.605392 171.679321 -35.112263 -41.688797 173.253372 -31.114866 48.499783 152.588684 -7.330068                569 
-66.718208 194.694885 -90.376602 11.250044 171.602615 -41.426575 -43.158230 171.309494 -39.367920 46.821930 154.098679 -12.221039                577 
-66.355324 191.181152 -99.761726 10.176696 170.925232 -47.788342 -44.233009 168.954285 -47.470398 45.391586 154.760696 -17.402008                587 
-67.021957 188.329834 -109.442596 7.969954 169.718109 -55.044235 -46.343842 166.718307 -56.277016 42.708469 154.356216 -23.708031                596 
-66.360489 184.505981 -117.343620 6.454349 166.914124 -60.058647 -47.595787 161.905640 -63.728828 40.486015 151.757217 -27.858900                605 
-65.200714 178.640884 -125.389366 5.998602 165.469681 -65.208664 -47.779850 158.475403 -70.222099 39.620510 152.582428 -31.620033                614 
-64.823906 170.795593 -133.227859 5.511750 165.962433 -71.042007 -48.017899 156.490250 -75.700104 39.219017 157.870453 -36.069878                623 
-62.369720 164.414932 -138.676285 6.367634 165.580002 -74.697754 -46.969395 153.909500 -79.777794 39.577579 160.761597 -38.661762                632 
-59.959549 159.871140 -143.301865 6.957759 165.803391 -77.757217 -46.149910 151.257187 -83.540001 39.525799 163.500763 -40.896255                641 
-58.731590 158.729736 -147.903214 6.785378 165.224442 -81.094650 -46.549561 149.159454 -87.745621 38.757023 163.105072 -43.704380                650 
-58.529922 155.285416 -152.090256 6.125671 163.523651 -84.793312 -47.776085 146.818512 -91.435066 37.637314 162.268326 -46.975983                659 
-59.796856 151.164093 -155.661682 4.856380 161.873505 -88.838882 -49.388210 144.159027 -94.729294 36.361378 161.937454 -50.995247                668 
-60.594856 149.537262 -157.885498 4.056420 161.422424 -91.314056 -50.064342 142.025146 -96.950066 35.575741 162.141998 -53.489136                677 
-59.318890 141.456863 -160.461578 3.424213 159.747910 -93.532204 -50.657467 139.267120 -98.740891 33.776321 164.207275 -55.015018                686 
-58.790466 139.108322 -160.726379 3.596096 159.554962 -94.094345 -50.183372 137.859756 -98.926514 33.731812 165.300400 -55.577618                695 
-59.296795 136.000824 -162.205795 2.894849 159.553894 -96.433449 -49.863811 134.990692 -100.473518 33.180218 166.851715 -58.298843                704 
-59.211315 130.899155 -164.343643 2.051456 157.631790 -98.937096 -50.078320 131.455597 -102.526276 31.975143 166.603821 -60.874176                713 
-60.613209 127.809387 -167.885757 -0.141642 156.121765 -102.467751 -52.048523 129.293457 -106.040863 29.425032 165.835022 -64.307892                722 
-60.537346 117.817749 -166.233795 -0.388553 153.639526 -104.346321 -51.443928 125.024330 -104.915619 29.093136 167.612396 -67.464088                731 
-59.738930 113.096367 -168.345398 -1.412471 151.139099 -106.083855 -51.859474 121.336884 -107.012390 27.099350 166.277466 -68.900314                740 
-59.596493 111.826691 -168.248703 -1.235463 150.379715 -106.370171 -51.730400 120.558632 -107.007050 27.261484 165.803314 -69.292603                749 
-59.502407 111.671486 -168.705978 -1.271415 150.121460 -106.670502 -51.006847 119.297798 -107.423889 27.146648 165.442215 -69.489876                759 
-51.812553 96.730690 -169.840393 -0.500415 144.590912 -108.268158 -48.124298 110.718994 -109.196693 24.112650 165.253815 -70.959297                767 
-47.439358 85.024574 -167.626648 0.031665 140.457062 -109.386253 -47.067501 105.833160 -108.938736 22.337744 165.620575 -73.414787                776 
-44.916809 77.996483 -166.030716 0.411022 137.199844 -109.800758 -46.973248 102.944153 -109.097412 21.262074 164.715363 -74.688942                786 
-43.443584 77.862366 -167.601349 0.646519 137.021271 -110.327095 -46.174408 101.979446 -110.403305 20.834705 164.356888 -74.691277                794 
-43.116020 78.210884 -168.392609 0.245288 137.463318 -110.640709 -46.046558 101.719894 -111.008408 20.079985 164.722961 -74.749115                804 
-42.530632 78.625999 -169.348907 0.108299 137.850113 -111.016594 -45.593067 101.349236 -111.695976 19.606552 164.961685 -74.829720                813 
-42.280861 78.819847 -169.960129 0.098832 137.951553 -111.331512 -45.178585 100.932541 -112.080505 19.476810 164.934387 -74.984154                822 
-42.219383 79.639450 -170.898804 -0.075112 138.296722 -111.615456 -44.965450 100.832985 -112.678162 19.176960 164.936050 -74.949203                831 
-42.161526 80.270317 -171.626404 -0.228468 138.596893 -111.857819 -44.648026 100.572464 -113.053902 18.912451 164.985031 -74.952522                840 
-43.761326 82.708122 -173.758606 -1.083519 139.188843 -112.747360 -44.015488 99.501060 -113.990578 18.793221 164.222855 -75.291740                849 
-47.278179 83.083908 -172.352463 -1.872632 138.890671 -112.696724 -43.879852 98.242096 -112.196861 19.796087 163.411346 -75.901169                858 
-51.289143 85.060204 -171.471481 -2.720071 139.066132 -112.640450 -44.357296 98.159729 -111.059624 20.817465 162.522537 -76.301888                867 
-53.911358 87.015739 -171.327698 -3.254570 139.516541 -112.881859 -44.447002 98.219254 -110.816422 21.540998 162.057495 -76.801460                876 
-55.721329 87.551949 -170.798553 -3.712224 139.560501 -113.091484 -44.519726 97.928726 -110.378036 21.901714 161.802567 -77.399376                885 
-56.681023 87.085205 -170.222702 -4.082702 139.514877 -113.425873 -44.502064 97.589241 -109.949287 21.878965 162.024124 -78.154976                894 
-58.308273 88.811958 -171.037720 -4.536239 140.061630 -114.251358 -45.148380 98.341164 -110.757240 22.007093 161.932663 -79.011902                903 
-58.495232 87.928993 -170.831787 -4.707695 139.708679 -114.532745 -45.358646 98.068611 -110.631180 21.792942 161.940750 -79.487617                912 
-59.232563 85.936752 -170.069199 -5.111133 138.923874 -115.222153 -45.956612 97.630249 -110.182724 21.506891 161.970749 -80.797852                921 
-59.525654 85.776604 -170.687012 -5.258055 138.662262 -115.876854 -46.462101 97.778091 -110.828964 21.328468 161.730988 -81.442848                930 
-56.595749 84.680557 -173.449127 -4.662395 138.332016 -117.133575 -46.870888 98.357651 -113.347984 20.266672 162.022659 -81.891487                939 
-54.361660 98.382523 -185.341537 -5.038478 146.586746 -122.159859 -45.175049 104.380997 -123.927719 18.750311 166.593185 -83.968948                966 
-55.797127 102.340248 -187.424408 -5.032381 148.082718 -123.554634 -46.989468 107.739990 -125.908630 19.204027 166.894135 -85.039215                975 
-56.376614 104.720024 -188.989288 -4.993670 149.062225 -124.622093 -47.779591 109.773163 -127.433037 19.310385 167.256409 -85.853615                984 
-59.689518 111.141396 -192.183594 -6.098664 151.586075 -127.048500 -48.637402 112.162735 -130.824371 19.530813 167.438156 -88.105576                993 
-59.441311 107.934662 -191.115433 -6.152862 150.773636 -127.270195 -48.158264 110.725388 -129.845367 19.342485 168.022919 -88.836365               1002 
-62.574760 88.127090 -178.614075 -8.040270 143.538452 -126.554916 -47.697979 101.726707 -119.568268 18.633297 168.247574 -93.348145               1011 
-65.561630 76.731926 -167.861938 -9.399138 138.458282 -125.470428 -47.023941 96.898193 -111.643898 18.376883 167.299423 -96.810501               1021 
-65.813988 75.735794 -168.409195 -10.461499 138.880493 -126.923904 -45.216843 95.090141 -112.435783 17.308151 168.313583 -98.865929               1030 
-64.560463 74.541527 -168.597412 -11.040391 140.006775 -128.244095 -42.196659 93.540581 -113.150467 16.376116 170.413528 -100.885834               1039 
-66.960968 80.121040 -172.955734 -12.120742 143.088455 -130.433426 -41.173294 94.452934 -117.609337 16.552567 171.592773 -102.325493               1048 
-69.355820 83.777824 -174.612549 -12.883637 144.992249 -131.664581 -41.394787 95.699097 -119.783257 16.919420 172.307693 -103.551338               1057 
-69.998306 90.882004 -188.315704 -17.321220 148.843140 -136.869904 -37.021011 94.070801 -135.115143 11.901704 173.371460 -105.739647               1066 
-71.304054 85.963814 -184.643814 -17.697638 146.408264 -137.166931 -35.537785 91.047356 -133.446136 12.446130 172.358566 -108.138596               1075 
-79.365875 107.201317 -200.260681 -20.692572 152.366547 -142.824066 -41.110199 98.415962 -151.432037 12.017982 169.404037 -110.198097               1084 
-87.062859 125.254417 -206.465820 -22.357002 156.291946 -146.204483 -48.558674 106.269409 -160.948288 12.940634 165.483063 -113.124123               1093 
-90.399086 134.315186 -208.655380 -23.190521 158.257721 -147.897339 -52.093540 110.631477 -165.308136 13.125983 163.589142 -115.073608               1102 
-90.595863 137.039322 -210.281006 -23.141422 158.627182 -148.914764 -53.206905 111.983765 -166.941055 13.108168 162.688400 -115.836319               1111 
-90.025497 144.707428 -212.589737 -21.884830 159.485031 -149.975052 -56.098362 116.084190 -168.643524 13.986458 159.922440 -116.244217               1120 
-89.227936 149.023148 -214.062729 -21.164991 159.976440 -150.582443 -54.766193 118.542313 -171.576462 14.247747 158.410950 -116.403534               1129 
-88.647568 151.349991 -214.914871 -20.768497 160.247116 -150.916992 -52.510189 119.774925 -174.057663 14.320790 157.614273 -116.471092               1138 
-86.396591 161.101685 -219.540390 -19.991032 161.714386 -153.415253 -54.239227 125.185043 -178.533890 13.411206 154.853653 -117.891586               1147 
-84.286171 164.462433 -223.344193 -19.826601 161.776230 -155.369812 -51.261429 126.870102 -183.299194 12.060116 153.308334 -118.815163               1156 
-79.084625 173.719696 -228.358917 -18.709682 163.191162 -157.456360 -49.071598 131.743561 -189.225525 10.344994 150.808609 -119.677956               1165 
-75.991737 178.189911 -230.862106 -18.137810 163.915619 -158.524704 -47.682022 134.086990 -192.161728 9.269110 149.695892 -120.166267               1174 
-74.501747 180.150787 -231.980194 -17.877996 164.244751 -159.010071 -46.799587 135.063385 -193.543671 8.743596 149.234665 -120.400520               1183 
-73.684746 181.182571 -232.572662 -17.739149 164.420654 -159.269455 -45.949253 135.496429 -194.392380 8.454414 149.000244 -120.529060               1192 
-69.108467 181.867081 -235.035675 -15.969759 164.215775 -159.874069 -43.292183 135.627472 -195.826828 8.561866 148.427139 -120.205086               1201 
-65.927895 182.155731 -236.655243 -14.689993 163.898849 -160.325485 -41.668694 135.548843 -196.636475 8.672247 147.890106 -120.043526               1210 
-66.091995 198.008514 -229.892212 -14.099087 168.825027 -157.571991 -43.397289 145.988144 -195.847610 9.271876 147.320831 -119.941185               1219 
-66.639236 205.728622 -225.536682 -13.879855 171.505402 -156.033722 -44.181679 151.315002 -194.923004 9.720995 147.490921 -120.103035               1228 
-66.781410 208.728439 -223.765167 -13.793912 172.556168 -155.430695 -44.286896 153.355942 -194.609421 9.857724 147.579865 -120.195847               1237 
-66.827568 209.994308 -223.006393 -13.757591 173.000229 -155.175842 -44.204037 154.197174 -194.537247 9.908859 147.621872 -120.239502               1246 
-66.543442 211.563614 -222.217850 -13.531533 173.235077 -155.084534 -44.477947 155.141602 -194.353851 9.988872 147.243515 -120.502182               1256 
-65.945641 213.096619 -221.413834 -13.125901 173.546097 -154.838516 -44.422714 156.012466 -194.062286 10.182220 146.999924 -120.534828               1264 
-65.447029 214.297028 -220.788574 -12.807216 173.790436 -154.645218 -44.313923 156.686615 -193.865906 10.320426 146.813171 -120.556374               1273 
-65.290802 214.798233 -220.451385 -12.666179 173.855103 -154.563568 -43.647118 156.456177 -193.975327 10.403840 146.690598 -120.584541               1282 
-65.180664 215.137512 -220.225449 -12.571196 173.898636 -154.508575 -43.308529 156.350159 -194.036362 10.458169 146.608444 -120.602776               1292 
-67.738319 210.385117 -221.382751 -13.219575 172.139359 -155.410965 -44.276512 152.606430 -193.729706 10.863402 146.359680 -121.057968               1300 
-66.651321 207.402603 -222.799301 -11.809934 170.923157 -156.097122 -42.863159 150.199310 -193.784012 12.429581 146.079376 -121.169441               1310 
-65.671066 207.821564 -222.208557 -11.175355 171.406754 -155.187134 -42.159756 150.588318 -192.905945 12.861101 146.618271 -120.080299               1319 
-62.967388 204.208862 -223.791672 -9.560566 170.433701 -154.546997 -39.313129 148.072922 -192.511307 14.010088 146.951126 -118.246811               1328 
-61.605114 200.224197 -224.583359 -8.679501 168.747437 -153.899933 -38.041229 145.076157 -191.497177 14.672750 146.449249 -116.722343               1337 
-56.956459 198.150818 -225.331253 -6.799053 165.974838 -152.962982 -36.334713 142.707321 -190.779755 14.881057 143.488525 -114.896599               1346 
-55.752754 196.206146 -225.631973 -6.524163 164.402939 -152.464432 -36.224731 140.958694 -190.122925 14.588310 142.184586 -113.924599               1355 
-56.089390 192.472031 -225.802612 -6.228567 164.029144 -151.684799 -36.544315 139.060013 -188.644379 15.456100 143.382919 -112.592361               1364 
-56.901337 190.578918 -225.074585 -6.179572 163.791107 -150.923233 -39.236584 138.452438 -186.607498 16.075325 143.928833 -111.745186               1373 
-55.407478 190.542404 -220.631882 -3.934291 164.888031 -146.596634 -39.470123 139.148804 -180.967194 18.768044 145.588791 -107.393913               1382 
-53.115562 188.444412 -215.614243 -1.246564 165.127014 -141.082993 -38.839287 138.578949 -173.686020 21.641739 147.092072 -101.389458               1391 
-47.672256 167.679504 -213.298050 2.796600 158.866455 -134.784561 -28.442810 123.930740 -166.860397 26.009512 147.811295 -92.788681               1400 
-45.795692 157.048904 -210.794846 3.685380 155.573914 -131.164108 -24.368580 116.792015 -162.159653 26.918177 148.198746 -88.379128               1409 
-56.827808 148.035736 -203.739304 -1.065836 154.208755 -128.609802 -29.209198 111.972710 -154.957779 26.004005 150.754578 -87.621979               1418 
-63.568260 143.161926 -198.762756 -4.365089 153.897186 -126.846016 -31.856869 109.624138 -150.688019 24.946323 152.770966 -87.294998               1427 
-51.685825 117.110992 -163.591385 -6.151057 156.486877 -123.202972 -35.097553 113.138695 -147.255356 25.633595 153.698868 -85.697334               1436 
-43.009628 106.052147 -145.300095 -4.656445 156.686966 -115.955162 -32.938530 112.290031 -139.063599 28.570383 154.990753 -79.653503               1445 
-29.128145 109.457863 -118.880341 -4.741899 158.270157 -110.473015 -34.945137 114.052719 -131.582001 30.477240 156.368256 -76.111626               1454 
-27.146841 115.308693 -110.075249 -6.127401 161.911743 -106.011345 -39.206139 120.559624 -128.725174 29.798052 156.209686 -72.821617               1463 
-25.009703 115.038048 -99.984390 -6.701319 161.794113 -100.265709 -40.209999 119.260857 -120.120804 30.862473 157.615891 -68.702850               1472 
-25.327953 119.579239 -94.508331 -5.519390 165.317780 -92.698975 -41.879944 126.071556 -114.362854 32.823811 156.922470 -62.966366               1481 
-27.558220 125.416138 -86.974068 -3.125887 168.773224 -85.227394 -44.560562 134.290253 -105.978523 35.419399 155.438782 -57.638203               1490 
-28.968355 130.224930 -78.884315 -0.492529 171.079315 -77.404778 -45.880585 141.056747 -96.887535 37.752182 153.610153 -51.775101               1500 
-28.954370 132.963226 -72.235138 1.325495 172.491592 -69.420662 -45.830864 145.403397 -89.104996 39.420406 152.159729 -45.754166               1508 
-29.395409 134.560303 -63.572170 2.892603 172.599289 -62.224022 -46.484161 147.839050 -79.475494 41.114697 150.406448 -40.515507               1518 
-28.769131 135.562744 -54.665024 4.200274 173.038254 -56.140591 -46.534199 148.731506 -69.826080 43.247646 150.720932 -36.091911               1527 
-29.394541 137.952637 -46.646687 4.899535 174.061859 -50.460472 -47.316200 151.437485 -61.268021 43.932434 150.707108 -31.600504               1535 
-29.883930 139.256607 -39.592339 4.825408 174.802414 -44.544949 -48.125507 153.053375 -53.562908 44.073841 150.790054 -27.004229               1545 
-30.288267 144.204071 -31.313313 6.813208 176.887970 -38.313866 -48.074776 159.299973 -44.540104 44.852154 150.012375 -22.331034               1554 
-30.559771 151.532837 -23.792233 9.911104 179.930145 -32.892963 -47.080597 168.436005 -35.149628 45.824097 149.760422 -17.901129               1563 
-33.787178 158.100327 -17.688063 11.953798 181.354599 -27.790327 -45.825081 173.804214 -26.297174 46.787178 149.875168 -12.944750               1572 
-36.943546 164.233521 -11.939499 13.072656 182.281891 -23.501451 -45.141743 179.048355 -17.756254 46.863934 149.813568 -8.379675               1581 
-36.880085 168.394028 -5.702426 15.167859 182.695190 -18.360733 -43.225758 184.398697 -8.700574 47.606281 148.989578 -2.985719               1590 
-36.618328 170.093002 -0.672486 16.463633 182.295609 -13.673798 -41.848335 188.512939 0.241546 48.136696 148.099060 2.204592               1599 
-35.247501 172.154480 5.245853 18.666929 181.551300 -8.495876 -39.321381 191.880524 9.318896 49.097740 146.177292 7.231655               1608 
-32.997009 174.957596 11.398727 21.469721 181.940369 -2.294658 -35.921623 195.355225 17.445251 50.267452 144.860718 12.554576               1617 
-32.208195 175.944214 16.291542 22.644428 181.709000 2.617028 -34.261257 196.760147 24.566366 50.684692 143.715317 16.578901               1626 
-31.351330 176.362030 22.280954 23.533213 181.261520 7.743026 -32.344097 197.746643 32.856857 51.162697 142.498352 20.342176               1635 
-30.866879 176.087784 27.980368 23.973825 180.721420 12.241272 -30.931250 197.338531 40.217033 51.753262 141.567459 23.194847               1644 
-30.445442 177.758713 33.967548 24.462227 181.404694 17.385908 -29.521469 198.471878 47.131363 51.793732 141.576202 26.945747               1653 
-29.279564 178.087723 38.824848 25.864304 180.827881 21.967051 -27.500736 198.600250 52.770023 52.814339 140.630493 31.054155               1662 
-27.022913 177.263031 43.616398 28.657206 179.658432 27.731405 -24.790014 197.384201 58.676552 55.121838 138.993958 36.141712               1671 
-25.438616 177.051224 47.335377 30.598682 178.884933 32.199623 -22.767485 196.799332 63.471802 56.487411 137.720047 39.941441               1680 
-24.163088 176.938141 50.451782 32.234138 178.030396 36.170738 -21.116974 196.591736 67.398445 57.539913 136.506317 43.921806               1689 
-23.150150 177.096100 54.408134 33.453270 177.646835 40.378166 -19.567818 196.691193 72.131714 58.402954 135.857941 47.855625               1698 
-22.417606 176.065353 58.124908 34.321774 176.523636 43.883469 -18.389254 195.843536 76.098686 59.536152 134.937317 51.598591               1707 
-21.757904 176.561249 61.431873 35.281574 173.994080 47.024132 -15.993126 194.946381 80.538383 58.382641 130.922241 53.012978               1716 
-20.923380 176.988144 64.575653 36.577938 173.574661 50.308685 -14.237897 194.344315 84.650513 59.399925 130.226089 55.285419               1725 
-20.721531 177.693039 68.413986 37.038498 173.676682 53.545979 -13.059452 193.847839 89.225349 59.858269 130.191650 57.154381               1734 
-20.726719 179.472473 71.244011 37.480366 174.205353 56.553440 -12.337008 194.245010 92.684654 59.991627 130.505798 59.434925               1743 
-20.403297 178.325211 74.165276 38.163963 173.633896 59.308094 -11.659422 192.720673 95.919907 61.549774 130.379730 61.933098               1753 
-20.153845 176.860306 76.788208 38.787296 173.624390 62.072456 -11.538491 191.124405 98.723663 63.547653 131.138840 64.643990               1761 
-20.467360 178.114334 78.963249 38.630299 174.864166 64.015228 -11.239991 192.509018 101.257263 63.703033 132.567978 66.679909               1770 
-20.521732 176.796448 80.372383 38.847248 173.555878 66.069702 -11.115983 190.436874 103.511902 63.719578 131.088730 67.687546               1780 
-20.879408 175.505447 82.358543 38.582748 172.291794 68.152901 -11.263761 188.075745 106.157280 63.165531 129.625702 68.124855               1789 
-20.489443 173.903122 82.701828 39.324150 171.765686 69.415718 -11.272816 186.363083 106.809105 64.777359 129.613113 69.480812               1798 
-21.050640 173.280609 81.918419 39.538750 170.214767 71.384933 -12.516168 183.513794 107.139389 64.368515 127.709221 70.171928               1807 
-20.825979 172.466934 82.598274 40.270622 169.650101 73.246773 -12.592655 181.777710 108.174843 65.688728 127.497414 71.912186               1816 
-19.419353 170.861557 83.483459 42.077808 168.221649 75.663124 -11.673984 179.094757 109.593277 67.755165 126.249207 73.740181               1825 
-20.920040 174.587173 85.516426 40.637234 170.156174 77.290710 -12.751008 180.873978 111.652084 65.216766 127.661423 73.449844               1834 
-22.705774 173.782715 89.018242 38.424290 170.292114 77.196632 -13.223675 180.331879 113.270386 63.731312 128.296310 72.656143               1843 
-23.667067 173.127396 91.477455 37.001259 169.583130 77.096642 -13.336267 179.069962 113.931366 62.195538 127.690453 71.183754               1852 
-24.151161 172.738510 92.801933 36.241760 169.200073 77.146881 -13.479031 178.319595 114.118835 61.367573 127.372536 70.524200               1861 
-24.318373 172.629456 93.212929 36.069786 168.899155 77.318176 -13.643620 177.705795 113.661598 61.172203 127.103210 70.413277               1870 
-24.331793 171.857910 94.119179 35.900440 168.171341 77.516357 -13.515298 176.567505 113.439194 61.049820 126.470451 70.218803               1879 
-24.474533 172.137634 95.301659 35.609692 167.997284 78.005531 -13.680855 175.964523 112.927628 60.610218 126.281738 70.292145               1888 
-24.825485 171.739548 96.974030 35.006386 167.530960 78.566238 -14.106738 174.505173 112.369926 60.308174 126.073685 70.453087               1898 
-24.814104 171.466629 97.890663 34.886383 167.333450 78.968918 -14.308408 173.489120 111.568375 60.476124 126.087929 70.681458               1906 
-24.759651 171.299408 98.628273 34.791767 167.217148 79.257027 -14.361258 172.773651 110.935951 60.540821 126.108040 70.787201               1915 
-24.630266 170.940491 99.148201 34.780338 166.782562 79.388618 -14.280541 172.029419 110.640244 60.480621 125.707985 70.608810               1924 
-24.539732 170.527496 99.691048 34.736851 166.528671 79.519135 -14.194966 171.365051 110.608498 60.541328 125.579552 70.463287               1934 
-24.561701 170.108932 99.933807 34.678917 166.302948 79.633560 -14.240809 170.680161 110.239815 60.636906 125.484146 70.429298               1942 
-23.952997 169.737473 100.655548 35.078506 165.419434 79.867516 -13.663437 169.614975 110.089966 60.473698 124.431534 69.878204               1951 
-23.402302 169.429260 101.001534 35.426159 164.463272 79.797516 -13.108228 168.616562 109.872917 60.020393 123.277527 68.681396               1960 
-23.110249 168.522919 101.041512 35.784836 163.868668 79.961327 -12.937887 167.543411 109.230431 60.832573 122.825546 69.341423               1969 
-22.656673 167.901657 100.710518 36.354427 163.181580 79.980583 -12.627940 166.652328 108.531586 61.513729 122.136078 69.637138               1979 
-22.467976 167.463181 99.967606 36.791771 162.632004 79.993378 -12.604465 166.022614 107.667442 62.090389 121.561081 70.100517               1987 
-22.226278 166.893280 99.378349 37.182819 162.180252 79.831184 -12.444390 165.359406 107.063507 62.708206 121.183380 70.217575               1997 
-22.031103 166.162674 98.125267 37.618378 161.250702 79.381721 -12.359891 164.635300 105.917686 63.357388 120.177483 70.709694               2005 
-21.217209 165.049576 97.078323 38.612461 159.523926 79.101685 -11.680264 163.265213 105.044868 64.092056 118.209229 70.819427               2015 
-20.906784 164.481995 96.098862 39.102364 158.809570 78.747887 -11.469159 162.492630 104.288322 64.678589 117.472145 70.887573               2024 
-20.795607 164.336075 95.763741 39.295624 158.649612 78.681488 -11.382647 162.080505 104.250793 64.998268 117.356140 71.004700               2033 
-20.582722 164.008774 95.254616 39.595615 157.997665 78.573608 -11.270901 161.365051 103.935219 65.117798 116.616608 70.767395               2042 
-20.741646 164.807236 95.720474 39.412476 158.169373 78.949997 -11.491252 161.350143 104.105644 64.619072 116.692268 70.644157               2051 
-20.798454 165.408096 95.734856 39.438370 157.907074 78.824501 -11.486210 161.020828 103.906624 64.413269 116.340561 70.269440               2060 
-20.477808 165.318832 95.771667 39.695202 157.396698 78.717339 -11.219357 160.601974 103.912697 64.336754 115.710442 69.786514               2069 
-20.174534 165.260284 95.443039 39.819363 156.314926 78.253403 -11.108907 160.053070 103.482086 63.523369 114.269485 68.506050               2078 
-20.129686 165.216721 95.470161 39.702965 155.578537 78.077126 -11.229335 159.714355 103.441818 62.819996 113.288574 67.983994               2087 
-19.952858 165.402527 95.779411 39.510429 154.043900 78.092575 -11.624497 159.110580 103.381775 61.260586 111.175568 67.417976               2114 
-19.569216 165.678299 96.043411 39.526993 152.809723 78.129318 -11.594446 158.915131 103.477386 60.137653 109.422569 67.291183               2123 
-8.112411 144.949081 84.370735 36.846439 156.012115 77.671478 -17.393690 159.555588 101.401382 62.863453 114.519348 72.555313               2132 
-4.044459 137.446304 80.233810 35.399593 156.160355 77.466827 -20.762743 158.235260 99.994423 63.045334 115.602715 73.529633               2141 
-2.645158 134.433121 78.923988 34.412083 156.284271 77.469582 -22.397943 157.864365 99.581680 63.030117 116.312378 74.647194               2150 
-2.660650 133.005402 77.931229 33.680065 156.059387 77.563118 -23.406940 157.510818 98.893791 62.698685 116.344749 75.244148               2159 
-3.319887 132.696335 77.418427 33.180599 155.848679 77.826111 -24.024744 157.986237 98.744347 62.000816 115.971786 75.841545               2168 
-3.737474 131.892441 77.224617 32.695606 155.443283 77.702629 -23.789425 158.132217 100.127747 61.808655 115.798126 75.378433               2177 
-4.463177 131.088013 77.931229 31.522314 155.496765 77.905663 -24.646671 157.588882 101.117386 61.430233 116.450783 75.531471               2186 
-4.800905 130.460815 78.683151 30.765528 155.607086 78.134354 -25.157436 157.218033 102.309731 61.358749 117.096535 75.746307               2196 
-4.809797 130.219757 79.607391 30.524200 155.763885 78.446548 -25.100655 157.118759 103.628365 61.492256 117.568016 75.845657               2204 
-4.780116 130.000854 80.237900 30.473278 155.707916 78.623413 -24.991766 157.079041 104.450752 61.597710 117.641106 75.997200               2213 
-5.400276 129.737183 81.734314 29.613621 155.856934 79.080048 -25.514008 157.301041 106.062706 61.194042 118.143051 76.832787               2223 
-5.815348 129.500107 82.435211 29.233944 155.864563 79.242088 -25.673206 157.202026 107.055153 61.098671 118.391708 76.976234               2232 
-6.479211 129.841385 82.945427 29.095098 156.000565 79.739822 -25.751408 157.481979 108.035706 60.761929 118.384308 77.105606               2241 
-7.611513 130.942001 84.368652 28.481583 156.961288 80.729362 -26.381605 158.557114 109.770775 60.096836 119.298889 78.135170               2250 
-9.077106 132.338852 85.358215 27.807770 158.097641 81.563271 -27.516354 159.691498 110.929619 59.379192 120.370338 79.417122               2259 
-11.424434 134.649429 86.355896 25.767529 160.762390 81.626701 -29.188690 161.008438 112.863419 57.852589 123.531677 78.604713               2268 
-12.688755 135.430359 86.545479 25.117682 161.642303 81.282585 -29.671371 160.744095 113.892700 57.504646 124.735275 77.585876               2277 
