-39.278572 158.308960 80.336464 29.867254 151.045471 74.685455 -30.682295 160.495453 83.131676 49.523743 109.053551 89.734467                  0 
-39.349022 157.991623 80.302650 29.566837 151.303238 74.565781 -31.114359 160.412918 82.937004 49.351238 109.392487 89.673347                  9 
-39.806553 158.160049 79.841599 28.952309 152.569427 74.405052 -31.970818 160.856216 82.377037 49.074284 110.865311 89.556824                 18 
-40.336418 158.369720 79.276810 28.201584 153.894333 74.218872 -32.990459 161.218033 81.571777 48.626724 112.326767 89.340179                 27 
-40.614326 158.180984 79.443855 27.578909 154.508759 74.130249 -33.749050 161.051880 81.287865 48.186020 112.856125 88.678169                 36 
-40.241924 157.766312 79.558769 27.576101 154.365662 74.154778 -33.853619 160.852036 81.137070 48.055626 112.649590 88.701073                 45 
-40.062176 157.552795 79.539932 27.512800 154.146408 74.164467 -34.019325 160.518509 80.719559 47.787815 112.378571 88.763832                 54 
-39.825005 157.165802 79.587402 27.506569 154.073044 74.238991 -34.161758 160.096603 80.401344 47.761826 112.330589 88.938042                 63 
-39.555073 156.685165 79.559860 27.570919 153.959732 74.315811 -34.213707 159.712601 80.182251 47.842945 112.320404 89.199249                 72 
-39.598785 156.460098 79.484245 27.437004 154.043701 74.324608 -34.443954 159.393784 79.929352 47.822502 112.505997 89.336464                 81 
-39.744633 156.347397 79.353378 27.255014 154.169113 74.301575 -34.717003 159.007172 79.536819 47.749943 112.770477 89.465775                 90 
-39.706310 156.257416 79.293289 27.241232 154.093079 74.308350 -34.790764 158.509506 79.065361 47.710434 112.719688 89.575836                 99 
-39.655304 156.130295 79.168655 27.240149 153.949951 74.327370 -34.809578 157.849640 78.332924 47.637566 112.633194 89.762756                108 
-39.584450 156.028442 79.063828 27.250515 153.798645 74.365997 -34.806194 157.334000 77.730316 47.559120 112.509727 89.991814                117 
-39.501881 155.999878 79.055618 27.257164 153.716736 74.380325 -34.817936 157.157669 77.523079 47.478573 112.477859 90.171738                126 
-39.434765 155.970886 79.055222 27.254137 153.696121 74.370483 -34.832050 156.981720 77.321304 47.441067 112.473503 90.248215                135 
-39.646481 156.111847 78.906082 26.991642 154.044968 74.240654 -35.112225 156.947144 76.953308 47.268978 112.965652 90.296143                144 
-39.640793 156.133850 78.912384 26.924122 154.088501 74.210251 -35.192631 156.825668 76.768333 47.183174 113.049088 90.390396                153 
-39.592541 156.111694 78.928284 26.895035 154.104370 74.188873 -35.232216 156.684570 76.617790 47.131382 113.109528 90.434296                162 
-39.717171 156.214935 78.730087 26.722317 154.394852 74.044151 -35.432823 156.648453 76.284248 47.051113 113.552025 90.554901                171 
-39.602966 156.139847 78.744179 26.694534 154.435547 73.931816 -35.489540 156.535095 76.119377 47.027859 113.752441 90.754005                198 
-39.547649 156.076523 78.753235 26.687960 154.440643 73.893700 -35.509388 156.501587 76.075325 47.024353 113.798630 90.811218                208 
-39.366829 155.947083 78.828606 26.660831 153.895386 73.155838 -35.522724 156.423965 76.013680 46.880360 113.511765 90.746246                216 
-39.072823 155.765656 78.980713 26.753866 153.671494 72.828125 -35.435669 156.400558 76.033577 46.934875 113.442825 90.813393                226 
-38.768070 155.858994 79.526237 26.701235 152.827408 71.674324 -35.372963 156.565079 76.381119 46.689507 112.688354 90.003510                235 
-38.606918 155.666885 79.657234 26.735178 152.901077 71.697166 -35.377663 156.573166 76.428589 46.746395 112.783218 90.047714                244 
-38.269310 155.479004 79.872238 26.959023 152.910263 71.785652 -35.187298 156.505096 76.526161 46.975296 112.837280 90.161903                253 
-37.861076 155.267059 80.230347 27.260637 152.937256 71.922592 -34.918964 156.405167 76.789497 47.372028 112.919029 90.314316                262 
-37.579010 155.115005 80.894012 27.338865 152.694977 71.630127 -34.789356 156.338058 77.348381 47.568722 112.682236 89.836227                271 
-37.173042 154.803238 81.333702 27.649828 152.564087 71.802673 -34.495605 156.112427 77.720596 48.008236 112.670761 90.127151                280 
-36.587437 154.442612 81.989967 28.062037 151.931076 71.747246 -34.042583 155.769699 78.293030 48.492508 112.335426 90.563705                289 
-36.109169 154.174591 82.549461 28.389790 151.434006 71.742126 -33.727173 155.573685 78.862465 48.884892 112.071243 90.972374                298 
-35.417828 153.537842 82.903442 29.076353 151.199402 72.235237 -33.249664 155.283615 79.575478 49.730412 112.048767 91.663742                307 
-34.806446 153.263351 83.212990 29.665892 151.109970 72.601479 -32.870098 155.699219 80.687149 50.411777 112.158524 92.330200                316 
-34.379360 153.034073 83.463089 30.066437 151.028122 72.879280 -32.574833 155.873260 81.264694 50.863941 112.231949 92.796654                325 
-34.115181 152.826614 83.665344 30.303923 151.027237 73.073448 -32.385578 155.959396 81.691727 51.193718 112.313225 93.054031                334 
-33.889385 152.664108 83.907738 30.490622 151.074173 73.214417 -32.218632 156.150711 82.225357 51.505852 112.495346 93.263596                343 
-33.695675 152.417572 84.155922 30.652706 151.042023 73.409424 -32.034782 156.163422 82.577934 51.774670 112.520111 93.455856                352 
-33.519184 152.239182 84.334961 30.791430 151.036835 73.488152 -31.848658 156.202164 82.803192 52.015320 112.621132 93.569717                361 
-33.336765 152.116348 84.524010 30.940245 151.019806 73.597069 -31.619638 156.554581 83.309227 52.232956 112.665916 93.723885                370 
-33.117882 151.972000 84.692894 31.129372 150.980621 73.704224 -31.351732 156.723221 83.590996 52.472260 112.699997 93.856621                379 
-32.931557 151.839783 84.894058 31.287678 150.919601 73.848824 -31.099066 156.957047 83.989639 52.668282 112.668083 94.016533                388 
-32.731457 151.748474 85.060478 31.460484 150.870758 73.955505 -30.816515 157.308807 84.425453 52.855267 112.664421 94.133255                397 
-32.581257 151.652359 85.202072 31.586967 150.818253 74.053993 -30.593460 157.559143 84.779274 53.000164 112.625679 94.238235                406 
-32.384460 151.507950 85.438263 31.758650 150.692963 74.235489 -30.311083 157.770111 85.234062 53.168667 112.523880 94.407082                416 
-32.240452 151.388870 85.621605 31.879402 150.644653 74.354706 -30.106234 157.890442 85.560127 53.333935 112.493118 94.512177                424 
-32.104683 151.254974 85.799995 31.991789 150.589844 74.475655 -29.914246 157.952438 85.833290 53.479286 112.473389 94.603836                434 
-31.977787 151.083511 85.995399 32.093369 150.534286 74.591934 -29.726276 157.956451 86.086472 53.664837 112.475945 94.740257                442 
-31.794975 150.842407 86.188477 32.256927 150.394211 74.737709 -29.467163 157.889908 86.330925 53.894741 112.449699 94.968872                451 
-31.447519 150.086472 86.953842 32.178944 148.626678 73.460213 -28.964094 157.336014 86.920296 54.141926 111.235626 94.360382                461 
-31.224325 149.788055 87.147194 32.410133 148.518280 73.720528 -28.643602 157.279739 87.294243 54.423958 111.166977 94.579933                470 
-31.056797 149.558823 87.229118 32.596546 148.441223 73.923103 -28.415970 157.183121 87.443024 54.637394 111.106911 94.784409                479 
-30.925041 149.373383 87.293228 32.738449 148.421494 74.067238 -28.212755 157.085571 87.472099 54.821178 111.144531 94.928413                488 
-30.819092 149.196411 87.384796 32.854431 148.419876 74.237900 -28.037342 157.071945 87.616539 55.000088 111.193573 95.122810                497 
-30.744219 149.066360 87.439873 32.935623 148.427322 74.353157 -27.887388 156.985687 87.586723 55.120102 111.265579 95.253525                506 
-30.683823 148.967499 87.478256 32.998199 148.440689 74.434616 -27.774136 156.944443 87.552216 55.225437 111.320465 95.363327                515 
-30.660616 148.888184 87.530365 33.018269 148.479828 74.502243 -27.719032 156.918655 87.537735 55.288025 111.417336 95.429924                524 
-30.620571 148.884644 87.633156 33.054111 148.523209 74.614761 -27.641241 157.036118 87.668747 55.348320 111.504219 95.593323                533 
-30.547230 148.841415 87.737610 33.120346 148.497437 74.714935 -27.487566 157.203995 87.875046 55.412342 111.522797 95.716080                542 
-30.457901 148.649414 87.856682 33.193817 148.381165 74.784332 -27.310993 157.126434 87.986191 55.540268 111.437744 95.782555                551 
-30.417580 148.523682 87.947166 33.218239 148.337753 74.822052 -27.178837 157.100113 88.053284 55.615082 111.454346 95.814178                560 
-30.380823 148.403229 88.028877 33.239082 148.286987 74.852211 -27.027946 157.067047 88.086617 55.689495 111.437210 95.846199                569 
-29.726295 147.867462 88.395027 33.789001 147.204849 74.761543 -26.114103 156.706421 88.640999 55.931492 109.802689 95.035492                578 
-28.620537 146.865189 88.928185 34.642311 145.406235 74.245789 -24.579674 156.072083 89.463211 56.528091 107.426598 93.708656                587 
-28.610470 146.691666 89.134979 34.612022 145.406387 74.282227 -24.152481 156.648895 90.073906 56.652912 107.547470 93.742859                596 
-28.604258 146.652145 89.177376 34.606293 145.406418 74.289124 -23.707411 157.096146 90.270813 56.678684 107.566589 93.751183                605 
-28.695013 146.351395 89.489357 34.375019 145.247803 74.021370 -23.443472 157.231308 90.575165 56.769787 107.674484 93.568954                614 
-28.684052 146.009399 89.766350 34.219933 144.871063 73.654533 -23.000065 157.288361 90.790108 56.817993 107.360924 93.089157                623 
-28.776020 145.656570 89.918427 34.035931 144.694092 73.453384 -22.739643 157.140518 90.613464 56.876797 107.380363 92.919830                632 
-28.530802 145.117020 89.497940 34.370979 144.331970 73.383621 -22.085033 156.624191 89.742935 57.237572 107.169952 93.108345                641 
-28.481840 144.987106 89.410378 34.419193 144.323410 73.300255 -21.721647 156.613297 89.361259 57.370499 107.304893 93.134651                650 
-28.272276 146.071091 88.445412 34.847076 145.073669 73.244110 -21.229507 157.560806 87.685379 57.593864 108.744682 94.535530                659 
-28.468153 146.389954 86.557076 34.903767 146.308746 72.423660 -21.319746 157.915344 85.325447 57.930683 110.785011 94.693352                668 
-28.276459 146.888748 84.796837 35.237839 146.920380 71.330612 -20.775173 159.031418 83.516357 58.146935 111.649925 94.118370                678 
-27.914940 148.307785 82.311577 35.681900 148.576172 69.255844 -19.972166 161.577286 81.293335 58.544434 113.351906 92.108559                686 
-28.456814 149.577805 77.553246 35.426968 151.531845 66.159851 -20.359610 164.388718 77.144859 58.595772 116.864456 89.549362                695 
-28.961758 151.709641 73.054222 35.106331 154.340332 62.914253 -20.597914 168.873306 73.809258 58.199947 120.168251 87.043564                705 
-29.481844 152.764206 67.487183 34.793720 156.613525 59.240261 -21.181345 171.813843 69.670631 57.764999 122.474953 83.533218                714 
-29.411091 153.299042 62.654812 34.995575 157.730072 55.867649 -21.278591 173.137329 65.368805 57.701939 123.803482 80.651863                723 
-29.528708 154.336777 57.388462 34.930195 159.694168 51.911236 -21.751511 174.762482 60.195442 57.620106 126.454956 77.624504                732 
-29.257925 155.184311 52.528885 35.216228 161.217560 48.046730 -21.768362 175.887833 55.040600 57.834835 128.832932 74.843483                741 
-29.492376 156.706497 47.056484 35.016689 163.233566 44.030224 -22.254948 177.572433 49.329903 57.242840 131.608246 72.035011                750 
-31.428329 163.086365 35.440125 35.021626 165.029739 39.402393 -22.776432 178.021744 42.530861 56.801323 133.482529 67.800148                759 
-32.994011 171.217453 25.328400 34.829975 168.338730 34.658844 -23.199877 181.197128 35.908306 55.674931 136.482132 63.410530                768 
-33.788776 174.342789 17.551430 34.762791 170.445709 30.216522 -23.628723 182.104721 29.845030 55.536819 139.411392 59.862926                777 
-34.102951 176.777832 11.023459 34.979183 172.557281 25.513479 -23.711460 182.952423 24.410892 56.024532 141.644196 55.095108                786 
-35.015793 179.282516 3.476190 34.417679 174.963928 19.834852 -24.529051 184.078827 17.617538 55.538879 144.326111 49.607365                795 
-35.757587 180.990585 -3.175902 34.058926 176.797363 14.635044 -25.128252 184.460541 11.476204 55.421227 146.579010 44.663151                804 
-36.616577 182.266617 -10.264470 33.522804 178.732193 9.268351 -25.830214 184.531693 4.825957 55.141514 149.351593 39.898117                813 
-37.150764 182.410141 -16.815821 33.392559 179.926590 4.194644 -26.107351 183.996826 -1.109651 55.370537 152.083344 35.982891                822 
-37.786308 182.397247 -22.998714 33.142410 181.363419 -0.617644 -26.443140 182.744949 -6.767786 55.816574 154.437454 31.432817                831 
-38.179859 181.982712 -28.971071 32.913853 182.739258 -5.251000 -26.602026 181.199081 -12.410074 56.297333 156.535233 26.888071                840 
-39.095337 181.438416 -35.423363 32.212772 183.988525 -9.743460 -27.066214 179.349030 -17.963634 56.328838 158.827957 22.649574                849 
-40.000496 180.923172 -42.144730 31.265619 184.808411 -14.131072 -27.566540 177.302002 -23.752165 56.041695 159.828613 17.901766                859 
-40.774990 180.358948 -48.747124 30.229540 185.459381 -18.340382 -28.043917 175.601181 -29.420155 55.336975 160.948593 13.759084                867 
-41.401867 178.807251 -54.771759 29.281372 185.831223 -22.592510 -28.363804 173.577057 -34.692295 54.889545 162.152420 9.735075                876 
-41.923950 176.884079 -60.597881 28.262890 186.045792 -26.782616 -28.690451 171.458527 -39.836979 54.217892 163.432220 5.990752                885 
-42.438915 174.857681 -66.269814 27.115324 186.286774 -30.869341 -29.092115 169.412796 -44.780128 53.281670 164.942780 2.580407                894 
-42.824200 172.420441 -71.299263 26.072981 186.300751 -34.744873 -29.391979 167.183212 -49.188622 52.487591 166.318298 -0.690617                903 
-43.019161 169.608749 -76.302559 25.035511 185.714157 -38.431248 -29.700758 164.584564 -53.513855 51.454617 166.993881 -3.670573                913 
-43.350876 166.736588 -80.985779 23.826988 184.994186 -41.955212 -30.255562 161.910156 -57.516705 50.278511 167.428940 -6.655133                921 
-43.463554 164.342316 -85.203850 22.883686 184.239273 -45.076668 -30.761530 159.664398 -61.050152 49.216911 167.572281 -9.256429                930 
-43.737000 161.487228 -88.829506 21.796839 183.305771 -47.956905 -31.424847 157.096558 -64.014793 48.111694 167.714645 -11.675263                940 
-44.122795 159.528397 -92.447548 20.641481 182.394394 -50.745449 -32.337547 155.101624 -67.149025 46.853546 167.204269 -14.220110                949 
-44.157845 157.891220 -94.266251 20.209578 181.808289 -52.196053 -32.555744 153.535980 -68.517754 46.419037 167.249222 -15.445448                958 
-44.988068 152.432709 -97.051941 18.235140 179.982025 -54.682804 -33.068600 148.614441 -70.540009 44.968204 167.533249 -17.536058                967 
-46.235844 143.822861 -97.073708 16.427185 179.442413 -59.625809 -33.817425 144.236893 -69.981491 43.748482 173.749924 -21.308060                976 
-49.126644 136.968704 -97.051331 13.992040 177.762680 -65.091125 -35.940727 140.926025 -69.709610 41.507320 178.190109 -26.492752                985 
-51.569138 134.662262 -98.250809 12.112745 176.620789 -68.417610 -37.659222 139.392593 -70.987244 40.122200 178.641342 -30.258802                994 
-54.293232 132.064194 -98.203339 10.233110 174.863495 -71.045120 -39.353931 137.665695 -71.412086 38.547020 178.834137 -33.265984               1003 
-55.856358 130.215805 -98.028198 9.078781 173.527313 -72.403824 -40.240273 136.282074 -71.595047 37.495548 178.703384 -34.880451               1012 
-56.375381 126.458542 -98.473106 7.570011 171.936661 -73.935791 -40.670826 133.399170 -72.207405 36.036388 178.597961 -36.685284               1021 
-56.763100 123.061417 -98.675133 6.224612 170.497574 -75.244072 -40.965893 130.773331 -72.602150 34.814404 178.416794 -38.368347               1030 
-57.476204 120.927116 -98.781181 5.246968 169.088104 -76.054489 -41.600544 129.049576 -72.890747 33.978905 177.533279 -39.406643               1039 
-57.791599 118.902153 -99.334358 4.298547 167.915970 -76.638885 -42.036469 127.305618 -73.460876 32.946129 176.729614 -40.044506               1048 
-58.029594 117.314865 -100.418358 3.412675 166.968155 -77.299744 -42.461224 125.802139 -74.464394 31.958273 175.856842 -40.643871               1057 
-57.695435 111.754021 -99.084747 1.966965 164.586044 -78.445000 -42.587048 122.168114 -73.610466 30.124044 176.241806 -42.300293               1066 
-58.046635 110.183815 -99.363121 1.190463 163.549973 -78.896629 -43.127476 120.914085 -74.024254 29.248217 175.510239 -42.774166               1075 
-58.769543 110.161209 -100.396278 0.435097 163.206512 -79.059128 -43.853706 120.458313 -75.004524 28.622631 174.385086 -42.820667               1084 
-59.202663 108.939087 -99.978416 -0.205601 162.425308 -79.342690 -44.460358 119.710709 -74.948860 27.777397 174.168961 -43.124435               1093 
-59.642879 105.910912 -99.458298 -1.541343 160.732269 -80.007790 -44.853470 117.168137 -74.945930 26.627064 173.191162 -44.207687               1102 
-59.329445 103.233734 -98.571098 -2.604564 159.733383 -80.240028 -44.758286 115.146950 -74.660515 25.419075 173.190018 -44.688301               1111 
-60.100418 100.859955 -97.710266 -3.717993 158.161118 -80.927658 -45.581860 113.500359 -74.294426 24.186090 172.687546 -45.738396               1120 
-60.510010 99.347496 -97.323265 -4.423433 157.110992 -81.262321 -46.059467 112.366974 -74.240051 23.387716 172.165497 -46.221760               1129 
-60.257790 97.224358 -96.428528 -5.123593 156.168396 -81.713165 -46.196381 111.129074 -73.918823 22.195221 172.516144 -46.899632               1138 
-59.377525 95.314827 -94.888840 -5.482142 155.635590 -82.101303 -45.735931 110.249779 -73.352295 21.675100 173.273499 -47.794777               1147 
-58.256065 91.571823 -93.401344 -5.150103 152.770782 -82.390396 -45.843399 108.491440 -73.378227 20.530994 172.548981 -48.149139               1156 
-57.746658 90.471291 -93.068832 -5.249172 151.876328 -82.450607 -46.100204 108.108078 -74.308243 20.283796 171.669235 -48.107216               1165 
-55.851048 87.321129 -90.773811 -5.677123 150.884308 -82.490990 -45.457481 106.740044 -73.463440 18.688026 173.070709 -48.803070               1175 
-53.747051 82.502457 -87.436615 -3.586709 146.258453 -81.494827 -45.277237 104.302345 -72.301620 17.904602 171.818436 -48.244518               1184 
-53.051037 83.624268 -89.197823 -3.094149 147.211655 -81.081047 -45.281868 105.549286 -74.065880 17.968409 171.843063 -46.904331               1193 
-52.450779 83.586464 -89.334564 -2.863377 147.382233 -80.993828 -45.543388 106.302231 -74.900970 17.818855 172.129974 -46.669197               1201 
-51.939533 84.580559 -90.522247 -2.544158 148.280762 -80.758751 -45.512154 107.485092 -76.137230 17.876123 172.387604 -45.854492               1211 
-51.178829 84.672508 -91.160393 -2.486756 148.767227 -80.711960 -45.318977 107.822456 -76.901741 17.478949 172.813583 -45.504314               1220 
-50.624237 85.276886 -92.707886 -2.404257 149.421814 -80.684456 -45.354557 108.519058 -78.329285 16.823212 173.117111 -44.833759               1229 
-49.928883 85.251289 -92.875801 -2.263998 149.718307 -80.519188 -45.441883 109.112572 -78.985291 16.364477 173.640686 -44.503433               1238 
-49.613823 85.242188 -93.019173 -2.215496 149.880081 -80.593079 -45.856937 109.789833 -79.617371 16.114836 173.969772 -44.535892               1247 
-49.684612 86.169212 -94.268242 -2.876286 150.981949 -81.108566 -46.377205 110.781219 -80.943626 15.380954 174.568832 -44.683754               1256 
-50.354057 87.569458 -95.498306 -3.719266 152.136169 -81.484673 -47.311451 112.089920 -82.264603 14.649029 174.898895 -44.594303               1265 
-51.326138 88.591064 -95.696724 -4.616233 152.883789 -81.592766 -48.495033 113.231865 -82.959419 13.757790 175.304260 -44.496227               1274 
-53.020794 91.912086 -97.581306 -6.535266 155.416367 -81.903679 -50.456745 115.948265 -84.906082 12.422209 175.741882 -43.904694               1283 
-55.343384 96.061974 -100.156975 -8.373473 158.039627 -81.912811 -52.828629 119.434952 -87.135742 11.101585 175.704742 -42.860264               1292 
-58.289627 98.815971 -101.375862 -10.548691 159.614609 -82.172623 -55.514687 121.770287 -88.209671 9.763542 175.529526 -42.795418               1301 
-61.671432 102.208099 -102.237694 -12.941541 161.616669 -82.397270 -58.671780 124.861977 -89.221725 8.075853 175.852325 -42.748177               1310 
-66.241035 105.879379 -102.841248 -16.065548 163.599014 -83.024055 -62.776470 128.222656 -90.068558 6.281907 175.884109 -43.450039               1319 
-78.760300 117.987740 -105.375397 -25.871098 171.739273 -82.388817 -74.296532 139.342834 -91.519646 -2.543635 179.897156 -42.317459               1346 
-81.229637 120.641541 -104.882835 -28.334618 174.089279 -81.336601 -76.769402 141.827576 -90.814796 -4.839787 181.604980 -41.237446               1355 
-83.561539 123.342339 -103.182381 -31.123701 177.205383 -79.565704 -79.280830 144.578598 -89.100250 -7.635072 184.817047 -39.481014               1365 
-86.266006 126.202026 -102.502518 -33.985985 179.932083 -78.389076 -82.061180 147.311508 -88.264313 -10.353971 186.997253 -38.288620               1373 
-88.833916 128.842682 -101.424019 -37.295307 182.551590 -77.544128 -85.362457 150.152328 -88.164772 -13.701150 188.759720 -37.279873               1382 
-91.076607 126.907242 -97.588898 -41.601463 183.723175 -78.335991 -88.897392 149.621506 -86.970230 -18.413754 193.240540 -38.483952               1392 
-95.581818 130.400131 -99.344124 -45.471516 185.512512 -78.183144 -93.749428 153.131271 -88.614998 -22.586718 192.931503 -37.714890               1401 
-100.733467 133.789001 -99.369797 -49.284161 187.019897 -77.579422 -98.564903 156.298187 -88.490372 -25.586622 192.218170 -37.232925               1410 
-104.835091 135.166855 -97.944313 -53.357716 188.246902 -76.841125 -102.861130 157.735443 -87.425934 -28.933609 192.690918 -36.839268               1419 
-108.624176 136.422211 -96.773247 -57.105724 189.187820 -75.683678 -106.834038 158.979614 -86.325165 -32.235744 192.759079 -35.869541               1427 
-112.668091 138.047852 -95.673164 -61.319397 190.511765 -74.726479 -111.404823 160.586151 -85.349556 -35.927464 193.021515 -35.161518               1436 
-116.361824 138.687057 -93.798996 -65.383354 190.979645 -73.323708 -115.705048 161.170410 -83.882912 -39.393497 192.423889 -34.095184               1446 
-120.980888 138.936691 -91.896156 -70.448303 191.511871 -73.041588 -120.937683 161.422394 -82.849777 -43.856102 192.767548 -34.212299               1455 
-126.221703 140.420593 -91.175392 -75.156151 191.905884 -72.428154 -126.471451 161.977478 -82.091965 -48.624615 192.055405 -33.537407               1464 
-129.998978 134.745941 -86.258377 -80.270653 188.957260 -74.372131 -131.109177 157.280243 -80.491096 -53.750015 193.922791 -35.791901               1473 
-136.001221 133.944244 -84.358513 -85.973900 188.022705 -75.076935 -137.079697 156.400269 -78.870056 -57.428829 192.481140 -37.905220               1482 
-140.139618 133.680420 -82.348061 -90.547272 187.972198 -74.375435 -141.441696 155.850327 -77.132622 -60.961418 192.063507 -37.983494               1491 
-146.071808 133.682983 -80.774162 -96.170792 187.560928 -74.346848 -147.209488 155.488037 -75.234879 -64.476089 190.235275 -39.637642               1500 
-149.911407 131.783142 -78.829071 -100.977318 186.428253 -73.835968 -151.358475 153.300293 -73.725494 -68.605675 189.537064 -39.794132               1509 
-154.339386 130.470703 -76.169220 -105.988724 185.450302 -76.165726 -155.998642 151.941422 -72.288269 -71.870766 189.780380 -44.015293               1518 
-156.388062 125.052132 -74.659706 -111.595306 182.740311 -78.062683 -159.324417 146.275085 -72.483513 -78.239304 191.233398 -45.942921               1527 
-158.891983 122.788948 -70.818550 -116.009430 181.351807 -79.421341 -162.328766 143.706924 -70.482132 -82.877777 193.618927 -48.304676               1536 
-163.853439 122.102493 -70.593872 -120.616531 180.193649 -80.479149 -166.561447 142.190887 -70.953308 -87.938019 193.377304 -49.258301               1545 
-167.324921 120.915833 -69.568390 -124.584671 179.203110 -80.282417 -169.882217 140.346649 -70.635338 -93.058983 193.950714 -48.579514               1554 
-173.308640 123.167435 -68.914101 -128.189178 179.406860 -80.733101 -174.950745 142.300171 -70.823425 -97.210022 194.481033 -48.647335               1563 
-174.017822 120.969864 -67.539749 -130.597931 178.250198 -80.457825 -175.798721 139.530777 -69.254944 -99.074547 193.903824 -49.190029               1572 
-175.895844 121.203712 -67.549911 -132.272018 178.290527 -79.813507 -177.289825 139.168640 -68.948547 -100.321877 192.905624 -48.476273               1581 
-179.910797 125.651787 -67.560226 -133.605850 179.808487 -81.325409 -180.571396 142.985123 -70.381859 -102.404610 194.635742 -49.339943               1590 
-182.705505 127.834358 -67.451241 -134.780060 179.993088 -81.247780 -183.118820 144.617447 -71.331757 -104.487350 194.627502 -48.314209               1600 
-190.421295 140.994263 -68.085587 -132.565109 180.054779 -85.269035 -187.238495 155.812988 -75.339973 -103.180275 195.473358 -51.873920               1608 
-197.581192 152.491959 -71.568222 -132.404602 176.809372 -88.900185 -191.320969 164.806381 -81.118896 -103.219292 192.514679 -55.463730               1617 
-199.689514 156.130508 -70.949219 -132.514130 173.259338 -88.651901 -192.398666 166.674103 -81.845284 -103.180801 190.391083 -56.055969               1626 
-201.522125 159.071274 -72.013329 -133.593002 173.145248 -89.089333 -193.782639 169.428726 -82.817596 -103.678810 187.951019 -55.887440               1635 
-202.041428 167.973160 -75.594528 -132.522690 172.830444 -90.928307 -192.985718 175.759628 -87.511826 -102.646133 189.529022 -58.602100               1644 
-202.354721 174.817825 -80.715164 -132.139481 168.819153 -91.445518 -191.943359 178.592575 -93.468536 -102.252579 189.404694 -61.454803               1653 
-201.556854 177.894730 -82.655052 -131.999237 165.553391 -91.721321 -190.835846 179.673080 -95.605835 -100.928162 186.291443 -63.068981               1662 
-200.934860 180.721680 -84.845360 -132.108307 163.941833 -91.681870 -189.950729 181.094238 -97.709587 -100.487297 184.494370 -63.501381               1671 
-200.537460 181.909042 -85.788773 -132.155258 163.248154 -91.664886 -189.505295 181.655472 -98.629868 -100.295052 183.677719 -63.664974               1681 
-200.294739 182.502319 -86.232628 -132.178543 162.904068 -91.656464 -189.272110 181.920059 -99.083603 -100.200211 183.263733 -63.740425               1690 
-200.112854 182.897034 -86.505501 -132.193787 162.678909 -91.650948 -189.115982 182.087662 -99.376907 -100.138496 182.989777 -63.787666               1699 
-199.964890 183.193481 -86.696037 -132.205048 162.512405 -91.646873 -188.999069 182.208588 -99.590828 -100.093102 182.785690 -63.821491               1708 
999.000000 999.000000 999.000000 999.000000 999.000000 999.000000 999.000000 999.000000 999.000000 999.000000 999.000000 999.000000             1717.0 
999.000000 999.000000 999.000000 999.000000 999.000000 999.000000 999.000000 999.000000 999.000000 999.000000 999.000000 999.000000             1726.0 
999.000000 999.000000 999.000000 999.000000 999.000000 999.000000 999.000000 999.000000 999.000000 999.000000 999.000000 999.000000             1735.0 
999.000000 999.000000 999.000000 999.000000 999.000000 999.000000 999.000000 999.000000 999.000000 999.000000 999.000000 999.000000             1744.0 
999.000000 999.000000 999.000000 999.000000 999.000000 999.000000 999.000000 999.000000 999.000000 999.000000 999.000000 999.000000             1753.0 
999.000000 999.000000 999.000000 999.000000 999.000000 999.000000 999.000000 999.000000 999.000000 999.000000 999.000000 999.000000             1762.0 
999.000000 999.000000 999.000000 999.000000 999.000000 999.000000 999.000000 999.000000 999.000000 999.000000 999.000000 999.000000             1771.0 
999.000000 999.000000 999.000000 999.000000 999.000000 999.000000 999.000000 999.000000 999.000000 999.000000 999.000000 999.000000             1780.0 
999.000000 999.000000 999.000000 999.000000 999.000000 999.000000 999.000000 999.000000 999.000000 999.000000 999.000000 999.000000             1789.0 
999.000000 999.000000 999.000000 999.000000 999.000000 999.000000 999.000000 999.000000 999.000000 999.000000 999.000000 999.000000             1798.0 
999.000000 999.000000 999.000000 999.000000 999.000000 999.000000 999.000000 999.000000 999.000000 999.000000 999.000000 999.000000             1807.0 
999.000000 999.000000 999.000000 999.000000 999.000000 999.000000 999.000000 999.000000 999.000000 999.000000 999.000000 999.000000             1816.0 
999.000000 999.000000 999.000000 999.000000 999.000000 999.000000 999.000000 999.000000 999.000000 999.000000 999.000000 999.000000             1825.0 
999.000000 999.000000 999.000000 999.000000 999.000000 999.000000 999.000000 999.000000 999.000000 999.000000 999.000000 999.000000             1834.0 
999.000000 999.000000 999.000000 999.000000 999.000000 999.000000 999.000000 999.000000 999.000000 999.000000 999.000000 999.000000             1843.0 
999.000000 999.000000 999.000000 999.000000 999.000000 999.000000 999.000000 999.000000 999.000000 999.000000 999.000000 999.000000             1852.0 
999.000000 999.000000 999.000000 999.000000 999.000000 999.000000 999.000000 999.000000 999.000000 999.000000 999.000000 999.000000             1862.0 
999.000000 999.000000 999.000000 999.000000 999.000000 999.000000 999.000000 999.000000 999.000000 999.000000 999.000000 999.000000             1870.0 
999.000000 999.000000 999.000000 999.000000 999.000000 999.000000 999.000000 999.000000 999.000000 999.000000 999.000000 999.000000             1880.0 
999.000000 999.000000 999.000000 999.000000 999.000000 999.000000 999.000000 999.000000 999.000000 999.000000 999.000000 999.000000             1889.0 
999.000000 999.000000 999.000000 999.000000 999.000000 999.000000 999.000000 999.000000 999.000000 999.000000 999.000000 999.000000             1898.0 
999.000000 999.000000 999.000000 999.000000 999.000000 999.000000 999.000000 999.000000 999.000000 999.000000 999.000000 999.000000             1907.0 
999.000000 999.000000 999.000000 999.000000 999.000000 999.000000 999.000000 999.000000 999.000000 999.000000 999.000000 999.000000             1916.0 
999.000000 999.000000 999.000000 999.000000 999.000000 999.000000 999.000000 999.000000 999.000000 999.000000 999.000000 999.000000             1925.0 
999.000000 999.000000 999.000000 999.000000 999.000000 999.000000 999.000000 999.000000 999.000000 999.000000 999.000000 999.000000             1934.0 
999.000000 999.000000 999.000000 999.000000 999.000000 999.000000 999.000000 999.000000 999.000000 999.000000 999.000000 999.000000             1943.0 
999.000000 999.000000 999.000000 999.000000 999.000000 999.000000 999.000000 999.000000 999.000000 999.000000 999.000000 999.000000             1952.0 
999.000000 999.000000 999.000000 999.000000 999.000000 999.000000 999.000000 999.000000 999.000000 999.000000 999.000000 999.000000             1961.0 
999.000000 999.000000 999.000000 999.000000 999.000000 999.000000 999.000000 999.000000 999.000000 999.000000 999.000000 999.000000             1970.0 
999.000000 999.000000 999.000000 999.000000 999.000000 999.000000 999.000000 999.000000 999.000000 999.000000 999.000000 999.000000             1979.0 
999.000000 999.000000 999.000000 999.000000 999.000000 999.000000 999.000000 999.000000 999.000000 999.000000 999.000000 999.000000             1988.0 
999.000000 999.000000 999.000000 999.000000 999.000000 999.000000 999.000000 999.000000 999.000000 999.000000 999.000000 999.000000             1997.0 
999.000000 999.000000 999.000000 999.000000 999.000000 999.000000 999.000000 999.000000 999.000000 999.000000 999.000000 999.000000             2006.0 
999.000000 999.000000 999.000000 999.000000 999.000000 999.000000 999.000000 999.000000 999.000000 999.000000 999.000000 999.000000             2015.0 
999.000000 999.000000 999.000000 999.000000 999.000000 999.000000 999.000000 999.000000 999.000000 999.000000 999.000000 999.000000             2024.0 
999.000000 999.000000 999.000000 999.000000 999.000000 999.000000 999.000000 999.000000 999.000000 999.000000 999.000000 999.000000             2033.0 
999.000000 999.000000 999.000000 999.000000 999.000000 999.000000 999.000000 999.000000 999.000000 999.000000 999.000000 999.000000             2042.0 
999.000000 999.000000 999.000000 999.000000 999.000000 999.000000 999.000000 999.000000 999.000000 999.000000 999.000000 999.000000             2051.0 
999.000000 999.000000 999.000000 999.000000 999.000000 999.000000 999.000000 999.000000 999.000000 999.000000 999.000000 999.000000             2060.0 
999.000000 999.000000 999.000000 999.000000 999.000000 999.000000 999.000000 999.000000 999.000000 999.000000 999.000000 999.000000             2069.0 
999.000000 999.000000 999.000000 999.000000 999.000000 999.000000 999.000000 999.000000 999.000000 999.000000 999.000000 999.000000             2078.0 
999.000000 999.000000 999.000000 999.000000 999.000000 999.000000 999.000000 999.000000 999.000000 999.000000 999.000000 999.000000             2087.0 
999.000000 999.000000 999.000000 999.000000 999.000000 999.000000 999.000000 999.000000 999.000000 999.000000 999.000000 999.000000             2096.0 
999.000000 999.000000 999.000000 999.000000 999.000000 999.000000 999.000000 999.000000 999.000000 999.000000 999.000000 999.000000             2105.0 
999.000000 999.000000 999.000000 999.000000 999.000000 999.000000 999.000000 999.000000 999.000000 999.000000 999.000000 999.000000             2115.0 
999.000000 999.000000 999.000000 999.000000 999.000000 999.000000 999.000000 999.000000 999.000000 999.000000 999.000000 999.000000             2124.0 
999.000000 999.000000 999.000000 999.000000 999.000000 999.000000 999.000000 999.000000 999.000000 999.000000 999.000000 999.000000             2133.0 
999.000000 999.000000 999.000000 999.000000 999.000000 999.000000 999.000000 999.000000 999.000000 999.000000 999.000000 999.000000             2142.0 
999.000000 999.000000 999.000000 999.000000 999.000000 999.000000 999.000000 999.000000 999.000000 999.000000 999.000000 999.000000             2151.0 
999.000000 999.000000 999.000000 999.000000 999.000000 999.000000 999.000000 999.000000 999.000000 999.000000 999.000000 999.000000             2160.0 
999.000000 999.000000 999.000000 999.000000 999.000000 999.000000 999.000000 999.000000 999.000000 999.000000 999.000000 999.000000             2169.0 
999.000000 999.000000 999.000000 999.000000 999.000000 999.000000 999.000000 999.000000 999.000000 999.000000 999.000000 999.000000             2178.0 
999.000000 999.000000 999.000000 999.000000 999.000000 999.000000 999.000000 999.000000 999.000000 999.000000 999.000000 999.000000             2187.0 
999.000000 999.000000 999.000000 999.000000 999.000000 999.000000 999.000000 999.000000 999.000000 999.000000 999.000000 999.000000             2196.0 
999.000000 999.000000 999.000000 999.000000 999.000000 999.000000 999.000000 999.000000 999.000000 999.000000 999.000000 999.000000             2205.0 
999.000000 999.000000 999.000000 999.000000 999.000000 999.000000 999.000000 999.000000 999.000000 999.000000 999.000000 999.000000             2214.0 
999.000000 999.000000 999.000000 999.000000 999.000000 999.000000 999.000000 999.000000 999.000000 999.000000 999.000000 999.000000             2223.0 
999.000000 999.000000 999.000000 999.000000 999.000000 999.000000 999.000000 999.000000 999.000000 999.000000 999.000000 999.000000             2232.0 
999.000000 999.000000 999.000000 999.000000 999.000000 999.000000 999.000000 999.000000 999.000000 999.000000 999.000000 999.000000             2241.0 
999.000000 999.000000 999.000000 999.000000 999.000000 999.000000 999.000000 999.000000 999.000000 999.000000 999.000000 999.000000             2250.0 
999.000000 999.000000 999.000000 999.000000 999.000000 999.000000 999.000000 999.000000 999.000000 999.000000 999.000000 999.000000             2259.0 
999.000000 999.000000 999.000000 999.000000 999.000000 999.000000 999.000000 999.000000 999.000000 999.000000 999.000000 999.000000             2268.0 
999.000000 999.000000 999.000000 999.000000 999.000000 999.000000 999.000000 999.000000 999.000000 999.000000 999.000000 999.000000             2277.0 
999.000000 999.000000 999.000000 999.000000 999.000000 999.000000 999.000000 999.000000 999.000000 999.000000 999.000000 999.000000             2286.0 
999.000000 999.000000 999.000000 999.000000 999.000000 999.000000 999.000000 999.000000 999.000000 999.000000 999.000000 999.000000             2295.0 
999.000000 999.000000 999.000000 999.000000 999.000000 999.000000 999.000000 999.000000 999.000000 999.000000 999.000000 999.000000             2304.0 
999.000000 999.000000 999.000000 999.000000 999.000000 999.000000 999.000000 999.000000 999.000000 999.000000 999.000000 999.000000             2313.0 
999.000000 999.000000 999.000000 999.000000 999.000000 999.000000 999.000000 999.000000 999.000000 999.000000 999.000000 999.000000             2322.0 
999.000000 999.000000 999.000000 999.000000 999.000000 999.000000 999.000000 999.000000 999.000000 999.000000 999.000000 999.000000             2331.0 
999.000000 999.000000 999.000000 999.000000 999.000000 999.000000 999.000000 999.000000 999.000000 999.000000 999.000000 999.000000             2340.0 
999.000000 999.000000 999.000000 999.000000 999.000000 999.000000 999.000000 999.000000 999.000000 999.000000 999.000000 999.000000             2349.0 
999.000000 999.000000 999.000000 999.000000 999.000000 999.000000 999.000000 999.000000 999.000000 999.000000 999.000000 999.000000             2358.0 
999.000000 999.000000 999.000000 999.000000 999.000000 999.000000 999.000000 999.000000 999.000000 999.000000 999.000000 999.000000             2368.0 
999.000000 999.000000 999.000000 999.000000 999.000000 999.000000 999.000000 999.000000 999.000000 999.000000 999.000000 999.000000             2377.0 
999.000000 999.000000 999.000000 999.000000 999.000000 999.000000 999.000000 999.000000 999.000000 999.000000 999.000000 999.000000             2386.0 
999.000000 999.000000 999.000000 999.000000 999.000000 999.000000 999.000000 999.000000 999.000000 999.000000 999.000000 999.000000             2395.0 
999.000000 999.000000 999.000000 999.000000 999.000000 999.000000 999.000000 999.000000 999.000000 999.000000 999.000000 999.000000             2404.0 
999.000000 999.000000 999.000000 999.000000 999.000000 999.000000 999.000000 999.000000 999.000000 999.000000 999.000000 999.000000             2413.0 
999.000000 999.000000 999.000000 999.000000 999.000000 999.000000 999.000000 999.000000 999.000000 999.000000 999.000000 999.000000             2422.0 
999.000000 999.000000 999.000000 999.000000 999.000000 999.000000 999.000000 999.000000 999.000000 999.000000 999.000000 999.000000             2431.0 
999.000000 999.000000 999.000000 999.000000 999.000000 999.000000 999.000000 999.000000 999.000000 999.000000 999.000000 999.000000             2440.0 
999.000000 999.000000 999.000000 999.000000 999.000000 999.000000 999.000000 999.000000 999.000000 999.000000 999.000000 999.000000             2449.0 
999.000000 999.000000 999.000000 999.000000 999.000000 999.000000 999.000000 999.000000 999.000000 999.000000 999.000000 999.000000             2458.0 
999.000000 999.000000 999.000000 999.000000 999.000000 999.000000 999.000000 999.000000 999.000000 999.000000 999.000000 999.000000             2467.0 
999.000000 999.000000 999.000000 999.000000 999.000000 999.000000 999.000000 999.000000 999.000000 999.000000 999.000000 999.000000             2494.0 
999.000000 999.000000 999.000000 999.000000 999.000000 999.000000 999.000000 999.000000 999.000000 999.000000 999.000000 999.000000             2503.0 
999.000000 999.000000 999.000000 999.000000 999.000000 999.000000 999.000000 999.000000 999.000000 999.000000 999.000000 999.000000             2512.0 
999.000000 999.000000 999.000000 999.000000 999.000000 999.000000 999.000000 999.000000 999.000000 999.000000 999.000000 999.000000             2521.0 
999.000000 999.000000 999.000000 999.000000 999.000000 999.000000 999.000000 999.000000 999.000000 999.000000 999.000000 999.000000             2530.0 
999.000000 999.000000 999.000000 999.000000 999.000000 999.000000 999.000000 999.000000 999.000000 999.000000 999.000000 999.000000             2539.0 
999.000000 999.000000 999.000000 999.000000 999.000000 999.000000 999.000000 999.000000 999.000000 999.000000 999.000000 999.000000             2548.0 
999.000000 999.000000 999.000000 999.000000 999.000000 999.000000 999.000000 999.000000 999.000000 999.000000 999.000000 999.000000             2557.0 
999.000000 999.000000 999.000000 999.000000 999.000000 999.000000 999.000000 999.000000 999.000000 999.000000 999.000000 999.000000             2566.0 
999.000000 999.000000 999.000000 999.000000 999.000000 999.000000 999.000000 999.000000 999.000000 999.000000 999.000000 999.000000             2575.0 
999.000000 999.000000 999.000000 999.000000 999.000000 999.000000 999.000000 999.000000 999.000000 999.000000 999.000000 999.000000             2584.0 
999.000000 999.000000 999.000000 999.000000 999.000000 999.000000 999.000000 999.000000 999.000000 999.000000 999.000000 999.000000             2594.0 
999.000000 999.000000 999.000000 999.000000 999.000000 999.000000 999.000000 999.000000 999.000000 999.000000 999.000000 999.000000             2603.0 
999.000000 999.000000 999.000000 999.000000 999.000000 999.000000 999.000000 999.000000 999.000000 999.000000 999.000000 999.000000             2612.0 
999.000000 999.000000 999.000000 999.000000 999.000000 999.000000 999.000000 999.000000 999.000000 999.000000 999.000000 999.000000             2621.0 
999.000000 999.000000 999.000000 999.000000 999.000000 999.000000 999.000000 999.000000 999.000000 999.000000 999.000000 999.000000             2630.0 
999.000000 999.000000 999.000000 999.000000 999.000000 999.000000 999.000000 999.000000 999.000000 999.000000 999.000000 999.000000             2639.0 
999.000000 999.000000 999.000000 999.000000 999.000000 999.000000 999.000000 999.000000 999.000000 999.000000 999.000000 999.000000             2648.0 
999.000000 999.000000 999.000000 999.000000 999.000000 999.000000 999.000000 999.000000 999.000000 999.000000 999.000000 999.000000             2657.0 
999.000000 999.000000 999.000000 999.000000 999.000000 999.000000 999.000000 999.000000 999.000000 999.000000 999.000000 999.000000             2666.0 
999.000000 999.000000 999.000000 999.000000 999.000000 999.000000 999.000000 999.000000 999.000000 999.000000 999.000000 999.000000             2675.0 
999.000000 999.000000 999.000000 999.000000 999.000000 999.000000 999.000000 999.000000 999.000000 999.000000 999.000000 999.000000             2684.0 
999.000000 999.000000 999.000000 999.000000 999.000000 999.000000 999.000000 999.000000 999.000000 999.000000 999.000000 999.000000             2693.0 
999.000000 999.000000 999.000000 999.000000 999.000000 999.000000 999.000000 999.000000 999.000000 999.000000 999.000000 999.000000             2702.0 
999.000000 999.000000 999.000000 999.000000 999.000000 999.000000 999.000000 999.000000 999.000000 999.000000 999.000000 999.000000             2711.0 
999.000000 999.000000 999.000000 999.000000 999.000000 999.000000 999.000000 999.000000 999.000000 999.000000 999.000000 999.000000             2720.0 
-49.096123 151.106781 74.608879 21.791216 158.904434 69.696533 -39.709812 147.200485 87.337105 59.391342 134.106262 89.596062               2729 
-50.794430 150.335281 76.414063 19.805256 157.105988 69.282173 -40.725769 145.512924 85.689392 57.174194 131.568939 88.676292               2738 
-52.169945 151.015671 76.926811 18.394892 156.576004 68.902710 -41.957909 146.037964 85.202202 55.422657 130.630524 88.408768               2747 
-53.039925 151.389740 77.246025 17.562807 156.090927 68.822952 -42.615032 146.026138 84.743286 54.314762 129.661499 88.200493               2756 
-53.966248 141.308243 79.016937 16.587898 148.292694 70.844559 -42.240379 133.015427 81.534859 53.699432 118.529922 83.557587               2765 
-54.657745 136.030273 80.142097 15.872645 144.560822 71.811043 -41.469780 126.308945 77.698822 53.359924 113.938362 80.848686               2774 
-55.602116 135.434219 80.826675 15.132751 144.035797 72.416969 -41.357922 124.767494 75.484444 52.590847 113.209587 80.863594               2784 
-55.861862 136.003174 80.921989 15.076472 144.351547 72.397354 -41.038597 124.753952 74.331902 52.446602 113.499985 81.136009               2792 
-56.009151 136.252899 80.932060 15.080376 144.291122 72.476990 -40.887466 124.669685 73.594749 52.286987 113.262199 81.285164               2802 
-55.922768 137.206726 81.156754 15.340714 144.345825 72.544441 -40.750481 125.336456 73.473999 52.171932 112.899841 81.450661               2810 
-56.585629 136.292831 81.182343 14.772561 144.320923 73.154808 -41.049301 124.701782 73.025169 51.855286 113.018715 81.506622               2820 
-56.733387 136.586487 81.167336 14.758539 144.409500 73.237633 -40.773891 124.723602 72.259834 51.738949 112.979828 81.564377               2828 
-58.060814 135.033020 81.394524 13.559599 144.219452 73.903694 -41.435703 123.409012 72.044334 51.124477 113.353264 81.705498               2838 
-58.193649 135.963074 81.061523 13.653209 144.499252 73.921021 -41.401142 124.035545 71.754692 50.942558 113.429672 82.221344               2847 
-56.990971 143.301819 80.289185 15.155042 148.342667 72.743690 -40.589447 129.865646 72.106903 51.187363 116.784866 84.166801               2855 
-55.562458 149.372559 79.337433 16.694790 149.943344 71.151169 -39.879253 134.367233 72.278526 51.125889 117.766609 85.429382               2865 
-54.282566 154.012344 79.389732 17.836018 151.446747 70.353348 -39.282238 138.218826 73.294891 51.281170 119.086014 86.444176               2874 
-53.537800 156.264984 78.841347 18.509853 152.339294 69.635040 -39.034142 140.888504 74.072296 51.538395 120.226761 87.030762               2883 
-53.517635 158.168015 77.714455 18.610746 154.113968 69.064034 -39.397247 144.328949 75.010277 51.594616 122.845047 88.012085               2892 
-53.359634 159.130875 76.980392 18.860729 155.057556 68.739357 -39.600811 146.943344 75.902481 51.807022 124.201317 88.415329               2901 
-53.203228 159.841644 76.593826 19.110382 155.590042 68.550804 -39.720959 149.100647 76.688049 51.976913 124.909721 88.631119               2910 
-52.472275 160.560226 76.190125 19.880465 155.354950 68.575592 -39.266098 150.673828 77.068817 52.255104 124.515350 89.203529               2919 
-51.009312 160.848663 76.157204 21.270283 154.212906 68.472672 -38.114296 151.767609 77.625214 52.993435 122.565720 88.888535               2928 
-49.889580 161.938568 76.114868 22.267004 153.866867 68.239929 -37.257050 154.321426 78.831017 53.433147 121.755066 88.787766               2937 
-50.015263 162.263947 75.490364 22.321558 154.504257 68.091705 -37.310463 155.415192 78.661301 53.533070 122.762825 89.140053               2946 
-49.962608 162.825989 75.044052 22.500969 154.931458 67.956741 -37.196060 156.505661 78.498604 53.596500 123.333855 89.389641               2955 
-49.834812 163.049240 74.973755 22.723572 154.880905 67.867233 -36.968170 157.192139 78.562538 53.691406 123.125298 89.251450               2964 
-49.757607 163.267517 74.968918 22.882982 154.946548 67.814514 -36.785862 157.985229 78.689857 53.776825 123.108482 89.183136               2973 
-49.738083 163.445786 74.985558 23.011475 155.046600 67.788063 -36.617817 158.803619 78.850830 53.864243 123.146591 89.123619               2982 
-49.714455 163.716202 74.992233 23.180361 155.202103 67.728325 -36.403156 159.529724 78.932060 54.002308 123.244766 89.022598               2991 
-49.712322 163.845779 75.060959 23.289980 155.301498 67.764313 -36.241604 160.206207 79.083473 54.078587 123.289879 89.025269               3000 
-49.576481 164.025909 75.259964 23.505062 155.468033 67.802536 -35.950928 160.706528 79.117683 54.271435 123.393707 89.001068               3009 
-49.461578 164.196808 75.520737 23.691273 155.636444 67.876503 -35.671501 161.203278 79.152733 54.432564 123.499298 89.016197               3018 
-48.601456 164.423523 76.159317 24.549381 155.163986 68.323021 -34.626202 161.675980 79.580391 54.940033 122.527496 89.203102               3028 
-48.440899 164.412827 76.450340 24.823210 155.333832 68.626663 -34.274956 161.967346 79.655357 55.250561 122.748726 89.533516               3037 
-48.534935 164.229889 76.739563 24.901583 155.549271 68.880829 -34.133259 162.033173 79.703224 55.503666 123.122139 89.778275               3046 
-48.775379 163.993347 77.055847 24.897709 155.970459 69.256241 -34.167824 162.050339 79.955643 55.769787 123.813065 90.173378               3055 
-48.899075 163.856537 77.321037 24.979683 156.267776 69.544708 -34.093250 162.199509 80.229095 56.025826 124.262497 90.437500               3064 
-49.434174 163.211639 77.422447 24.781853 157.219040 70.274170 -34.469608 161.989822 80.392693 56.335289 125.955734 91.527313               3073 
-49.463833 162.748032 77.824043 25.084223 157.254852 71.008835 -34.226990 161.510941 80.806427 56.757015 125.931984 91.995071               3082 
-49.360989 162.232803 78.301140 25.457209 157.110367 71.684029 -33.894341 160.917191 81.313553 57.258766 125.704094 92.348404               3091 
-49.624458 162.042862 78.378548 25.407742 157.202194 71.899330 -33.957569 160.689835 81.367035 57.348572 125.912788 92.526169               3100 
-50.029617 162.003250 78.353767 25.251022 157.569748 72.306931 -34.170605 160.611618 81.431351 57.337734 126.530014 93.084023               3109 
-50.067207 161.599060 78.588554 25.289484 157.835526 72.827797 -34.184124 160.409637 81.742630 57.567139 127.030228 93.657982               3118 
-50.030704 161.402603 78.711472 25.348677 157.945251 72.982117 -34.131355 160.476563 81.965179 57.737350 127.269356 93.830933               3127 
-50.340572 161.313629 78.672791 25.165846 158.856201 74.156799 -34.480545 160.703033 82.231728 57.611340 128.568741 95.479774               3136 
-50.425495 161.118866 78.895233 25.116293 159.176315 74.667458 -34.579662 160.711258 82.519135 57.641495 129.001160 96.028183               3145 
-50.535099 160.922256 78.974068 25.033159 159.501450 75.047302 -34.727539 160.827042 82.711823 57.613285 129.498596 96.566483               3154 
-50.334324 160.865265 79.076790 25.258120 159.261368 75.346115 -34.560818 160.964600 83.025208 57.649864 129.053467 96.862801               3163 
-49.799065 160.979919 79.429756 25.766554 158.356766 75.349930 -34.104515 161.241226 83.847275 57.846386 127.731827 96.744019               3172 
-49.406975 161.075485 79.727905 26.143641 157.800110 75.336205 -33.727959 161.342209 84.302025 58.037521 126.888458 96.595566               3181 
-48.466038 161.438629 80.299232 27.021864 155.975967 74.982353 -32.753319 161.484055 85.313713 58.257477 123.964134 95.580635               3190 
-46.001656 160.978638 81.403755 29.176775 151.909485 73.810661 -30.094694 160.313568 86.924339 59.311581 117.581009 92.199776               3200 
-46.279266 160.964905 81.371811 29.052427 152.247040 73.862045 -30.372999 160.640884 87.487061 59.358879 118.139183 92.379143               3208 
-46.343098 161.021622 81.352020 29.157133 152.162537 73.845192 -30.349682 160.858292 88.084335 59.438175 117.996666 92.296799               3217 
-46.482750 161.201172 81.313210 29.205175 152.145386 73.851303 -30.355709 161.014557 88.375816 59.440483 117.936348 92.297920               3226 
-46.463955 161.288727 81.409996 29.321966 151.786560 73.466652 -30.155048 160.988861 88.720161 59.476070 117.267662 91.463470               3235 
-46.754154 161.320313 81.369026 29.182972 152.244827 73.491707 -30.403017 161.226669 88.901291 59.524097 117.958488 91.618294               3244 
-47.119732 161.335159 81.386230 28.993830 152.894119 73.724457 -30.741219 161.582657 89.121155 59.544724 118.944717 92.130730               3253 
-45.069790 160.924530 82.228439 30.773720 149.928894 73.519577 -28.508827 160.106262 90.088020 60.098381 113.845291 89.729073               3263 
-45.388077 161.017242 82.068687 30.627142 150.465424 73.606750 -28.782370 160.401901 90.123001 60.155369 114.681389 90.108162               3271 
-46.147381 161.857773 81.768753 30.174089 152.462753 74.130989 -29.537476 161.896057 90.055344 60.223045 117.770653 91.969940               3280 
-46.850079 162.515228 81.633446 29.739235 154.244217 74.737846 -30.239891 163.212112 90.087059 60.219105 120.589348 93.791367               3289 
-47.286900 162.936142 81.693024 29.475159 155.331238 75.197853 -30.652710 164.074509 90.231789 60.165756 122.275101 94.948524               3298 
-48.060917 163.613220 81.291588 28.876894 156.498138 75.463249 -31.477783 164.976746 89.962814 59.611263 123.880104 95.863541               3308 
-48.133438 163.783676 81.225876 28.886168 156.472443 75.474098 -31.533092 165.042953 89.991302 59.514866 123.804565 95.953407               3316 
-48.088272 163.967453 81.315498 29.010708 156.184341 75.450150 -31.386887 165.065140 90.207512 59.464790 123.263084 95.783600               3326 
-47.938194 164.142822 81.312737 29.195917 155.693573 75.137924 -31.111603 165.106964 90.302353 59.454422 122.527344 95.364990               3334 
-47.930134 164.329330 81.293968 29.323599 155.384659 74.977547 -30.951256 165.165192 90.485260 59.435387 122.036079 95.123581               3344 
-47.790855 164.433487 81.478104 29.540028 155.150635 75.080505 -30.721804 165.216583 90.810272 59.532421 121.692902 95.223648               3353 
-47.523422 164.278061 81.570557 29.832478 154.319839 75.022209 -30.357197 164.793228 91.008209 59.533863 120.411705 94.840775               3362 
-47.649143 164.079391 81.427513 29.811138 154.180511 75.012833 -30.501265 164.410034 90.886147 59.487766 120.256317 94.841011               3371 
-47.734524 163.963791 81.373558 29.816923 154.115677 75.005913 -30.619978 164.043060 90.780594 59.480160 120.177170 94.829636               3380 
-47.813644 163.877121 81.362320 29.819365 154.079620 75.008820 -30.731548 163.683578 90.662292 59.472439 120.131233 94.830833               3389 
-47.859421 163.855225 81.335777 29.825893 154.030670 74.920448 -30.808578 163.445908 90.595650 59.465603 120.065247 94.733253               3398 
-47.837925 163.875732 81.378151 29.888243 153.960709 74.903137 -30.804548 163.276535 90.622391 59.484482 119.926880 94.663475               3407 
-47.866341 163.868942 81.416618 29.913017 153.930344 74.918190 -30.832500 163.186615 90.688263 59.482605 119.864571 94.663368               3416 
-47.950138 163.857010 81.416512 29.900082 153.943817 74.923615 -30.928745 163.034332 90.700813 59.464230 119.875343 94.672287               3425 
-48.056858 163.846710 81.406868 29.858515 153.979141 74.934647 -31.075914 162.758102 90.588501 59.420643 119.912888 94.690178               3434 
-48.320469 163.716370 81.355774 29.701460 154.136810 74.979279 -31.396004 162.275650 90.306992 59.324097 120.124313 94.736801               3443 
-48.600353 163.567902 81.317780 29.530424 154.320160 75.023476 -31.707113 161.880493 90.073189 59.229691 120.376953 94.785110               3452 
-48.837364 163.465866 81.357918 29.388901 154.567657 75.102936 -31.955517 161.622971 89.935524 59.181892 120.709457 94.869308               3461 
-49.020508 163.374741 81.389709 29.281845 154.754898 75.163048 -32.147533 161.433578 89.854500 59.145485 120.961243 94.933281               3470 
-49.303432 163.317154 81.363846 29.092138 155.051758 75.209923 -32.420486 161.386169 89.747040 59.037300 121.362511 95.034935               3479 
-49.547424 163.325577 81.506126 28.936213 155.387253 75.409187 -32.655949 161.349976 89.817726 58.953079 121.730164 95.180321               3488 
-49.727009 163.698212 81.546356 28.836990 155.960144 75.643425 -32.855499 161.648788 89.818275 58.858913 122.379257 95.536087               3497 
-49.965229 163.870804 81.512085 28.693653 156.466446 75.838516 -33.131294 161.709442 89.705055 58.752567 123.006355 95.878326               3506 
-49.989609 163.993301 81.364731 28.668686 156.104523 75.754410 -33.200764 161.542419 89.554413 58.467003 122.341980 95.675774               3515 
-49.989906 164.174469 81.246292 28.664392 155.740082 75.628632 -33.233013 161.451736 89.480675 58.196983 121.647064 95.382164               3525 
-50.003933 164.275024 81.050270 28.698404 155.781723 75.532135 -33.286011 161.502457 89.417747 58.167515 121.697151 95.394737               3533 
-50.148052 164.455032 80.675163 28.634232 156.022598 75.446518 -33.518753 161.695908 89.292824 58.035774 122.059761 95.615425               3543 
-50.295219 164.596024 80.313110 28.563412 156.257599 75.334694 -33.765965 161.832855 89.169327 57.909042 122.400352 95.760925               3552 
-50.514362 164.892609 79.815491 28.420954 156.605911 75.217598 -34.086327 162.070770 88.824699 57.671097 122.898895 96.025673               3560 
-50.775665 165.372375 79.295158 28.238379 157.163391 75.138298 -34.459297 162.620300 88.487335 57.373203 123.723610 96.531136               3570 
-51.099564 165.608368 78.807182 28.009995 157.796722 75.147095 -34.911770 162.962097 88.100983 57.110020 124.723694 97.148766               3579 
-51.437996 166.052399 78.203789 27.755020 158.445343 75.083191 -35.427639 163.242477 87.626396 56.777637 125.724594 97.705078               3588 
-52.534420 166.644501 76.957214 26.791510 159.733810 74.990738 -36.765587 163.768021 86.638611 55.768280 127.630638 98.537346               3597 
-53.345234 167.072006 75.895302 26.166521 160.606567 74.751343 -37.646263 164.076172 85.910042 55.139286 128.901764 98.836494               3606 
-53.984932 167.504623 75.074623 25.734869 161.143097 74.551834 -38.267746 164.322220 85.503807 54.655785 129.592133 98.899879               3615 
-55.190277 167.731979 74.479439 24.804222 161.783707 74.181114 -39.382923 164.029648 85.152428 53.914928 130.247894 98.321732               3642 
-55.405910 167.903961 74.319962 24.641323 161.818100 74.062393 -39.589375 164.012268 85.058914 53.710300 130.199905 98.145477               3651 
-55.689377 168.202454 74.050148 24.429354 161.831268 73.834618 -39.869980 164.064743 84.936096 53.410305 130.069809 97.835129               3660 
-56.049595 168.406693 73.634232 24.132090 161.770172 73.505516 -40.246334 163.935501 84.611801 53.008282 129.792877 97.345146               3669 
-56.364182 168.598053 73.315269 23.868849 161.768661 73.323830 -40.601337 163.788254 84.354736 52.651653 129.663254 97.104134               3678 
-56.594563 168.784424 73.004295 23.659908 161.471252 73.154747 -40.890057 163.653137 84.156792 52.218750 129.013596 96.725990               3687 
-56.762352 169.045959 72.816978 23.513405 161.411179 73.115654 -41.112259 163.711609 84.097580 51.916569 128.788864 96.647636               3696 
-56.897186 169.254318 72.636818 23.403294 161.377106 73.032272 -41.318047 163.742813 84.092651 51.697376 128.630814 96.523453               3705 
-57.102615 169.457993 72.350082 23.211321 161.297104 72.933342 -41.628181 163.770767 84.028175 51.348843 128.399689 96.401413               3714 
-57.324360 169.616959 72.043930 23.000299 161.196655 72.848427 -41.951019 163.767624 83.931023 50.977802 128.138199 96.281479               3724 
-57.468044 169.751099 71.842430 22.872005 161.169556 72.785683 -42.167152 163.789917 83.893341 50.755219 128.026749 96.211960               3732 
-57.886059 169.528976 71.396042 22.495556 161.081161 72.652840 -42.649052 163.465652 83.583992 50.345104 127.849388 95.992981               3741 
-58.170757 168.751785 71.251808 22.178181 160.946152 72.522057 -43.049301 163.114838 83.256874 49.976765 127.540535 95.674026               3751 
-58.596508 168.552109 70.705078 21.707006 161.159805 72.412674 -43.663017 163.391464 82.774986 49.313187 127.831909 95.904373               3759 
-58.928509 168.412537 70.273155 21.339647 161.326385 72.327385 -44.186516 163.644867 82.525902 48.793636 128.059616 96.082611               3768 
-59.244663 167.973709 69.902672 21.016193 161.375427 72.282341 -44.647060 163.478439 82.275452 48.437328 128.129318 96.104340               3778 
-59.449947 167.730286 69.556099 20.782972 161.240555 72.235619 -44.985382 163.384232 82.047173 48.062775 127.910332 96.102295               3787 
