-7.930407 144.534561 26.616066 -1.452230 171.210236 67.929642 -33.560471 153.764740 21.068861 23.638523 134.330185 88.786919                  0 
-8.727347 142.183258 26.765982 -2.298261 170.571198 66.906952 -34.732319 150.684341 21.316071 23.170986 134.777847 89.152473                 18 
-9.716663 139.395340 26.795963 -3.220323 169.705109 65.472519 -35.986847 147.291031 21.352386 22.551083 135.151810 89.276169                 36 
-10.272641 137.251236 27.381897 -3.826130 169.141953 64.752327 -37.021317 144.466446 22.357954 21.925243 135.621506 90.010117                 54 
-10.954513 135.468414 27.914316 -4.301618 168.631638 64.101440 -38.234730 142.088699 23.590395 21.483583 135.970184 90.427521                 72 
-12.216384 133.793411 28.728151 -4.930636 168.324814 63.464302 -39.786732 140.124359 24.941082 21.079397 136.615494 90.716942                 90 
-14.150946 131.732956 29.647852 -5.999024 167.741196 62.627552 -41.983349 137.759491 26.598408 20.619127 137.213486 90.631874                108 
-15.409875 128.212418 32.265282 -5.959846 165.711319 63.151081 -43.338688 133.984131 29.940117 21.620409 136.453278 91.576538                126 
-16.791538 127.917641 32.959194 -6.545794 165.592468 63.352921 -44.737953 133.699036 31.074459 21.313622 136.374268 91.546181                144 
-18.313076 127.445389 33.919468 -7.354792 165.498917 63.563908 -46.332565 133.115005 32.657429 21.081259 136.619247 91.529358                162 
-19.167091 127.126106 34.642807 -7.801231 165.608780 63.551460 -47.165295 132.685898 33.566994 20.926960 137.122498 91.621597                180 
-19.574173 126.954514 35.019341 -7.981696 165.672089 63.502472 -47.546959 132.423828 34.004227 20.870634 137.399338 91.661026                198 
-19.852785 126.832848 35.287086 -8.112528 165.718292 63.461002 -47.806610 132.218719 34.304050 20.827499 137.606415 91.690536                217 
-20.012720 126.695724 35.538898 -8.187705 165.750839 63.423607 -47.954659 131.994888 34.565716 20.828959 137.816727 91.750778                234 
-20.342844 126.335091 35.939091 -8.327549 165.682953 63.308941 -48.463627 131.374344 35.597824 20.921965 138.067474 91.708961                253 
-20.563810 126.176277 36.016048 -8.359358 165.594498 63.183487 -48.920410 131.397430 36.595322 20.910286 138.017914 91.600563                271 
-20.646193 126.022545 36.102489 -8.325163 165.501999 63.111729 -49.277927 131.452362 37.585739 21.022203 137.987259 91.508575                289 
-19.920122 124.393082 36.819450 -7.748403 164.378220 63.127781 -48.636505 129.852234 38.418499 21.942495 137.531403 91.805458                307 
-19.740362 123.111565 37.500618 -7.589457 163.758102 62.768913 -48.509411 128.763382 39.116756 22.328461 137.718063 91.950150                325 
-14.616257 115.658524 38.178909 -7.783575 158.801208 61.190041 -43.968201 118.443535 38.855423 23.969528 138.021286 92.569092                343 
-14.875905 113.602318 40.812183 -7.114773 157.700623 61.592804 -44.254482 116.928047 42.148895 25.288887 138.125214 93.081154                361 
-14.945269 113.008003 41.702629 -6.898876 157.396057 61.726543 -44.361176 116.640274 43.221920 25.671465 138.216110 93.286209                379 
-10.559772 106.807350 41.368473 -7.030619 152.120529 60.592213 -40.271942 107.924377 42.199371 26.405174 136.607346 93.243385                397 
-11.529277 105.249496 45.399788 -7.598577 151.862656 61.096146 -41.275883 106.715927 46.404160 26.053280 138.681030 94.540237                415 
-11.912501 105.126770 45.997566 -7.603559 151.855103 61.252048 -41.680134 106.887680 47.184422 26.186012 138.773483 94.596405                433 
-12.803822 105.498245 47.633900 -7.163399 152.367905 62.001049 -42.527615 108.058296 49.305061 26.901268 139.079269 94.981659                451 
-13.434266 105.961952 48.788181 -6.846387 152.944458 62.368370 -43.106064 109.068932 50.962177 27.619331 139.625412 94.917213                469 
-14.528432 106.220711 49.643940 -6.582012 153.090057 62.881660 -44.089504 110.063889 52.526585 28.369469 139.115128 94.627609                488 
-14.119527 101.947845 45.909855 -5.699437 147.737900 62.263279 -43.686348 106.129509 48.591240 28.530235 131.198181 93.559875                506 
-14.509954 100.444931 43.546276 -4.635328 145.332657 61.535271 -43.947208 105.665825 46.087620 28.636427 126.521980 92.581345                524 
-15.531611 100.722702 45.684425 -3.553628 145.911850 61.540703 -44.697205 107.372047 48.271961 29.243210 127.094528 93.084099                542 
-16.809757 101.482063 47.663063 -3.204799 146.865692 61.557579 -45.720757 109.260025 50.184242 29.219460 128.271271 93.614166                560 
-20.823032 103.122169 52.553905 -3.432995 148.335022 62.147709 -48.943623 113.086884 56.256516 29.785286 129.859512 93.451248                578 
-28.622030 108.491478 55.029999 -5.660581 151.639038 62.136303 -55.036110 121.525276 61.127258 28.178616 129.936340 90.572403                596 
-31.974318 110.883133 56.944653 -6.960356 153.115631 62.503017 -57.534744 125.124603 63.981461 27.142265 130.339417 89.760399                614 
-34.093224 113.047768 57.247028 -8.396402 154.869324 62.860924 -59.335815 127.617455 64.801125 25.773226 131.334213 89.379684                632 
-34.568531 113.779648 56.585629 -8.491111 155.338623 62.448303 -58.087479 126.823441 53.578480 25.622862 131.275223 88.561508                650 
-33.531578 117.180649 55.030502 -5.886272 157.160889 63.947273 -55.268822 131.088455 46.145203 27.029791 129.990219 88.503281                668 
-31.195967 123.751953 51.835617 -2.694356 161.412476 66.400726 -52.120186 139.326370 42.992336 29.190248 130.300659 87.380165                687 
-30.199450 127.988297 51.017742 -0.529970 164.060699 66.916573 -51.119118 144.486923 43.108093 31.268738 130.976379 84.776581                704 
-29.433828 129.281876 50.219959 0.537303 165.217316 65.859146 -50.547474 145.662628 42.052464 33.131557 131.983917 81.917374                723 
-28.633204 131.086166 48.357883 1.812029 166.835037 63.925251 -49.510860 146.947372 38.964348 35.309792 133.621964 78.049751                741 
-27.800159 135.659195 41.002254 3.593902 170.151642 58.502090 -47.553894 150.594589 31.603325 37.411709 136.635681 71.061768                759 
-25.912674 139.833313 30.418858 4.964460 172.659714 51.812820 -45.118767 154.285019 21.490345 39.019768 138.729263 62.474472                777 
-23.377916 143.664154 22.844532 9.066533 172.584946 47.852386 -42.125942 158.366241 16.551701 43.532326 137.676788 52.123192                795 
-21.398190 146.092621 11.759138 11.729320 171.720688 40.268166 -38.941448 160.488129 6.411066 46.325867 136.700516 41.441353                813 
-20.445210 148.437210 -3.368273 11.795377 172.088425 28.274912 -37.828739 161.955475 -7.923586 48.057343 138.822998 26.488317                831 
-18.447987 147.854034 -17.537334 12.057973 171.490097 16.244684 -35.722626 160.171036 -22.726845 50.462109 140.753769 13.984009                849 
-18.231936 145.061691 -33.494049 9.116969 170.363663 2.275461 -35.446869 155.472260 -40.031784 50.741394 144.094833 0.838188                867 
-17.394442 142.565125 -47.604008 7.191289 169.367813 -10.760957 -34.650574 152.130783 -55.832134 50.776829 146.458466 -11.176192                885 
-18.305672 137.735016 -62.491737 3.758043 167.456146 -26.236486 -35.333511 146.667007 -73.155022 48.335896 146.668350 -23.914356                903 
-20.165987 132.762665 -73.785957 1.008356 163.867142 -38.089588 -36.994987 141.663757 -86.074493 46.134903 144.403137 -35.014309                922 
-20.690207 130.454529 -83.459717 -3.018906 162.754822 -46.729156 -38.103706 138.250717 -96.529747 44.269810 149.217957 -44.439930                939 
-24.208864 107.188240 -95.980194 -13.452511 146.868835 -64.001106 -43.088760 109.839577 -110.021194 35.706078 144.580276 -62.296516                958 
-26.573025 111.621819 -95.493797 -12.381736 152.034500 -65.803299 -44.543522 116.072716 -111.611443 36.130512 144.492447 -62.009979                976 
-22.721893 94.915138 -100.917366 -18.813181 139.974319 -75.007561 -41.090492 94.214523 -118.535194 30.048683 144.277328 -70.681786                994 
-26.930731 92.170837 -104.473206 -22.507215 138.725784 -81.410027 -45.421936 91.105118 -123.194962 26.395994 142.719528 -77.258385               1012 
-29.306915 91.034088 -104.752190 -23.510563 138.212921 -83.272675 -48.102779 90.330093 -124.458717 25.509792 141.106796 -79.620270               1030 
-41.470577 84.994141 -112.349098 -16.235178 137.396194 -80.155144 -11.431945 82.167572 -120.298927 24.544363 150.166306 -55.687550               1048 
-25.054781 72.396515 -116.652931 -5.785796 133.548386 -78.827789 9.629082 73.010429 -100.649689 25.078423 153.014984 -45.764801               1066 
-19.635830 69.870789 -119.990295 -4.077534 133.438705 -80.786201 13.050591 73.096809 -96.495140 24.706736 155.725967 -47.628185               1084 
-20.581062 68.983665 -121.448891 -5.095645 133.122650 -82.078903 10.188769 72.124481 -94.035210 23.044390 155.666504 -48.543510               1102 
-19.417040 67.248085 -121.867958 -5.930081 132.959976 -84.078674 9.914373 71.899094 -92.845398 21.185686 157.159500 -50.854767               1120 
-19.746405 66.261635 -122.128716 -5.969035 132.546005 -85.280266 9.051294 71.200539 -92.517052 21.164177 157.130020 -52.354202               1138 
-19.989304 65.232483 -121.800087 -5.569089 132.181732 -86.303024 7.878938 70.263283 -91.318153 21.160036 156.962509 -53.194462               1157 
-22.238167 65.723648 -123.596771 -6.035973 132.106369 -87.681755 5.350141 69.758980 -92.749413 21.087618 155.911484 -54.180454               1174 
-23.332254 62.981930 -122.679977 -6.667875 130.596634 -89.211594 4.420291 68.032387 -92.233597 20.760601 155.504227 -56.777031               1193 
-21.212648 62.354107 -120.494591 -5.464099 131.174133 -88.888336 6.567058 68.710106 -90.479515 21.741756 157.407059 -57.322769               1211 
-18.175900 65.745537 -119.767303 -1.351877 135.258881 -90.230255 8.246368 72.336525 -89.228172 25.441883 161.703262 -58.489120               1229 
-19.644690 68.498283 -115.759735 2.212827 138.960632 -92.324768 4.086833 75.945702 -83.630997 28.763264 165.989029 -60.872421               1247 
-22.722473 70.460869 -116.274994 2.211995 140.490829 -94.940491 2.516818 77.476967 -85.968430 31.178461 166.869095 -65.110298               1265 
-25.079596 74.339767 -114.932907 3.380625 144.562347 -99.563744 0.850263 82.248199 -86.215347 34.135090 171.645554 -72.262222               1283 
-26.428549 79.285622 -112.413719 5.713632 149.233475 -105.090599 -1.389477 89.009079 -84.273087 36.662800 178.031952 -79.841698               1301 
-19.982367 86.258965 -102.643379 10.986867 155.985550 -115.296204 7.023105 101.018463 -80.142448 41.423740 191.173645 -99.168449               1319 
-14.651774 93.256439 -99.715477 18.088507 161.365936 -116.185509 11.658388 107.904572 -77.003159 46.224972 198.503586 -100.253044               1337 
-13.432370 94.684975 -99.709648 20.648476 162.007111 -116.784477 13.860586 107.910500 -77.233994 48.720966 199.190155 -100.845001               1356 
-7.688269 93.606598 -99.679596 26.962545 160.658173 -116.981758 18.514778 107.513123 -76.892532 55.006805 197.862854 -101.043083               1373 
-0.937824 86.273399 -100.474777 32.260635 153.896362 -119.079514 22.130966 103.124550 -76.413925 57.052830 193.393463 -103.266991               1392 
1.833737 86.559250 -90.516769 38.763313 149.990448 -116.580734 26.189524 104.954384 -68.483345 66.032898 189.454376 -105.459694               1409 
1.547944 87.246460 -84.317680 43.149300 145.869583 -115.877815 28.566940 105.865395 -64.082085 74.029816 183.559280 -108.765137               1428 
2.306045 85.863853 -83.154716 45.912300 144.131958 -115.105400 30.805712 105.591263 -62.389771 77.811218 181.162781 -109.114792               1446 
2.217781 84.964661 -83.248985 46.734726 143.614746 -114.875488 31.449102 105.486702 -61.938202 78.932068 180.438324 -109.212830               1464 
2.078223 84.487541 -83.431519 47.015247 143.438324 -114.797066 31.644575 105.433304 -61.818462 79.313850 180.190079 -109.245590               1482 
4.889555 82.108040 -83.444710 50.333679 141.064606 -114.615135 34.953747 102.941460 -61.743771 83.013863 177.488251 -109.134758               1500 
15.268379 67.858704 -82.374260 55.395947 131.440323 -112.201965 44.261162 90.481377 -60.415596 85.263275 170.119278 -106.152901               1518 
40.386398 43.997597 -79.502792 63.175873 117.984566 -103.433929 65.582001 70.288292 -56.518269 84.319435 161.540115 -94.457664               1536 
64.992455 34.679447 -73.974419 81.802818 111.015732 -95.772346 89.785271 61.690784 -51.161774 100.353340 155.566376 -85.983185               1554 
70.623970 32.641907 -69.424759 88.093346 108.648979 -92.169167 97.485031 58.902348 -48.250687 107.859291 152.876953 -83.342880               1572 
81.121117 24.803541 -60.649014 92.293030 100.682388 -87.677124 106.585022 53.932533 -41.715675 108.155853 146.875015 -81.406479               1590 
69.669975 21.067802 -67.637215 93.572845 96.692032 -85.819832 93.967758 45.729126 -42.065289 112.078804 140.449982 -72.878372               1608 
64.676804 22.422110 -68.903412 95.435562 96.481544 -82.950317 89.216667 44.242058 -41.107979 116.112038 138.359863 -67.349030               1626 
52.293842 25.111191 -74.615921 94.268562 94.668106 -80.627525 73.771095 44.088734 -43.524891 118.591942 132.359314 -60.318520               1644 
52.874550 23.905880 -78.886162 95.379349 93.469894 -79.590797 73.857430 41.256283 -46.989254 120.825096 128.802948 -56.595173               1663 
50.793488 25.048941 -83.731140 94.755554 93.672653 -79.466141 73.148697 39.119961 -51.413982 121.946739 126.048630 -54.224396               1681 
46.629723 27.684444 -90.961555 93.018715 94.021202 -80.002724 72.734169 35.790161 -59.525845 123.871696 121.110878 -52.819035               1699 
35.000195 33.535629 -95.014954 88.997757 93.375458 -81.361526 65.978226 34.323631 -67.264252 126.046265 112.996941 -55.532948               1717 
29.150589 36.309742 -93.173973 87.342476 92.718849 -82.070427 61.504776 35.982868 -67.142738 127.673080 109.135788 -59.078339               1735 
29.160160 36.369377 -93.306976 87.460220 92.743317 -82.251732 60.272366 38.588188 -65.872948 128.072708 108.916977 -59.585724               1753 
31.231436 36.498360 -94.905518 88.712166 93.509285 -82.401619 61.886196 39.614365 -66.744850 129.306244 109.563858 -59.618259               1771 
32.168243 37.327629 -96.067184 89.499626 94.495949 -83.110786 62.982433 40.719765 -67.777443 130.401093 110.276512 -60.688629               1789 
33.526608 39.759048 -98.138374 90.699402 96.798317 -83.580925 64.642502 42.424000 -69.946358 131.785141 111.954437 -61.065052               1807 
46.668201 41.762993 -104.623802 98.748100 102.922981 -81.127754 77.416855 45.717335 -71.430916 136.364807 121.081856 -55.051929               1825 
58.273605 46.573322 -109.573639 104.324684 111.300499 -78.876350 88.886116 51.405998 -72.803757 138.357407 132.172302 -50.051857               1843 
56.081055 55.345322 -113.000320 104.541298 118.682991 -79.831131 88.429291 58.345352 -74.932968 138.563782 138.831726 -50.484772               1861 
63.946354 65.818390 -115.949921 105.532585 130.544952 -75.261391 92.977303 68.688324 -74.092026 134.742050 151.711838 -41.743038               1879 
68.106018 74.758308 -116.330528 103.700356 140.067261 -69.849831 88.554443 78.507828 -68.453156 126.122993 162.145828 -31.975409               1898 
77.072121 75.268723 -114.126671 98.009697 146.071625 -65.939064 90.294395 83.029442 -63.389652 112.066093 172.124634 -26.589760               1916 
77.521057 77.495132 -107.706596 94.090858 149.533356 -59.093681 88.688744 86.168236 -56.074326 105.637878 176.530106 -19.564554               1934 
76.791054 87.525757 -47.935020 88.201965 155.601913 -43.956532 82.311508 92.720520 -35.327034 98.613976 186.073700 -6.703754               1952 
67.076889 101.224663 -21.494438 82.276031 166.077484 -28.324171 71.873230 103.714485 -19.730982 95.909241 195.493362 8.737288               1970 
56.310917 111.193451 -15.051885 72.488754 175.931625 -17.006157 61.013401 113.139465 -15.187271 88.698578 200.537827 22.446173               1988 
68.066139 134.345337 -8.433469 70.287483 190.054840 -7.409277 67.572617 127.623482 -20.768064 80.995911 206.526779 37.742847               2006 
72.824478 149.363007 6.656915 64.582031 201.083374 7.364820 71.700058 140.295166 -11.502984 74.743958 215.367554 53.380116               2024 
42.832001 246.034256 -25.892937 70.347466 209.532501 43.501629 50.817245 182.282990 0.524281 95.511848 180.790787 74.572151               2042 
8.991920 264.395508 -3.129239 62.470234 211.032074 52.487831 33.768009 184.057236 13.950795 96.491508 181.264481 72.010994               2060 
-4.303093 267.826447 11.518560 54.931423 211.761154 60.881435 23.521685 185.426651 23.764563 90.691040 181.794632 76.628426               2079 
0.351461 222.480896 7.192251 44.484612 211.339996 64.193367 10.232352 183.220886 31.047314 80.702515 181.693954 79.493240               2096 
19.738085 193.485641 19.788368 40.350372 210.560410 66.446541 4.124395 181.345993 36.449120 76.448570 180.929245 82.054985               2114 
20.195068 185.568939 25.240248 37.519928 208.002228 69.581848 0.171185 178.986816 40.758343 72.126099 177.524033 86.850410               2133 
18.738783 180.601685 33.219383 35.506664 205.105179 74.747887 -2.766498 174.844711 48.490501 71.662460 175.606369 90.473289               2151 
19.752260 180.976471 38.241611 34.075584 200.597122 82.179985 -2.579760 172.294510 51.646374 72.208023 171.438599 93.153008               2169 
19.101473 177.944656 40.857887 32.550762 196.977112 84.923172 -2.938094 168.019104 53.292721 72.831551 170.065048 93.749771               2187 
17.416540 176.461548 43.506279 31.821920 193.192780 87.957161 -4.408495 166.307510 54.911739 72.977325 166.721390 93.453339               2205 
17.551792 174.059677 45.757195 31.635107 189.806961 90.540482 -4.616542 164.449142 56.018757 72.825645 163.260483 95.371025               2223 
17.866131 173.155960 46.564713 31.574205 188.703156 91.382668 -4.699218 163.865860 56.381851 72.777779 162.138458 95.997017               2241 
17.751413 172.160126 47.180679 31.536385 188.590363 91.491829 -5.166895 163.428101 57.101410 72.693619 161.965958 96.175156               2259 
17.494331 171.319824 47.811012 31.246391 188.578995 91.636459 -5.730202 162.872559 57.934635 72.504311 162.109222 96.310280               2277 
17.054758 170.480225 48.458752 31.077091 188.266418 91.789490 -6.594165 162.539093 58.872654 72.157700 161.475052 96.184563               2295 
16.381296 169.191360 49.179050 30.564840 187.965408 91.837669 -7.668283 161.782593 59.934814 71.582184 161.073044 96.206726               2313 
15.333594 167.979507 49.865093 29.718271 188.004318 91.669083 -9.095307 161.165817 61.048725 70.686058 161.048615 96.112061               2331 
14.628346 167.090225 50.507168 29.338224 187.478607 91.888924 -10.087703 160.798126 61.956341 70.066521 160.121918 96.075539               2349 
13.853757 165.440948 51.126453 28.634947 186.365860 92.094482 -11.052136 159.438980 62.785736 69.334885 158.959030 96.228554               2368 
13.384046 164.347336 51.520699 28.098623 185.699768 92.186607 -11.646842 158.440643 63.376602 68.866920 158.386230 96.264160               2386 
13.009369 163.433731 51.998878 27.375273 185.604340 92.266685 -12.085943 157.496002 64.035347 68.471039 158.823380 96.582733               2404 
11.712989 162.661499 52.076706 26.615196 185.314255 92.088478 -12.671377 156.341766 64.626343 68.101830 159.130432 96.328300               2422 
11.067324 161.969391 52.463573 26.058746 185.291641 92.050194 -13.187389 155.711502 65.244003 67.705841 159.389145 96.442253               2440 
10.579487 161.411774 52.752136 25.862001 184.959518 92.066048 -13.709267 155.547684 65.619804 67.260353 158.679138 96.563660               2458 
10.784088 157.886459 53.231201 28.793943 178.944016 92.803223 -13.860649 154.459320 66.205238 67.130646 148.260452 96.481026               2476 
10.696962 156.219406 53.547302 29.723480 176.101944 93.280037 -14.023347 153.865524 66.545486 66.576187 143.617661 96.650444               2494 
10.431419 155.911301 53.050613 29.547232 175.920914 92.712898 -14.264678 153.805145 66.083755 66.184013 143.215546 96.292770               2512 
10.118964 155.469086 53.063805 29.361563 175.613525 92.654877 -14.510332 153.518143 66.200905 65.915688 142.819534 96.268661               2530 
9.845214 154.894333 53.039059 29.262936 175.035172 92.604424 -14.765224 153.152023 66.299187 65.680237 142.075531 96.090431               2548 
9.596490 154.161850 52.769753 29.570007 173.581604 92.536865 -14.894926 152.684387 66.234543 65.507744 140.041077 95.404198               2566 
9.659941 153.351364 52.614086 29.650778 173.268860 92.199760 -14.788141 152.118423 66.162193 65.499962 139.675583 95.522110               2584 
9.724489 152.766617 52.439251 29.815866 172.856537 91.956802 -14.657311 151.704376 66.102806 65.525803 139.130722 95.432373               2603 
9.486986 152.350800 52.241688 29.635632 172.652100 91.671600 -14.835739 151.374237 65.998245 65.360886 138.946625 95.186821               2621 
9.020022 152.012527 51.987373 29.262104 171.962585 91.590630 -15.278312 151.020035 65.856316 64.912514 138.133820 94.652176               2639 
8.821692 151.818817 51.888531 29.158543 171.900528 91.399345 -15.386932 150.930389 65.808815 64.761887 138.022095 94.459343               2657 
8.707986 151.700027 51.765671 29.058599 171.875488 91.238777 -15.424709 150.917465 65.642365 64.572395 137.912811 94.403763               2675 
8.442899 151.710648 51.344543 28.853598 171.658890 90.915573 -15.666251 151.021896 65.232765 64.153397 137.461395 93.942955               2693 
7.928907 151.611984 50.517899 28.175711 171.244827 90.349731 -16.286779 151.130188 64.309486 63.049084 136.621170 93.473915               2711 
7.385805 151.560837 49.931522 27.591370 170.687851 90.068321 -16.852810 151.172668 63.654675 62.102474 135.689224 93.032997               2729 
6.725990 151.578629 49.177399 26.962172 170.449234 89.485321 -17.502193 151.358978 62.860939 61.133568 135.120499 92.469559               2747 
5.840965 151.482712 48.147976 25.967096 170.048416 88.683784 -18.507853 151.489731 61.727245 59.753204 134.353531 91.697868               2765 
