999.000000 999.000000 999.000000 999.000000 999.000000 999.000000 999.000000 999.000000 999.000000 999.000000 999.000000 999.000000                0.0 
999.000000 999.000000 999.000000 999.000000 999.000000 999.000000 999.000000 999.000000 999.000000 999.000000 999.000000 999.000000                9.0 
999.000000 999.000000 999.000000 999.000000 999.000000 999.000000 999.000000 999.000000 999.000000 999.000000 999.000000 999.000000               18.0 
999.000000 999.000000 999.000000 999.000000 999.000000 999.000000 999.000000 999.000000 999.000000 999.000000 999.000000 999.000000               27.0 
999.000000 999.000000 999.000000 999.000000 999.000000 999.000000 999.000000 999.000000 999.000000 999.000000 999.000000 999.000000               36.0 
999.000000 999.000000 999.000000 999.000000 999.000000 999.000000 999.000000 999.000000 999.000000 999.000000 999.000000 999.000000               45.0 
999.000000 999.000000 999.000000 999.000000 999.000000 999.000000 999.000000 999.000000 999.000000 999.000000 999.000000 999.000000               54.0 
999.000000 999.000000 999.000000 999.000000 999.000000 999.000000 999.000000 999.000000 999.000000 999.000000 999.000000 999.000000               63.0 
999.000000 999.000000 999.000000 999.000000 999.000000 999.000000 999.000000 999.000000 999.000000 999.000000 999.000000 999.000000               72.0 
999.000000 999.000000 999.000000 999.000000 999.000000 999.000000 999.000000 999.000000 999.000000 999.000000 999.000000 999.000000               81.0 
999.000000 999.000000 999.000000 999.000000 999.000000 999.000000 999.000000 999.000000 999.000000 999.000000 999.000000 999.000000               90.0 
999.000000 999.000000 999.000000 999.000000 999.000000 999.000000 999.000000 999.000000 999.000000 999.000000 999.000000 999.000000               99.0 
999.000000 999.000000 999.000000 999.000000 999.000000 999.000000 999.000000 999.000000 999.000000 999.000000 999.000000 999.000000              108.0 
999.000000 999.000000 999.000000 999.000000 999.000000 999.000000 999.000000 999.000000 999.000000 999.000000 999.000000 999.000000              117.0 
999.000000 999.000000 999.000000 999.000000 999.000000 999.000000 999.000000 999.000000 999.000000 999.000000 999.000000 999.000000              126.0 
999.000000 999.000000 999.000000 999.000000 999.000000 999.000000 999.000000 999.000000 999.000000 999.000000 999.000000 999.000000              135.0 
999.000000 999.000000 999.000000 999.000000 999.000000 999.000000 999.000000 999.000000 999.000000 999.000000 999.000000 999.000000              144.0 
999.000000 999.000000 999.000000 999.000000 999.000000 999.000000 999.000000 999.000000 999.000000 999.000000 999.000000 999.000000              153.0 
999.000000 999.000000 999.000000 999.000000 999.000000 999.000000 999.000000 999.000000 999.000000 999.000000 999.000000 999.000000              162.0 
999.000000 999.000000 999.000000 999.000000 999.000000 999.000000 999.000000 999.000000 999.000000 999.000000 999.000000 999.000000              171.0 
999.000000 999.000000 999.000000 999.000000 999.000000 999.000000 999.000000 999.000000 999.000000 999.000000 999.000000 999.000000              180.0 
999.000000 999.000000 999.000000 999.000000 999.000000 999.000000 999.000000 999.000000 999.000000 999.000000 999.000000 999.000000              190.0 
999.000000 999.000000 999.000000 999.000000 999.000000 999.000000 999.000000 999.000000 999.000000 999.000000 999.000000 999.000000              198.0 
999.000000 999.000000 999.000000 999.000000 999.000000 999.000000 999.000000 999.000000 999.000000 999.000000 999.000000 999.000000              207.0 
999.000000 999.000000 999.000000 999.000000 999.000000 999.000000 999.000000 999.000000 999.000000 999.000000 999.000000 999.000000              216.0 
999.000000 999.000000 999.000000 999.000000 999.000000 999.000000 999.000000 999.000000 999.000000 999.000000 999.000000 999.000000              226.0 
999.000000 999.000000 999.000000 999.000000 999.000000 999.000000 999.000000 999.000000 999.000000 999.000000 999.000000 999.000000              235.0 
999.000000 999.000000 999.000000 999.000000 999.000000 999.000000 999.000000 999.000000 999.000000 999.000000 999.000000 999.000000              244.0 
999.000000 999.000000 999.000000 999.000000 999.000000 999.000000 999.000000 999.000000 999.000000 999.000000 999.000000 999.000000              253.0 
999.000000 999.000000 999.000000 999.000000 999.000000 999.000000 999.000000 999.000000 999.000000 999.000000 999.000000 999.000000              262.0 
999.000000 999.000000 999.000000 999.000000 999.000000 999.000000 999.000000 999.000000 999.000000 999.000000 999.000000 999.000000              271.0 
999.000000 999.000000 999.000000 999.000000 999.000000 999.000000 999.000000 999.000000 999.000000 999.000000 999.000000 999.000000              280.0 
999.000000 999.000000 999.000000 999.000000 999.000000 999.000000 999.000000 999.000000 999.000000 999.000000 999.000000 999.000000              289.0 
999.000000 999.000000 999.000000 999.000000 999.000000 999.000000 999.000000 999.000000 999.000000 999.000000 999.000000 999.000000              298.0 
999.000000 999.000000 999.000000 999.000000 999.000000 999.000000 999.000000 999.000000 999.000000 999.000000 999.000000 999.000000              307.0 
999.000000 999.000000 999.000000 999.000000 999.000000 999.000000 999.000000 999.000000 999.000000 999.000000 999.000000 999.000000              316.0 
999.000000 999.000000 999.000000 999.000000 999.000000 999.000000 999.000000 999.000000 999.000000 999.000000 999.000000 999.000000              325.0 
999.000000 999.000000 999.000000 999.000000 999.000000 999.000000 999.000000 999.000000 999.000000 999.000000 999.000000 999.000000              334.0 
999.000000 999.000000 999.000000 999.000000 999.000000 999.000000 999.000000 999.000000 999.000000 999.000000 999.000000 999.000000              343.0 
999.000000 999.000000 999.000000 999.000000 999.000000 999.000000 999.000000 999.000000 999.000000 999.000000 999.000000 999.000000              352.0 
999.000000 999.000000 999.000000 999.000000 999.000000 999.000000 999.000000 999.000000 999.000000 999.000000 999.000000 999.000000              361.0 
999.000000 999.000000 999.000000 999.000000 999.000000 999.000000 999.000000 999.000000 999.000000 999.000000 999.000000 999.000000              370.0 
999.000000 999.000000 999.000000 999.000000 999.000000 999.000000 999.000000 999.000000 999.000000 999.000000 999.000000 999.000000              379.0 
999.000000 999.000000 999.000000 999.000000 999.000000 999.000000 999.000000 999.000000 999.000000 999.000000 999.000000 999.000000              388.0 
999.000000 999.000000 999.000000 999.000000 999.000000 999.000000 999.000000 999.000000 999.000000 999.000000 999.000000 999.000000              397.0 
999.000000 999.000000 999.000000 999.000000 999.000000 999.000000 999.000000 999.000000 999.000000 999.000000 999.000000 999.000000              406.0 
999.000000 999.000000 999.000000 999.000000 999.000000 999.000000 999.000000 999.000000 999.000000 999.000000 999.000000 999.000000              415.0 
999.000000 999.000000 999.000000 999.000000 999.000000 999.000000 999.000000 999.000000 999.000000 999.000000 999.000000 999.000000              424.0 
999.000000 999.000000 999.000000 999.000000 999.000000 999.000000 999.000000 999.000000 999.000000 999.000000 999.000000 999.000000              433.0 
999.000000 999.000000 999.000000 999.000000 999.000000 999.000000 999.000000 999.000000 999.000000 999.000000 999.000000 999.000000              442.0 
999.000000 999.000000 999.000000 999.000000 999.000000 999.000000 999.000000 999.000000 999.000000 999.000000 999.000000 999.000000              451.0 
999.000000 999.000000 999.000000 999.000000 999.000000 999.000000 999.000000 999.000000 999.000000 999.000000 999.000000 999.000000              460.0 
999.000000 999.000000 999.000000 999.000000 999.000000 999.000000 999.000000 999.000000 999.000000 999.000000 999.000000 999.000000              470.0 
999.000000 999.000000 999.000000 999.000000 999.000000 999.000000 999.000000 999.000000 999.000000 999.000000 999.000000 999.000000              479.0 
999.000000 999.000000 999.000000 999.000000 999.000000 999.000000 999.000000 999.000000 999.000000 999.000000 999.000000 999.000000              488.0 
999.000000 999.000000 999.000000 999.000000 999.000000 999.000000 999.000000 999.000000 999.000000 999.000000 999.000000 999.000000              497.0 
999.000000 999.000000 999.000000 999.000000 999.000000 999.000000 999.000000 999.000000 999.000000 999.000000 999.000000 999.000000              506.0 
999.000000 999.000000 999.000000 999.000000 999.000000 999.000000 999.000000 999.000000 999.000000 999.000000 999.000000 999.000000              515.0 
999.000000 999.000000 999.000000 999.000000 999.000000 999.000000 999.000000 999.000000 999.000000 999.000000 999.000000 999.000000              524.0 
999.000000 999.000000 999.000000 999.000000 999.000000 999.000000 999.000000 999.000000 999.000000 999.000000 999.000000 999.000000              533.0 
999.000000 999.000000 999.000000 999.000000 999.000000 999.000000 999.000000 999.000000 999.000000 999.000000 999.000000 999.000000              542.0 
999.000000 999.000000 999.000000 999.000000 999.000000 999.000000 999.000000 999.000000 999.000000 999.000000 999.000000 999.000000              551.0 
999.000000 999.000000 999.000000 999.000000 999.000000 999.000000 999.000000 999.000000 999.000000 999.000000 999.000000 999.000000              560.0 
999.000000 999.000000 999.000000 999.000000 999.000000 999.000000 999.000000 999.000000 999.000000 999.000000 999.000000 999.000000              569.0 
999.000000 999.000000 999.000000 999.000000 999.000000 999.000000 999.000000 999.000000 999.000000 999.000000 999.000000 999.000000              579.0 
999.000000 999.000000 999.000000 999.000000 999.000000 999.000000 999.000000 999.000000 999.000000 999.000000 999.000000 999.000000              587.0 
999.000000 999.000000 999.000000 999.000000 999.000000 999.000000 999.000000 999.000000 999.000000 999.000000 999.000000 999.000000              596.0 
999.000000 999.000000 999.000000 999.000000 999.000000 999.000000 999.000000 999.000000 999.000000 999.000000 999.000000 999.000000              605.0 
999.000000 999.000000 999.000000 999.000000 999.000000 999.000000 999.000000 999.000000 999.000000 999.000000 999.000000 999.000000              614.0 
999.000000 999.000000 999.000000 999.000000 999.000000 999.000000 999.000000 999.000000 999.000000 999.000000 999.000000 999.000000              623.0 
999.000000 999.000000 999.000000 999.000000 999.000000 999.000000 999.000000 999.000000 999.000000 999.000000 999.000000 999.000000              632.0 
999.000000 999.000000 999.000000 999.000000 999.000000 999.000000 999.000000 999.000000 999.000000 999.000000 999.000000 999.000000              641.0 
999.000000 999.000000 999.000000 999.000000 999.000000 999.000000 999.000000 999.000000 999.000000 999.000000 999.000000 999.000000              650.0 
999.000000 999.000000 999.000000 999.000000 999.000000 999.000000 999.000000 999.000000 999.000000 999.000000 999.000000 999.000000              659.0 
999.000000 999.000000 999.000000 999.000000 999.000000 999.000000 999.000000 999.000000 999.000000 999.000000 999.000000 999.000000              668.0 
999.000000 999.000000 999.000000 999.000000 999.000000 999.000000 999.000000 999.000000 999.000000 999.000000 999.000000 999.000000              677.0 
999.000000 999.000000 999.000000 999.000000 999.000000 999.000000 999.000000 999.000000 999.000000 999.000000 999.000000 999.000000              686.0 
999.000000 999.000000 999.000000 999.000000 999.000000 999.000000 999.000000 999.000000 999.000000 999.000000 999.000000 999.000000              695.0 
999.000000 999.000000 999.000000 999.000000 999.000000 999.000000 999.000000 999.000000 999.000000 999.000000 999.000000 999.000000              705.0 
999.000000 999.000000 999.000000 999.000000 999.000000 999.000000 999.000000 999.000000 999.000000 999.000000 999.000000 999.000000              714.0 
999.000000 999.000000 999.000000 999.000000 999.000000 999.000000 999.000000 999.000000 999.000000 999.000000 999.000000 999.000000              723.0 
999.000000 999.000000 999.000000 999.000000 999.000000 999.000000 999.000000 999.000000 999.000000 999.000000 999.000000 999.000000              732.0 
999.000000 999.000000 999.000000 999.000000 999.000000 999.000000 999.000000 999.000000 999.000000 999.000000 999.000000 999.000000              741.0 
999.000000 999.000000 999.000000 999.000000 999.000000 999.000000 999.000000 999.000000 999.000000 999.000000 999.000000 999.000000              750.0 
999.000000 999.000000 999.000000 999.000000 999.000000 999.000000 999.000000 999.000000 999.000000 999.000000 999.000000 999.000000              759.0 
999.000000 999.000000 999.000000 999.000000 999.000000 999.000000 999.000000 999.000000 999.000000 999.000000 999.000000 999.000000              768.0 
999.000000 999.000000 999.000000 999.000000 999.000000 999.000000 999.000000 999.000000 999.000000 999.000000 999.000000 999.000000              777.0 
999.000000 999.000000 999.000000 999.000000 999.000000 999.000000 999.000000 999.000000 999.000000 999.000000 999.000000 999.000000              786.0 
999.000000 999.000000 999.000000 999.000000 999.000000 999.000000 999.000000 999.000000 999.000000 999.000000 999.000000 999.000000              795.0 
999.000000 999.000000 999.000000 999.000000 999.000000 999.000000 999.000000 999.000000 999.000000 999.000000 999.000000 999.000000              804.0 
999.000000 999.000000 999.000000 999.000000 999.000000 999.000000 999.000000 999.000000 999.000000 999.000000 999.000000 999.000000              813.0 
999.000000 999.000000 999.000000 999.000000 999.000000 999.000000 999.000000 999.000000 999.000000 999.000000 999.000000 999.000000              822.0 
999.000000 999.000000 999.000000 999.000000 999.000000 999.000000 999.000000 999.000000 999.000000 999.000000 999.000000 999.000000              831.0 
999.000000 999.000000 999.000000 999.000000 999.000000 999.000000 999.000000 999.000000 999.000000 999.000000 999.000000 999.000000              840.0 
-3.039283 166.049622 -108.006622 9.074353 191.032623 -49.186852 8.530279 169.858368 -106.492920 40.179920 171.946793 -16.128046                849 
-3.166685 162.531052 -108.147873 8.325606 188.403244 -50.331867 8.171744 166.652588 -107.455994 41.438854 171.927841 -17.823654                858 
-3.273666 160.249985 -109.503136 7.702407 186.818314 -52.244526 7.997089 164.627579 -109.249611 41.698856 171.795486 -19.944899                867 
-2.599773 156.700607 -111.862488 6.679772 184.797668 -55.194511 8.816483 161.450653 -111.759377 40.811348 171.733414 -22.193439                876 
-2.513747 153.303558 -114.488503 5.506951 182.582840 -58.475197 9.087162 158.270248 -114.591888 39.888054 171.245941 -25.096699                885 
-2.254657 150.000717 -117.141098 4.239668 180.434036 -61.791481 9.711276 155.069702 -117.350143 38.396805 170.574020 -27.721262                894 
-2.161590 146.385712 -119.236259 3.179446 178.415771 -64.872147 10.134935 151.671875 -119.478668 37.594391 170.694672 -30.510746                903 
-1.489332 142.165283 -120.333916 2.377347 176.776703 -67.632568 11.200807 148.062592 -120.713661 36.690487 171.776794 -32.670891                913 
-1.086037 139.158142 -121.151031 1.891222 175.611023 -69.816444 12.033224 145.699387 -121.834236 36.146568 172.600586 -34.571327                921 
-0.099889 136.593842 -121.386475 1.716675 174.173828 -71.060768 13.429775 144.185562 -122.534851 35.759640 172.806625 -35.509155                930 
-0.616564 135.693451 -123.689468 0.642330 172.591003 -73.111328 13.336265 143.787781 -124.911133 34.265022 170.879028 -37.176754                939 
0.050146 132.613495 -124.712685 -0.285832 170.697098 -75.218552 14.258822 141.718109 -126.319359 32.865711 170.854782 -38.808933                949 
0.887733 129.530716 -124.616241 -0.653851 169.010452 -76.409485 15.214821 139.990723 -126.855804 32.227886 171.125092 -39.816730                957 
0.986599 129.338303 -126.027573 -1.055445 168.089630 -77.352669 15.469574 140.788605 -128.377380 31.606861 169.945038 -40.549931                966 
0.203762 127.646645 -127.577400 -2.288684 166.211929 -78.875854 15.259891 139.945526 -130.113632 29.819204 167.910812 -41.580990                976 
0.722944 126.795425 -128.393036 -2.627698 165.455872 -79.895378 15.816955 140.151184 -131.219376 29.263544 167.911911 -42.457077                985 
0.845451 124.895752 -129.763824 -3.546370 163.800262 -81.630661 15.894839 139.337067 -132.821762 27.895391 166.969696 -43.867184                994 
0.282292 121.135803 -131.413757 -5.274680 161.039383 -84.350502 15.544531 136.021622 -134.466278 25.029772 164.872452 -45.728516               1003 
1.385159 117.804825 -132.576187 -6.028315 158.604706 -86.667267 16.419333 134.881073 -136.282364 23.357126 164.068283 -47.534733               1012 
1.792771 114.830887 -132.728912 -6.622956 156.835388 -88.196648 16.514330 135.153427 -137.565186 22.182533 163.792038 -48.870335               1021 
3.010805 110.830887 -131.462418 -6.863359 154.872696 -89.358040 16.819433 135.642990 -137.971588 21.030577 164.271500 -49.882721               1030 
4.770067 109.995331 -130.104431 -6.145234 155.101105 -89.496658 18.103399 136.460724 -137.397827 20.933716 165.817047 -49.790127               1039 
5.147000 110.133461 -130.292358 -5.986635 155.213303 -89.794640 17.579674 137.604462 -137.520218 21.035439 166.163803 -50.113361               1048 
5.251424 109.844711 -130.224350 -5.955289 155.089615 -90.004631 16.987926 138.042328 -137.603271 21.048599 166.338821 -50.394596               1057 
6.236163 107.361992 -128.596039 -5.820043 153.797180 -90.081795 16.824593 136.692230 -136.460251 20.685055 166.713120 -50.643639               1066 
6.417035 105.991829 -128.093857 -5.817822 153.143234 -90.581512 16.209469 136.717972 -136.294022 20.453127 166.812012 -51.240547               1075 
6.401071 105.579147 -128.661438 -5.878366 152.778152 -91.283783 15.569848 137.080933 -136.449966 20.183792 166.383072 -51.782139               1084 
11.330552 99.965149 -122.695244 -5.016412 149.900146 -90.935616 16.593691 133.511902 -133.141556 18.794340 169.192001 -52.392368               1111 
12.385413 99.521820 -122.270142 -4.703464 149.812973 -91.509460 16.938417 133.760422 -132.979996 18.337492 169.729584 -52.816402               1121 
12.204638 99.413055 -123.942215 -4.768109 149.594315 -92.992935 15.731252 134.160782 -133.627502 17.903851 168.905518 -53.778526               1129 
13.185955 99.341682 -124.769890 -4.477536 149.240692 -93.805153 15.151931 134.993469 -133.944077 17.640228 168.573669 -54.286175               1138 
13.821870 99.217506 -124.552765 -4.294972 148.941238 -94.023056 14.797597 135.136200 -133.601990 17.385134 168.383575 -54.315643               1148 
17.337387 92.319038 -118.945862 -4.436357 143.805725 -94.784691 15.735537 127.443329 -131.700821 14.699326 168.553970 -56.757591               1156 
18.161831 84.967926 -112.834915 -5.826517 137.446243 -93.894585 12.397117 120.168808 -129.632996 12.794599 167.171127 -59.334564               1166 
18.721159 82.279510 -111.351830 -6.242631 134.815109 -94.341110 10.618361 118.313202 -129.857224 11.934017 166.191315 -61.026657               1175 
18.835575 80.950890 -111.010147 -6.492452 133.412460 -94.708366 9.267182 117.856949 -130.424774 11.608311 165.454620 -61.991825               1184 
20.271381 79.697975 -109.807945 -6.187727 131.980576 -95.164116 9.239723 117.366890 -130.888565 10.966901 165.170364 -63.088169               1193 
20.611740 79.560257 -110.154137 -6.158633 131.728577 -96.006073 8.931643 118.353104 -132.351013 10.639277 165.152557 -63.984558               1201 
26.351122 83.757324 -115.310226 -3.480987 134.032715 -100.746025 10.391880 130.932831 -139.456741 9.880368 166.687302 -66.396912               1211 
27.939184 83.356697 -117.642006 -2.422784 133.405624 -103.657074 11.291652 133.322418 -143.154312 9.761491 165.775467 -68.607872               1220 
27.614836 86.511513 -121.532616 -2.424062 136.060150 -105.465340 10.006944 139.007965 -145.741852 10.313714 167.184402 -69.496742               1229 
20.858248 92.206329 -129.621002 -3.873544 141.926849 -106.692459 5.759535 149.750488 -147.371216 13.497315 167.915237 -68.645546               1238 
21.376204 91.618584 -126.400345 -2.935070 142.675827 -106.248268 8.001731 149.470779 -147.027206 13.700979 169.658432 -68.566833               1247 
22.127632 91.607155 -125.276909 -2.391926 143.022476 -106.494759 9.272041 149.469955 -147.250870 13.580050 170.522873 -68.900421               1256 
22.908522 92.266914 -124.958237 -2.079393 143.681427 -106.998894 10.077235 150.680679 -147.829895 13.165813 171.426483 -69.282784               1265 
21.560499 93.584099 -126.705406 -2.963856 145.075195 -108.414749 6.263054 152.123123 -150.344315 14.205524 173.864059 -72.343651               1274 
19.086187 94.979309 -129.763260 -4.126659 146.555618 -110.404350 3.090635 155.050308 -153.012894 14.847062 174.936676 -74.918808               1283 
17.690716 95.184540 -130.008133 -4.632253 147.328781 -111.462341 2.011409 156.387634 -154.708649 15.088956 175.986633 -76.612503               1292 
17.161184 96.439857 -131.136032 -5.052315 148.636597 -112.889679 1.295286 158.434860 -156.497116 14.824669 177.389114 -78.206726               1301 
16.797924 96.186600 -130.400345 -4.965158 148.977814 -113.608017 1.761675 158.312180 -157.568146 14.973486 178.237778 -79.387924               1310 
16.545321 95.631721 -129.487823 -4.519992 149.076202 -114.151131 3.010067 157.845398 -158.323471 15.424965 178.612488 -80.172958               1319 
16.812771 94.939796 -127.468048 -3.288844 149.508606 -115.322693 6.786398 156.634949 -159.449463 15.817728 179.694000 -81.433296               1328 
15.069416 94.055634 -125.565361 -3.438446 149.873032 -117.449631 8.179227 154.162689 -161.703323 15.726867 181.413544 -84.852135               1337 
13.768022 93.970963 -124.811157 -3.503721 150.461044 -119.349815 8.261827 152.652588 -163.833786 16.330956 183.012650 -88.177895               1346 
13.151204 93.738251 -124.539749 -3.245747 150.588394 -120.758186 8.747657 151.525604 -165.323441 16.980604 183.656250 -90.391724               1355 
12.868546 93.451889 -124.724106 -2.774636 150.543030 -122.038803 9.460027 150.689819 -166.634018 17.756592 183.838043 -92.128601               1364 
12.115607 93.088654 -124.233589 -2.366908 150.510254 -123.249863 10.001586 149.258972 -167.865204 18.765263 184.203461 -94.216949               1373 
11.673599 92.830719 -123.719833 -2.048422 150.418854 -124.016228 10.435850 148.169800 -168.628754 19.457626 184.421310 -95.625511               1383 
11.520624 92.737373 -122.575226 -1.686519 150.357513 -125.325661 11.140381 146.289505 -169.769028 19.902685 185.280914 -98.141609               1392 
10.908759 92.478256 -123.151779 -0.831760 150.349991 -126.677612 11.836906 145.447052 -171.137772 21.684952 185.059387 -99.976212               1401 
10.200891 92.309349 -122.619789 -0.675315 150.272461 -126.986923 11.842544 144.601318 -171.446243 22.419540 185.013565 -100.826019               1409 
9.189035 91.752213 -121.758675 -0.147045 149.812439 -127.807724 12.057860 142.575928 -172.174271 23.976725 184.658997 -102.738396               1419 
9.069504 91.330925 -122.499168 0.303985 149.453369 -128.640610 12.790700 142.153259 -172.958038 24.556463 184.076447 -103.386505               1428 
8.302930 91.301735 -123.998772 0.502572 149.592300 -129.669708 13.210137 142.562057 -174.007324 25.119083 183.579956 -103.909714               1437 
7.852466 91.300262 -124.894730 0.621400 149.675446 -130.285507 13.468649 142.822235 -174.645813 25.446470 183.278503 -104.222885               1446 
7.582219 91.309669 -125.443665 0.694744 149.726761 -130.665588 13.632628 143.000229 -175.053146 25.645035 183.090927 -104.416298               1455 
7.422569 91.321579 -125.775497 0.739539 149.758102 -130.897720 13.735345 143.121521 -175.311676 25.764980 182.975830 -104.534485               1464 
7.304407 91.335258 -126.027084 0.773894 149.782135 -131.075760 13.815998 143.224564 -175.517776 25.856287 182.887283 -104.625175               1473 
7.136684 91.467697 -127.191521 0.272198 149.975967 -130.716248 13.557403 144.725998 -175.286819 25.041111 182.503525 -103.272331               1482 
7.291282 91.501740 -128.014359 0.218033 150.017868 -130.704330 13.599591 145.505676 -175.352585 24.829931 182.223297 -102.744110               1491 
11.884838 92.219368 -132.876709 2.637725 150.419342 -130.158951 18.090940 150.883286 -174.385773 24.750126 180.512573 -98.063011               1500 
14.297629 93.613770 -135.810501 3.115485 151.186798 -129.548996 19.235609 155.027252 -173.395142 23.737791 179.823807 -95.207306               1509 
15.471029 94.408104 -137.263443 3.349255 151.562317 -129.250549 19.723495 157.096848 -172.842560 23.282597 179.384201 -93.848373               1518 
20.298004 98.818375 -144.302322 4.596286 153.931625 -130.423325 21.872478 165.296890 -172.532822 21.823479 178.625992 -91.460228               1527 
23.195402 102.004944 -148.683548 5.364080 155.390411 -131.145386 22.864580 170.407852 -172.021500 21.130449 177.744766 -90.201347               1536 
24.567465 103.622108 -150.699188 5.762419 156.098373 -131.536392 23.315151 172.780731 -171.758453 20.879784 177.308792 -89.747726               1545 
29.446289 106.065933 -153.148849 8.564444 157.013321 -132.126877 26.679697 176.102036 -171.027954 21.914511 176.655075 -88.991188               1554 
30.988146 103.543137 -149.727875 9.348656 155.097397 -131.111557 28.980591 173.024261 -169.848892 21.030373 176.049377 -88.108513               1563 
31.842529 102.068024 -147.646744 9.813972 153.960571 -130.509125 30.336142 171.183212 -169.122955 20.525709 175.710373 -87.649872               1572 
32.240887 101.363548 -146.622955 10.039121 153.410522 -130.217621 30.988556 170.299850 -168.767105 20.288088 175.550644 -87.445160               1581 
32.458939 100.977348 -146.047043 10.164038 153.105331 -130.055893 31.349243 169.819656 -168.570343 20.158283 175.463074 -87.336380               1590 
34.410324 100.803741 -146.222504 10.953378 152.584381 -130.799469 33.075050 169.708359 -168.617386 19.352221 174.948975 -87.741432               1599 
35.822144 100.683380 -146.320847 11.531673 152.202713 -131.344238 34.325882 169.635147 -168.634491 18.755348 174.560303 -88.069916               1608 
33.329765 99.267311 -142.126221 9.964527 151.788620 -129.343292 31.500565 166.825531 -168.398560 18.924915 176.568680 -87.745567               1617 
31.727854 98.416634 -139.279129 8.903984 151.508392 -127.989182 29.495428 164.918335 -168.145309 19.022926 177.852386 -87.636841               1626 
28.381725 90.459473 -129.314606 7.233872 145.376312 -127.487061 28.429535 151.099228 -169.145874 18.018202 177.900421 -92.123375               1636 
27.648304 89.058144 -125.585175 5.508223 143.510788 -128.826645 26.760597 145.817169 -170.797119 15.568729 179.312546 -96.550797               1645 
25.743601 87.865822 -125.737106 4.023259 142.374115 -130.451126 25.555677 143.520798 -172.338516 14.144319 178.877625 -98.990547               1653 
24.405846 86.845230 -128.668350 2.798949 141.497009 -131.962051 23.664831 143.422836 -174.168884 13.546663 177.337296 -99.951576               1662 
22.946087 86.864380 -131.531448 0.836062 141.394287 -132.780075 20.578577 144.749954 -175.446426 12.093842 176.427124 -100.058945               1672 
18.270348 89.495560 -143.546051 -3.331932 143.507828 -134.637558 13.807014 153.918701 -177.384537 10.211050 172.782532 -97.431519               1681 
18.269001 89.745094 -139.483521 -3.476900 144.109482 -133.617889 14.434588 152.627686 -176.552750 9.367611 175.154892 -97.619133               1690 
16.874655 95.052879 -144.754227 -4.569036 148.606857 -133.162292 13.131949 161.647781 -175.066971 8.576606 175.666428 -94.179199               1699 
17.529722 94.669472 -143.459763 -4.583915 148.153580 -132.870468 13.694381 161.038330 -174.603363 7.611202 175.756775 -93.959641               1708 
17.817953 94.369522 -142.289627 -4.918118 147.765015 -132.636139 13.831556 160.480026 -174.235046 6.434067 175.893204 -93.846413               1717 
19.502451 96.156181 -139.113327 -7.294702 148.120483 -132.608368 11.793230 160.442093 -174.193130 0.738906 178.668182 -94.832603               1726 
2.016620 105.212669 -161.758057 -10.576656 156.917587 -136.693848 19.104630 176.716690 -167.942627 -2.461972 167.162018 -89.218452               1735 
-1.899720 117.063919 -175.706497 -12.475638 160.565720 -137.555954 25.438957 182.761780 -155.589813 -13.133071 154.704147 -88.669151               1744 
-1.100028 123.913948 -176.018234 -13.631796 164.074966 -134.917023 27.593817 185.083115 -145.761765 -20.816889 153.435593 -87.378746               1753 
-0.928256 126.010513 -173.605621 -15.124357 165.599686 -132.496002 27.428949 185.592636 -139.818451 -25.983877 154.107071 -85.862320               1762 
-1.920126 125.568810 -168.291397 -16.373365 166.676285 -128.798874 27.315626 185.067413 -134.636093 -29.571541 156.772964 -82.404457               1771 
-8.807673 146.005112 -155.531860 -5.602334 177.581619 -94.866463 -0.309434 155.591400 -139.753128 8.853771 155.678864 -53.201126               1780 
-26.772369 158.036102 -141.672028 -1.855106 183.189377 -77.000328 -19.310492 155.677322 -130.643417 27.941488 157.521698 -47.368530               1789 
-35.008823 164.847153 -127.140366 1.205001 186.229736 -63.869797 -26.805408 159.625656 -116.753784 36.896198 159.758850 -42.653275               1798 
-41.823956 167.339478 -114.300980 2.639236 187.850418 -55.049252 -32.727528 161.141312 -104.274239 40.999168 161.250763 -39.374947               1807 
-49.258953 166.627167 -103.287598 2.613017 189.144470 -50.539234 -39.243423 160.361176 -93.329803 42.512615 162.809921 -38.739948               1816 
-52.227203 169.806183 -94.437332 3.206451 189.403625 -43.753922 -42.135014 162.430832 -83.992783 42.831810 161.579437 -34.789845               1825 
-53.725357 173.544540 -85.250160 4.022986 188.328918 -35.172951 -43.830517 164.710358 -74.378525 42.695290 158.516327 -28.819056               1834 
-52.694420 176.366196 -76.966782 5.617379 186.978806 -26.214256 -43.182079 166.395798 -65.871628 43.243614 155.609482 -21.220068               1843 
-53.198391 180.221649 -69.015274 6.631628 186.947769 -19.139456 -43.978939 169.234711 -57.795364 42.888996 153.807556 -15.698613               1852 
-53.687378 183.066254 -60.229691 8.233994 186.423584 -12.403798 -44.334648 171.251205 -49.486839 43.681885 152.255829 -11.554636               1861 
-54.490135 185.109055 -51.317741 9.315871 186.254089 -5.731988 -44.935940 172.845261 -41.043041 44.026459 151.345413 -6.859048               1871 
-53.435043 185.701981 -43.796688 11.176691 185.457672 0.820209 -43.907204 173.164246 -33.583805 45.178902 149.886139 -0.975960               1879 
-52.630505 187.321091 -36.575283 12.653843 184.805237 7.144267 -43.021053 174.299606 -26.897875 46.279076 149.013641 3.536638               1889 
-52.909393 188.244003 -30.298717 13.098181 185.692398 12.459497 -43.160534 175.185867 -20.595589 46.502361 149.726746 8.542585               1898 
-52.760185 189.142075 -23.666082 13.908633 185.628021 18.119577 -42.990688 175.827698 -14.021139 46.807858 149.274017 13.565781               1907 
-52.406063 189.798157 -17.538164 14.887768 184.948532 23.220707 -42.803337 176.150406 -7.693496 46.778831 147.733688 18.453602               1916 
-50.834789 190.494415 -11.807014 16.699926 183.742447 28.394785 -41.559952 176.421295 -1.735603 47.379730 145.537598 23.511135               1925 
-49.418106 191.172577 -6.586963 18.392639 182.646774 32.915020 -40.386650 176.698807 3.574147 48.046650 143.690750 27.644611               1934 
-47.841354 192.049469 -1.611983 19.856495 181.474167 37.688313 -39.101200 177.130295 8.465397 48.644241 141.958664 31.814615               1943 
-46.874847 192.675552 3.786851 21.035711 180.511566 42.345619 -38.204502 177.345215 13.574635 49.356201 140.837646 35.371395               1952 
-44.986012 193.230164 8.795459 22.783525 179.835098 47.285263 -36.526703 177.686020 18.561985 50.467197 139.745148 40.135429               1961 
-44.531868 192.073669 13.218718 23.801455 178.649948 50.774834 -35.944374 176.385162 23.032379 51.360043 138.543045 43.246895               1970 
-42.495880 192.141174 17.070644 25.507467 177.699677 54.925793 -34.076004 176.251663 26.783627 52.773567 137.447922 47.111355               1979 
-41.025723 191.431213 20.258757 26.684727 176.706085 58.601112 -32.714966 175.505386 30.054890 53.813408 136.319336 51.007977               1988 
-41.326405 191.618683 22.976816 26.796345 176.661209 60.562054 -32.853714 175.517258 32.565277 54.024410 136.494583 52.196362               1997 
-40.631767 192.289124 26.851900 27.735077 175.782043 63.400047 -32.172535 175.843613 35.931591 54.580017 135.664673 53.670906               2006 
-40.132687 193.038162 29.615812 27.917931 174.936523 66.062836 -31.899254 176.229752 38.444901 54.309128 134.704788 55.592804               2015 
-39.735813 193.342529 32.065395 28.203615 174.242188 68.270393 -31.694324 176.284088 40.909775 54.056583 133.720993 57.576153               2024 
-39.135197 194.934280 34.192604 28.309607 174.222763 70.403671 -31.441778 177.561798 42.977882 53.660473 133.633179 58.804989               2033 
-37.724243 195.364426 35.977852 28.973738 173.216232 72.692329 -30.436623 177.711868 44.817661 53.886230 132.499390 60.600361               2042 
-35.619072 195.644073 37.536762 29.939037 172.163330 75.437408 -28.828960 177.773026 46.531212 54.482414 131.233276 63.310432               2051 
-34.378281 195.441849 38.468544 30.411594 171.329544 77.268967 -27.943743 177.354279 47.767277 54.757404 130.238068 65.290543               2060 
-34.155460 193.883209 41.052853 30.550116 169.431900 79.770958 -27.618151 175.633728 49.988171 55.456394 128.988327 66.782318               2069 
-34.150558 193.008621 44.143444 30.992319 167.823868 81.629890 -27.444613 174.630310 52.517242 55.988770 127.924232 67.210938               2078 
-33.693863 191.670807 50.357353 32.099663 165.666351 85.371849 -26.704212 173.685455 57.282265 57.865746 127.744301 67.406967               2087 
-33.002186 189.471313 54.667042 32.924004 163.949097 88.189095 -26.116917 173.122330 60.768723 59.035954 127.401886 68.010468               2097 
-32.953743 187.549973 57.105667 33.465000 163.645630 89.517639 -26.012619 172.875122 62.819870 59.912621 127.974663 68.238167               2105 
-32.467609 186.637054 58.452026 33.543301 163.422012 90.359863 -25.998922 173.843094 63.955978 59.883526 128.309982 68.042877               2115 
-32.140339 185.930222 59.626923 33.496868 163.049072 91.160919 -26.121361 174.282425 65.128647 59.680588 128.326187 68.064522               2124 
-31.004467 187.467560 63.266502 34.095245 162.880569 92.911293 -25.664640 177.097366 68.507439 58.763863 128.299561 68.005005               2132 
-30.373466 188.770233 65.965462 34.380535 162.712936 93.858398 -25.467449 179.293869 71.042671 57.557480 128.042236 67.676674               2142 
-30.039629 186.730469 65.100426 34.225174 162.212234 94.347900 -25.352793 178.358887 70.330231 58.422852 128.041275 68.434044               2151 
-29.546335 185.466614 64.853661 33.903740 161.953293 95.376884 -25.223625 178.381119 70.197662 58.833672 128.215714 69.589607               2160 
-29.328289 184.507675 64.595619 33.478848 161.625137 95.950081 -25.332453 178.318893 70.039810 58.882362 128.226547 70.183723               2169 
-29.263775 183.373077 65.078636 33.131096 161.049911 97.019562 -25.472956 177.851440 70.563530 58.876060 127.830383 71.360855               2178 
-28.754620 182.115799 64.849007 33.123360 160.672256 97.404694 -25.306723 177.567093 70.485153 59.188625 127.628517 71.842545               2187 
-28.003799 180.988907 64.500046 33.062424 160.271317 97.796394 -25.097162 177.515930 70.422432 59.327789 127.342117 72.291328               2196 
-27.469543 179.620422 63.940586 32.846287 160.265259 97.750122 -25.190458 177.895905 70.156197 59.103355 127.253250 72.343758               2205 
-26.868322 178.399536 63.872803 32.701294 160.231293 98.283119 -24.191637 180.656265 68.971466 58.927456 126.985664 73.150940               2214 
-25.598124 176.062408 63.326313 32.452805 160.507278 98.378296 -23.729660 183.116592 68.006836 58.415283 126.948135 73.389427               2223 
-24.633854 173.798279 63.316113 31.993622 161.037277 98.807457 -24.125593 184.290039 68.071442 57.663795 127.088463 74.043983               2232 
-23.641279 169.915466 63.607315 31.270039 161.614410 99.416267 -25.394606 184.327896 68.528969 57.028412 127.542099 74.915382               2259 
-23.450390 169.026031 63.605431 31.067310 161.649841 99.338005 -25.772032 184.391998 68.569504 56.789940 127.626991 74.731064               2268 
-23.837786 168.424500 64.324493 30.706642 160.972626 99.549706 -26.234671 184.307999 69.270912 55.872078 126.719727 74.687088               2277 
-24.003883 167.717224 65.335480 30.798019 160.778625 99.998184 -26.428204 184.038208 70.021149 55.623894 126.246315 75.180740               2286 
-23.759359 166.897827 65.507652 30.723166 160.523743 100.235008 -26.503859 183.656799 70.135040 55.409595 125.696327 75.692375               2295 
-23.768900 166.062988 65.894814 30.546703 160.059616 100.540131 -26.754559 183.117065 70.510269 55.114822 125.103180 76.062286               2304 
-24.126434 164.780609 65.334572 30.040714 159.658875 99.887749 -27.545902 181.916367 70.022484 54.713188 124.687157 75.537018               2313 
-24.277191 163.514297 65.119698 29.559469 159.589371 99.717552 -28.302000 180.767166 69.897690 54.465141 124.608871 75.618134               2322 
-24.057508 162.831940 64.678696 29.216597 159.226776 99.540894 -28.561209 179.796555 69.861427 54.107868 124.192680 75.504532               2331 
-23.673336 162.178162 64.249275 28.876085 159.036224 99.433075 -28.663105 179.030350 69.743446 53.541698 123.576439 75.791565               2340 
-23.303740 161.298157 63.844673 28.757332 158.831284 99.182549 -28.658516 177.791290 69.628510 53.225464 122.894783 76.061378               2350 
-22.948427 158.974167 63.312603 28.394743 158.944641 98.463242 -29.549919 175.195587 69.609970 53.225956 122.846329 75.990295               2358 
-21.757723 156.195862 62.709095 27.948391 158.998291 97.901657 -30.372662 173.063034 69.499298 53.094334 122.649979 76.194702               2368 
-20.906576 154.134537 61.992947 27.538103 158.539307 97.437759 -30.904129 171.418106 69.116806 53.108627 122.305763 76.037094               2377 
-20.535437 152.367279 61.425652 27.101803 157.459991 97.120689 -31.373888 169.579117 68.999886 52.985672 121.456947 75.707703               2385 
-20.209681 151.504501 61.234379 26.909733 157.366699 96.941307 -31.662621 168.756714 69.046043 53.026249 121.480171 75.615402               2395 
-20.377171 150.361496 61.477192 26.822124 156.423431 96.856285 -31.952433 167.697983 69.411324 52.821186 120.542564 75.377876               2404 
-20.573988 148.216873 60.899883 26.264442 153.233902 96.769020 -32.203758 165.418137 69.341499 52.375568 118.001495 74.372681               2413 
-20.693871 146.910965 60.721897 25.930468 152.731735 96.665268 -32.191502 163.633865 69.308556 52.643810 117.933754 74.299950               2422 
-20.656414 145.701157 60.441776 25.832615 151.063583 96.564117 -31.855076 162.072403 69.385025 52.764809 116.887077 73.513451               2431 
-20.745325 145.117752 60.363132 25.473288 150.440109 96.773628 -31.861032 161.165344 69.603516 52.856739 116.896873 73.327782               2440 
-20.794621 144.394592 60.309700 25.307411 150.068527 96.778854 -31.549154 160.062866 69.758591 53.050831 116.894661 73.230873               2449 
-20.668274 143.819809 60.239037 25.338434 150.023743 96.698608 -31.135256 159.155960 70.145760 53.335613 116.938896 73.326393               2458 
-20.588169 143.535965 60.207962 25.349405 150.026169 96.671890 -30.860630 158.917160 70.271416 53.485664 116.991600 73.395760               2467 
-20.805605 140.235748 60.792381 25.527727 150.653961 95.863884 -31.075388 156.153717 70.188530 54.472450 117.237785 74.178123               2476 
-20.538513 138.312027 61.096027 25.677042 150.922592 95.618782 -30.930382 154.575836 70.205368 55.360783 117.586922 74.826508               2485 
-20.156757 137.077271 61.209927 25.661819 151.300980 95.617409 -30.781225 153.581924 70.167732 56.137611 118.296165 75.452644               2494 
-19.832409 136.361740 61.148304 25.777929 151.154083 95.581017 -30.562479 153.065475 70.177048 56.597221 118.336014 75.634705               2503 
-19.566252 134.392563 61.567566 24.077864 153.560822 96.365570 -31.566372 150.897247 69.766640 57.477993 122.090729 78.511314               2512 
-19.511374 132.889725 61.926361 23.539553 154.126328 96.403801 -31.826641 149.295441 69.738678 58.022690 123.352951 79.414909               2522 
-20.821751 131.529236 64.290558 22.844433 153.806870 97.500885 -33.184872 147.438736 72.641098 57.901482 124.670914 78.878082               2531 
-21.990368 131.817780 65.708298 22.830160 153.485703 97.832237 -33.997978 147.742691 74.538200 57.297852 124.686020 77.651390               2539 
-22.477221 132.973190 66.312004 22.850182 153.641983 98.477692 -34.328678 148.453552 75.767555 57.229874 125.904213 76.720787               2548 
-23.210258 133.738754 67.091347 22.840473 153.379700 99.005646 -34.731602 148.821304 76.959122 56.890289 126.240196 76.010712               2557 
-23.999277 134.564316 67.887146 23.033293 152.867523 99.211983 -35.075020 149.676392 77.997818 56.204689 125.455017 75.276169               2566 
-25.119774 136.912674 67.456902 23.141073 151.552704 98.873444 -35.359493 152.130600 78.147232 54.667213 123.503311 73.495415               2575 
-25.527748 138.685318 67.215393 23.306074 150.993378 98.750122 -35.377045 154.203568 77.997162 53.817688 122.550385 72.582451               2585 
-26.827513 140.597778 67.769699 23.197832 150.289597 98.336288 -35.912167 156.604218 78.673882 51.831551 120.883240 71.131760               2594 
-27.699083 142.122498 67.849281 23.014896 149.936508 97.806252 -36.337761 158.531601 78.756035 50.348049 119.937370 69.919701               2603 
-27.185844 143.736938 67.237389 23.258593 149.588150 98.055191 -36.334187 160.829681 77.497551 50.474545 120.276962 69.334877               2612 
-26.427807 145.270859 66.603233 23.484697 149.004654 98.425987 -35.960861 162.765167 76.610924 50.657131 120.408287 68.953682               2621 
-25.916073 145.836670 66.096245 23.434505 148.741913 98.553276 -36.013474 163.590820 76.062752 50.745010 120.565880 68.805046               2630 
-26.058487 147.990845 65.484169 22.814781 148.696457 98.558525 -36.197968 165.648743 75.897362 49.816803 120.935913 68.145485               2639 
-25.540874 148.233231 64.615059 22.515738 148.587952 98.310547 -36.404671 165.981796 75.281166 49.870697 121.436203 67.664200               2648 
-24.928413 148.298798 63.619495 22.082073 148.489761 98.042137 -36.691692 166.571487 74.296951 49.822247 121.736481 67.391609               2657 
-24.083187 148.011932 62.803421 21.773571 148.493103 97.866554 -36.903305 166.659027 73.610016 49.951469 122.070343 67.328812               2666 
-23.777441 148.174530 62.768013 21.605247 148.535645 97.917961 -37.140785 166.793747 73.850258 49.857731 122.510277 67.109070               2675 
-23.579050 148.907196 62.426182 21.228025 148.330826 97.945496 -36.984650 167.406281 73.686310 49.411129 122.404388 66.990013               2684 
-23.855488 149.889893 62.331348 20.569727 148.231003 97.994049 -37.062103 168.017960 73.741096 48.398300 122.126678 66.867775               2693 
-24.140184 150.601654 62.255280 20.071310 148.163361 97.948494 -37.093090 168.038773 73.815430 47.585945 121.892593 66.683479               2702 
-24.906696 152.280151 61.985645 19.032640 146.048294 97.446381 -36.548374 169.649307 73.849426 44.598785 118.589378 65.554535               2711 
-25.090961 153.456436 61.442978 18.315893 146.233765 97.203850 -36.607868 169.712387 73.493332 43.945053 119.045990 65.130798               2720 
-25.019110 153.921906 61.197704 17.974392 145.871521 96.889557 -36.442436 169.606949 73.335480 43.375248 118.840935 64.503548               2729 
-24.654909 154.000748 61.284008 17.971741 145.883270 96.896141 -36.181408 169.080307 73.361076 43.323055 118.926849 64.409645               2738 
-24.621243 154.830734 60.703682 17.283491 145.432693 96.280968 -36.082623 168.379700 73.127136 42.393448 118.813828 63.331978               2747 
-24.648726 155.657104 60.270191 16.595491 144.975708 95.766853 -35.912716 168.088928 72.758759 41.293224 118.382561 62.487186               2756 
-24.378180 155.445740 60.380520 16.594364 144.856201 95.708611 -35.698895 167.457458 72.667343 41.227608 118.293594 62.356838               2765 
-24.015327 155.296173 60.461399 16.593792 144.795349 95.678955 -35.576229 167.046997 72.621979 41.194096 118.248184 62.290581               2774 
-24.149115 155.299606 60.012688 15.677644 144.710220 95.533829 -35.883354 166.095963 72.015373 40.506809 118.146294 62.328701               2783 
-24.262070 155.274506 59.962368 15.007058 144.636047 95.541969 -36.140041 163.603409 72.192513 39.912537 118.144485 62.336189               2792 
-24.257826 155.274338 60.023178 14.552849 144.710983 95.632965 -36.156574 160.732574 72.493423 39.529236 118.269699 62.440376               2801 
-24.154320 155.255051 60.074455 14.256513 144.759888 95.692329 -36.063610 159.177368 72.610023 39.279106 118.351357 62.508457               2810 
-23.962593 155.214050 60.113525 14.089127 144.803711 95.713936 -35.869682 157.293015 72.755798 39.148865 118.425949 62.533623               2819 
-23.700346 155.166504 60.157303 13.965561 144.836060 95.729889 -35.674061 155.248230 72.935905 39.052689 118.481033 62.552216               2828 
-23.754108 153.242813 60.692944 14.485019 144.960693 95.638390 -35.915943 152.973419 73.714394 39.785019 118.817574 62.454700               2838 
-23.487436 151.014252 61.143330 15.037183 145.233551 95.730225 -35.932545 150.530136 74.296890 41.023483 119.407677 62.829670               2847 
-22.542900 147.886246 61.615253 15.734813 146.421997 96.548805 -35.413998 147.326416 74.657333 43.675732 120.950195 65.001976               2856 
-21.821413 145.517929 61.958824 16.123247 147.361130 97.039581 -35.030609 145.232925 74.783012 45.603199 122.397758 66.503166               2865 
-21.433842 144.253983 61.903095 16.295628 147.984009 96.972160 -34.858784 144.081345 74.632805 46.612896 123.390366 66.960068               2874 
-21.416489 143.873154 61.914989 16.116917 148.045792 97.128052 -34.991993 143.724747 74.567268 46.797340 123.687927 67.293243               2883 
-21.408825 143.826233 62.306187 16.295147 146.997971 97.419983 -35.023109 143.924210 74.992226 46.391094 122.246147 67.315315               2892 
-21.412737 143.937271 62.686996 16.537619 146.138214 97.610046 -34.998772 144.242615 75.432030 45.985466 120.959816 67.219551               2901 
-21.495239 144.315048 63.080379 16.850204 145.329880 97.662498 -34.948387 144.847336 75.921570 45.421932 119.642937 66.864014               2910 
-21.647123 144.960022 63.477764 17.196997 144.694595 97.574425 -34.902912 145.798798 76.413673 44.759178 118.545601 66.249252               2919 
-22.779657 146.621704 62.918636 16.372520 144.487305 96.676170 -35.832550 147.851395 75.926888 42.670628 117.599846 64.892776               2928 
-23.617479 147.905365 62.703053 15.814377 144.411118 96.122391 -36.445240 149.362289 75.763374 41.159893 117.069305 63.955017               2937 
-24.104748 148.637299 62.504780 15.356064 144.462402 95.864395 -36.840729 150.230942 75.544258 40.270214 116.797142 63.636642               2946 
-24.521427 149.365570 62.375927 14.844604 144.509506 95.779556 -37.228085 150.990112 75.360382 39.484737 116.657928 63.501644               2955 
-24.714333 149.861862 62.304752 14.599264 144.583984 95.725418 -37.419758 151.372131 75.267632 39.111446 116.671646 63.402607               2964 
-24.778608 150.355240 62.146961 14.393436 144.620255 95.647194 -37.564720 151.751617 75.105331 38.815037 116.697456 63.264912               2973 
-24.835239 150.875366 62.168503 14.222119 144.775391 95.715607 -37.724541 152.159775 75.140717 38.580750 116.900551 63.244694               2982 
-24.900282 151.468491 62.158539 14.011849 144.950226 95.712502 -37.982117 152.543121 75.187332 38.255909 117.107475 63.128506               2991 
-24.799898 152.026520 62.181824 14.087135 145.229950 95.623558 -38.044895 151.917999 75.517319 38.245956 117.537491 62.848736               3001 
-24.624292 152.958618 62.450409 14.160021 145.433823 95.696159 -37.973385 151.680923 76.037376 38.037830 117.950928 62.541203               3009 
-24.289162 154.111023 62.784882 14.414498 145.863541 95.762665 -37.710365 152.046188 76.461937 38.070080 118.771149 62.130447               3019 
-24.395378 155.370407 63.233776 14.404872 147.681076 96.097229 -37.767857 152.201416 76.893486 38.797508 121.673370 62.136841               3027 
-24.257023 156.549988 63.994335 14.858667 149.539886 96.508469 -37.452423 152.411041 77.673805 39.809544 124.686630 62.092201               3036 
-24.267426 157.340057 65.009171 14.910377 150.941559 97.421410 -37.375507 152.380432 78.621346 40.496277 127.120430 62.742523               3045 
-23.182360 160.420853 65.227638 15.230305 152.156738 97.991058 -36.625538 154.779587 78.347008 41.196533 129.564835 62.776417               3054 
-22.818306 161.671860 65.567039 15.334316 152.574173 98.302284 -36.331680 155.556870 78.500076 41.313267 130.444077 62.804916               3064 
-23.279644 161.254303 65.733795 15.013249 152.655426 98.268150 -36.759758 154.989456 78.745735 40.979984 130.552704 62.744804               3073 
-23.922890 161.953644 66.770515 14.782705 152.751495 98.438599 -37.320011 155.654495 79.978668 39.794559 130.595963 62.268864               3084 
-24.309389 161.610062 67.101227 14.720740 152.730164 98.340477 -37.588692 155.228302 80.460411 39.449078 130.596588 61.962955               3091 
-25.040583 161.086441 67.807755 14.602019 152.529205 98.256828 -38.052723 154.580933 81.434868 38.724659 130.444641 61.445412               3100 
