-19.201370 140.559769 62.315010 11.753943 163.004959 85.550682 -39.932068 155.204514 70.368507 46.469604 128.291779 81.739159                  0 
-19.917234 140.606445 62.006302 11.282557 163.102081 85.543747 -40.389023 155.198654 69.746719 46.196678 128.566544 81.936607                 18 
-20.809589 140.910965 61.536278 11.114200 163.058029 85.460358 -40.575790 155.553314 69.140778 45.883644 128.370193 81.917847                 36 
-21.572330 141.333557 60.963242 10.903183 163.154587 85.356644 -40.732380 156.026443 68.470337 45.541878 128.325485 81.920845                 54 
-21.559471 140.764297 60.145256 10.741498 163.187576 84.624962 -40.676113 155.679535 66.896721 45.410824 128.272537 82.704651                 72 
-21.690395 140.447556 59.203217 11.119669 162.456558 83.452820 -40.538120 156.137253 65.383087 44.779469 126.529778 82.455917                 90 
-21.027697 139.185593 59.171566 12.096142 161.429123 82.842278 -39.687874 155.794998 64.203018 44.747746 124.584610 83.874283                108 
-22.496124 139.945770 58.992207 11.315743 161.963348 81.955544 -41.099411 156.921494 63.937180 43.414318 124.632195 82.836632                126 
-23.052582 141.285339 58.865639 10.636147 163.018692 82.326057 -41.871304 158.213287 63.810753 42.722687 125.671295 82.905754                144 
-23.128075 141.156296 58.891113 11.155257 162.261307 82.186783 -41.712021 158.262833 63.950649 42.745548 124.489037 82.325943                162 
-22.774727 140.870514 58.853489 12.403131 160.490341 82.237427 -40.871529 158.310547 64.372673 42.998604 121.921669 81.195969                180 
-23.177374 141.410965 58.689068 12.913967 160.284409 82.191895 -40.598698 158.550705 64.474846 43.374924 121.631462 80.521713                198 
-23.988760 141.478592 58.612427 12.377018 160.697189 82.663605 -41.105553 158.010025 64.275604 43.759556 122.793930 80.877960                217 
-24.815804 141.759399 58.504101 12.009048 161.326736 82.869614 -41.545532 157.915192 63.775517 44.156593 124.072304 81.038620                235 
-26.517675 143.257477 57.199066 10.510036 164.205566 81.649864 -42.953423 158.831802 61.789291 44.070507 128.195526 80.353294                253 
-28.092442 144.818283 54.605484 8.958323 167.042267 79.002029 -44.383224 160.325043 58.098835 43.394035 131.846603 78.605042                271 
-29.435696 149.422516 50.686447 9.829735 170.634811 73.083969 -44.494144 166.154480 53.001247 42.051720 133.411514 74.021889                289 
-28.061983 153.627777 48.018772 14.083972 171.950134 67.966400 -41.314434 171.990372 48.962166 42.516373 131.797668 69.988220                307 
-27.718197 155.639465 41.765652 15.134520 172.675034 61.527348 -40.429203 174.509750 41.081402 41.914829 131.462738 64.539223                325 
-26.157080 153.942886 35.848686 16.963871 172.738480 53.892948 -39.861938 171.428207 32.103310 44.764175 132.342789 58.369637                343 
-26.226969 158.599152 26.637543 17.816999 175.853378 44.981861 -39.654053 174.825638 20.185076 44.199299 134.651672 50.558983                361 
-26.071228 158.760040 16.135515 16.046192 178.400864 37.275566 -40.514301 172.858292 8.425251 45.818630 139.464584 41.995567                379 
-24.685303 159.719528 6.026525 16.203766 179.558075 29.972429 -38.961384 172.684570 -2.752117 47.327744 141.649017 34.321125                397 
-23.083773 158.820847 -8.236416 15.555224 179.984009 18.731777 -37.172840 170.431931 -18.334791 48.817585 144.014603 23.684273                415 
-20.061699 156.452591 -21.139429 15.266153 180.456375 8.228404 -34.466995 166.317612 -32.587685 52.104469 148.200531 13.444641                433 
-17.404819 155.913498 -36.257725 14.349984 180.977280 -3.697579 -31.887976 164.873810 -48.591606 54.042381 152.226578 1.058533                452 
-13.995358 155.873688 -49.312775 15.017115 181.923569 -14.942827 -27.863317 164.243286 -62.970043 55.495235 154.737473 -8.076453                470 
-11.858468 154.462540 -60.930096 14.107103 181.844467 -25.139435 -25.698799 162.086380 -75.422462 56.416767 157.788483 -17.661991                488 
-10.719920 153.217163 -70.926086 13.120792 182.111465 -34.788383 -24.490633 160.130737 -86.278984 56.714455 160.695282 -26.685965                506 
-9.447571 150.121796 -80.435089 11.159101 181.366821 -44.187305 -23.301813 155.740646 -96.581741 56.531960 164.366257 -35.412685                524 
-9.458821 151.532578 -88.189598 9.139160 181.443665 -49.782024 -24.513346 157.352692 -103.739563 56.550072 169.269623 -44.424042                542 
-10.383582 149.347534 -91.568970 8.009015 179.423447 -53.327545 -26.580915 155.196960 -106.980850 56.228123 169.893661 -50.359264                560 
-8.565401 143.566605 -97.672188 6.443814 176.758041 -60.700470 -25.231281 147.882782 -114.158585 55.247932 171.493271 -56.808178                578 
-7.565275 126.209030 -102.750130 0.025862 166.531540 -71.443146 -25.116003 127.836128 -121.556137 48.786709 169.104156 -65.081436                596 
-2.763762 109.628777 -90.684311 -2.237800 157.601929 -72.798477 -22.069374 104.021729 -109.525993 45.531734 169.205551 -69.945831                614 
1.193595 106.394341 -88.613876 -1.712596 154.810257 -72.705124 -19.862370 99.055038 -106.738449 44.942993 170.533173 -73.574341                632 
2.592234 106.896019 -89.133209 -1.372028 154.950989 -72.919189 -19.606419 100.164352 -108.866608 45.010818 171.448410 -74.003853                650 
2.824425 106.636551 -88.808083 -1.402599 154.692184 -72.937828 -20.319115 100.341194 -109.421539 44.925579 171.305664 -74.487831                668 
2.098427 105.067131 -87.900551 -1.716355 153.500473 -73.118431 -21.275082 99.344322 -109.787788 44.912788 169.295471 -74.093468                687 
1.414206 103.191582 -87.479149 -2.206053 151.879303 -73.375748 -22.073242 98.027191 -110.570305 44.596287 167.178955 -73.790047                705 
1.424445 102.135658 -87.208298 -2.514547 151.052124 -73.777405 -22.130028 97.036476 -110.941299 44.253819 166.459839 -73.956123                723 
1.514846 101.582863 -87.062904 -2.669418 150.636856 -73.979050 -22.197544 96.602486 -111.144997 44.080421 166.101608 -74.040459                741 
2.265235 101.343552 -85.886353 -3.027967 150.225540 -73.890297 -23.043468 95.437576 -109.621521 43.636745 165.898529 -75.103569                759 
3.478717 101.668297 -85.409729 -3.198818 149.999893 -73.938225 -23.564430 94.883102 -108.900146 43.352982 165.917618 -76.003754                777 
4.795096 102.477905 -84.495903 -3.086721 150.018448 -73.550125 -24.216923 94.740623 -107.726311 43.509300 165.698929 -76.314827                795 
5.433632 102.909729 -83.677948 -3.103126 150.062592 -73.246155 -24.770384 94.523750 -106.571617 43.521156 165.546997 -76.580681                813 
6.255732 103.750885 -82.778534 -3.152785 150.461777 -72.156853 -25.081697 94.667061 -104.825996 43.162514 166.528824 -76.788628                831 
6.674898 104.305710 -81.882568 -3.354572 150.720367 -71.245628 -25.461235 94.660522 -103.313614 42.719009 167.176620 -76.824738                849 
7.159489 104.455582 -81.662987 -3.560044 150.641006 -71.295456 -25.568336 94.139435 -102.638832 42.259792 167.524673 -77.635399                867 
-51.248188 120.110008 -128.628906 1.681392 157.950333 -76.650208 3.418518 107.451859 -86.409676 42.748676 174.323654 -54.968369                885 
-53.971958 121.745842 -152.929596 -0.410405 159.236862 -85.253830 11.518290 107.791092 -94.633018 35.683556 178.467773 -57.829239                903 
-52.229393 124.000664 -160.125076 -1.077448 162.250580 -89.136200 14.629489 111.338631 -97.726746 33.170006 182.636108 -60.218178                922 
-49.711258 124.795288 -162.960327 -0.260181 163.208954 -90.769051 16.993019 112.716942 -99.515282 33.235260 183.823334 -61.141140                940 
-46.950859 132.228653 -169.340530 -0.424656 166.238632 -93.084915 15.981220 117.033356 -109.284958 31.914528 184.853073 -60.954090                958 
-46.230534 138.481583 -173.964447 -0.807684 168.196304 -95.278023 14.157047 120.012932 -116.436752 31.170547 184.652130 -61.643093                976 
-44.217148 122.481148 -176.998291 1.071010 164.255310 -103.921196 7.396985 110.269371 -112.197128 33.472130 183.437149 -72.188972                994 
-38.881462 121.532204 -182.216309 3.585341 163.802673 -107.750496 4.865498 108.949814 -112.962753 34.748283 181.895386 -74.191078               1012 
-30.476688 116.039238 -185.845581 6.255451 162.778290 -111.006027 4.507210 107.625816 -111.643524 34.674824 182.205093 -75.797386               1030 
-26.766397 133.669098 -195.779465 10.757125 165.288223 -113.762413 -3.739617 112.336891 -119.808990 38.555454 174.968582 -74.287689               1048 
-16.432619 144.120880 -198.789978 15.409310 158.279999 -109.796028 -15.915654 114.500916 -122.286385 37.656464 156.341476 -65.909622               1066 
-15.287447 139.824554 -198.472244 16.198490 155.239227 -109.556969 -20.192810 115.077217 -120.566376 37.047470 153.166840 -64.995377               1084 
-16.279602 144.289078 -200.435074 16.786631 157.100021 -111.684563 -19.547262 117.051132 -123.524536 38.460545 153.702393 -67.600471               1102 
-16.999090 142.125366 -200.304260 17.142935 155.580399 -112.055214 -21.061857 116.926567 -123.062332 38.854111 152.238373 -67.985207               1120 
-13.514295 143.800644 -198.750458 16.543917 142.872772 -108.027161 -35.448101 129.286636 -122.296486 30.092558 131.421326 -62.092335               1138 
-11.211630 145.796158 -194.030991 16.909126 134.373291 -103.389015 -36.743343 137.781982 -118.371376 26.007257 118.734741 -57.591965               1157 
-12.900610 141.550888 -194.062485 18.067404 135.866501 -103.796875 -36.083878 137.740784 -117.707619 28.648109 123.126938 -57.423801               1174 
-14.501573 140.494339 -193.943665 18.118523 135.841629 -104.192795 -36.320984 135.588135 -117.784447 29.798893 123.493660 -57.978008               1193 
-19.210716 141.283340 -192.280502 20.453386 138.898239 -105.295128 -34.731953 137.043304 -112.961029 36.401478 127.435051 -60.140240               1211 
-18.056969 144.381805 -192.025467 20.381224 138.623184 -104.633957 -33.025143 142.708237 -107.177422 35.568810 125.500015 -59.669193               1229 
-17.329346 145.407364 -192.284622 20.354088 138.609772 -104.637520 -32.568260 143.957657 -105.809052 35.174744 124.989830 -59.698055               1247 
-14.780722 149.436142 -190.999298 19.896996 137.223999 -102.915611 -32.956131 142.688782 -105.027725 33.647106 121.743507 -58.239002               1265 
-15.958283 150.310608 -189.981979 19.907442 137.607727 -102.665169 -33.028156 142.175247 -104.098541 34.457035 122.333160 -58.171272               1283 
-16.679571 147.410934 -188.645950 17.583073 135.063293 -100.745239 -34.865528 143.229248 -102.799507 30.745670 120.529129 -55.576508               1301 
999.000000 999.000000 999.000000 999.000000 999.000000 999.000000 999.000000 999.000000 999.000000 999.000000 999.000000 999.000000             1319.0 
999.000000 999.000000 999.000000 999.000000 999.000000 999.000000 999.000000 999.000000 999.000000 999.000000 999.000000 999.000000             1337.0 
999.000000 999.000000 999.000000 999.000000 999.000000 999.000000 999.000000 999.000000 999.000000 999.000000 999.000000 999.000000             1355.0 
999.000000 999.000000 999.000000 999.000000 999.000000 999.000000 999.000000 999.000000 999.000000 999.000000 999.000000 999.000000             1373.0 
999.000000 999.000000 999.000000 999.000000 999.000000 999.000000 999.000000 999.000000 999.000000 999.000000 999.000000 999.000000             1392.0 
999.000000 999.000000 999.000000 999.000000 999.000000 999.000000 999.000000 999.000000 999.000000 999.000000 999.000000 999.000000             1409.0 
999.000000 999.000000 999.000000 999.000000 999.000000 999.000000 999.000000 999.000000 999.000000 999.000000 999.000000 999.000000             1428.0 
999.000000 999.000000 999.000000 999.000000 999.000000 999.000000 999.000000 999.000000 999.000000 999.000000 999.000000 999.000000             1446.0 
999.000000 999.000000 999.000000 999.000000 999.000000 999.000000 999.000000 999.000000 999.000000 999.000000 999.000000 999.000000             1464.0 
999.000000 999.000000 999.000000 999.000000 999.000000 999.000000 999.000000 999.000000 999.000000 999.000000 999.000000 999.000000             1482.0 
999.000000 999.000000 999.000000 999.000000 999.000000 999.000000 999.000000 999.000000 999.000000 999.000000 999.000000 999.000000             1500.0 
999.000000 999.000000 999.000000 999.000000 999.000000 999.000000 999.000000 999.000000 999.000000 999.000000 999.000000 999.000000             1518.0 
-62.967293 167.030563 -100.682053 3.503214 184.145599 -76.545067 -66.027420 167.949463 -81.849823 28.136631 162.069153 -40.068562               1536 
-69.118309 167.237442 -91.312447 -1.180341 184.362320 -72.334267 -71.129066 169.130203 -72.623772 25.445770 163.166916 -36.746140               1554 
-73.512489 169.542480 -74.699677 -3.939487 183.312454 -61.739586 -74.460129 171.927200 -56.068996 24.603769 159.378342 -29.534761               1572 
-59.651859 165.729767 -50.700127 -7.641145 183.189194 -53.767857 -78.075706 172.725632 -45.718864 21.821333 157.501617 -23.820887               1590 
-51.923794 164.481400 -28.944370 -8.163373 181.906097 -41.635704 -78.567680 177.923294 -26.243942 21.906260 154.615784 -13.783132               1608 
-48.133335 164.265396 -13.076019 -7.784479 180.482956 -30.976639 -76.554451 185.942047 -4.626939 23.006689 152.469269 -4.673647               1626 
-45.597996 163.496323 0.055756 -6.045020 177.413849 -20.622999 -72.199310 191.929749 12.417181 24.613386 149.181137 5.600764               1644 
-41.353397 159.455063 13.324672 -2.552658 173.660645 -8.546760 -67.342850 190.088516 27.609814 29.121275 146.105438 17.186144               1663 
-42.160034 158.057861 23.607740 -4.415461 170.468018 -1.029138 -65.246490 192.733276 39.199905 28.082006 143.063202 23.822430               1681 
-40.762554 154.781891 34.781162 -4.111332 168.908325 9.427902 -62.546417 191.256714 53.414993 29.684580 141.163300 32.072086               1699 
-37.465279 151.996460 43.823486 -1.150861 166.521118 18.211567 -57.768097 191.208862 63.833305 33.031006 138.909531 40.435658               1717 
-37.249699 148.996063 50.653339 -1.161247 164.992432 25.604763 -54.837643 193.237167 72.041512 33.512974 137.560806 47.282249               1735 
-35.562534 144.764313 56.860405 1.072190 161.975906 33.464489 -51.040089 194.830399 78.838860 35.565632 135.423950 56.484180               1753 
-33.755905 141.315109 62.138424 2.768645 159.007385 38.929108 -46.024517 195.170319 86.495117 37.354164 132.014694 61.288593               1771 
-31.826630 140.546051 66.879555 4.861351 158.994370 44.532207 -43.554543 197.715775 91.745583 39.484489 133.182922 68.190544               1789 
-31.528728 138.688416 69.604492 5.137589 157.542206 47.427589 -40.472210 197.194626 97.816162 39.713661 130.539124 69.789124               1807 
-31.425472 139.461441 72.043945 5.501134 157.639603 49.561989 -38.541538 199.220856 100.358307 39.707531 130.240585 72.010284               1825 
-30.679974 137.361908 74.223259 6.065612 157.504501 52.213638 -37.959980 196.736053 105.519073 41.097408 130.191132 73.461304               1844 
-30.756878 136.287415 75.390198 6.382061 157.641953 53.879597 -37.466568 195.533798 108.758766 41.776974 130.237732 74.395920               1861 
-31.095106 135.333572 76.931854 5.960336 158.962570 56.547009 -38.207970 193.031631 113.871826 42.100323 131.342651 75.408394               1879 
-31.278973 135.068192 77.419403 5.557536 160.575348 58.350872 -39.547520 191.045212 116.976089 42.213604 132.899765 76.102058               1898 
-31.680624 133.507660 77.560646 4.400456 161.264114 60.099571 -43.049114 186.726501 118.786797 41.843624 134.064026 76.918434               1916 
-30.895714 132.677170 77.690811 4.663939 161.314880 60.439243 -47.013165 181.886398 114.417831 42.578934 134.933472 77.503380               1934 
-29.781067 132.194229 79.249130 4.874584 161.345947 61.266014 -52.224953 173.083572 101.054680 43.300823 136.450150 79.385986               1952 
-28.535936 132.063934 80.823547 5.120234 161.433380 61.931499 -53.620781 170.297577 96.733696 43.900631 137.678314 80.812370               1970 
-27.178694 132.049362 82.870499 5.311407 161.769150 63.219280 -54.168045 168.593552 95.484886 44.509315 139.280792 82.777084               1988 
-26.566303 132.068649 83.632500 5.326210 161.947006 63.790916 -54.354195 167.384659 94.388741 44.632538 139.671448 83.374641               2006 
-25.326698 131.408401 84.956619 5.303494 161.055588 63.841991 -54.624126 165.613571 92.934662 44.975166 140.306152 84.343933               2024 
-24.087286 130.949875 86.047836 5.268918 160.299133 63.884644 -54.747654 164.428879 92.168846 45.232357 140.794678 85.031967               2042 
-23.002459 130.358353 86.828964 5.501614 159.236008 64.057693 -54.407238 163.856354 91.868759 45.473522 140.060822 85.488251               2060 
-22.135208 129.705261 87.437874 5.413025 158.637970 64.287415 -54.084511 163.177948 91.988991 45.708305 139.853897 85.457184               2078 
-21.837021 129.643768 87.757721 5.115543 158.455353 64.347656 -53.739296 162.647858 90.411079 45.542030 140.021530 85.575066               2106 
-21.875248 129.401382 87.562569 5.054287 158.303970 64.335342 -52.476433 161.284653 88.229111 45.456226 139.727661 85.485138               2115 
-21.736105 129.279343 87.499855 5.037098 158.254486 64.359070 -50.171684 156.357376 83.444336 45.487110 139.641220 85.384125               2123 
-21.711817 129.287247 87.351723 4.918771 158.338821 64.309753 -48.885929 152.957718 80.171005 45.411442 139.713745 85.242027               2133 
-21.536293 130.104828 87.685997 4.975798 158.870483 64.419807 -48.128967 151.499832 78.365585 45.421268 140.495255 85.661865               2142 
-21.358562 130.855927 87.716286 5.196076 159.358261 64.419830 -47.360912 150.492737 76.865967 45.504250 140.836502 85.795181               2151 
-21.345695 131.496231 87.570061 5.441665 159.721130 64.293465 -46.717789 149.832382 75.636658 45.589794 140.868790 85.681000               2160 
-21.462063 132.219833 87.613548 5.530466 160.139435 64.273682 -46.484398 149.844498 75.126556 45.581154 141.128311 85.703316               2169 
-22.038687 133.031433 87.611633 5.577299 160.589172 64.476372 -46.295757 149.875214 74.657043 45.444286 141.274368 85.976875               2178 
-22.777084 134.205078 87.873703 5.536043 161.350586 64.818779 -46.122234 149.911606 74.366249 45.322910 142.044998 86.475403               2187 
-23.976110 134.946655 88.102943 5.599623 161.828766 65.961906 -45.838493 149.360428 73.603928 44.863239 142.321701 88.379608               2196 
-24.698315 135.482147 88.210594 5.921072 162.063431 66.661728 -44.568562 147.842621 72.496819 44.876190 142.610596 89.657303               2205 
-25.165836 135.713501 88.062347 6.336205 162.135818 67.090515 -43.385738 146.766541 71.788574 45.094753 142.804306 90.516518               2214 
-25.669216 138.115967 88.508629 6.317907 164.757019 67.937271 -41.829319 146.962341 71.530960 45.313190 145.621246 91.129936               2223 
-26.161566 138.130508 88.053894 6.575101 164.735687 68.218468 -40.873714 146.120560 70.757080 45.309853 145.520309 91.778999               2232 
-26.244774 138.257217 88.036453 6.874411 164.717590 68.270523 -40.178226 145.477081 70.579559 45.547523 146.342773 92.590599               2241 
-25.942514 137.833679 88.004517 7.415227 164.247360 68.222878 -39.410740 144.643585 70.712753 46.103882 147.022614 93.346687               2250 
-25.223341 136.930069 87.628120 8.330734 163.718079 68.457520 -38.548168 144.079727 70.793251 46.836960 147.498077 94.513077               2259 
-24.916491 136.638351 87.814857 8.844695 163.340408 68.707214 -38.305351 144.531738 71.603569 47.261745 147.882935 95.351295               2268 
-23.340584 135.423904 88.587631 10.813929 161.710999 69.443008 -36.988205 144.782944 73.325500 49.261238 145.803726 95.776878               2277 
-22.915686 135.069717 89.432129 11.453364 160.940231 70.006020 -36.870228 146.274323 75.069008 49.975346 145.192566 96.326698               2286 
-22.238899 133.649750 89.352882 12.115316 160.086594 70.536278 -36.272575 146.870850 76.006798 50.870529 144.216949 96.437973               2295 
-20.670567 131.938782 89.776237 13.156069 159.009583 70.724579 -35.129410 147.516006 77.703491 52.651897 143.820801 95.905731               2304 
-20.063280 130.414246 89.583595 13.590150 158.075546 70.907845 -34.591526 148.712448 78.703316 53.475761 142.850204 95.444290               2313 
-19.529285 128.194183 89.402603 13.998305 156.500183 71.319283 -33.913490 148.567963 79.634254 54.226372 141.036041 95.136780               2322 
-19.582407 125.733162 89.178886 13.594016 153.758484 69.973549 -33.730770 148.073013 80.649513 54.740101 137.559128 91.636658               2332 
-19.536572 125.792519 89.697662 13.470242 153.469681 69.667328 -33.571770 148.132813 81.445824 55.045216 137.249084 90.478943               2340 
-19.884497 125.632637 90.084518 13.017801 152.825119 69.272804 -33.813812 147.900711 81.874153 54.864189 136.668015 89.583832               2349 
-19.961285 125.897087 90.194489 13.017863 152.870956 69.265213 -33.745789 148.064621 82.048447 54.929829 136.772125 89.487091               2358 
-20.083584 126.262550 90.187447 13.003204 152.984772 69.209785 -33.695320 148.304398 82.191032 54.968739 136.856613 89.296761               2368 
-20.092691 126.895317 89.779083 13.424149 153.090836 69.106750 -33.379505 148.896545 81.981590 55.139168 136.442841 89.291176               2377 
-19.979862 127.548019 89.672058 13.609428 153.402832 68.928802 -33.213223 149.335220 81.924881 55.309444 136.838654 89.212944               2386 
-19.900515 127.998924 89.576561 13.693945 153.621704 68.790009 -33.142632 149.620407 81.878059 55.389729 137.130142 89.141914               2395 
-19.755148 128.533768 89.537437 13.807984 153.954315 68.628105 -33.004028 149.997391 81.956047 55.568951 137.543945 88.911865               2404 
-19.590652 128.961090 89.389763 13.582583 155.490021 69.380280 -33.270191 150.261215 82.373421 55.561909 139.654739 89.670418               2413 
-19.363787 128.905182 89.026970 14.084798 156.059616 70.494392 -32.994099 150.477173 82.805374 55.793636 139.540161 90.796875               2422 
-19.494818 129.235626 88.612160 14.409163 156.728348 71.571877 -33.036873 151.174591 83.266029 55.703167 139.336761 91.993622               2431 
-18.856415 129.996796 88.236778 15.657511 157.489731 72.583138 -32.216354 152.365616 83.911911 56.450977 138.859833 92.918571               2440 
-18.621874 130.794846 88.170219 16.018520 158.262955 72.913353 -32.167564 153.054581 84.030228 56.641327 139.733566 93.677727               2449 
-18.392544 131.261581 87.810921 16.464191 158.791901 73.294373 -31.934868 153.508301 84.403526 56.953671 139.638718 93.750862               2458 
-18.210323 131.509872 87.290764 16.779432 159.138626 73.365723 -31.808828 153.519196 84.464233 57.216488 139.681015 93.637772               2467 
-18.373920 133.128616 87.595764 16.766966 160.278473 73.157433 -31.889698 154.785675 84.768097 57.260124 140.885254 93.379143               2476 
-18.437420 133.725815 87.412865 17.045216 160.562561 73.312363 -31.753180 154.564423 84.594971 57.360561 140.875427 93.605194               2485 
-18.635637 133.992630 86.962044 17.049992 160.772171 73.272240 -31.752731 153.916656 84.118767 57.318336 140.904449 93.482231               2494 
-18.824240 134.440735 86.535469 17.145571 161.096634 73.212868 -31.657114 153.484482 83.624207 57.364079 141.062256 93.357483               2503 
-18.842484 134.678421 86.194244 17.350880 161.253387 73.275131 -31.484753 153.117706 83.290550 57.494591 140.919479 93.268250               2512 
-20.136963 137.286865 86.205750 17.351345 162.254227 73.349869 -31.516399 154.162140 82.723633 56.815723 140.037201 92.680595               2522 
-20.895239 139.032150 86.112267 17.283178 162.988678 73.253967 -31.640350 154.955399 82.111168 56.239834 139.575241 92.198608               2530 
-20.347292 139.237137 85.916794 17.887125 163.145950 73.056183 -31.048304 154.402390 81.411285 56.844059 140.023468 92.354317               2540 
-20.092932 139.533218 85.791702 18.336128 163.300552 73.133423 -30.683723 154.617096 81.372765 57.205685 140.078094 92.487633               2548 
-20.170156 140.005081 85.549904 18.482565 163.578537 73.021324 -30.822302 155.146744 81.377136 57.269943 140.333191 92.512428               2558 
-20.122330 140.266281 85.611877 18.665392 163.705963 73.068626 -30.732237 155.275604 81.523643 57.469555 140.580002 92.668030               2566 
-20.069031 140.514435 85.604553 18.855576 163.797729 73.014671 -30.658308 155.436890 81.583626 57.672245 140.880249 92.832985               2576 
-20.141920 140.606628 85.409180 18.931486 163.704971 72.868065 -30.714880 155.564865 81.427742 57.679718 140.843597 92.884087               2584 
-20.194515 140.709335 85.170677 19.103701 163.560822 72.724007 -30.720125 155.810257 81.251358 57.742226 140.793228 93.056526               2594 
-20.018200 140.701691 85.055656 19.418955 163.409805 72.736549 -30.671425 156.142365 81.150368 57.959644 140.849869 93.482033               2602 
-19.540474 140.865814 85.357445 20.112751 163.251740 73.048576 -30.261652 156.466492 81.213402 58.489647 141.074722 94.498604               2612 
-19.152437 140.766861 85.205101 20.721884 162.945480 73.109848 -29.828121 156.553467 81.019783 58.943584 140.881088 94.949593               2621 
-19.141987 140.894394 85.071571 20.768753 162.992706 72.989975 -29.881361 156.739029 80.862885 58.979187 141.079254 95.000732               2630 
-19.119854 140.958405 84.979240 20.846992 162.964584 72.965378 -29.860405 156.878220 80.822937 59.019951 141.058029 95.047905               2639 
-19.155348 140.994476 84.931839 20.900517 162.881653 73.029922 -29.785311 157.012619 80.805962 59.007183 140.917038 95.169189               2648 
-19.159792 141.118073 85.036438 20.975458 162.816574 73.088898 -29.639416 157.090118 80.806458 59.026005 140.945251 95.416260               2657 
-19.176994 140.980225 85.184166 21.020782 162.563324 73.255814 -29.509661 156.964554 80.829605 58.994713 140.847305 95.863441               2666 
-19.333008 141.318665 85.497368 20.913435 162.705948 73.415581 -29.536306 157.253265 80.835693 58.794628 141.413559 96.575012               2675 
-19.126699 140.541641 86.070328 21.496681 161.568466 74.621216 -28.941841 156.509644 81.094620 58.810085 140.188644 98.607124               2684 
-18.560762 140.177490 86.409599 22.337946 160.812927 75.217377 -27.864241 155.731323 80.831192 59.233711 139.489685 99.889870               2693 
-17.897139 140.067886 86.418808 23.094227 160.445175 75.089409 -26.867588 155.556808 80.733704 59.958557 138.793503 99.521690               2702 
-17.678589 139.775681 86.476509 23.244003 160.245697 75.074089 -26.316216 154.974487 80.556244 60.227135 138.604752 99.335739               2711 
-17.742098 139.507843 86.335464 23.143675 160.037476 74.934021 -25.962135 154.562302 80.257065 60.193634 138.338806 99.041672               2720 
