-38.589245 183.413086 75.749382 36.571068 144.460571 93.106552 -19.058718 162.611740 91.763397 55.052620 106.454720 118.379005                  0 
-38.783810 182.973846 75.923149 36.555489 144.466705 93.114563 -19.057487 162.607101 91.734657 55.065155 106.464867 118.372490                 18 
-38.885223 182.712341 75.999901 36.559616 144.473114 93.108208 -19.023413 162.615753 91.680229 55.093449 106.475639 118.354958                 37 
-38.995838 182.370132 76.111870 36.567486 144.481781 93.101044 -18.980190 162.609329 91.608589 55.132587 106.489655 118.332886                 56 
-39.057243 182.150757 76.183510 36.569546 144.481033 93.103424 -18.928532 162.630508 91.542854 55.145672 106.488953 118.327225                 75 
-39.095657 182.082413 76.193314 36.562454 144.482086 93.114212 -18.904598 162.616608 91.488205 55.163593 106.494354 118.326103                 94 
-39.143162 182.000076 76.207382 36.550819 144.480362 93.138596 -18.882956 162.596466 91.439796 55.182579 106.501717 118.341560                113 
-39.206318 181.782120 76.269249 36.546822 144.485931 93.155960 -18.846512 162.608521 91.384560 55.196342 106.516930 118.360313                131 
-39.459415 181.449600 76.346420 36.469894 144.616409 93.206100 -18.946211 162.572433 91.374252 55.264580 106.749146 118.455650                150 
-39.751495 180.668427 76.592667 36.410374 144.722702 93.236488 -19.033833 162.516876 91.361320 55.345837 106.944618 118.514427                169 
-39.849400 180.183212 76.778404 36.425381 144.701431 93.275970 -19.010256 162.452927 91.379478 55.418346 106.937431 118.531799                188 
-39.881645 179.187088 77.184540 36.623421 144.426498 93.440399 -18.872393 161.965775 91.608742 55.808704 106.653572 118.537010                207 
-39.891273 178.235229 77.483353 36.831429 144.209991 93.508057 -18.725590 161.564331 91.760284 56.210197 106.457748 118.486877                226 
-39.869022 177.449707 77.726028 37.061218 144.033447 93.525124 -18.557951 161.226318 91.925606 56.659046 106.335281 118.414551                245 
-39.827168 176.841309 77.880310 37.213364 143.816360 93.611465 -18.440479 160.950729 92.077347 56.924690 106.144371 118.450836                264 
-39.876225 176.750549 77.763428 37.173218 143.824417 93.607140 -18.478573 160.999817 92.076118 56.910072 106.164619 118.444733                283 
-39.939064 176.639938 77.657204 37.122913 143.816605 93.605774 -18.526859 161.018265 92.071068 56.887886 106.161636 118.428314                301 
-39.966942 176.532806 77.599258 37.126793 143.810425 93.578621 -18.524933 161.028259 92.093086 56.947269 106.167244 118.374779                320 
-40.091286 176.257614 77.546822 37.077305 143.757294 93.604782 -18.605614 160.874191 92.148605 57.014080 106.158165 118.374527                339 
-40.153419 176.017639 77.452759 37.055012 143.695190 93.626091 -18.645657 160.773880 92.190056 57.068005 106.129807 118.385567                358 
-40.193493 175.757950 77.383934 37.053356 143.643326 93.630013 -18.658875 160.693481 92.197334 57.123264 106.108795 118.390205                377 
-40.193604 175.196472 77.511993 37.097794 143.251221 93.743698 -18.629831 160.261093 92.356567 57.232021 105.701874 118.429115                396 
-40.136040 174.705872 77.572937 37.249725 142.993698 93.716789 -18.515440 159.895386 92.454819 57.526402 105.462921 118.313683                415 
-40.054283 174.362122 77.517952 37.355370 142.759415 93.717278 -18.428137 159.653290 92.551697 57.707405 105.225471 118.247002                433 
-39.658558 174.061676 77.548874 37.698994 142.247345 93.544044 -18.052155 159.361771 92.685364 58.057159 104.585945 117.872520                452 
-39.545742 173.744461 77.478203 37.823868 142.031891 93.541031 -17.943985 159.122406 92.764450 58.254494 104.395424 117.847321                471 
-39.575695 173.750183 77.497192 37.805809 142.144897 93.601059 -17.972940 159.195892 92.861931 58.286892 104.514427 117.874161                490 
-39.615177 173.772629 77.515823 37.769100 142.269608 93.697769 -18.019554 159.266663 92.985924 58.308750 104.635292 117.915337                509 
-39.623852 173.825073 77.588249 37.713032 142.305832 93.815422 -18.046839 159.331284 93.063499 58.222248 104.602409 117.951157                528 
-39.628841 173.866272 77.731277 37.735500 142.413620 93.884285 -18.023979 159.398727 93.197433 58.303799 104.666000 117.900360                547 
-39.616119 173.888702 77.760933 37.751057 142.481644 93.942200 -17.991325 159.435760 93.244003 58.347488 104.693146 117.869728                565 
-39.589455 173.880447 77.675644 37.758648 142.488480 93.965462 -17.964085 159.410034 93.214302 58.364826 104.660011 117.821327                584 
-39.709949 173.852814 77.727097 37.650349 142.424271 93.875389 -18.049337 159.314133 93.218224 58.305489 104.471825 117.490791                603 
-39.867016 173.874802 77.789909 37.535114 142.548615 93.813210 -18.143026 159.442719 93.247772 58.249176 104.593018 117.371864                622 
-39.944839 173.803284 77.725197 37.471924 142.628738 93.894691 -18.204798 159.458023 93.228760 58.202869 104.679741 117.449127                641 
-39.935349 173.959290 77.518913 37.404243 142.775223 93.953369 -18.234745 159.682587 93.116478 58.028900 104.808525 117.572487                660 
-39.985229 173.925858 77.402077 37.375507 142.968353 94.064301 -18.270811 159.797714 93.074203 58.010124 105.051613 117.754883                679 
-40.245350 174.050659 76.905632 37.098587 143.818115 94.698990 -18.585056 160.431274 92.963860 57.669693 106.359985 119.161774                697 
-40.253246 174.287796 77.211212 37.001762 143.500626 94.361305 -18.602003 160.418365 93.044632 57.465530 105.602661 118.229462                716 
-40.404510 174.222931 77.301659 36.916054 143.406723 94.081223 -18.704775 160.291397 93.022598 57.463459 105.333672 117.596252                735 
-40.341560 174.051239 77.422951 36.995724 143.204117 93.914177 -18.604116 160.175171 93.057602 57.545052 105.003571 117.219833                754 
-40.278870 174.007309 77.495399 37.056786 143.048813 93.786140 -18.526350 160.084320 93.081841 57.606930 104.751083 116.931007                773 
-40.164104 173.970474 77.382568 37.144375 143.040588 93.842743 -18.442812 160.088058 93.040436 57.650604 104.742325 117.025658                792 
-39.807739 173.906601 77.342331 37.451443 142.875244 93.923935 -18.127542 159.991409 93.107254 57.901474 104.525177 117.070808                811 
-39.767715 173.620514 77.138580 37.575962 142.903000 93.855995 -18.067047 159.857498 92.963959 58.107937 104.607040 117.019928                830 
-39.640945 173.625732 76.550476 37.676735 143.107910 93.696091 -18.013857 160.065430 92.588455 58.149097 104.896797 117.052086                849 
-38.925449 174.446060 75.074341 38.040707 143.522415 93.011269 -17.570467 160.990707 91.494171 58.046375 105.305237 116.758476                867 
-37.274944 175.770035 71.865974 39.014809 144.248672 91.531013 -16.432255 162.805649 89.258133 58.166462 106.446228 116.608887                886 
-33.511936 178.419739 70.440758 41.265911 142.441605 87.919197 -13.307799 164.148712 87.394531 58.650894 102.637871 111.116951                905 
-29.930290 180.412384 68.818954 44.194939 143.119507 84.846817 -9.921793 166.660690 85.667412 60.704426 102.431877 107.132751                924 
-28.527096 183.618286 63.298317 45.440346 148.060364 82.122505 -8.890864 171.745895 81.240952 61.484909 108.076500 105.967255                943 
-24.937069 189.036804 55.362450 47.488758 153.004776 78.737816 -6.529847 177.730652 75.117157 61.752842 113.225281 104.013062                962 
-24.345783 193.373566 45.514977 47.506496 158.882324 72.849091 -6.920801 182.227142 66.391594 61.341892 119.125854 98.397385                980 
-20.763306 195.501740 39.044399 48.979065 157.007629 66.894814 -4.468661 182.442322 60.039028 60.741882 115.584282 90.778946               1000 
-20.101990 198.172989 31.521597 50.299473 161.873978 60.769142 -3.958666 185.033981 52.601761 63.071953 120.496910 84.210808               1018 
-21.322027 198.722565 19.719244 50.279346 167.984039 52.236603 -5.160309 186.432465 41.082287 65.137978 127.701218 76.345215               1037 
-23.812363 198.681427 6.711301 48.330631 174.138870 42.981949 -7.685166 187.593002 28.416594 64.966270 135.568359 68.677895               1056 
-25.891914 198.945099 -5.550214 46.510509 178.779282 32.841896 -9.738177 188.743591 16.421835 64.296890 141.790909 60.048786               1075 
-29.614378 195.187592 -19.083948 43.326965 182.441437 21.414635 -13.199039 186.588867 3.292526 63.743259 147.668274 49.676117               1094 
-35.344448 186.232529 -36.106815 36.905022 188.914810 2.651044 -19.558018 183.410507 -15.673738 60.880032 161.727036 35.978706               1113 
-37.687183 177.559265 -45.609074 31.902666 185.315994 -6.690303 -23.611738 175.805130 -26.948013 56.710270 159.533127 27.140692               1131 
-36.506058 170.939392 -54.066494 30.466078 181.526489 -13.408684 -24.435520 169.737183 -35.616703 55.065372 156.389618 21.054663               1150 
-36.506599 163.844406 -64.437309 27.997606 178.482697 -21.626822 -26.496485 163.678925 -44.931038 52.569988 155.079178 14.054874               1169 
-37.301750 153.101547 -74.106239 24.889944 174.291489 -30.299330 -29.042181 154.760147 -53.470383 49.458683 154.717804 7.621093               1188 
-39.086063 136.460709 -79.312546 21.221901 174.745026 -43.298431 -30.563248 143.576752 -58.500938 48.462261 168.114334 -2.817488               1207 
-38.749084 124.716805 -85.053612 18.420721 171.510513 -52.720348 -31.062412 134.646835 -64.022156 45.762093 171.570938 -11.767256               1226 
-37.775158 117.179398 -93.120392 16.391615 167.429596 -60.133724 -31.857035 128.283005 -71.470978 41.994408 170.118408 -18.157812               1245 
-34.609879 112.943581 -98.971863 16.077076 165.932602 -63.458725 -30.521788 124.447243 -75.867813 39.626385 170.350586 -20.439877               1263 
-32.926624 109.933617 -101.721802 15.878895 164.641632 -65.173302 -29.734983 121.672729 -77.694572 38.431412 170.240250 -21.759600               1282 
-33.584324 107.062576 -103.447327 15.189395 163.080902 -68.325462 -30.538204 119.795143 -79.537308 37.046005 170.590027 -24.844297               1301 
-33.825184 102.317337 -103.856743 13.272734 161.355774 -71.099014 -30.637964 115.654533 -80.041840 35.902225 170.894424 -28.418449               1320 
-36.841492 98.602463 -109.308922 9.405097 158.278107 -75.857796 -33.601566 111.618309 -84.840218 31.915339 168.085892 -33.175175               1339 
-35.628422 95.236473 -108.749344 7.887818 158.205963 -77.203941 -32.987560 109.275078 -84.348602 29.587353 170.843231 -34.846657               1358 
-36.061604 95.178169 -106.319183 8.170108 158.616989 -76.808113 -33.100857 109.785774 -82.487801 30.384892 171.983749 -34.944729               1377 
-36.579960 95.247108 -102.970734 8.278737 159.100861 -76.306862 -33.492531 110.586876 -80.727097 30.970083 173.031372 -34.885204               1396 
-36.479618 95.566582 -99.793465 8.114326 159.574081 -75.914474 -33.937435 111.273384 -80.154518 31.397354 173.083191 -34.682034               1415 
-38.107399 95.451706 -99.128632 6.980706 159.002655 -75.846497 -35.258564 111.094276 -80.564407 30.599667 171.793930 -34.576191               1434 
-40.066353 95.300240 -99.770172 5.067647 158.596878 -76.057243 -36.855289 110.733246 -81.520645 28.830311 170.774750 -34.684002               1452 
-41.491917 94.963860 -100.283714 3.444878 158.307724 -76.417679 -38.068794 110.317535 -82.294785 27.232531 170.264648 -34.994381               1471 
-42.371387 94.698830 -100.497177 2.310263 158.239532 -76.747375 -38.807682 110.063782 -82.772736 26.197758 170.136856 -35.364395               1490 
-42.981342 94.623032 -100.650055 1.400345 158.408401 -77.056892 -39.333313 110.065002 -83.215477 25.271227 170.351822 -35.677601               1509 
-44.750072 93.431046 -99.979965 -0.769581 158.015823 -78.061729 -41.065678 109.502655 -83.464211 22.766922 171.110657 -36.839546               1528 
-47.364666 93.094933 -101.307106 -4.129133 158.109314 -79.448814 -43.829807 109.547951 -85.532181 18.340437 171.756546 -37.812515               1546 
-52.172401 89.952698 -99.413086 -10.451417 157.624741 -83.517700 -48.981728 108.424789 -86.060326 10.532443 176.021729 -42.947533               1565 
-63.286587 96.954590 -111.353310 -17.287844 159.392029 -87.887093 -58.563053 113.537720 -96.233528 5.713099 170.810471 -45.871784               1584 
-69.793549 98.451080 -112.506859 -22.953369 159.938705 -88.604836 -64.589348 114.841675 -97.648529 0.836967 170.094177 -46.704994               1603 
-77.242004 102.915367 -111.047600 -29.922598 163.491821 -87.423271 -71.645164 118.921471 -96.992256 -3.740389 171.295074 -46.456081               1622 
-88.057434 112.960213 -110.065788 -40.287849 170.496918 -86.473671 -83.683693 128.284668 -98.396492 -10.619644 172.420410 -47.220547               1641 
-95.086502 115.659256 -104.411522 -48.510536 173.587143 -83.805023 -92.495064 131.902100 -95.187454 -17.870338 174.948578 -45.281849               1660 
-103.780327 115.457191 -98.440109 -59.472889 175.497726 -82.768120 -102.697914 132.308212 -90.783722 -25.650440 177.819046 -47.055889               1679 
-110.818825 115.476967 -92.447258 -67.266541 176.010803 -78.819145 -110.771812 132.832977 -85.444130 -32.463211 178.581726 -44.079708               1698 
-114.352661 105.448570 -75.334915 -78.178619 171.946640 -77.293045 -116.336594 123.877823 -72.227333 -42.476925 185.541931 -46.224300               1716 
-125.909027 108.374306 -75.406898 -87.378952 173.592133 -74.472595 -126.989334 126.830261 -71.590118 -50.542385 184.129303 -43.541298               1735 
-129.952164 101.824242 -70.722267 -98.131828 170.691422 -74.640709 -132.649078 120.528763 -68.106201 -62.430851 187.218475 -45.026405               1754 
-137.398590 100.262077 -70.743271 -105.959908 169.764526 -73.375832 -139.626587 119.073013 -67.434166 -70.347786 186.516006 -43.780651               1773 
-153.790482 100.022491 -72.740250 -115.502350 166.390091 -72.780342 -153.240921 118.772247 -67.997841 -76.521172 177.683167 -44.894070               1792 
-159.526367 94.819977 -69.769447 -127.672363 164.522186 -76.356430 -160.059433 114.004501 -66.517860 -89.381584 182.101944 -50.871563               1811 
-170.583954 92.079590 -72.225006 -138.236710 161.823547 -79.491913 -170.168472 111.337769 -68.778915 -98.952438 179.276657 -55.474331               1829 
-176.821884 93.691269 -66.920120 -144.733643 163.048492 -79.402664 -175.162506 112.998962 -64.531830 -103.213242 181.043655 -59.987709               1848 
-178.617920 93.324394 -63.767670 -146.049500 162.152451 -78.601799 -175.971329 112.528000 -62.402397 -103.945198 180.308350 -60.649071               1867 
-179.239548 92.595627 -62.655525 -147.278168 161.609543 -78.463631 -175.957916 111.519669 -62.009842 -105.377640 180.535416 -60.832203               1886 
-179.950043 83.519646 -61.525963 -150.444046 154.238190 -74.771156 -176.122498 102.171555 -61.193344 -109.176315 174.022034 -56.597462               1905 
-197.045013 86.258209 -75.633049 -153.597610 150.825470 -74.619965 -189.041855 102.625938 -71.761856 -110.764450 158.559158 -51.593460               1924 
-206.600006 90.425026 -85.630142 -151.728333 144.064301 -72.273155 -195.379547 103.150146 -78.498001 -107.892464 138.376724 -50.575726               1943 
-208.176941 91.916138 -84.889832 -149.437393 140.405624 -68.381760 -195.243073 102.401207 -77.606575 -105.559036 129.934738 -48.639431               1962 
-209.089554 92.944283 -82.849327 -148.793869 139.564743 -66.366386 -195.254578 102.320419 -76.051331 -104.915565 127.624229 -47.476471               1981 
-209.468246 94.371994 -81.568306 -148.355820 139.945633 -64.987831 -195.033340 102.933113 -75.123489 -104.553360 127.221497 -46.436531               1999 
-208.936844 91.401642 -80.256378 -147.464737 136.946915 -64.808838 -194.035416 99.540474 -74.378502 -103.790291 124.435600 -45.816193               2018 
-208.660400 91.754051 -75.450813 -146.184845 136.721939 -62.363380 -192.971664 99.317520 -70.637009 -102.524475 124.166603 -43.367439               2037 
-208.535263 91.975716 -73.110680 -145.560410 136.612183 -61.170292 -192.597092 99.354675 -68.636520 -101.905060 124.038277 -42.175117               2056 
-208.089493 91.834648 -71.816292 -145.094437 136.378250 -60.014309 -192.137695 99.139313 -67.490181 -101.373749 123.699615 -41.240307               2075 
-202.000534 88.758774 -62.998024 -137.173157 131.804031 -57.734234 -185.642578 95.926743 -60.084446 -93.561974 119.681709 -38.348057               2094 
-198.760376 89.416878 -56.595608 -132.187500 129.942596 -55.292473 -181.974548 96.370880 -54.827518 -88.755096 117.300415 -35.837101               2112 
-195.709961 86.678535 -53.871292 -129.584030 127.870758 -54.553059 -178.674469 94.085373 -53.216930 -85.919510 116.411400 -34.885769               2131 
-195.792358 87.369690 -53.597546 -129.412125 128.079239 -54.638302 -178.451889 94.843018 -53.606678 -85.880371 116.554337 -34.716618               2150 
-195.768768 87.759537 -53.421955 -129.381134 128.397507 -54.596355 -178.292038 95.257469 -53.765194 -85.854980 116.872833 -34.662300               2169 
-199.578354 84.392311 -60.984314 -136.911484 129.907852 -53.412125 -182.583771 93.331017 -59.966728 -92.906128 118.788864 -34.317455               2188 
-197.182800 77.145599 -66.618744 -138.356079 126.158607 -52.845703 -180.895294 87.246613 -64.428802 -93.850754 116.358566 -34.192436               2207 
-196.597687 76.556313 -68.081352 -138.558624 126.044662 -52.858780 -180.483948 86.858940 -65.613327 -93.940506 116.399803 -34.395035               2226 
-197.276047 77.588737 -70.572548 -139.280991 126.394623 -53.223103 -181.263107 87.828606 -67.594688 -94.603111 115.961571 -35.341606               2245 
-196.710083 80.789238 -74.861450 -140.112183 129.581802 -53.419483 -181.157471 91.130142 -70.657349 -96.070183 119.008675 -34.100544               2263 
-195.238739 88.052315 -78.713051 -141.583237 138.765869 -54.411015 -180.523514 98.969826 -73.548012 -97.654327 129.683945 -34.101429               2282 
-197.582016 93.841408 -74.594193 -142.432755 145.247253 -55.635952 -183.156235 104.772598 -69.740349 -98.181816 136.949387 -35.693302               2301 
-204.672943 107.476303 -65.635956 -144.759384 156.919083 -59.025406 -189.259903 117.787460 -62.529987 -100.048538 149.220535 -39.884285               2320 
-206.416519 116.549080 -58.070190 -142.036346 160.651505 -56.797649 -190.049301 125.480957 -55.609718 -96.557846 149.139938 -41.834370               2339 
-204.844650 121.197372 -53.148968 -140.038437 164.606369 -55.575424 -188.386444 130.077393 -51.379459 -94.061867 152.880920 -42.408073               2358 
-197.186752 135.277115 -43.533081 -132.054214 177.611420 -50.854408 -180.736664 144.279648 -42.692383 -86.464722 167.785522 -35.050602               2377 
-183.331192 136.978821 -37.757923 -120.193901 182.723755 -40.443584 -167.342728 146.676712 -35.871784 -74.664902 174.132492 -23.769951               2396 
-176.317932 147.242462 -23.141722 -111.384789 189.391205 -32.714523 -159.295624 155.851151 -23.449484 -65.405663 179.695633 -17.996304               2414 
-166.798935 162.471161 -7.182508 -98.576477 194.792419 -26.776670 -148.458191 168.341644 -10.397359 -53.260979 184.274979 -10.633590               2433 
-157.152481 177.161591 7.710838 -86.561104 197.383835 -18.545509 -138.113846 179.528656 2.646143 -42.127316 183.442596 -2.545836               2452 
-143.251480 182.173904 17.191017 -68.980980 195.141571 -2.706370 -122.668015 180.160370 11.156854 -28.178572 171.904434 12.122954               2471 
-131.584747 198.693115 18.723185 -55.224949 195.466049 3.304429 -111.187706 191.097687 13.344586 -20.895815 165.388855 21.786383               2490 
-118.872238 201.447601 28.615088 -43.034729 196.236267 11.409063 -98.670837 192.693481 22.441292 -8.973218 165.665070 29.572924               2509 
-111.021461 205.066681 31.292828 -34.935272 198.443298 15.883260 -90.623055 195.363846 26.125673 -1.092498 170.093536 37.693085               2528 
-84.619118 171.876968 56.653469 -36.934624 188.513489 22.330824 -86.200371 170.170273 40.857925 6.144120 172.473114 39.984112               2556 
-73.330315 170.706573 61.906483 -28.428955 187.863129 27.880663 -78.072723 169.759460 43.790840 13.466580 168.021393 44.487274               2565 
-64.701332 172.107574 66.096107 -19.126844 187.374893 33.330631 -69.277519 170.361298 45.175961 20.458347 162.940216 49.475883               2575 
-58.927872 174.643570 65.604164 -10.949931 185.839401 35.969528 -62.301929 171.519150 42.575333 24.994944 158.331772 55.360405               2584 
-55.281307 171.530289 65.130234 -5.823536 180.568176 38.719200 -57.811180 169.165649 41.162075 26.596876 149.535416 58.982323               2594 
-50.619366 172.192657 67.070824 -1.030244 178.664230 41.137642 -53.198883 169.450104 42.765869 29.440151 146.311462 62.340553               2603 
-47.828053 172.752472 67.512985 2.110460 177.361237 42.408104 -49.320202 168.490860 43.408974 31.309149 145.111816 65.475845               2613 
-43.986870 173.049286 70.603584 5.638777 175.164322 44.928703 -45.358948 167.384338 46.820522 33.913261 142.853027 69.037712               2622 
-39.922096 173.181030 73.716133 9.145792 173.560257 47.199806 -41.547523 167.048737 50.663937 37.088840 141.412018 71.905823               2631 
-37.105679 172.717987 76.354126 11.545895 172.358856 49.307587 -38.817898 166.511703 53.995148 39.549294 140.592758 74.435966               2641 
-34.455978 172.834229 77.714256 13.946271 171.584335 50.442764 -36.274178 166.414795 55.703339 41.691654 139.923782 75.987099               2651 
-31.834209 172.957886 78.969658 16.277321 170.302429 51.445641 -33.884544 165.970169 57.294518 43.752010 139.084961 77.814583               2660 
-29.398888 173.526382 79.089088 19.107868 169.197113 52.633057 -31.188467 165.721451 57.766903 45.713551 138.935089 80.936005               2669 
-27.504276 173.946625 79.781578 21.150997 168.129044 54.022114 -29.266640 165.823029 58.612316 46.783756 137.992233 83.338394               2679 
-25.274639 175.314316 79.734863 23.807756 167.021149 55.634949 -26.799374 167.041016 58.535702 47.070316 136.155640 86.145332               2688 
-23.227129 175.828339 80.701897 25.431126 165.259796 56.747860 -25.212080 167.052811 59.916439 48.078133 135.231750 88.530540               2698 
-21.314121 177.192383 82.509201 27.438410 165.966217 59.154419 -23.298651 171.351151 62.274902 49.043793 135.255844 91.010185               2707 
-17.431736 173.261810 86.637329 30.686256 162.646042 61.823734 -16.809563 181.139801 70.216209 50.878445 127.512108 89.798576               2716 
-16.451378 170.175629 89.352646 31.484201 161.117264 63.665409 -13.006412 187.795837 77.209999 52.119129 124.825729 89.777359               2726 
-15.239884 170.054764 91.889580 32.584309 161.275665 65.972450 -8.310725 194.646591 83.130714 53.032074 124.366432 91.355659               2735 
-15.888062 165.674438 92.383003 32.784801 160.174545 67.220436 -8.109411 195.657883 87.759140 54.203098 122.946213 91.304001               2744 
-16.162292 160.822495 93.002693 33.071571 158.367126 68.524368 -8.242663 194.620972 92.163994 55.519760 120.948067 91.341087               2754 
-15.696604 157.727066 93.540657 33.791431 157.186493 69.522034 -7.996612 193.338089 95.321732 56.800373 119.485306 91.291710               2763 
-14.655710 156.205643 95.615829 34.740677 156.728882 71.468842 -6.351859 192.523773 100.313637 57.520771 117.674179 90.975426               2773 
-13.858208 155.531723 96.824768 35.388462 156.626862 72.443535 -4.926127 192.588303 103.370567 58.164440 116.995796 90.755928               2782 
-12.710561 155.400803 98.811020 36.244095 156.606674 73.904442 -2.233909 193.403839 107.614243 58.711246 116.188744 90.825684               2792 
-11.765884 155.148285 100.665451 36.984154 156.685028 75.424767 0.622986 194.250381 112.198059 59.178360 115.548996 90.915199               2801 
-11.102882 154.446915 102.130928 37.519386 156.494659 76.722527 3.257464 194.728424 116.515213 59.596199 114.850998 90.974892               2811 
-11.119104 152.421875 101.830246 37.569183 155.911636 76.749283 2.152520 192.764755 117.441849 60.402435 114.481247 90.419533               2820 
-9.783699 152.851456 103.822319 38.714550 155.954910 78.355339 4.952937 192.823547 121.707626 60.693569 113.605309 90.526749               2829 
-9.619321 153.092987 103.954872 38.944889 156.290115 78.489502 6.513539 194.110535 124.664482 61.054779 113.950768 90.457916               2839 
-9.687958 153.205856 103.880348 38.987488 156.352631 78.484718 7.846420 195.162521 126.943237 61.155304 114.037971 90.433273               2848 
-9.732225 153.090103 103.787895 39.038460 156.360687 78.528389 9.584683 196.149078 130.031586 61.288380 114.077866 90.436935               2858 
-9.815287 152.780121 103.607643 39.115917 156.296890 78.697525 10.913610 196.826645 132.651733 61.498356 114.113914 90.711380               2867 
-10.167833 152.228806 103.139038 39.152382 156.167984 79.087349 11.701593 196.985947 135.114838 61.533390 113.997574 91.147896               2877 
-10.712731 152.184845 101.873810 39.497883 156.117584 79.768250 12.335310 197.632614 137.312439 61.295013 113.832390 92.478775               2886 
-11.013661 151.945374 100.863106 39.756519 156.226669 80.334778 13.199450 198.650055 139.336807 61.454178 114.145500 93.866066               2895 
-11.134731 151.674637 100.227097 39.937359 156.274506 80.774292 14.424894 199.443710 141.399597 61.617626 114.375397 94.886017               2905 
-11.283300 151.525391 99.735207 39.956268 156.325912 81.067993 14.788826 199.897110 142.697113 61.613819 114.558640 95.599174               2914 
-11.353368 151.437714 99.390022 39.969288 156.361313 81.270187 14.680217 200.079712 143.425461 61.604362 114.683594 96.089142               2924 
-11.649670 151.149429 98.974762 39.825626 156.309280 81.694839 13.957108 199.896729 144.280197 61.380913 114.683495 96.773750               2933 
-11.857883 150.860474 98.610970 39.677849 156.223709 82.078484 12.907956 199.542633 144.752701 61.177685 114.639130 97.349052               2943 
-12.226346 150.498398 98.087456 39.454643 155.760422 82.546692 11.837725 198.617188 145.395187 60.530396 113.964516 97.831482               2952 
-12.510707 150.150513 97.516449 39.195049 155.279633 82.906212 10.614032 197.705124 145.794235 59.884628 113.309357 98.240707               2962 
-12.697415 149.635391 97.108612 38.991356 154.787521 83.226555 9.656109 196.683838 146.249924 59.459236 112.679153 98.479782               2971 
-13.173218 148.296555 96.878326 38.414894 154.686508 83.508011 7.515690 195.684601 146.485733 59.760128 113.052490 98.860497               2981 
-13.379062 146.914963 96.836830 38.115253 154.046555 83.552353 7.530095 194.442261 147.520950 59.991367 112.602341 98.669327               2990 
-13.563518 145.784103 96.828773 37.862568 153.538147 83.659660 8.665972 193.707489 149.032837 60.157074 112.240860 98.566017               2999 
-13.902169 144.722137 96.784531 37.445847 153.307724 83.834900 10.162977 193.621140 150.578720 60.322605 112.325111 98.727486               3009 
-14.017981 144.555450 96.686035 37.327263 153.385239 83.898552 11.778726 194.303879 151.526154 60.381126 112.573990 98.987350               3018 
-14.140130 144.424957 96.603302 37.245564 153.432892 83.944313 12.914703 194.796906 152.150146 60.415337 112.740753 99.176544               3027 
-14.356353 144.191177 96.480408 37.129074 153.420364 84.053680 13.460794 195.069229 152.589340 60.367401 112.822884 99.433365               3037 
-14.641394 143.982513 96.389435 37.073227 153.445099 84.103111 14.025890 195.425339 152.861572 60.373081 112.942123 99.638084               3046 
-15.232029 143.055054 96.162079 36.728821 153.286377 84.322411 13.806632 195.289124 153.301880 60.346436 113.032326 100.023682               3056 
-15.807582 142.419632 96.104759 36.571453 153.269272 84.521935 13.861122 195.392593 153.617569 60.424389 113.202995 100.347252               3065 
-16.719961 141.424835 95.878235 36.146061 153.081421 84.884407 12.577596 194.803314 153.944641 60.276714 113.211395 100.784172               3075 
-17.834700 139.823853 95.319794 35.651913 151.967606 85.329498 11.290375 192.491547 154.757156 59.663204 111.858170 100.802109               3084 
-18.665298 139.042389 95.067749 35.409718 151.784973 85.514946 10.678120 191.906036 154.918808 59.690670 111.788971 100.859802               3094 
-19.347961 138.697601 94.925568 35.387287 151.707001 85.594910 10.715038 191.765015 154.887527 59.801189 111.753700 100.839737               3103 
-19.998108 138.223785 94.799118 35.338764 151.536514 85.764122 10.588820 191.311371 154.949265 59.898258 111.591866 100.796280               3112 
-20.783335 137.929855 94.621681 35.297787 151.392532 85.907036 10.619918 191.037140 154.911346 59.981281 111.457359 100.760208               3122 
-21.626896 137.864182 94.411209 35.268681 151.290268 86.008545 10.720613 190.949844 154.733673 60.040825 111.363029 100.734947               3131 
-22.322386 138.035660 94.370041 35.254837 151.376144 86.053268 11.258600 191.475357 154.493195 60.121292 111.521667 100.817772               3141 
-22.861212 138.187378 94.412796 35.276581 151.404800 86.208717 11.800898 191.912384 154.411560 60.185257 111.595024 101.022560               3150 
-23.268486 138.298691 94.466827 35.295540 151.429779 86.344246 12.295341 192.290421 154.359665 60.241009 111.659065 101.201012               3160 
-23.575464 138.413300 94.509178 35.305107 151.477356 86.479401 12.667245 192.646515 154.316025 60.267483 111.739067 101.394455               3169 
-23.812595 138.503082 94.577423 35.314381 151.521255 86.628609 13.010699 192.951996 154.308746 60.287148 111.804939 101.584724               3179 
-23.970657 138.518082 94.650368 35.321655 151.576004 86.792053 13.098957 193.062347 154.368134 60.340324 111.883514 101.734695               3188 
-24.042772 138.473328 94.735794 35.312119 151.614685 86.962921 13.105768 193.124374 154.407745 60.369240 111.937080 101.880653               3197 
-24.271589 138.224670 94.658844 35.082424 151.651077 87.087494 12.667892 193.057617 154.400787 60.273144 112.051529 101.987610               3207 
-25.223953 138.362244 94.145241 34.303829 151.189026 86.702774 12.652848 192.068466 154.447235 59.032192 111.084152 101.014198               3217 
-25.917118 137.667953 93.825256 33.639069 150.504013 86.398369 12.626881 190.160980 154.828476 58.317768 110.023254 99.701744               3226 
-26.257624 137.411438 93.596817 33.271362 150.460739 86.078255 12.623263 189.850723 154.551376 58.087036 109.952431 99.038536               3235 
-26.460789 137.211563 93.460991 33.049450 150.434616 85.885063 12.684660 189.721954 154.316910 57.947521 109.911102 98.638123               3245 
-26.623482 136.962799 93.496933 32.799549 150.507019 85.820976 12.735075 189.704727 154.215408 57.844063 110.011734 98.375412               3254 
-26.726715 136.700134 93.530327 32.567547 150.598282 85.767303 12.739708 189.754974 154.076065 57.745487 110.138969 98.169907               3263 
-26.753529 136.848892 94.014496 32.343651 150.976151 85.849503 13.648886 190.895355 153.841827 57.591755 110.591324 98.351845               3273 
-26.874525 136.695724 94.149307 31.946800 151.218002 85.874489 14.012551 191.515640 153.720840 57.235466 110.865166 98.398170               3282 
-26.803488 137.159027 94.577843 31.782326 151.823380 86.076393 15.000497 193.310333 153.468765 56.996365 111.574890 99.077217               3292 
-26.760063 137.035248 94.200447 31.724003 151.747192 85.929604 15.171679 193.253784 153.325104 56.739037 111.370422 98.917076               3301 
-26.624636 137.471191 94.481735 31.744291 152.099442 86.058952 15.871735 194.152863 153.279602 56.581978 111.671509 99.226410               3311 
-26.821854 137.254425 93.671089 31.629122 151.462234 85.796524 15.872233 192.658707 153.502823 55.874336 110.512268 98.444824               3320 
-26.948473 137.302200 93.109238 31.700449 150.735687 85.537674 15.481975 191.165054 153.026260 55.261292 109.208656 97.583557               3329 
-26.914158 137.500916 93.131279 31.734682 150.785934 85.548866 15.142474 191.265472 152.583420 55.139599 109.156174 97.543991               3339 
-26.861835 138.137543 93.239601 31.831598 151.029755 85.628738 15.288136 191.758713 152.345337 54.906414 109.230209 97.672859               3348 
