-34.361221 159.238113 84.858101 31.900118 198.561295 76.172523 -11.409299 158.374939 81.332870 79.617455 188.759476 83.362091                  0 
-34.768795 159.950821 84.889603 32.124485 198.880905 76.044830 -11.489056 159.217636 82.070007 79.822289 189.076324 83.359138                  9 
-34.908352 160.748077 84.582024 32.483135 199.324661 75.376328 -11.302374 160.102448 82.081589 80.164978 189.574982 82.866028                 19 
-35.428650 161.044464 84.039902 32.557297 199.337906 75.141975 -11.358111 160.353668 81.836876 80.217094 189.542160 82.711449                 28 
-35.647984 161.319168 82.425552 33.399429 198.778427 73.943954 -10.899762 160.282288 80.477013 80.971519 188.569138 81.518715                 37 
-34.824215 160.289749 79.225060 34.548119 198.367569 72.342216 -9.449928 159.357834 77.379280 82.182587 188.326874 79.748421                 47 
-35.118580 160.291962 76.157768 34.546749 198.816055 70.437141 -8.869130 159.357635 73.902733 82.150246 189.215759 78.588913                 56 
-36.162449 162.538849 71.803368 34.722836 199.980972 67.635628 -8.868013 160.940659 69.761658 81.937202 190.150925 77.579666                 66 
-36.418488 163.155243 68.809105 34.830414 200.634781 65.831345 -8.480168 161.436218 66.959358 81.832870 191.093536 76.986763                 75 
-36.834991 162.943497 65.595383 34.860760 200.102905 63.361813 -8.735073 162.318909 63.452785 81.795715 190.265091 74.543831                 84 
-37.146828 161.147980 60.028141 34.034466 199.761215 59.008209 -8.835840 162.035004 58.590565 80.731155 191.434204 72.229012                 94 
-38.560455 161.366776 53.397144 33.113285 199.256393 53.870228 -10.187970 162.578873 52.555885 79.299149 190.694214 68.644020                104 
-40.389477 160.758972 47.960876 32.307556 196.772888 50.238964 -11.933572 161.715088 46.847473 78.360718 186.173752 64.076385                113 
-41.301884 157.874451 40.886398 31.368670 193.931000 44.624630 -12.833265 159.270660 39.579678 77.537941 182.739044 57.580284                122 
-41.236229 156.208328 33.896366 31.038654 192.812546 40.233932 -12.738674 158.136383 33.325317 76.944260 181.754166 54.201653                132 
-43.705723 155.537430 26.052019 28.517328 192.069412 33.797421 -15.183805 157.545807 26.429335 73.808159 181.309814 49.849880                141 
-46.146633 158.819519 18.661196 27.945461 191.301239 27.101294 -17.930012 160.304153 20.262409 71.815102 178.793701 45.641140                150 
-47.374378 162.472992 10.637452 27.756475 192.089691 20.441061 -19.525818 163.913544 13.571098 70.099037 178.825699 41.792496                160 
-47.717800 164.468887 1.726825 27.497997 193.121231 13.353909 -20.219061 166.013885 5.988769 68.257866 180.504181 37.933441                169 
-48.378941 164.427536 -6.148258 26.398436 193.498184 6.544110 -21.145332 166.318115 -1.504486 66.591873 181.254242 32.220615                179 
-49.839233 164.203629 -14.936525 24.476009 193.365005 -0.346589 -22.919870 166.258820 -9.425694 63.511444 181.703476 27.311203                188 
-51.572124 163.784119 -23.642557 22.569044 192.404831 -7.492455 -24.919640 165.762100 -17.421991 60.490082 180.941071 21.752829                197 
-53.478447 157.519836 -50.174892 18.405081 187.218246 -27.434927 -27.832951 159.906357 -41.470058 53.543774 176.296204 5.286490                226 
-53.779709 156.027832 -55.386520 17.865841 185.885437 -32.095215 -28.433678 158.252518 -46.022686 52.219872 175.759277 1.697848                235 
-53.433636 155.037857 -60.813210 17.878710 185.053589 -36.314327 -28.575888 156.658142 -50.002491 51.416370 175.737274 -1.484144                245 
-53.476116 154.314072 -66.652168 17.617668 183.701660 -40.210011 -29.213415 154.705887 -53.762672 50.348034 174.662018 -4.548858                254 
-53.813038 153.287491 -72.104523 16.912300 182.593048 -43.937962 -30.070063 152.455353 -57.037899 49.027458 174.217453 -7.562477                263 
-53.440498 152.304001 -77.080681 16.548508 181.950928 -46.876461 -30.436367 150.559387 -59.672165 47.984180 174.396057 -9.735753                273 
-54.286022 150.467697 -82.622704 15.585607 180.102417 -51.681122 -32.006218 148.317307 -63.155499 46.162453 174.050583 -13.561027                282 
-54.916477 149.798340 -87.865105 14.397624 179.037796 -54.937393 -33.317596 146.720490 -66.697655 44.523197 172.768463 -16.494509                292 
-55.226879 148.853836 -91.438354 13.311922 178.682068 -57.159294 -34.079178 145.143112 -69.043625 43.556667 172.335571 -18.822794                301 
-54.786552 148.563339 -94.748238 13.328353 177.674652 -58.934361 -34.551533 144.068497 -71.044609 42.830605 171.118347 -20.058382                311 
-53.209721 140.841919 -99.396950 11.470059 175.269897 -61.772491 -33.724876 137.628159 -74.070976 40.238800 171.625946 -21.975620                321 
-50.642220 125.930992 -103.448547 7.229171 172.357605 -67.476257 -31.594845 127.188812 -76.901070 35.166161 176.322006 -27.121359                330 
-50.924618 120.962585 -105.778923 5.098670 171.073166 -71.853897 -32.773296 124.407219 -78.573433 31.726240 178.706543 -31.142548                339 
-52.310089 121.587036 -109.134460 4.195378 170.786972 -74.701134 -34.948368 124.769859 -81.308372 30.309113 178.212540 -33.620193                349 
-52.483894 121.829941 -111.193733 3.921343 170.549347 -75.976013 -35.951141 124.781441 -82.846466 29.592989 177.677017 -34.564983                358 
-52.059727 121.087669 -111.913734 3.805403 170.262848 -76.686852 -36.378815 124.373573 -83.384155 29.038694 177.729431 -35.066654                367 
-50.911999 119.818901 -113.037262 3.856500 170.087357 -78.050423 -36.511913 123.901024 -84.399986 28.263971 178.442764 -36.107933                377 
-50.276066 117.355766 -114.082703 2.762102 169.621353 -79.507484 -36.973454 122.412529 -85.275597 26.710512 179.130585 -37.546101                386 
-50.163933 113.462883 -116.060333 1.076218 167.862137 -82.175697 -38.173809 119.800957 -87.109695 24.297838 178.908279 -40.182255                396 
-49.285828 112.824356 -117.928101 0.613396 167.630081 -83.389809 -38.355083 119.153748 -89.397675 23.461729 178.153915 -41.058826                405 
-48.920261 110.714722 -117.243179 -0.298876 166.696915 -84.139076 -38.816174 117.650719 -90.114380 22.395189 177.543457 -41.806564                414 
-49.023743 109.801704 -115.332199 -0.656347 166.457001 -84.466194 -39.369328 117.388443 -89.770271 22.162815 177.783264 -42.327000                424 
-48.735962 109.493523 -113.161560 -0.699996 166.488510 -84.433067 -39.441296 117.392281 -89.527679 22.227127 177.927490 -42.383018                433 
-48.312584 109.144547 -111.546036 -0.840873 166.692368 -84.285973 -39.457672 117.458496 -89.181137 22.053827 178.443588 -42.304405                443 
-49.369617 112.024193 -110.631096 -0.777047 167.796066 -83.893082 -40.484940 119.598427 -90.047821 22.769245 177.636780 -41.780823                452 
-50.738560 115.775887 -111.842575 -0.911498 169.114395 -83.896477 -41.734283 121.792915 -91.884003 22.868549 176.357559 -41.390526                462 
-51.632668 114.436920 -110.969452 -1.935836 168.405823 -84.848808 -42.278519 120.476662 -91.854706 22.203514 176.226120 -42.648750                471 
-51.563931 114.074707 -111.421722 -2.761327 168.495316 -85.423058 -42.350548 119.944389 -92.946556 21.415573 176.036957 -43.193790                480 
-50.685707 113.571480 -112.596680 -3.470770 168.842026 -86.212234 -41.967484 119.447113 -94.600204 20.345438 176.278107 -43.759872                490 
-49.871590 112.380188 -111.449722 -3.679595 168.763275 -86.272095 -41.702297 118.769676 -94.034454 19.999367 177.047745 -43.900120                500 
-49.499016 112.037033 -110.810364 -3.716477 168.800400 -86.256020 -41.833904 118.711304 -93.787888 19.955450 177.318604 -43.926479                509 
-48.083069 108.831337 -112.931519 -5.081549 167.706482 -88.633736 -41.325043 116.153214 -96.063881 17.339613 177.814819 -45.974354                519 
-47.505035 108.182518 -113.910934 -5.628198 167.624817 -89.420929 -41.253525 115.675575 -97.258553 16.148542 178.044342 -46.503365                528 
-47.481155 106.334282 -112.058212 -6.358112 166.493149 -90.216339 -41.630135 114.242737 -97.189873 15.418156 177.806290 -47.525398                537 
-46.502495 105.428108 -110.634499 -6.556103 166.384125 -90.429977 -41.533321 114.196938 -97.341644 14.493317 178.678589 -47.645893                547 
-46.177643 105.103973 -109.775124 -6.683976 166.280441 -90.508148 -41.790985 114.429573 -97.629654 14.295277 178.776016 -47.747871                556 
-46.025841 104.844658 -109.180176 -6.711101 166.261246 -90.494629 -41.802143 115.241386 -98.111954 14.144940 179.164032 -47.795055                566 
-45.207794 101.649330 -105.427582 -7.389556 165.064804 -90.840546 -41.256771 115.695351 -97.876251 13.120404 181.200241 -49.082924                575 
-44.222473 99.035896 -103.047646 -8.286845 164.072357 -91.122696 -41.720318 115.539413 -97.697311 12.295385 182.200867 -50.227234                585 
-44.250469 99.596741 -103.209167 -8.072433 164.451843 -91.075966 -41.839111 116.797729 -98.550156 12.567518 182.353668 -50.109798                594 
-44.099285 99.479866 -102.691292 -8.084938 164.426254 -91.097450 -41.871216 117.013000 -98.665764 12.659718 182.467514 -50.245499                603 
-44.110191 101.984436 -104.572556 -7.395936 166.180893 -91.654175 -41.707363 119.435974 -100.365097 14.221768 182.638321 -50.586704                613 
-46.394993 108.171570 -109.814278 -6.919092 169.669235 -92.926849 -42.911358 125.043709 -104.490807 17.046047 181.490311 -51.566917                622 
-52.306820 121.172401 -128.435257 -5.516169 172.909821 -93.872353 -43.145920 130.831894 -108.596741 18.489094 180.937576 -51.634785                631 
-51.568233 127.934769 -140.325027 -4.132154 175.008408 -95.524857 -40.859798 133.157379 -113.008499 18.946871 181.303375 -52.484852                641 
-48.109314 127.220192 -143.206146 -2.797482 175.765549 -95.918449 -37.590405 132.206268 -113.358093 19.210102 183.677719 -52.585167                650 
-46.647408 127.783676 -144.937775 -1.538197 176.115875 -96.334221 -35.935463 132.293121 -113.937454 20.384987 184.116592 -52.974419                660 
-45.583363 131.503723 -148.215332 -0.075800 177.432373 -96.758644 -34.315731 133.946091 -115.443169 22.002171 184.348450 -53.290947                669 
-43.809700 135.497101 -152.216934 2.010945 178.402893 -97.583351 -32.502728 135.585236 -117.238022 23.567429 184.568085 -53.742519                679 
-40.423599 136.049286 -153.422241 4.865424 178.916550 -97.700844 -29.882910 136.203949 -117.053658 25.385727 186.053009 -53.511497                688 
-34.740219 140.224426 -155.240662 8.716327 182.073227 -96.997894 -25.456596 139.712082 -118.020515 27.883162 188.720474 -52.129681                698 
-30.438572 142.874771 -156.845535 11.917700 183.930222 -97.052505 -22.050758 142.002838 -119.160133 30.166208 190.219757 -51.751915                707 
-28.816866 150.414551 -157.660919 15.610544 186.940338 -96.321198 -19.799709 147.319534 -120.044991 34.581444 190.459366 -51.017426                716 
-24.951485 153.628311 -158.167908 19.782640 189.261398 -96.427048 -16.154001 150.349487 -120.370430 38.524792 192.510620 -51.008064                726 
-14.098715 152.961990 -157.683456 25.535246 191.999924 -94.455803 -9.392164 152.380127 -119.014259 40.277943 197.998795 -47.857769                735 
-7.264214 160.283081 -157.087616 30.442921 196.172714 -90.824409 -3.645378 157.627487 -118.372482 44.457367 199.565689 -43.741581                745 
-4.559014 165.962219 -156.624023 34.580296 199.730392 -90.022644 0.421422 161.620377 -118.142456 50.263912 201.328400 -43.373093                754 
-2.058937 169.334335 -157.482025 38.272007 201.250504 -90.633270 3.583026 163.937439 -119.132019 54.728706 201.644424 -44.224953                764 
2.438437 164.283936 -157.479691 42.013893 200.068970 -92.114601 7.648887 161.123352 -118.740112 57.934422 203.233780 -45.625568                773 
7.390906 167.141068 -158.605606 46.424664 202.928833 -92.879913 12.525894 163.818695 -119.798874 62.130898 206.047058 -46.314896                783 
11.483498 168.993118 -159.305145 50.585323 203.924393 -93.128487 16.421570 165.422546 -120.434952 65.975746 206.674316 -46.434986                792 
16.720078 169.842102 -160.071686 55.054428 204.487640 -93.287956 21.312138 166.239105 -121.136795 69.649513 207.210052 -46.338177                802 
21.405443 173.122757 -159.719727 59.681953 205.861145 -91.966354 26.380354 168.448410 -120.915421 73.929138 207.414642 -44.856758                811 
26.489973 166.125290 -148.464264 64.123917 205.867020 -90.153259 31.284428 169.824997 -120.818031 77.574524 205.738754 -42.784760                820 
32.158569 158.759918 -135.638428 68.322021 206.071884 -88.665833 36.353897 170.397842 -120.457756 81.051872 205.134476 -41.107635                830 
38.216488 154.421021 -126.793419 72.497894 205.821579 -87.729874 41.485363 169.928268 -120.162331 84.565414 204.740540 -40.002354                839 
43.069481 152.061096 -121.985947 76.533218 205.127060 -87.161598 45.986855 168.930115 -119.644493 88.131805 204.376022 -39.311638                849 
48.907467 148.760529 -119.580879 80.518555 203.548599 -86.913841 51.306263 166.123520 -119.229195 91.390038 203.838409 -38.888466                858 
53.128925 143.476089 -115.812531 83.680351 200.762253 -87.191338 55.150517 160.970993 -117.213547 94.570862 204.053101 -39.282291                867 
58.801929 140.062897 -114.206062 87.499535 198.802032 -87.235748 60.073357 157.647171 -116.606895 97.823181 203.408859 -39.309666                877 
62.654396 137.992111 -113.562523 90.959770 196.893982 -87.009140 63.816338 155.633301 -116.500145 101.053146 201.530869 -39.036930                886 
67.075333 135.601105 -113.647270 94.625435 194.484955 -86.516144 68.145439 153.326187 -116.741989 103.992920 198.776733 -38.364918                896 
71.289047 132.796234 -113.458267 97.722832 191.896454 -86.027695 72.049706 150.600769 -116.780190 106.687630 195.920822 -37.776821                905 
74.995819 129.959290 -112.801369 100.672974 189.272049 -85.397499 75.611748 147.788773 -116.506042 108.554939 193.537338 -36.978577                915 
78.195450 126.923401 -111.870964 103.323990 186.512894 -84.705994 78.503555 144.766861 -115.865143 110.387817 191.186447 -36.198574                924 
80.538063 123.331665 -110.510612 105.911949 183.103012 -84.112534 80.573303 141.180954 -114.905807 112.510658 188.416595 -35.605499                934 
82.662964 120.004265 -109.271889 108.288666 179.843353 -83.340393 82.245644 137.919266 -113.911240 114.594757 185.547485 -34.838783                943 
84.679749 116.495277 -108.573654 110.251282 176.511353 -83.006310 83.488533 134.517990 -113.324821 116.560417 182.482559 -34.537251                953 
85.827690 112.636169 -107.119576 111.719025 172.947495 -82.604416 83.925674 130.779465 -112.236137 117.956421 179.730164 -34.232933                962 
86.064644 108.659401 -106.103020 113.121857 168.714615 -82.250862 83.381660 127.148094 -111.460457 119.619293 175.781677 -33.954384                971 
86.306221 104.714478 -104.788139 114.191681 164.749130 -81.877960 82.845169 123.507942 -110.403450 121.188225 172.235657 -33.714592                981 
88.077774 100.550690 -103.583519 115.533424 161.029678 -81.316628 83.632729 119.550354 -109.389458 122.615242 168.989105 -33.241634                990 
89.394142 95.575134 -102.394745 116.421852 156.785110 -81.647179 83.573143 114.826431 -108.524498 124.139915 165.640930 -33.827557                999 
89.258217 91.733391 -100.959717 117.471123 152.824097 -81.427765 83.355690 111.108452 -107.431587 125.489838 162.398224 -33.796413               1009 
90.131767 87.785133 -98.637573 118.460670 149.325165 -80.656960 84.234947 107.036484 -105.686646 126.204147 160.213333 -33.262905               1018 
90.362633 84.750809 -97.154625 119.660217 146.177200 -80.236214 84.631042 104.034012 -104.486542 127.707588 157.699722 -33.043190               1028 
90.676559 81.836014 -96.026199 120.548828 143.165848 -79.536171 84.888206 101.210548 -103.227936 129.425125 154.615723 -32.474274               1037 
89.447807 78.912567 -95.029289 121.239632 139.504807 -79.279755 84.121544 98.428970 -102.317528 130.906631 151.009293 -32.387264               1047 
89.568542 76.729500 -94.079178 122.080162 137.019257 -78.498840 84.316933 96.336876 -101.262405 132.332108 148.278748 -31.671158               1056 
88.978485 74.971870 -93.273567 122.448624 134.736282 -77.577698 79.468689 98.079903 -100.274307 133.664337 145.260742 -30.799994               1066 
88.418289 73.300072 -92.376740 123.007919 132.423141 -76.569939 77.738647 97.873756 -99.036499 135.193680 142.145157 -29.861275               1075 
88.759697 71.290443 -91.733940 123.844658 130.031311 -75.494972 77.814445 96.517227 -98.265228 136.095627 139.292709 -28.709824               1084 
88.620270 69.240471 -91.207558 124.554970 127.667389 -75.629227 77.497108 94.911774 -97.563805 137.805923 136.720581 -29.076439               1094 
87.211853 68.398125 -90.906967 124.892258 125.678345 -75.169998 76.937332 94.534515 -97.459557 138.120422 134.269348 -28.523241               1103 
85.943108 67.789162 -90.584335 125.108490 124.036995 -74.839439 76.587303 94.173653 -97.289780 138.550400 132.074112 -28.155081               1113 
84.746796 66.815659 -89.301605 125.318375 122.120834 -73.883629 76.947586 92.833282 -96.418839 138.719894 130.059448 -27.170813               1122 
84.719818 65.885574 -89.029839 125.675140 120.833000 -73.471115 77.460777 91.838516 -96.317581 138.955765 128.505829 -26.679420               1131 
80.865395 65.937462 -85.553566 125.009544 118.856819 -71.777924 76.020073 90.830849 -93.016541 139.850677 126.413887 -25.438505               1141 
82.858154 65.444107 -86.731308 125.712784 118.806404 -70.685158 78.441849 89.467361 -93.207153 140.241043 124.856300 -24.026415               1150 
84.230194 65.012367 -87.988632 126.382278 118.490067 -70.460648 80.152939 88.539551 -93.921127 140.615784 123.600571 -23.599152               1160 
80.674599 65.168739 -85.161705 125.221497 117.221107 -69.299988 77.954704 88.240723 -91.558784 140.232193 122.743576 -22.728628               1169 
79.032097 65.697540 -84.420731 124.899818 116.698784 -68.906448 76.879845 88.761078 -90.867912 140.265121 121.966507 -22.421303               1179 
79.652061 65.749237 -84.655991 125.204216 116.932655 -68.811806 76.529037 89.802757 -91.010979 140.471680 122.040733 -22.276638               1188 
79.541191 65.887886 -84.468109 125.220093 116.946480 -68.576294 76.187813 90.334770 -90.854660 140.453033 122.009377 -22.024878               1198 
79.337563 66.084259 -84.136284 125.141777 117.080933 -68.352715 75.998222 90.590721 -90.536057 140.460831 122.156395 -21.830927               1207 
79.118607 66.302559 -83.864746 125.047470 117.240204 -68.167831 75.831375 90.834999 -90.259987 140.441772 122.334312 -21.672937               1216 
78.906479 66.612663 -83.536621 124.928123 117.536270 -67.964149 75.715393 91.126320 -89.949196 140.377823 122.722969 -21.497873               1226 
79.078239 66.847374 -83.488297 124.916931 117.994911 -68.036713 75.885620 91.258804 -89.820015 140.563858 123.204430 -21.639038               1235 
79.434258 67.081284 -83.600021 124.887077 118.605865 -67.994385 76.163536 91.407814 -89.707497 140.609909 123.856361 -21.626991               1245 
73.754730 68.502640 -74.073517 123.126076 118.351021 -67.101540 71.747971 91.888008 -81.912834 143.291779 126.607788 -22.944090               1254 
72.515671 70.816811 -72.784081 122.631020 120.210533 -67.960579 71.074814 93.527870 -80.722878 144.306824 128.784531 -24.585981               1263 
70.590355 71.265892 -66.956902 120.656914 120.939941 -67.755989 68.943947 93.089699 -75.736877 145.197372 131.463928 -26.383032               1273 
70.427628 72.610641 -66.925522 120.923447 121.789970 -68.035484 69.503029 93.783859 -76.067055 145.185104 132.627487 -26.579119               1282 
70.252373 77.008064 -69.676865 123.048370 124.111610 -66.684723 77.100677 93.069527 -77.884514 144.308533 135.024918 -23.631094               1292 
74.428238 76.291878 -70.322952 124.391647 127.833664 -64.716873 84.684250 90.372269 -74.913010 143.329025 142.700470 -21.762665               1301 
77.893967 77.925766 -76.459328 125.164795 132.311829 -61.713062 92.660530 90.874069 -74.703339 140.900299 146.811737 -17.363802               1311 
81.191216 79.998230 -81.349648 125.529274 136.149200 -59.118256 99.730637 91.982391 -73.898300 139.492661 149.657730 -13.871671               1320 
83.052467 85.715576 -86.063522 126.101601 140.417084 -54.775856 102.627953 96.370956 -72.938507 139.078949 150.888718 -8.443975               1330 
84.771683 91.259598 -86.477448 126.189545 146.180008 -51.732956 106.231979 101.301689 -70.959724 139.483810 155.517700 -5.248767               1339 
84.987480 97.967140 -87.388939 126.189850 151.609421 -49.553440 107.692169 106.895622 -70.040825 138.916504 159.727264 -2.682949               1349 
83.530098 102.239388 -85.603470 125.079567 155.913940 -47.778664 108.638435 110.513496 -67.514404 137.984589 164.321365 -1.008103               1358 
81.131142 108.569244 -83.612022 124.005035 160.787323 -45.106945 108.606277 115.446892 -64.917114 137.026932 168.464249 1.756739               1368 
78.451813 114.547089 -81.708740 122.656410 164.905792 -41.984245 107.460663 119.988609 -62.497181 136.133011 171.310303 4.942008               1377 
75.135971 120.686653 -78.869270 120.948204 168.920197 -38.035038 105.205811 124.688805 -59.550640 135.505554 173.612000 8.770737               1386 
72.207405 128.113861 -74.982864 119.920830 173.347427 -32.658852 102.897789 130.309784 -55.587196 135.298920 175.830948 14.053634               1396 
60.037991 127.927406 -62.225193 107.156502 175.704086 -20.119339 95.600121 133.526657 -47.434315 132.896179 175.069916 21.854183               1424 
30.290419 135.831833 -41.226749 86.312798 180.456238 -6.181988 69.747627 140.253418 -33.800613 120.713737 177.053375 28.885168               1471 
-8.698396 155.124954 7.267550 61.166737 188.702408 26.307190 31.713501 154.799561 1.125333 104.268425 176.955276 47.018524               1528 
0.577278 153.817947 51.009159 49.870934 192.800781 40.112675 15.619037 156.989105 26.406700 96.097633 181.994278 53.190205               1565 
2.889020 159.273376 67.786499 51.027298 191.283051 50.181854 10.357182 160.947968 41.462456 95.104439 173.963516 63.670712               1584 
0.415546 162.556152 76.197304 50.901951 189.352463 58.007988 4.098803 166.160477 55.526978 92.666916 168.344070 73.469070               1604 
-3.232560 162.804245 86.962006 44.018913 188.425369 60.454952 -4.851130 169.080246 71.845818 87.737396 169.268631 72.555527               1622 
-7.613675 163.076523 92.884033 39.469536 187.322586 64.844406 -10.657236 171.902725 81.246964 82.915237 166.593948 75.212837               1641 
-10.074136 162.923889 96.581863 38.174339 185.721970 69.336678 -13.073661 173.072647 86.603798 80.539497 162.619827 79.144524               1660 
-12.218246 169.790039 108.079147 66.970139 164.128143 83.389366 23.367727 143.478088 97.470139 110.406685 141.223160 87.041458               1678 
-21.614988 155.426895 104.282562 68.110672 162.189651 89.568466 30.939579 130.555832 94.741837 114.762108 147.984940 96.393402               1697 
-23.199974 145.364685 101.876625 69.393471 149.398468 92.752815 34.069809 116.839691 87.762794 115.588516 133.479034 98.860130               1716 
-25.440254 143.975693 101.048416 68.200813 142.220917 95.268867 32.600674 112.354042 83.051170 113.293182 123.068420 100.225700               1735 
-25.709629 144.180801 101.023453 68.142097 141.147400 95.924622 32.829155 112.013725 81.603233 113.026215 121.385750 100.352142               1754 
-25.691317 144.286560 100.954895 68.206261 141.018036 96.088982 33.135406 111.965569 81.149742 113.058960 121.165176 100.426025               1773 
-25.414087 144.242020 101.085724 68.488976 141.072906 96.348412 33.632721 112.020927 80.991035 113.373726 121.255745 100.513672               1792 
-25.018930 144.877975 101.349327 68.749878 140.114517 96.535378 33.427776 111.666168 81.167404 113.261925 119.447769 100.569397               1811 
-24.568317 145.023529 101.392609 69.013397 139.283279 96.810966 33.340229 111.483139 81.114227 113.197441 117.881729 100.612724               1830 
-23.833612 144.881485 100.887337 69.648384 139.735367 96.918404 34.118103 111.978737 80.858139 113.822762 118.316505 100.735016               1848 
-23.267153 145.311203 100.759979 70.195580 140.152298 97.062561 34.745514 112.472488 80.721413 114.338730 118.667038 100.867355               1867 
-23.129150 145.508713 100.510490 70.329079 140.669098 97.514053 35.099976 113.226547 80.337807 114.466766 119.160721 101.250877               1886 
-22.791843 146.166260 100.293350 70.639961 140.663925 97.725174 35.348175 113.498299 80.257195 114.592552 118.810013 101.635017               1905 
-22.580019 146.319641 100.077248 70.809715 140.383240 97.892029 35.474110 113.532600 80.044167 114.602043 118.219360 101.854912               1924 
-22.578917 145.865906 99.241234 70.769577 140.549103 97.990692 35.687901 113.538292 79.897621 114.557259 118.471115 102.452873               1943 
-22.489939 145.886017 98.545021 70.764389 140.311600 98.017700 35.649414 113.506950 79.694511 114.345917 117.905655 102.848236               1962 
-22.009243 145.896118 97.696976 71.095184 139.957108 97.786514 35.831257 113.325035 79.506912 114.402718 117.130714 103.089661               1980 
-21.713383 144.308563 96.704567 71.133949 139.807526 97.668671 36.067780 113.101212 79.126862 114.414780 117.019707 103.342728               1999 
-21.632877 145.229355 95.669220 71.116386 139.126038 96.925255 35.677574 112.993881 78.281189 113.971077 115.588043 102.768921               2018 
-21.901552 146.007248 93.770073 70.660065 137.659592 95.744942 34.808472 112.643005 76.379997 112.880928 113.011497 101.625458               2037 
-21.955023 146.913071 93.025871 70.521858 137.592499 95.271629 34.499825 112.888176 75.827698 112.469429 112.523422 101.325844               2056 
-21.930893 147.744095 92.701859 70.488708 137.594116 95.034554 34.303722 113.047256 75.698936 112.232521 112.226753 101.252357               2075 
-21.881624 148.396317 92.404068 70.480652 137.525024 94.884293 34.180195 113.142319 75.561867 112.047371 111.900070 101.230911               2094 
-22.101755 149.418457 91.851456 70.145958 137.419113 94.758598 33.727749 113.462959 75.130630 111.441307 111.371613 101.156372               2113 
-22.396389 149.915817 91.529259 69.798088 137.491272 94.596626 33.350044 113.705627 74.820869 111.000259 111.288177 100.959724               2131 
-23.532284 151.059952 90.806038 68.515182 137.677460 93.955757 31.867643 114.313278 74.049988 109.457253 111.049263 100.232338               2150 
-24.263214 151.875885 90.244164 67.680000 137.954239 93.758926 30.992836 114.710983 73.787689 108.499062 111.161919 100.137474               2169 
-24.195940 162.041504 82.620911 55.917019 162.743942 81.954277 4.475681 141.776840 72.069786 88.171341 129.765457 99.181808               2188 
-30.085674 161.326233 82.007813 48.403416 166.923569 75.775162 -11.739632 151.146103 75.932449 78.238792 134.991577 98.466751               2207 
-31.150511 161.282745 82.134048 47.349255 166.788956 76.043129 -16.063005 154.671814 78.959030 76.012512 134.448425 99.648598               2226 
-30.134012 160.962219 82.168060 48.574837 165.798141 77.695435 -16.441019 156.040207 81.176147 76.274712 132.533234 101.166115               2245 
-28.334919 161.952499 82.014259 50.589172 162.046539 78.257828 -15.753999 157.556213 82.808228 75.978172 126.797623 101.444511               2263 
-28.906599 161.588364 81.426483 50.149696 162.407898 78.411476 -16.550816 157.750656 83.111740 75.712547 127.548706 101.992973               2282 
-29.932487 161.590912 80.856583 49.443741 162.458313 78.144646 -17.434736 157.669678 83.178635 75.213409 127.947601 102.011879               2301 
-30.716137 161.858475 80.465355 48.985664 162.435226 78.105232 -17.965288 157.573898 83.174362 74.813835 128.072281 102.121964               2320 
-31.790609 161.453629 80.187263 48.136650 163.456818 78.405029 -18.761944 157.183121 83.251892 74.607697 129.942703 102.916199               2339 
-32.514442 161.150360 80.058655 47.601383 163.968582 78.657417 -19.256750 156.794037 83.410545 74.486252 130.898773 103.321175               2358 
-33.425343 160.516342 79.777962 46.769321 164.820343 78.906364 -19.975636 156.298187 83.429855 74.213623 132.632874 104.115227               2377 
-33.693100 160.438004 79.951378 46.653061 164.877686 79.412354 -20.070898 156.024490 83.801552 74.201935 132.857162 104.719574               2396 
-33.204445 161.166840 80.889801 47.708309 163.298172 80.505188 -19.149031 155.408249 85.107643 74.898651 130.152435 104.728233               2414 
-33.622902 161.851776 80.460251 47.598839 163.292084 80.510887 -19.291658 155.560272 85.136795 74.719437 130.434494 105.200195               2433 
-34.164932 162.841904 80.096123 47.343193 163.583084 80.599197 -19.570011 156.012329 85.221237 74.380112 131.093033 105.860069               2452 
-34.508263 163.318893 79.848228 47.192825 163.680832 80.771370 -19.742409 156.186646 85.343590 74.180779 131.445709 106.408394               2471 
-34.658058 163.877441 79.757507 47.162941 163.771744 80.913506 -19.808767 156.566681 85.522972 74.043037 131.601273 106.744324               2490 
