-43.157993 132.291840 87.422775 33.356186 110.565331 79.346306 -22.740135 113.391640 101.731659 67.392509 75.389595 84.722771                  0 
-43.284801 132.301895 87.568665 33.221256 110.923965 79.499924 -22.552320 114.090225 102.176514 67.342567 75.824852 84.838310                  9 
-43.340431 132.126221 87.610489 33.136051 111.108475 79.585770 -22.305609 114.665642 102.668373 67.328934 76.066246 84.839272                 18 
-43.354290 132.031128 87.530663 33.133789 111.589142 79.733223 -21.948977 115.631157 103.394432 67.477196 76.701851 85.035843                 27 
-42.878609 133.482956 88.409569 33.285511 112.204491 80.230789 -21.669514 116.564034 104.024963 67.141151 76.728279 84.696671                 36 
-43.086842 133.215744 88.118530 33.202225 112.542557 80.272301 -21.876347 116.465492 103.830757 67.282784 77.288399 84.785599                 45 
-42.803295 133.337662 88.179886 33.402847 112.815773 80.466591 -21.691162 116.706512 103.973083 67.472046 77.544220 84.929482                 55 
-42.203930 133.725174 88.252052 34.405289 114.814209 81.286636 -20.886311 117.791954 104.442055 69.197563 80.334885 86.324829                 64 
-40.364441 139.547653 87.517639 34.152081 113.653198 81.519859 -21.352728 120.637367 103.402977 65.272682 75.679001 85.285263                 73 
-38.116974 145.626663 87.909859 33.637272 113.252129 81.225868 -21.435848 123.959831 103.043510 61.064102 72.392220 82.942581                 83 
-36.426926 151.496475 89.016899 32.556583 114.092476 80.812027 -21.925335 127.495712 103.297531 56.916592 71.300880 80.387962                 91 
-34.990280 155.384705 89.759163 31.686340 114.435020 80.340828 -22.283175 129.825317 103.552505 53.745144 70.448174 78.530685                101 
-33.802158 157.597748 90.631500 31.417385 114.692734 80.130394 -22.318502 130.879745 104.132240 52.272053 70.173523 77.331635                110 
-32.523220 159.876083 91.407524 31.233944 115.148392 79.729752 -22.474270 131.804352 104.488350 50.934124 70.198357 75.716408                119 
-30.867453 162.904816 92.830002 31.020489 116.112068 79.485069 -22.288229 133.663834 105.507790 49.113701 70.639275 74.047173                128 
-31.028633 164.745056 93.526772 30.027437 117.419762 78.462395 -23.093510 134.835663 105.923477 47.423744 71.843658 71.761826                138 
-31.698448 164.895020 93.001915 29.714731 118.267647 77.491089 -23.784260 134.748001 105.695862 47.496140 72.904984 70.366486                147 
-32.281223 165.658081 93.126167 29.219973 119.381943 77.125198 -24.439659 135.298584 106.037056 47.147640 74.131790 69.659782                156 
-32.992466 165.878952 92.740669 28.830328 120.149193 76.606972 -25.068901 135.459579 105.932556 47.138329 75.051674 69.140999                165 
-32.977146 168.041275 93.662766 27.782757 121.555664 76.085197 -25.580557 137.250275 106.625435 45.223656 76.254532 67.818825                174 
-33.892265 172.074203 94.937126 26.156143 125.194290 76.075043 -26.774017 140.973068 107.758255 43.077915 79.802238 67.247490                185 
-33.959091 172.002884 95.056732 25.778948 125.224686 75.141472 -26.972340 140.640503 107.697388 42.526806 79.886627 65.724480                193 
-33.858044 172.327988 95.141335 25.589935 125.462410 74.726639 -27.235046 140.652588 107.794205 42.109917 80.123573 64.918999                202 
-33.759007 172.483582 94.932114 25.533504 125.628532 74.387840 -27.529562 140.544830 107.819771 41.937702 80.295624 64.360886                212 
-33.492603 172.747498 94.984215 25.549004 125.815033 74.283623 -27.702734 140.557159 108.090172 41.751369 80.459373 64.033890                221 
-33.194386 172.950500 95.012650 25.528378 125.912834 74.196388 -27.870609 140.588058 108.355820 41.460682 80.508575 63.740520                230 
-32.807606 172.966217 94.894554 25.613493 125.983475 73.979378 -27.909233 140.548813 108.580254 41.297176 80.542236 63.310448                239 
-32.288773 172.957260 94.922745 25.866030 126.061096 73.976051 -27.727509 140.530273 109.140297 41.348003 80.572250 63.215778                248 
-31.949751 172.860413 94.827026 26.008217 126.065079 73.945076 -27.708763 140.472244 109.398598 41.330395 80.538658 63.115246                258 
-31.591236 173.158188 94.863983 26.102592 126.245003 74.091652 -27.724230 140.745041 109.740822 41.173725 80.642982 63.227634                267 
-31.323574 173.361816 94.883095 26.163399 126.376190 74.214050 -27.785986 140.950119 109.962189 41.027565 80.713371 63.320324                276 
-31.129110 173.375412 94.582100 26.290560 126.221436 74.460312 -27.953196 141.013123 109.902786 41.040306 80.463669 63.812241                285 
-30.480988 173.455566 94.207077 26.589409 125.689308 74.732567 -27.894125 141.108139 109.742630 40.965569 79.724686 64.471504                294 
-29.984222 173.580276 93.923149 26.775190 125.264961 75.013168 -27.944468 141.225357 109.605728 40.834343 79.119888 65.129715                304 
-30.278921 172.448471 93.059616 27.399632 124.637619 75.795715 -28.316999 140.270340 109.050140 42.251106 78.533875 66.930695                313 
-30.235516 171.599976 92.634987 27.975019 124.000053 76.675957 -28.500593 139.569489 108.708420 43.333752 77.877464 68.832077                322 
-30.016100 171.148163 92.883514 28.372467 123.548180 77.438705 -28.675245 139.017929 108.391975 44.010529 77.409836 70.268349                331 
-29.655991 170.850540 93.743980 28.664518 123.001038 78.336723 -28.871527 138.416397 107.893082 44.446404 76.826065 71.740181                341 
-29.447018 170.215591 94.062706 29.281206 122.753723 78.809067 -28.791721 137.602402 107.169159 45.607761 76.693779 72.756393                350 
-29.700968 169.545212 94.533058 29.689466 122.869904 79.262222 -28.854134 136.747421 106.738663 46.829266 77.054131 73.618431                359 
-29.799664 168.566147 94.316811 30.343035 122.626511 79.622963 -28.601946 135.733780 106.338463 48.437813 77.060356 75.038780                368 
-29.936321 168.009262 93.919518 30.732260 122.457130 79.966331 -28.653578 135.003433 105.683372 49.540443 77.092010 76.365196                378 
-30.051134 166.469681 93.574028 31.821482 122.079559 81.195412 -28.370388 133.373276 105.306625 51.924686 77.185608 78.936203                387 
-30.175278 165.823441 93.034882 32.366501 122.095444 81.614738 -28.267160 132.549683 104.799065 53.348476 77.564804 80.394623                396 
-30.018538 165.765762 93.268936 32.691696 121.999107 81.653854 -28.012222 131.688660 104.882149 54.430435 77.820862 81.006073                405 
-29.912563 165.379517 93.065422 33.230877 121.687263 81.621796 -27.403049 130.648087 105.293518 56.068871 78.066574 82.231186                414 
-29.748968 165.263321 93.411858 33.618843 121.394943 81.691307 -26.959900 129.613800 105.629234 57.304272 78.243523 82.981651                424 
-29.736927 165.594696 93.315536 33.755028 121.386070 81.480392 -26.751375 129.451202 105.659653 57.921562 78.531891 83.531677                433 
-29.671957 165.475876 93.135323 34.018700 121.206352 81.235207 -26.298641 129.211807 105.909065 58.700260 78.694725 84.114754                442 
-29.776667 165.087540 93.363274 34.164341 120.844627 81.165092 -26.023552 128.529694 106.255180 59.384102 78.684868 84.515938                451 
-29.915710 164.615280 93.447647 34.410309 120.486656 81.103668 -25.726416 127.692413 106.458138 60.260101 78.752670 84.947250                461 
-30.035177 164.476471 93.774231 34.588795 120.313759 81.126297 -25.532715 127.060287 106.640167 60.923553 78.910240 85.241974                470 
-30.451435 163.882187 93.759079 34.743446 120.100021 81.100380 -25.412817 126.235321 106.686630 61.676224 79.119057 85.560852                479 
-30.995434 163.161072 93.548180 34.960361 119.899521 81.043785 -25.265617 125.254318 106.626358 62.665009 79.497200 86.025238                489 
-31.342339 162.994019 93.720474 35.080639 119.820358 81.145576 -25.165245 124.709435 106.739143 63.293156 79.822968 86.528221                498 
-31.682989 162.818893 93.957832 35.206478 119.722588 81.182098 -25.045010 124.189819 106.790169 63.875603 80.098984 86.905823                507 
-32.200294 162.113846 94.011887 35.299370 119.560028 81.145302 -24.968613 123.472092 106.740921 64.472321 80.344917 87.130615                516 
-32.875481 160.931747 93.944427 35.352913 119.153503 81.079025 -24.862600 122.525063 106.793236 65.155174 80.487305 87.517982                526 
-33.460854 160.212967 93.792480 35.545963 119.206146 81.283768 -24.798241 121.850471 106.690842 65.959961 81.104469 88.209114                534 
-33.923473 159.753113 93.640053 35.615128 119.225471 81.503090 -24.850361 121.528152 106.541420 66.340088 81.448792 88.824928                544 
-34.384747 159.315231 93.635315 35.610222 119.272369 81.656914 -24.890171 121.345879 106.523209 66.594170 81.764580 89.264191                553 
-34.752155 158.652206 93.709404 35.685947 119.148956 81.756676 -24.812504 120.973572 106.520004 66.927292 81.895287 89.557472                562 
-35.085697 158.063812 93.814018 35.722992 119.026192 81.835060 -24.740253 120.661217 106.549095 67.192322 81.994476 89.775047                571 
-35.648350 157.234390 93.792000 35.733303 119.002518 81.964912 -24.724619 120.285164 106.542091 67.571617 82.357269 90.220680                581 
-36.291042 156.523270 93.609650 35.642693 119.101219 81.976845 -24.780745 120.048592 106.484489 67.879913 82.891312 90.597389                590 
-36.937714 155.791748 93.364441 35.553898 119.235123 81.997604 -24.825020 119.821335 106.462135 68.228065 83.516182 91.012360                599 
-38.040245 154.485580 92.950523 35.340061 119.468964 81.886848 -24.845665 119.507004 106.618111 68.810822 84.642799 91.455399                627 
-38.312943 154.084351 93.088249 35.327721 119.604797 81.909126 -24.705801 119.498688 106.954590 69.087891 85.074516 91.533073                636 
-38.631088 153.478531 93.270599 35.272427 119.598549 81.754181 -24.450731 119.589165 107.484505 69.343887 85.354782 91.304543                645 
-39.000202 153.118820 93.278183 35.211327 119.954735 81.441147 -23.990078 120.372665 108.418121 69.749916 86.219978 91.124214                654 
-39.273472 152.696732 93.448402 35.156891 120.108376 81.201935 -23.530003 121.049988 109.402740 70.033211 86.705460 90.824692                664 
-39.267395 152.752686 93.466866 35.183891 120.267059 80.923538 -22.873980 122.428017 110.731651 70.175957 86.982224 90.535263                673 
-36.564758 155.624496 93.578003 34.578243 117.156822 78.943962 -21.788616 125.118050 111.586105 66.555801 80.604439 87.072235                682 
-33.805290 157.705643 92.900879 35.082996 115.454414 77.920143 -19.788172 127.678497 112.614021 64.825256 76.963593 85.572899                691 
-32.003033 158.988251 93.203484 36.036835 115.592537 77.621094 -17.332533 129.942505 114.634575 65.009735 76.423729 84.768539                701 
-30.624084 158.751602 91.849716 37.520630 116.130981 74.682190 -14.677128 130.407166 113.903526 66.815262 77.021866 80.765907                710 
-25.239262 161.756256 92.097023 39.915577 115.744682 72.202026 -10.094113 132.279144 113.594292 66.910889 74.778702 76.415253                719 
-23.303116 163.883545 90.494881 41.804951 116.959641 72.478043 -9.074500 134.212234 112.492317 68.289276 75.752861 77.507156                728 
-19.256264 171.265900 89.088684 43.215942 119.602669 72.251190 -7.978732 138.892593 110.842247 68.202324 77.592659 78.213577                737 
-15.289418 186.058823 87.717735 42.392975 127.814178 71.905357 -8.167579 150.823395 109.337212 63.868683 83.936165 78.087883                747 
-14.667889 192.532028 84.951874 41.861767 132.403885 70.349106 -8.225084 156.910706 107.543816 62.264374 88.053825 76.792450                756 
-14.673474 197.590988 79.920166 41.932571 136.823318 67.419052 -8.217610 162.419662 103.602867 62.179466 92.573456 74.950493                766 
-15.478020 202.294418 76.078018 41.776783 141.692230 65.371628 -8.870439 167.558868 100.453598 62.254066 97.705826 73.773254                774 
-14.214894 205.857986 73.081276 42.959686 145.061386 62.885071 -6.536869 172.114151 98.589752 63.719147 101.353561 72.016403                784 
-14.490155 207.939316 66.549530 43.456524 147.355423 60.087765 -6.330797 175.901184 93.845970 64.559975 104.381760 71.603783                793 
-16.515619 208.872665 60.088604 43.343227 150.019409 55.854416 -7.557072 177.846222 87.758759 65.413811 107.840530 68.445755                802 
-18.313274 210.607452 53.434380 43.143368 153.509628 51.798504 -9.102538 180.302628 80.392471 65.581810 111.773125 65.188469                812 
-20.869825 211.877411 44.968475 42.459099 157.622162 47.693508 -10.146579 185.006897 73.080544 65.585007 117.203377 63.700500                821 
-25.751432 202.023163 36.387962 42.042828 160.602234 43.347622 -11.420817 187.276520 65.720650 65.504280 120.947784 60.719860                830 
-28.405584 196.229050 26.334789 41.112659 165.426819 38.796707 -13.489501 190.830704 55.998070 64.320236 126.491707 58.036663                839 
-29.505003 191.778870 18.309509 40.527416 169.383621 34.405991 -14.905485 192.187225 46.519878 63.910076 131.206116 54.910610                848 
-29.361437 189.801392 10.899546 40.413445 172.095596 30.287504 -15.440290 192.831161 37.695770 63.578590 134.570404 52.195187                857 
-29.897430 185.622345 2.624804 40.238895 174.705688 25.524250 -16.066788 192.988159 28.970905 63.282887 137.508881 48.109234                867 
-29.652534 183.445435 -5.362081 40.003685 177.315231 20.668600 -16.640774 193.617065 20.775820 62.671673 139.980621 43.406216                876 
-30.348000 182.284378 -13.714040 38.851089 180.233551 14.344018 -18.067099 194.463638 11.848798 61.668842 143.463852 37.839737                885 
-31.206663 181.654739 -21.472851 37.447178 182.824722 8.092349 -19.624306 194.940521 3.196487 60.467411 146.917404 32.698112                894 
-31.485826 180.914566 -29.215712 36.435463 184.625397 1.858166 -20.720535 194.547760 -5.415921 59.557388 149.474838 27.441847                904 
-31.383249 180.161148 -37.472954 35.380318 185.990158 -4.356127 -21.789125 194.141190 -14.100789 58.273415 151.498672 22.307590                913 
-31.239084 178.898193 -46.146793 34.009686 186.889496 -10.730715 -23.046293 193.221115 -23.109734 56.511959 153.085693 17.119968                922 
-30.791533 176.291428 -53.923504 32.916744 187.737000 -16.976244 -24.228851 191.146835 -31.512209 55.653694 155.196289 12.158666                932 
-30.332134 174.739304 -61.650677 31.925604 188.711578 -23.404812 -25.331726 189.692520 -39.911678 54.412689 157.205627 7.032259                941 
-29.555017 172.124481 -69.251770 30.922470 189.347046 -29.809336 -26.435379 186.942856 -48.432781 53.232933 159.329636 2.220478                950 
-28.629982 170.063614 -76.152870 30.284389 189.829193 -35.787701 -27.353537 184.478882 -55.945107 52.314140 161.043549 -2.459227                959 
-27.638329 167.312195 -82.536171 29.594154 189.822723 -41.513309 -28.492109 181.423935 -62.743629 51.410679 162.364273 -6.947679                968 
-26.046537 163.919861 -88.395256 29.166166 189.836380 -47.289970 -29.610653 177.767624 -69.182457 50.775448 164.004379 -11.367043                977 
-24.718594 160.923782 -93.516396 28.867182 189.466263 -52.475872 -30.543339 174.871490 -74.824059 49.874538 165.187134 -15.140568                987 
-23.604551 157.749542 -97.273430 28.743841 188.535522 -56.656994 -31.262545 171.797897 -78.862595 49.601166 165.568634 -18.418219                996 
-22.841839 153.084793 -101.092552 28.145466 186.905624 -61.268608 -31.855900 167.189148 -83.053139 49.230934 165.965637 -22.005013               1005 
-22.547649 147.158615 -102.774101 27.471525 186.277039 -66.812454 -32.378540 162.553711 -86.125748 49.079823 170.063660 -25.643070               1015 
-21.845341 144.139740 -106.296097 26.937592 185.493530 -71.240265 -33.026379 159.817444 -89.918358 48.363811 171.136673 -29.293781               1024 
-20.216291 141.120819 -110.204422 26.390911 184.583389 -74.836967 -33.240105 156.325729 -93.743828 47.509743 171.461685 -32.333717               1033 
-19.163612 137.103836 -111.143883 26.215313 183.352310 -77.797096 -33.684975 152.678848 -94.841438 47.527584 172.791885 -34.681267               1042 
-17.554024 129.496094 -109.330605 25.371157 181.543701 -81.845688 -33.226589 145.796143 -94.363731 47.622051 176.948303 -38.159420               1051 
-16.664711 123.412636 -108.106064 24.368717 179.167801 -85.562332 -32.953865 140.151886 -94.236549 47.311268 178.994522 -41.992626               1061 
-15.694962 120.332962 -107.904816 23.948689 177.737335 -87.692535 -32.552292 137.106827 -94.782310 46.984524 179.621826 -44.212555               1070 
-14.272735 119.603546 -107.404167 23.866936 177.370834 -88.682022 -32.287647 136.159912 -95.729881 46.880581 179.496964 -45.201431               1079 
-12.563275 119.324821 -106.595757 23.907103 177.132706 -89.145073 -32.144234 135.549164 -96.572189 46.826775 178.995560 -45.602818               1089 
-12.239069 119.033180 -106.529594 23.827181 176.499146 -89.789627 -32.548748 135.313889 -97.738052 46.308537 178.193176 -46.012596               1097 
-10.848302 117.215736 -106.488869 23.504980 175.437119 -91.490211 -32.177059 132.999573 -98.831879 45.895058 178.168777 -47.718849               1107 
-9.916683 115.358795 -105.665413 22.765963 174.177719 -93.362930 -32.386570 130.538025 -99.355461 45.370182 178.153000 -49.797390               1116 
-9.360109 113.059036 -105.155396 21.969217 172.209503 -95.141212 -32.885727 127.875267 -100.648041 43.972012 177.424911 -51.398941               1126 
-9.315968 111.765015 -106.001747 21.463610 171.152039 -95.846970 -33.076748 126.213829 -101.547768 43.225880 176.490280 -51.999317               1134 
-8.859212 110.197342 -105.852142 20.990189 170.001022 -96.122597 -32.945827 123.971588 -101.573433 42.621994 175.788971 -52.267441               1144 
-8.146413 108.952827 -104.345383 20.433727 169.114929 -96.177666 -32.720661 121.777435 -100.521820 42.532051 175.506653 -52.640095               1153 
-7.546970 108.435417 -102.876556 20.138634 168.556610 -95.976540 -32.654938 120.550156 -99.873505 42.373028 175.189545 -52.544453               1163 
-7.355642 108.733932 -102.776917 20.167271 168.497528 -95.744125 -32.777596 120.559052 -100.348976 42.253490 174.512726 -52.146801               1171 
-7.222369 108.872490 -102.399887 20.165552 168.449524 -95.665276 -32.831924 120.474358 -100.391479 42.209820 174.328720 -52.028194               1181 
-7.354162 108.850784 -103.109932 19.878088 168.242310 -95.778282 -32.977406 120.100792 -101.246323 41.872623 173.476135 -52.034058               1190 
-7.572041 108.135086 -103.238503 19.347519 167.516617 -95.832527 -33.010635 118.851349 -101.538864 41.404388 172.558380 -52.097126               1199 
-8.150622 107.532394 -102.903549 18.583332 166.812759 -96.129089 -33.317528 117.651398 -101.442574 41.042713 171.848892 -52.598373               1209 
-8.579991 105.751625 -100.616821 18.126841 165.084167 -96.109261 -33.387730 115.498817 -99.863388 40.633610 171.523148 -52.788425               1217 
-8.793614 103.564301 -97.774994 17.139927 163.275620 -96.016342 -33.352543 112.669418 -97.577255 39.772301 171.763290 -53.115932               1227 
-9.321785 102.255409 -96.176186 16.347870 162.081619 -95.951523 -33.365753 110.923233 -96.528831 38.766079 171.834717 -53.207977               1236 
-10.518709 101.458504 -94.264587 15.517964 161.091049 -95.802063 -33.453175 109.795219 -95.207382 38.154366 171.911850 -53.432098               1245 
-11.370485 101.210663 -93.737328 14.882030 160.719040 -95.781784 -33.289017 109.334480 -95.316612 37.549156 171.839096 -53.505836               1255 
-12.201671 100.931999 -93.690018 14.108134 160.398453 -95.890953 -33.389175 108.863037 -95.680092 36.808201 171.610931 -53.657112               1264 
-13.177525 99.021973 -91.600327 12.481306 158.578964 -96.766136 -33.949577 106.505890 -94.514450 34.699417 172.300858 -55.019577               1273 
-14.294948 98.448364 -91.363914 11.229648 157.972427 -97.404060 -34.601322 105.798790 -94.665321 33.561954 172.297989 -55.922058               1282 
-15.298321 98.329155 -91.242096 10.331483 157.760147 -97.665558 -35.039494 105.624641 -94.863525 32.885323 172.230103 -56.353878               1292 
-16.266891 98.107307 -90.942711 9.104017 157.547928 -98.191925 -35.631489 105.252373 -94.831200 31.898708 172.552017 -57.204258               1301 
-17.705109 97.435478 -89.693825 7.678470 156.646896 -98.548096 -36.537636 104.489761 -94.145935 30.641529 172.676666 -58.045567               1310 
-18.833387 98.252815 -90.851105 6.888431 157.495087 -98.387657 -37.027489 105.496437 -95.463463 30.205849 172.366730 -57.646500               1319 
-20.346275 98.100899 -90.736526 5.955564 157.316299 -98.495911 -37.758118 105.556694 -95.402237 29.161186 172.683426 -57.874977               1328 
-22.649328 98.681099 -92.544052 4.099589 158.083084 -99.069893 -39.417896 106.484711 -96.792717 27.790802 172.644989 -58.432632               1337 
-26.036890 99.266998 -93.546425 1.465540 158.854889 -100.318611 -41.833645 107.413780 -97.120758 25.543110 174.023438 -60.132847               1347 
-27.435783 99.949341 -94.148476 0.998113 159.866516 -99.294189 -42.429016 108.664116 -97.413979 24.070604 175.039063 -58.524544               1356 
-29.502422 101.799156 -97.547447 -1.366311 162.674179 -99.755943 -44.293144 111.207832 -99.343292 22.414871 176.511963 -58.918697               1365 
-32.736282 103.015686 -98.298035 -3.044818 163.576004 -99.341400 -46.984070 113.322464 -99.721077 21.144279 176.518921 -58.450348               1374 
-36.386044 104.562050 -100.002403 -5.719608 164.866379 -99.320610 -50.274532 115.459610 -100.972092 18.988392 176.378815 -58.312218               1384 
-40.756851 107.141678 -104.014572 -9.060417 166.857254 -98.908783 -54.232731 118.526146 -104.046211 16.133066 174.956161 -57.382813               1393 
-47.265274 112.331726 -110.405815 -13.215131 170.084137 -99.873001 -60.204773 124.301414 -109.308136 12.312150 173.357758 -57.892635               1402 
-52.698467 115.420883 -113.718285 -17.148117 171.621811 -99.756653 -65.235825 127.635002 -111.668869 8.766261 171.655624 -57.885975               1412 
-57.687870 116.605598 -114.569534 -21.608030 172.423615 -100.064407 -69.981926 128.833832 -111.937859 5.269169 171.452057 -58.816589               1420 
-62.808861 119.683968 -115.289055 -25.732756 174.433182 -99.275520 -74.790451 132.005768 -112.206764 1.500000 171.675949 -58.342838               1430 
-65.564545 120.420898 -111.647224 -29.527239 176.262497 -96.948105 -77.712311 132.527069 -108.598984 -1.731621 174.810837 -56.327835               1439 
-70.816490 124.159363 -112.584923 -33.457176 178.363190 -95.130226 -82.618774 136.236252 -108.485199 -4.914476 173.937363 -55.249950               1448 
-77.680023 127.444260 -113.731468 -38.375275 179.355469 -93.230865 -88.796822 139.374115 -108.324043 -9.120046 171.565948 -54.395767               1457 
-82.987892 129.821381 -112.880257 -42.678112 180.252045 -90.682640 -93.791084 141.557983 -106.754021 -12.815655 170.300705 -52.815575               1467 
-88.514420 129.734055 -110.370041 -47.962551 180.264511 -88.977196 -99.095398 141.264542 -104.107391 -17.058516 170.234116 -51.976635               1476 
-92.978378 125.472870 -102.948708 -53.498779 179.356613 -89.092796 -103.039406 136.995575 -98.172897 -20.882555 174.585159 -52.512402               1485 
-99.781929 125.162254 -99.751785 -60.011135 179.468567 -89.004639 -108.717781 136.309875 -95.788498 -25.823883 175.670013 -53.769535               1494 
-105.505821 127.104347 -96.882767 -65.266220 181.128952 -87.272202 -113.544632 137.825394 -93.394875 -29.683786 176.717361 -53.521076               1504 
-111.896614 126.290627 -94.050499 -71.211807 180.297989 -86.494171 -118.891815 136.623672 -91.397774 -34.762440 176.320862 -53.625706               1513 
-116.430786 125.896400 -91.450905 -75.483421 179.853760 -85.561310 -123.065987 136.123306 -89.435982 -38.876945 176.509995 -52.797070               1522 
-120.803307 125.509727 -88.908371 -80.123840 179.551239 -83.455231 -127.550110 135.679108 -87.009193 -43.015095 176.086243 -51.273792               1532 
-125.506180 124.700729 -86.992950 -84.495224 178.493729 -82.084808 -132.194336 134.922592 -85.212349 -47.173317 174.875961 -50.167770               1540 
-130.542328 123.522873 -84.583344 -89.327209 177.261978 -80.714035 -136.764572 133.593582 -83.011040 -51.159428 173.553574 -49.824261               1550 
-134.551758 121.812927 -82.389359 -93.960175 176.100739 -79.187851 -140.374619 131.589661 -81.131706 -55.140839 172.832748 -49.069927               1559 
-138.391113 120.064308 -79.520302 -98.305733 174.828491 -78.127373 -144.029663 129.693787 -78.634117 -58.999699 172.613754 -48.549664               1568 
-141.891449 117.425392 -77.542427 -103.259247 173.257156 -77.147751 -147.344406 126.656830 -76.964462 -63.411907 172.275009 -48.235210               1577 
-144.547775 114.606323 -75.772682 -107.761673 171.680496 -75.491592 -149.624908 123.001587 -75.505989 -67.748489 171.947815 -46.793446               1587 
-147.049515 112.165955 -73.581612 -111.530518 170.057190 -74.671066 -151.400177 119.728859 -73.936211 -71.404861 171.823776 -46.183857               1596 
-149.633072 108.941689 -72.723785 -116.854698 168.466476 -72.769211 -153.685272 115.765396 -72.819878 -75.462288 170.853683 -46.204571               1605 
-152.054459 106.521812 -71.660339 -121.036179 166.985306 -71.830635 -155.894180 112.813019 -71.829620 -79.419182 170.475082 -45.743149               1614 
-153.387085 105.246040 -71.393898 -123.356697 166.209488 -71.300522 -157.150665 111.112625 -71.514221 -82.131828 170.420944 -44.701950               1624 
-156.486069 106.079376 -70.742966 -126.579361 167.098328 -69.731026 -160.065262 111.476585 -70.572151 -85.240860 170.931808 -43.251923               1633 
-158.588959 106.893517 -70.611397 -128.290375 167.701202 -68.741386 -161.927841 111.973984 -70.332222 -86.987160 170.918167 -42.125507               1642 
-162.908554 107.831032 -74.860397 -129.751587 166.356445 -65.123238 -166.104279 112.527916 -73.464394 -88.209610 164.011993 -38.789284               1651 
-167.998489 110.796722 -81.578911 -130.118744 163.518509 -61.447277 -171.439941 114.697784 -78.289001 -88.873505 152.840668 -36.758743               1660 
-170.006027 114.100349 -84.229019 -130.478699 164.405228 -61.271122 -173.706451 117.634682 -80.347099 -90.002525 151.082840 -36.595154               1670 
-173.578888 117.917465 -82.952675 -131.721664 166.311661 -60.010757 -177.459488 121.406677 -78.640121 -91.873474 151.096603 -35.407234               1679 
-176.364670 121.202415 -84.842117 -132.762863 167.586166 -61.007793 -180.200775 124.959595 -80.730240 -94.749222 150.595474 -34.721100               1688 
-180.862045 119.280167 -72.135246 -134.796844 168.282593 -62.251797 -184.434204 124.153320 -69.152176 -96.919418 157.255554 -32.782906               1697 
-187.677750 120.989250 -64.276276 -139.360275 168.588837 -64.529373 -191.233139 126.566437 -62.378880 -101.359131 161.224030 -34.092834               1706 
-191.195892 122.419273 -57.748547 -142.076920 168.385956 -65.262154 -194.828064 128.315247 -56.589699 -103.301498 163.651718 -35.282776               1716 
-198.895065 147.688766 -55.306808 -139.330643 174.035751 -72.836472 -201.110764 154.489716 -56.503532 -103.041626 168.355301 -40.040894               1725 
-196.947083 137.377029 -56.697510 -138.105865 168.210114 -67.256027 -199.691879 144.283585 -57.149837 -103.055618 158.691284 -34.005730               1734 
-194.467056 134.441956 -49.436325 -136.801819 167.393768 -59.134880 -197.581146 141.374954 -49.226093 -100.338699 155.212845 -28.365158               1744 
-186.304276 121.437691 -40.883759 -134.158310 161.277954 -54.477394 -190.434357 127.952576 -40.572330 -94.539680 154.025650 -26.149357               1753 
-181.655258 111.650261 -43.177017 -133.314682 156.944794 -52.768311 -186.525696 117.731209 -42.603786 -93.746773 151.350586 -23.996893               1762 
999.000000 999.000000 999.000000 999.000000 999.000000 999.000000 999.000000 999.000000 999.000000 999.000000 999.000000 999.000000             1771.0 
999.000000 999.000000 999.000000 999.000000 999.000000 999.000000 999.000000 999.000000 999.000000 999.000000 999.000000 999.000000             1799.0 
999.000000 999.000000 999.000000 999.000000 999.000000 999.000000 999.000000 999.000000 999.000000 999.000000 999.000000 999.000000             1808.0 
999.000000 999.000000 999.000000 999.000000 999.000000 999.000000 999.000000 999.000000 999.000000 999.000000 999.000000 999.000000             1817.0 
999.000000 999.000000 999.000000 999.000000 999.000000 999.000000 999.000000 999.000000 999.000000 999.000000 999.000000 999.000000             1827.0 
999.000000 999.000000 999.000000 999.000000 999.000000 999.000000 999.000000 999.000000 999.000000 999.000000 999.000000 999.000000             1836.0 
999.000000 999.000000 999.000000 999.000000 999.000000 999.000000 999.000000 999.000000 999.000000 999.000000 999.000000 999.000000             1845.0 
999.000000 999.000000 999.000000 999.000000 999.000000 999.000000 999.000000 999.000000 999.000000 999.000000 999.000000 999.000000             1854.0 
999.000000 999.000000 999.000000 999.000000 999.000000 999.000000 999.000000 999.000000 999.000000 999.000000 999.000000 999.000000             1864.0 
999.000000 999.000000 999.000000 999.000000 999.000000 999.000000 999.000000 999.000000 999.000000 999.000000 999.000000 999.000000             1873.0 
999.000000 999.000000 999.000000 999.000000 999.000000 999.000000 999.000000 999.000000 999.000000 999.000000 999.000000 999.000000             1882.0 
999.000000 999.000000 999.000000 999.000000 999.000000 999.000000 999.000000 999.000000 999.000000 999.000000 999.000000 999.000000             1891.0 
999.000000 999.000000 999.000000 999.000000 999.000000 999.000000 999.000000 999.000000 999.000000 999.000000 999.000000 999.000000             1900.0 
999.000000 999.000000 999.000000 999.000000 999.000000 999.000000 999.000000 999.000000 999.000000 999.000000 999.000000 999.000000             1910.0 
999.000000 999.000000 999.000000 999.000000 999.000000 999.000000 999.000000 999.000000 999.000000 999.000000 999.000000 999.000000             1919.0 
999.000000 999.000000 999.000000 999.000000 999.000000 999.000000 999.000000 999.000000 999.000000 999.000000 999.000000 999.000000             1928.0 
999.000000 999.000000 999.000000 999.000000 999.000000 999.000000 999.000000 999.000000 999.000000 999.000000 999.000000 999.000000             1938.0 
999.000000 999.000000 999.000000 999.000000 999.000000 999.000000 999.000000 999.000000 999.000000 999.000000 999.000000 999.000000             1947.0 
999.000000 999.000000 999.000000 999.000000 999.000000 999.000000 999.000000 999.000000 999.000000 999.000000 999.000000 999.000000             1956.0 
999.000000 999.000000 999.000000 999.000000 999.000000 999.000000 999.000000 999.000000 999.000000 999.000000 999.000000 999.000000             1965.0 
999.000000 999.000000 999.000000 999.000000 999.000000 999.000000 999.000000 999.000000 999.000000 999.000000 999.000000 999.000000             1974.0 
999.000000 999.000000 999.000000 999.000000 999.000000 999.000000 999.000000 999.000000 999.000000 999.000000 999.000000 999.000000             1983.0 
999.000000 999.000000 999.000000 999.000000 999.000000 999.000000 999.000000 999.000000 999.000000 999.000000 999.000000 999.000000             1993.0 
999.000000 999.000000 999.000000 999.000000 999.000000 999.000000 999.000000 999.000000 999.000000 999.000000 999.000000 999.000000             2002.0 
999.000000 999.000000 999.000000 999.000000 999.000000 999.000000 999.000000 999.000000 999.000000 999.000000 999.000000 999.000000             2011.0 
999.000000 999.000000 999.000000 999.000000 999.000000 999.000000 999.000000 999.000000 999.000000 999.000000 999.000000 999.000000             2020.0 
999.000000 999.000000 999.000000 999.000000 999.000000 999.000000 999.000000 999.000000 999.000000 999.000000 999.000000 999.000000             2030.0 
999.000000 999.000000 999.000000 999.000000 999.000000 999.000000 999.000000 999.000000 999.000000 999.000000 999.000000 999.000000             2039.0 
999.000000 999.000000 999.000000 999.000000 999.000000 999.000000 999.000000 999.000000 999.000000 999.000000 999.000000 999.000000             2048.0 
999.000000 999.000000 999.000000 999.000000 999.000000 999.000000 999.000000 999.000000 999.000000 999.000000 999.000000 999.000000             2057.0 
999.000000 999.000000 999.000000 999.000000 999.000000 999.000000 999.000000 999.000000 999.000000 999.000000 999.000000 999.000000             2067.0 
999.000000 999.000000 999.000000 999.000000 999.000000 999.000000 999.000000 999.000000 999.000000 999.000000 999.000000 999.000000             2076.0 
999.000000 999.000000 999.000000 999.000000 999.000000 999.000000 999.000000 999.000000 999.000000 999.000000 999.000000 999.000000             2085.0 
999.000000 999.000000 999.000000 999.000000 999.000000 999.000000 999.000000 999.000000 999.000000 999.000000 999.000000 999.000000             2094.0 
999.000000 999.000000 999.000000 999.000000 999.000000 999.000000 999.000000 999.000000 999.000000 999.000000 999.000000 999.000000             2103.0 
999.000000 999.000000 999.000000 999.000000 999.000000 999.000000 999.000000 999.000000 999.000000 999.000000 999.000000 999.000000             2113.0 
999.000000 999.000000 999.000000 999.000000 999.000000 999.000000 999.000000 999.000000 999.000000 999.000000 999.000000 999.000000             2122.0 
999.000000 999.000000 999.000000 999.000000 999.000000 999.000000 999.000000 999.000000 999.000000 999.000000 999.000000 999.000000             2131.0 
999.000000 999.000000 999.000000 999.000000 999.000000 999.000000 999.000000 999.000000 999.000000 999.000000 999.000000 999.000000             2140.0 
999.000000 999.000000 999.000000 999.000000 999.000000 999.000000 999.000000 999.000000 999.000000 999.000000 999.000000 999.000000             2150.0 
999.000000 999.000000 999.000000 999.000000 999.000000 999.000000 999.000000 999.000000 999.000000 999.000000 999.000000 999.000000             2159.0 
999.000000 999.000000 999.000000 999.000000 999.000000 999.000000 999.000000 999.000000 999.000000 999.000000 999.000000 999.000000             2168.0 
999.000000 999.000000 999.000000 999.000000 999.000000 999.000000 999.000000 999.000000 999.000000 999.000000 999.000000 999.000000             2177.0 
999.000000 999.000000 999.000000 999.000000 999.000000 999.000000 999.000000 999.000000 999.000000 999.000000 999.000000 999.000000             2187.0 
999.000000 999.000000 999.000000 999.000000 999.000000 999.000000 999.000000 999.000000 999.000000 999.000000 999.000000 999.000000             2196.0 
999.000000 999.000000 999.000000 999.000000 999.000000 999.000000 999.000000 999.000000 999.000000 999.000000 999.000000 999.000000             2205.0 
999.000000 999.000000 999.000000 999.000000 999.000000 999.000000 999.000000 999.000000 999.000000 999.000000 999.000000 999.000000             2214.0 
999.000000 999.000000 999.000000 999.000000 999.000000 999.000000 999.000000 999.000000 999.000000 999.000000 999.000000 999.000000             2223.0 
999.000000 999.000000 999.000000 999.000000 999.000000 999.000000 999.000000 999.000000 999.000000 999.000000 999.000000 999.000000             2233.0 
999.000000 999.000000 999.000000 999.000000 999.000000 999.000000 999.000000 999.000000 999.000000 999.000000 999.000000 999.000000             2242.0 
999.000000 999.000000 999.000000 999.000000 999.000000 999.000000 999.000000 999.000000 999.000000 999.000000 999.000000 999.000000             2251.0 
999.000000 999.000000 999.000000 999.000000 999.000000 999.000000 999.000000 999.000000 999.000000 999.000000 999.000000 999.000000             2260.0 
999.000000 999.000000 999.000000 999.000000 999.000000 999.000000 999.000000 999.000000 999.000000 999.000000 999.000000 999.000000             2270.0 
999.000000 999.000000 999.000000 999.000000 999.000000 999.000000 999.000000 999.000000 999.000000 999.000000 999.000000 999.000000             2279.0 
999.000000 999.000000 999.000000 999.000000 999.000000 999.000000 999.000000 999.000000 999.000000 999.000000 999.000000 999.000000             2288.0 
999.000000 999.000000 999.000000 999.000000 999.000000 999.000000 999.000000 999.000000 999.000000 999.000000 999.000000 999.000000             2297.0 
999.000000 999.000000 999.000000 999.000000 999.000000 999.000000 999.000000 999.000000 999.000000 999.000000 999.000000 999.000000             2307.0 
999.000000 999.000000 999.000000 999.000000 999.000000 999.000000 999.000000 999.000000 999.000000 999.000000 999.000000 999.000000             2316.0 
999.000000 999.000000 999.000000 999.000000 999.000000 999.000000 999.000000 999.000000 999.000000 999.000000 999.000000 999.000000             2325.0 
999.000000 999.000000 999.000000 999.000000 999.000000 999.000000 999.000000 999.000000 999.000000 999.000000 999.000000 999.000000             2334.0 
999.000000 999.000000 999.000000 999.000000 999.000000 999.000000 999.000000 999.000000 999.000000 999.000000 999.000000 999.000000             2343.0 
999.000000 999.000000 999.000000 999.000000 999.000000 999.000000 999.000000 999.000000 999.000000 999.000000 999.000000 999.000000             2353.0 
999.000000 999.000000 999.000000 999.000000 999.000000 999.000000 999.000000 999.000000 999.000000 999.000000 999.000000 999.000000             2362.0 
999.000000 999.000000 999.000000 999.000000 999.000000 999.000000 999.000000 999.000000 999.000000 999.000000 999.000000 999.000000             2371.0 
999.000000 999.000000 999.000000 999.000000 999.000000 999.000000 999.000000 999.000000 999.000000 999.000000 999.000000 999.000000             2380.0 
999.000000 999.000000 999.000000 999.000000 999.000000 999.000000 999.000000 999.000000 999.000000 999.000000 999.000000 999.000000             2390.0 
999.000000 999.000000 999.000000 999.000000 999.000000 999.000000 999.000000 999.000000 999.000000 999.000000 999.000000 999.000000             2399.0 
999.000000 999.000000 999.000000 999.000000 999.000000 999.000000 999.000000 999.000000 999.000000 999.000000 999.000000 999.000000             2408.0 
999.000000 999.000000 999.000000 999.000000 999.000000 999.000000 999.000000 999.000000 999.000000 999.000000 999.000000 999.000000             2417.0 
999.000000 999.000000 999.000000 999.000000 999.000000 999.000000 999.000000 999.000000 999.000000 999.000000 999.000000 999.000000             2427.0 
999.000000 999.000000 999.000000 999.000000 999.000000 999.000000 999.000000 999.000000 999.000000 999.000000 999.000000 999.000000             2436.0 
999.000000 999.000000 999.000000 999.000000 999.000000 999.000000 999.000000 999.000000 999.000000 999.000000 999.000000 999.000000             2445.0 
999.000000 999.000000 999.000000 999.000000 999.000000 999.000000 999.000000 999.000000 999.000000 999.000000 999.000000 999.000000             2454.0 
999.000000 999.000000 999.000000 999.000000 999.000000 999.000000 999.000000 999.000000 999.000000 999.000000 999.000000 999.000000             2463.0 
999.000000 999.000000 999.000000 999.000000 999.000000 999.000000 999.000000 999.000000 999.000000 999.000000 999.000000 999.000000             2473.0 
999.000000 999.000000 999.000000 999.000000 999.000000 999.000000 999.000000 999.000000 999.000000 999.000000 999.000000 999.000000             2482.0 
999.000000 999.000000 999.000000 999.000000 999.000000 999.000000 999.000000 999.000000 999.000000 999.000000 999.000000 999.000000             2491.0 
999.000000 999.000000 999.000000 999.000000 999.000000 999.000000 999.000000 999.000000 999.000000 999.000000 999.000000 999.000000             2501.0 
999.000000 999.000000 999.000000 999.000000 999.000000 999.000000 999.000000 999.000000 999.000000 999.000000 999.000000 999.000000             2510.0 
999.000000 999.000000 999.000000 999.000000 999.000000 999.000000 999.000000 999.000000 999.000000 999.000000 999.000000 999.000000             2519.0 
999.000000 999.000000 999.000000 999.000000 999.000000 999.000000 999.000000 999.000000 999.000000 999.000000 999.000000 999.000000             2528.0 
999.000000 999.000000 999.000000 999.000000 999.000000 999.000000 999.000000 999.000000 999.000000 999.000000 999.000000 999.000000             2537.0 
999.000000 999.000000 999.000000 999.000000 999.000000 999.000000 999.000000 999.000000 999.000000 999.000000 999.000000 999.000000             2546.0 
999.000000 999.000000 999.000000 999.000000 999.000000 999.000000 999.000000 999.000000 999.000000 999.000000 999.000000 999.000000             2556.0 
999.000000 999.000000 999.000000 999.000000 999.000000 999.000000 999.000000 999.000000 999.000000 999.000000 999.000000 999.000000             2565.0 
999.000000 999.000000 999.000000 999.000000 999.000000 999.000000 999.000000 999.000000 999.000000 999.000000 999.000000 999.000000             2574.0 
999.000000 999.000000 999.000000 999.000000 999.000000 999.000000 999.000000 999.000000 999.000000 999.000000 999.000000 999.000000             2583.0 
999.000000 999.000000 999.000000 999.000000 999.000000 999.000000 999.000000 999.000000 999.000000 999.000000 999.000000 999.000000             2593.0 
999.000000 999.000000 999.000000 999.000000 999.000000 999.000000 999.000000 999.000000 999.000000 999.000000 999.000000 999.000000             2602.0 
999.000000 999.000000 999.000000 999.000000 999.000000 999.000000 999.000000 999.000000 999.000000 999.000000 999.000000 999.000000             2611.0 
999.000000 999.000000 999.000000 999.000000 999.000000 999.000000 999.000000 999.000000 999.000000 999.000000 999.000000 999.000000             2620.0 
999.000000 999.000000 999.000000 999.000000 999.000000 999.000000 999.000000 999.000000 999.000000 999.000000 999.000000 999.000000             2630.0 
999.000000 999.000000 999.000000 999.000000 999.000000 999.000000 999.000000 999.000000 999.000000 999.000000 999.000000 999.000000             2639.0 
999.000000 999.000000 999.000000 999.000000 999.000000 999.000000 999.000000 999.000000 999.000000 999.000000 999.000000 999.000000             2648.0 
999.000000 999.000000 999.000000 999.000000 999.000000 999.000000 999.000000 999.000000 999.000000 999.000000 999.000000 999.000000             2657.0 
999.000000 999.000000 999.000000 999.000000 999.000000 999.000000 999.000000 999.000000 999.000000 999.000000 999.000000 999.000000             2666.0 
999.000000 999.000000 999.000000 999.000000 999.000000 999.000000 999.000000 999.000000 999.000000 999.000000 999.000000 999.000000             2676.0 
999.000000 999.000000 999.000000 999.000000 999.000000 999.000000 999.000000 999.000000 999.000000 999.000000 999.000000 999.000000             2685.0 
999.000000 999.000000 999.000000 999.000000 999.000000 999.000000 999.000000 999.000000 999.000000 999.000000 999.000000 999.000000             2694.0 
999.000000 999.000000 999.000000 999.000000 999.000000 999.000000 999.000000 999.000000 999.000000 999.000000 999.000000 999.000000             2703.0 
999.000000 999.000000 999.000000 999.000000 999.000000 999.000000 999.000000 999.000000 999.000000 999.000000 999.000000 999.000000             2713.0 
999.000000 999.000000 999.000000 999.000000 999.000000 999.000000 999.000000 999.000000 999.000000 999.000000 999.000000 999.000000             2722.0 
999.000000 999.000000 999.000000 999.000000 999.000000 999.000000 999.000000 999.000000 999.000000 999.000000 999.000000 999.000000             2731.0 
999.000000 999.000000 999.000000 999.000000 999.000000 999.000000 999.000000 999.000000 999.000000 999.000000 999.000000 999.000000             2740.0 
999.000000 999.000000 999.000000 999.000000 999.000000 999.000000 999.000000 999.000000 999.000000 999.000000 999.000000 999.000000             2750.0 
999.000000 999.000000 999.000000 999.000000 999.000000 999.000000 999.000000 999.000000 999.000000 999.000000 999.000000 999.000000             2759.0 
999.000000 999.000000 999.000000 999.000000 999.000000 999.000000 999.000000 999.000000 999.000000 999.000000 999.000000 999.000000             2768.0 
999.000000 999.000000 999.000000 999.000000 999.000000 999.000000 999.000000 999.000000 999.000000 999.000000 999.000000 999.000000             2777.0 
999.000000 999.000000 999.000000 999.000000 999.000000 999.000000 999.000000 999.000000 999.000000 999.000000 999.000000 999.000000             2786.0 
999.000000 999.000000 999.000000 999.000000 999.000000 999.000000 999.000000 999.000000 999.000000 999.000000 999.000000 999.000000             2796.0 
999.000000 999.000000 999.000000 999.000000 999.000000 999.000000 999.000000 999.000000 999.000000 999.000000 999.000000 999.000000             2805.0 
999.000000 999.000000 999.000000 999.000000 999.000000 999.000000 999.000000 999.000000 999.000000 999.000000 999.000000 999.000000             2814.0 
999.000000 999.000000 999.000000 999.000000 999.000000 999.000000 999.000000 999.000000 999.000000 999.000000 999.000000 999.000000             2823.0 
999.000000 999.000000 999.000000 999.000000 999.000000 999.000000 999.000000 999.000000 999.000000 999.000000 999.000000 999.000000             2833.0 
999.000000 999.000000 999.000000 999.000000 999.000000 999.000000 999.000000 999.000000 999.000000 999.000000 999.000000 999.000000             2842.0 
999.000000 999.000000 999.000000 999.000000 999.000000 999.000000 999.000000 999.000000 999.000000 999.000000 999.000000 999.000000             2851.0 
999.000000 999.000000 999.000000 999.000000 999.000000 999.000000 999.000000 999.000000 999.000000 999.000000 999.000000 999.000000             2860.0 
999.000000 999.000000 999.000000 999.000000 999.000000 999.000000 999.000000 999.000000 999.000000 999.000000 999.000000 999.000000             2870.0 
999.000000 999.000000 999.000000 999.000000 999.000000 999.000000 999.000000 999.000000 999.000000 999.000000 999.000000 999.000000             2879.0 
999.000000 999.000000 999.000000 999.000000 999.000000 999.000000 999.000000 999.000000 999.000000 999.000000 999.000000 999.000000             2888.0 
999.000000 999.000000 999.000000 999.000000 999.000000 999.000000 999.000000 999.000000 999.000000 999.000000 999.000000 999.000000             2897.0 
999.000000 999.000000 999.000000 999.000000 999.000000 999.000000 999.000000 999.000000 999.000000 999.000000 999.000000 999.000000             2907.0 
999.000000 999.000000 999.000000 999.000000 999.000000 999.000000 999.000000 999.000000 999.000000 999.000000 999.000000 999.000000             2916.0 
999.000000 999.000000 999.000000 999.000000 999.000000 999.000000 999.000000 999.000000 999.000000 999.000000 999.000000 999.000000             2925.0 
999.000000 999.000000 999.000000 999.000000 999.000000 999.000000 999.000000 999.000000 999.000000 999.000000 999.000000 999.000000             2934.0 
999.000000 999.000000 999.000000 999.000000 999.000000 999.000000 999.000000 999.000000 999.000000 999.000000 999.000000 999.000000             2943.0 
999.000000 999.000000 999.000000 999.000000 999.000000 999.000000 999.000000 999.000000 999.000000 999.000000 999.000000 999.000000             2971.0 
999.000000 999.000000 999.000000 999.000000 999.000000 999.000000 999.000000 999.000000 999.000000 999.000000 999.000000 999.000000             2980.0 
999.000000 999.000000 999.000000 999.000000 999.000000 999.000000 999.000000 999.000000 999.000000 999.000000 999.000000 999.000000             2990.0 
999.000000 999.000000 999.000000 999.000000 999.000000 999.000000 999.000000 999.000000 999.000000 999.000000 999.000000 999.000000             2999.0 
999.000000 999.000000 999.000000 999.000000 999.000000 999.000000 999.000000 999.000000 999.000000 999.000000 999.000000 999.000000             3008.0 
999.000000 999.000000 999.000000 999.000000 999.000000 999.000000 999.000000 999.000000 999.000000 999.000000 999.000000 999.000000             3017.0 
999.000000 999.000000 999.000000 999.000000 999.000000 999.000000 999.000000 999.000000 999.000000 999.000000 999.000000 999.000000             3026.0 
999.000000 999.000000 999.000000 999.000000 999.000000 999.000000 999.000000 999.000000 999.000000 999.000000 999.000000 999.000000             3036.0 
999.000000 999.000000 999.000000 999.000000 999.000000 999.000000 999.000000 999.000000 999.000000 999.000000 999.000000 999.000000             3045.0 
999.000000 999.000000 999.000000 999.000000 999.000000 999.000000 999.000000 999.000000 999.000000 999.000000 999.000000 999.000000             3054.0 
999.000000 999.000000 999.000000 999.000000 999.000000 999.000000 999.000000 999.000000 999.000000 999.000000 999.000000 999.000000             3063.0 
999.000000 999.000000 999.000000 999.000000 999.000000 999.000000 999.000000 999.000000 999.000000 999.000000 999.000000 999.000000             3073.0 
999.000000 999.000000 999.000000 999.000000 999.000000 999.000000 999.000000 999.000000 999.000000 999.000000 999.000000 999.000000             3082.0 
999.000000 999.000000 999.000000 999.000000 999.000000 999.000000 999.000000 999.000000 999.000000 999.000000 999.000000 999.000000             3091.0 
999.000000 999.000000 999.000000 999.000000 999.000000 999.000000 999.000000 999.000000 999.000000 999.000000 999.000000 999.000000             3100.0 
999.000000 999.000000 999.000000 999.000000 999.000000 999.000000 999.000000 999.000000 999.000000 999.000000 999.000000 999.000000             3109.0 
999.000000 999.000000 999.000000 999.000000 999.000000 999.000000 999.000000 999.000000 999.000000 999.000000 999.000000 999.000000             3119.0 
999.000000 999.000000 999.000000 999.000000 999.000000 999.000000 999.000000 999.000000 999.000000 999.000000 999.000000 999.000000             3128.0 
999.000000 999.000000 999.000000 999.000000 999.000000 999.000000 999.000000 999.000000 999.000000 999.000000 999.000000 999.000000             3137.0 
999.000000 999.000000 999.000000 999.000000 999.000000 999.000000 999.000000 999.000000 999.000000 999.000000 999.000000 999.000000             3146.0 
999.000000 999.000000 999.000000 999.000000 999.000000 999.000000 999.000000 999.000000 999.000000 999.000000 999.000000 999.000000             3156.0 
999.000000 999.000000 999.000000 999.000000 999.000000 999.000000 999.000000 999.000000 999.000000 999.000000 999.000000 999.000000             3165.0 
999.000000 999.000000 999.000000 999.000000 999.000000 999.000000 999.000000 999.000000 999.000000 999.000000 999.000000 999.000000             3174.0 
999.000000 999.000000 999.000000 999.000000 999.000000 999.000000 999.000000 999.000000 999.000000 999.000000 999.000000 999.000000             3184.0 
999.000000 999.000000 999.000000 999.000000 999.000000 999.000000 999.000000 999.000000 999.000000 999.000000 999.000000 999.000000             3193.0 
999.000000 999.000000 999.000000 999.000000 999.000000 999.000000 999.000000 999.000000 999.000000 999.000000 999.000000 999.000000             3202.0 
999.000000 999.000000 999.000000 999.000000 999.000000 999.000000 999.000000 999.000000 999.000000 999.000000 999.000000 999.000000             3211.0 
999.000000 999.000000 999.000000 999.000000 999.000000 999.000000 999.000000 999.000000 999.000000 999.000000 999.000000 999.000000             3220.0 
999.000000 999.000000 999.000000 999.000000 999.000000 999.000000 999.000000 999.000000 999.000000 999.000000 999.000000 999.000000             3229.0 
999.000000 999.000000 999.000000 999.000000 999.000000 999.000000 999.000000 999.000000 999.000000 999.000000 999.000000 999.000000             3239.0 
999.000000 999.000000 999.000000 999.000000 999.000000 999.000000 999.000000 999.000000 999.000000 999.000000 999.000000 999.000000             3248.0 
999.000000 999.000000 999.000000 999.000000 999.000000 999.000000 999.000000 999.000000 999.000000 999.000000 999.000000 999.000000             3257.0 
999.000000 999.000000 999.000000 999.000000 999.000000 999.000000 999.000000 999.000000 999.000000 999.000000 999.000000 999.000000             3266.0 
999.000000 999.000000 999.000000 999.000000 999.000000 999.000000 999.000000 999.000000 999.000000 999.000000 999.000000 999.000000             3276.0 
999.000000 999.000000 999.000000 999.000000 999.000000 999.000000 999.000000 999.000000 999.000000 999.000000 999.000000 999.000000             3285.0 
999.000000 999.000000 999.000000 999.000000 999.000000 999.000000 999.000000 999.000000 999.000000 999.000000 999.000000 999.000000             3294.0 
999.000000 999.000000 999.000000 999.000000 999.000000 999.000000 999.000000 999.000000 999.000000 999.000000 999.000000 999.000000             3303.0 
999.000000 999.000000 999.000000 999.000000 999.000000 999.000000 999.000000 999.000000 999.000000 999.000000 999.000000 999.000000             3313.0 
999.000000 999.000000 999.000000 999.000000 999.000000 999.000000 999.000000 999.000000 999.000000 999.000000 999.000000 999.000000             3322.0 
999.000000 999.000000 999.000000 999.000000 999.000000 999.000000 999.000000 999.000000 999.000000 999.000000 999.000000 999.000000             3331.0 
999.000000 999.000000 999.000000 999.000000 999.000000 999.000000 999.000000 999.000000 999.000000 999.000000 999.000000 999.000000             3340.0 
999.000000 999.000000 999.000000 999.000000 999.000000 999.000000 999.000000 999.000000 999.000000 999.000000 999.000000 999.000000             3349.0 
999.000000 999.000000 999.000000 999.000000 999.000000 999.000000 999.000000 999.000000 999.000000 999.000000 999.000000 999.000000             3359.0 
999.000000 999.000000 999.000000 999.000000 999.000000 999.000000 999.000000 999.000000 999.000000 999.000000 999.000000 999.000000             3368.0 
999.000000 999.000000 999.000000 999.000000 999.000000 999.000000 999.000000 999.000000 999.000000 999.000000 999.000000 999.000000             3377.0 
999.000000 999.000000 999.000000 999.000000 999.000000 999.000000 999.000000 999.000000 999.000000 999.000000 999.000000 999.000000             3386.0 
999.000000 999.000000 999.000000 999.000000 999.000000 999.000000 999.000000 999.000000 999.000000 999.000000 999.000000 999.000000             3396.0 
999.000000 999.000000 999.000000 999.000000 999.000000 999.000000 999.000000 999.000000 999.000000 999.000000 999.000000 999.000000             3405.0 
999.000000 999.000000 999.000000 999.000000 999.000000 999.000000 999.000000 999.000000 999.000000 999.000000 999.000000 999.000000             3414.0 
999.000000 999.000000 999.000000 999.000000 999.000000 999.000000 999.000000 999.000000 999.000000 999.000000 999.000000 999.000000             3423.0 
999.000000 999.000000 999.000000 999.000000 999.000000 999.000000 999.000000 999.000000 999.000000 999.000000 999.000000 999.000000             3433.0 
999.000000 999.000000 999.000000 999.000000 999.000000 999.000000 999.000000 999.000000 999.000000 999.000000 999.000000 999.000000             3442.0 
999.000000 999.000000 999.000000 999.000000 999.000000 999.000000 999.000000 999.000000 999.000000 999.000000 999.000000 999.000000             3451.0 
999.000000 999.000000 999.000000 999.000000 999.000000 999.000000 999.000000 999.000000 999.000000 999.000000 999.000000 999.000000             3460.0 
999.000000 999.000000 999.000000 999.000000 999.000000 999.000000 999.000000 999.000000 999.000000 999.000000 999.000000 999.000000             3469.0 
999.000000 999.000000 999.000000 999.000000 999.000000 999.000000 999.000000 999.000000 999.000000 999.000000 999.000000 999.000000             3479.0 
999.000000 999.000000 999.000000 999.000000 999.000000 999.000000 999.000000 999.000000 999.000000 999.000000 999.000000 999.000000             3488.0 
999.000000 999.000000 999.000000 999.000000 999.000000 999.000000 999.000000 999.000000 999.000000 999.000000 999.000000 999.000000             3497.0 
999.000000 999.000000 999.000000 999.000000 999.000000 999.000000 999.000000 999.000000 999.000000 999.000000 999.000000 999.000000             3506.0 
999.000000 999.000000 999.000000 999.000000 999.000000 999.000000 999.000000 999.000000 999.000000 999.000000 999.000000 999.000000             3516.0 
999.000000 999.000000 999.000000 999.000000 999.000000 999.000000 999.000000 999.000000 999.000000 999.000000 999.000000 999.000000             3525.0 
999.000000 999.000000 999.000000 999.000000 999.000000 999.000000 999.000000 999.000000 999.000000 999.000000 999.000000 999.000000             3534.0 
999.000000 999.000000 999.000000 999.000000 999.000000 999.000000 999.000000 999.000000 999.000000 999.000000 999.000000 999.000000             3543.0 
999.000000 999.000000 999.000000 999.000000 999.000000 999.000000 999.000000 999.000000 999.000000 999.000000 999.000000 999.000000             3552.0 
999.000000 999.000000 999.000000 999.000000 999.000000 999.000000 999.000000 999.000000 999.000000 999.000000 999.000000 999.000000             3562.0 
999.000000 999.000000 999.000000 999.000000 999.000000 999.000000 999.000000 999.000000 999.000000 999.000000 999.000000 999.000000             3571.0 
999.000000 999.000000 999.000000 999.000000 999.000000 999.000000 999.000000 999.000000 999.000000 999.000000 999.000000 999.000000             3580.0 
999.000000 999.000000 999.000000 999.000000 999.000000 999.000000 999.000000 999.000000 999.000000 999.000000 999.000000 999.000000             3589.0 
999.000000 999.000000 999.000000 999.000000 999.000000 999.000000 999.000000 999.000000 999.000000 999.000000 999.000000 999.000000             3599.0 
999.000000 999.000000 999.000000 999.000000 999.000000 999.000000 999.000000 999.000000 999.000000 999.000000 999.000000 999.000000             3608.0 
999.000000 999.000000 999.000000 999.000000 999.000000 999.000000 999.000000 999.000000 999.000000 999.000000 999.000000 999.000000             3617.0 
999.000000 999.000000 999.000000 999.000000 999.000000 999.000000 999.000000 999.000000 999.000000 999.000000 999.000000 999.000000             3626.0 
999.000000 999.000000 999.000000 999.000000 999.000000 999.000000 999.000000 999.000000 999.000000 999.000000 999.000000 999.000000             3636.0 
