-13.166358 134.328369 86.419655 28.277355 156.130112 78.388931 -22.946793 165.563919 109.685974 55.823837 115.366341 80.442421                  0 
-14.107442 135.418518 86.336884 28.436911 156.105591 78.530907 -22.641411 165.733994 109.628166 55.706520 115.138092 80.186989                 18 
-14.009431 136.475220 87.504440 30.187410 154.392914 79.169037 -19.872000 166.249893 110.884651 55.609756 112.235062 80.231850                 37 
-14.178866 137.695816 88.725548 31.488504 152.982651 80.019875 -17.689602 166.602051 112.211334 55.307293 109.888733 80.558319                 55 
-15.403278 139.642395 88.454262 31.701439 153.687363 80.437538 -17.798615 166.573761 112.029427 55.610859 110.640419 80.337364                 73 
-15.834291 141.430389 88.994240 32.351994 154.875809 81.314552 -17.392574 166.586105 112.645340 56.818066 112.149582 80.546089                 92 
-16.408186 142.382523 89.062477 33.403618 152.603287 81.730057 -15.882197 165.840088 113.069168 56.042114 108.900948 80.208809                111 
-16.657206 143.053467 89.345749 34.103863 152.913040 82.526222 -15.613138 165.128433 113.501175 57.397064 109.565071 80.768372                129 
-17.006979 143.673782 90.157288 35.110828 150.156097 82.747963 -13.595852 164.061935 114.565056 56.463558 105.868332 80.034172                147 
-17.594400 143.823654 90.176270 35.336563 150.183868 82.782158 -13.518283 163.037262 114.779739 57.329567 106.244896 79.559616                166 
-18.184046 144.092773 90.139290 35.399612 150.148010 82.770821 -13.452562 162.766663 114.824364 57.592518 106.316483 79.456924                184 
-18.744085 144.287170 90.097961 35.454735 150.074478 82.780632 -13.361357 162.533600 114.885468 57.809193 106.330574 79.395569                203 
-18.886763 143.706131 89.963066 36.104412 149.477997 83.066750 -13.011799 161.203415 114.929420 58.973618 106.013145 79.528946                221 
-18.772894 142.596130 89.694794 36.955154 149.217789 83.380302 -12.758617 159.518494 114.757652 61.083572 106.425812 80.007530                240 
-18.974529 141.993393 89.478302 37.581654 148.855484 83.730721 -12.540670 158.253296 114.692772 62.488686 106.503242 80.469269                258 
-19.567350 142.251877 89.248497 38.023052 148.081924 83.906029 -12.239212 157.508774 114.600815 62.857658 105.689110 80.619514                276 
-20.171274 143.185638 89.006683 38.541336 146.644592 84.353783 -11.721495 156.963226 114.731361 62.333839 103.690895 80.665077                295 
-20.645908 144.059143 89.301292 38.812702 147.324905 84.906906 -11.631170 157.055222 115.149879 63.051422 104.630333 81.116394                313 
-21.276844 145.344299 89.328789 39.249584 146.688644 85.107529 -11.173263 156.747803 115.262466 62.986656 103.744606 80.975723                332 
-6.572559 134.022308 81.892372 34.108925 153.895218 82.273636 -21.262337 160.477066 111.971664 62.857235 113.996231 84.786598                350 
2.234193 129.767700 82.124176 35.213684 154.349213 81.868584 -22.274286 162.492630 112.374657 64.041382 114.884071 87.883301                369 
-17.437868 154.354965 80.207031 35.139915 154.019577 81.323997 -20.369244 156.055969 105.290413 63.923634 114.369614 86.231995                387 
-24.366793 161.311661 87.053230 35.494335 151.291275 82.190735 -17.418198 151.759628 107.758087 64.032654 111.281616 85.273132                406 
-22.492363 162.345825 93.728119 37.122578 148.023270 82.999893 -13.120855 151.388626 112.810913 63.467865 106.435982 84.064430                424 
-22.721987 161.575012 93.850281 37.313309 147.909637 83.017006 -12.884049 150.469559 112.494156 63.910725 106.469742 83.167686                443 
-22.842577 161.473694 93.781845 37.309311 147.932785 83.026016 -12.603682 150.858749 112.469246 63.959457 106.526779 83.173775                461 
-22.580578 160.118637 93.104401 37.686165 146.372070 82.298523 -11.928270 149.506042 111.867554 63.948460 104.731758 81.256134                480 
-23.355495 159.934067 93.093559 37.307014 147.138199 82.504677 -12.025560 150.152710 112.268188 64.191391 105.894531 81.555817                498 
-25.053116 159.725204 93.515236 36.103924 148.403061 83.058640 -12.939624 151.035233 113.033676 63.984211 107.817726 82.578865                516 
-25.746847 159.853088 93.220284 35.599232 148.282410 82.863991 -13.186443 151.387436 112.992920 63.195869 107.511192 81.945526                535 
-26.149048 159.745636 93.260201 35.478745 148.376877 82.963135 -13.098288 151.702164 113.207237 63.168919 107.669327 82.035767                553 
-26.854391 159.960953 92.938240 35.196846 148.121323 82.676514 -13.261247 151.645706 112.955971 62.596344 107.234383 81.181412                572 
-27.623062 160.289230 92.951424 35.050598 148.162689 82.690430 -13.242052 151.736938 113.051964 62.488693 107.314713 80.872620                590 
-27.203251 161.961487 92.344658 34.936768 144.088196 81.737877 -12.958683 150.601242 112.081932 58.657017 101.115257 77.815300                609 
-28.130238 162.107651 92.603935 34.903965 144.583191 82.093437 -12.995393 150.783478 112.368698 59.414436 102.004341 78.778534                627 
-28.326551 163.700409 94.141624 35.198483 146.167145 83.529770 -12.693006 152.081573 113.787766 59.937401 103.731644 80.076637                646 
-29.881340 162.352585 95.122185 34.387604 146.304977 83.138351 -12.863518 151.122162 114.483635 60.514164 104.707634 79.707016                664 
-31.443750 161.288086 95.837845 33.965752 147.083847 83.598640 -13.051403 150.881302 115.325134 62.091198 106.722076 81.454544                683 
-32.299942 160.673645 96.028099 33.795464 146.296432 83.716522 -13.099769 149.901535 115.544891 62.396267 106.257835 81.815308                701 
-32.884449 160.480103 96.751472 33.700451 145.320847 84.029343 -12.842217 149.111389 116.215271 62.474178 105.403252 82.194214                719 
-33.034939 160.876617 97.027077 33.915150 144.576401 84.133499 -12.282043 148.994095 116.603348 62.543011 104.549690 82.396431                738 
-33.119217 160.397400 96.265533 34.494595 143.673355 84.329071 -11.838974 148.671082 116.489639 63.451534 103.853668 83.555824                756 
-32.321022 161.123688 94.858017 35.778332 143.315186 84.047440 -10.524570 149.524811 116.115021 64.702393 103.464294 84.167877                775 
-29.638668 162.767609 92.208778 38.705280 142.212860 82.622665 -7.295973 150.717911 114.839561 66.941704 101.888306 83.782013                793 
-27.902803 166.495758 87.064301 40.502403 143.141495 79.885368 -5.404039 154.620712 111.962158 67.741875 102.209213 82.581581                812 
-26.994759 172.846970 76.719872 41.579510 147.759216 75.741837 -5.297126 163.407410 105.545448 67.927124 106.762421 82.797081                830 
-27.150028 176.841843 62.750847 41.936810 152.371841 66.634720 -6.814112 167.936768 93.805771 68.391220 111.736427 75.215935                849 
-27.305195 180.816345 47.727524 41.944477 157.605042 56.649391 -8.332683 174.075989 80.678574 68.470261 117.853043 68.518326                867 
-27.301519 182.055389 30.488779 41.556675 160.096466 45.162437 -10.481371 176.853882 64.907700 67.651718 121.208755 60.377697                886 
-27.527458 182.174637 19.292973 41.537621 160.528000 34.225765 -10.984482 176.020798 52.828373 67.798409 121.359581 48.400242                904 
-29.445160 180.821014 5.746297 39.868401 161.843201 21.830229 -13.008405 176.897781 37.089828 66.429802 123.649750 37.969051                923 
-32.572189 176.789307 -15.123577 37.043865 165.305130 5.578536 -17.521755 176.910568 15.114729 65.290146 130.832443 26.518719                941 
-35.853733 172.166977 -33.607342 33.210514 168.631287 -8.937195 -22.801666 173.821014 -4.980565 63.216656 137.801056 15.017730                959 
-36.682484 165.165771 -57.878445 28.778355 169.602142 -24.859484 -27.768909 168.533554 -29.415403 57.889282 143.293365 4.891357                978 
-36.353317 157.886368 -77.166374 25.125193 169.251862 -38.562313 -30.832859 161.867050 -48.683418 53.672195 146.495712 -5.517851                996 
-35.854561 149.215286 -92.214386 22.285295 166.732056 -50.730209 -32.736706 154.080490 -64.005684 50.300278 147.608551 -15.034800               1015 
-37.985336 131.715637 -99.819656 19.271921 161.637299 -64.543076 -35.242397 142.749908 -73.859970 48.150230 153.249817 -25.550728               1033 
-38.090794 116.862938 -105.955933 15.059713 158.522263 -76.289841 -37.103649 132.323395 -82.204033 44.155918 160.091110 -36.595264               1052 
-35.068584 98.681602 -111.513847 10.104330 152.406250 -87.795479 -39.223858 119.571106 -90.966576 36.022873 165.464355 -48.015778               1070 
-39.080055 92.580750 -114.917999 7.184289 147.891556 -96.085709 -43.799847 116.641167 -96.120193 33.669224 164.325439 -57.965027               1089 
-47.513554 91.261749 -117.737144 3.108525 144.491638 -101.584229 -49.762405 116.610565 -98.952156 31.864496 160.777603 -65.079826               1107 
-46.234783 85.498695 -117.293541 3.152982 141.049911 -102.969360 -49.170528 112.388458 -99.702621 30.980900 160.245621 -67.166542               1126 
-42.682907 80.810158 -114.020699 3.492246 139.975220 -103.801125 -48.154499 110.848770 -99.579483 30.170792 163.200256 -69.543823               1144 
-41.761696 79.804543 -113.262199 3.489496 139.864594 -104.026993 -47.947048 111.002525 -100.112732 29.821657 164.053497 -70.171059               1163 
-40.806755 76.097534 -111.767883 0.979225 139.007431 -105.538887 -48.059174 107.084152 -98.296349 28.112984 164.838303 -73.582123               1181 
-39.144505 74.238533 -111.121872 0.248539 138.781998 -105.870140 -47.123226 104.992767 -97.720352 27.084099 165.701599 -74.566811               1199 
-38.818043 73.783028 -110.772583 -0.048629 138.756546 -105.814079 -46.446602 104.369019 -97.650520 26.761477 165.962402 -74.737244               1218 
-38.845848 70.098846 -104.093414 -2.113223 136.437943 -104.369751 -45.027935 100.133095 -92.206985 25.645302 165.828217 -76.255943               1236 
-42.900677 68.077835 -103.169670 -6.180296 134.431213 -104.595146 -47.284954 97.297981 -90.070549 23.899517 163.035370 -78.105217               1255 
-40.883785 66.922066 -103.216751 -5.714736 134.153809 -103.904915 -45.475872 95.625046 -89.731316 23.806393 163.149399 -77.212799               1273 
-41.123379 66.860825 -103.614494 -5.725707 134.125854 -103.670700 -45.593731 95.669800 -89.659081 23.873344 163.008926 -76.942932               1292 
-47.974987 65.817589 -102.937706 -7.622176 131.500458 -104.265434 -48.507164 95.139038 -87.776825 24.288935 159.591965 -79.420761               1310 
-62.794422 68.147217 -102.797943 -10.042432 125.856606 -105.980606 -56.727371 98.117897 -88.152550 25.304811 150.669235 -82.324394               1329 
-62.854641 69.022446 -107.299736 -8.829479 126.915375 -106.814941 -55.362633 98.252190 -90.054749 26.122864 151.409332 -82.257057               1347 
-64.032677 71.430946 -110.454910 -8.201627 128.306702 -107.822914 -55.130058 99.916824 -91.682037 27.123365 151.705643 -82.736176               1366 
-51.344864 74.986412 -114.649139 1.563169 134.699005 -108.268494 -43.791023 102.916840 -94.035759 35.221638 158.895325 -81.691147               1384 
-45.676880 77.750832 -116.955223 6.972500 137.552948 -108.380447 -38.523697 105.339188 -95.618568 39.951794 161.459732 -80.712013               1402 
-38.224903 89.575012 -119.820435 16.523203 146.231659 -104.814156 -30.860065 115.347069 -96.315552 49.090111 166.798553 -74.136658               1421 
-32.276154 96.470398 -119.434586 24.120880 150.626801 -101.313133 -24.205616 120.775314 -94.575043 57.093292 168.671265 -69.502327               1439 
-30.204720 98.471519 -118.402908 27.692125 151.258057 -100.505905 -21.293236 122.555519 -93.490456 61.235504 168.560211 -68.880173               1458 
-34.229610 136.001694 -129.725113 35.037865 169.801743 -106.616692 -20.438185 156.414307 -104.579086 68.647430 178.497269 -71.695427               1476 
-27.656809 137.412094 -132.639938 41.864235 169.924026 -108.191185 -14.102645 158.816956 -108.747452 73.280998 181.184555 -71.984871               1495 
-22.956409 138.561676 -132.323441 47.265369 170.245758 -108.554115 -8.954675 160.598541 -109.520248 78.212349 183.236267 -72.523010               1513 
-14.140471 140.112015 -128.155716 57.920437 169.034119 -106.216537 1.189320 163.142105 -107.370628 89.125549 183.808884 -71.107323               1532 
-7.400505 135.886078 -124.084793 65.391327 165.496811 -105.516670 8.635435 160.236298 -105.607246 97.056007 183.375397 -72.314049               1550 
9.509154 145.772888 -137.066544 79.382332 166.465302 -102.161438 23.830309 165.953705 -113.349411 105.091125 179.008514 -62.081074               1568 
24.408251 147.446396 -141.618774 89.911018 167.054825 -98.472038 38.567284 156.783585 -111.151375 111.131409 177.543457 -55.293415               1587 
28.373474 141.581207 -138.156296 93.337181 163.941986 -95.451782 51.123825 136.749603 -100.849586 114.533653 174.954041 -52.391888               1606 
30.832703 137.262024 -135.507675 95.585457 160.996521 -93.148109 57.979912 127.394455 -95.790192 116.869461 172.281754 -50.202274               1624 
36.103821 131.299561 -133.417343 99.223030 156.356705 -89.316841 62.990559 120.894386 -92.385124 119.139122 168.059891 -45.830128               1642 
37.138058 121.891708 -129.373108 100.444313 148.999969 -86.712761 64.785690 112.754837 -88.360016 120.766121 162.043350 -43.798843               1661 
37.258377 113.022514 -125.718185 101.233833 142.038208 -85.308243 65.711319 105.406998 -84.939651 122.371597 156.623856 -43.294395               1679 
38.326900 104.263550 -123.686378 101.879257 135.572723 -84.270981 67.035233 97.901604 -83.035378 123.068695 151.175446 -42.650402               1698 
36.325928 96.758507 -119.621262 100.918396 127.525627 -81.430519 63.158501 91.546333 -79.221535 122.765114 143.760986 -40.395847               1716 
30.116060 85.934319 -111.527992 97.986732 118.378494 -81.055794 58.965237 83.820770 -73.127647 123.007240 137.508667 -43.204502               1735 
23.257160 79.040985 -107.462471 94.011856 110.120018 -82.229347 53.972416 77.789299 -70.437431 121.600967 130.218994 -46.738762               1753 
23.529764 72.782982 -104.956200 94.292175 105.205894 -81.302109 54.795376 72.238388 -69.103691 121.802864 125.802528 -46.036674               1772 
22.040550 72.543755 -101.503128 93.966728 103.666847 -79.437294 54.004486 71.283508 -66.826569 122.297768 123.524384 -44.398163               1790 
22.950275 73.766731 -100.159660 94.750923 103.972961 -76.877808 55.136135 70.051834 -67.292244 122.775238 120.927452 -40.109703               1809 
24.511618 74.327324 -99.835114 95.789612 103.808540 -74.270432 56.269085 68.956726 -67.886642 122.855362 118.407845 -35.812462               1827 
24.488602 72.633034 -97.926582 95.601532 103.775146 -73.638031 57.479404 67.251976 -67.665863 123.243011 117.693153 -35.337269               1845 
25.104282 71.687263 -97.159569 95.790123 104.016922 -72.885406 58.470623 66.421425 -67.496590 123.439194 117.607971 -34.472878               1864 
24.723377 71.179497 -96.345718 95.446083 103.878380 -72.344208 58.210854 65.914330 -67.126343 123.335052 117.141144 -33.990406               1882 
23.998283 71.265671 -96.151085 94.913773 104.053398 -72.049797 57.828556 65.769821 -67.169128 122.967278 116.871452 -33.664795               1901 
23.959509 70.932022 -96.274857 94.873123 104.445496 -71.964005 58.316990 65.529236 -67.381752 122.970978 117.138519 -33.569893               1919 
23.766405 70.943367 -96.506027 94.555847 105.469963 -71.980446 58.853283 65.640121 -67.866432 122.789688 117.929848 -33.609741               1938 
23.484339 71.666794 -97.485252 94.357971 106.495567 -72.281242 58.996220 66.246964 -68.655533 122.530777 118.692467 -33.781395               1956 
26.927660 69.285751 -99.502678 94.951210 109.265152 -73.125114 61.928448 67.050964 -69.126083 121.009766 124.511284 -34.225025               1975 
31.929651 72.117592 -102.828949 96.545105 114.962303 -72.055183 63.878120 72.380287 -68.824142 118.314667 132.998016 -31.737585               1993 
35.363029 72.649231 -99.268967 95.698563 122.030731 -69.160927 65.773483 77.631119 -63.972374 114.393082 144.451401 -29.505678               2012 
33.318779 81.201469 -94.056679 92.000435 132.122604 -62.894173 61.942295 87.811356 -57.327213 108.561371 156.304001 -23.325172               2030 
28.203955 86.665955 -90.000893 86.862572 137.827133 -59.085243 55.722389 93.897797 -53.484783 103.233772 162.453186 -19.712006               2049 
16.978199 100.518799 -83.428055 78.139961 146.593979 -49.427479 47.107296 101.830353 -49.616867 98.496445 163.580383 -7.933075               2067 
14.449751 114.815063 -39.731930 64.417709 157.076721 -37.677799 33.638802 112.067093 -39.107162 92.297783 167.985962 1.416958               2085 
19.564091 134.758270 -4.243365 51.458748 167.438995 -24.112621 18.139515 124.251900 -22.528994 87.023926 173.797943 9.344690               2104 
24.280838 165.727921 -0.270444 73.007317 185.852814 4.848216 18.779360 162.158356 -1.518704 105.348671 169.650558 38.258297               2122 
19.569231 184.460373 7.332445 74.999893 192.584259 23.967133 13.315874 180.567749 19.432770 103.572464 172.892929 58.903790               2141 
13.668050 191.047455 21.606197 70.939407 196.530319 36.285397 7.154072 188.332184 35.939037 100.642776 173.566742 68.145935               2159 
6.339363 189.059296 33.442802 64.452606 196.964737 43.722462 0.318186 187.611557 49.867603 97.505341 175.315857 73.108727               2178 
0.520043 193.050735 45.202686 59.536114 199.242462 52.494560 -4.502028 192.289169 63.141388 94.032753 174.438522 77.383438               2196 
-4.142339 194.185425 53.976349 55.360901 198.870682 59.797306 -8.633486 194.743469 73.574631 90.058212 172.309387 82.497612               2215 
-8.033659 192.891586 60.189247 51.728909 197.880432 64.974373 -12.072718 194.679474 81.343719 87.057350 171.234497 86.575401               2233 
-12.297312 189.963791 66.115837 47.681664 195.107056 69.559746 -15.636349 191.946030 89.143150 83.789795 167.476990 88.467201               2251 
-15.125722 187.958298 72.039078 45.095699 192.859512 73.533966 -17.392416 189.860962 96.768372 81.814766 164.180084 89.468529               2270 
-18.281744 184.340530 76.336815 42.057034 189.248856 76.298355 -19.619434 185.789368 102.313034 79.235779 159.850677 89.647438               2289 
-19.037752 180.117264 79.899658 41.667973 178.171738 78.878174 -19.550608 178.309616 106.489662 75.400063 143.201599 86.874718               2307 
-22.641729 178.768951 83.469215 38.384651 179.520340 82.281960 -22.631927 176.674210 110.294617 73.689018 145.988068 89.623535               2325 
-24.542164 177.660507 86.016151 36.891945 178.740372 83.816360 -23.541039 175.036087 113.053528 72.476807 145.198990 89.595840               2344 
-26.415419 174.844650 87.804512 35.553101 177.463364 85.366592 -24.580288 171.988831 114.921898 71.977661 144.716843 90.428909               2362 
-26.761385 170.145279 89.502525 35.989590 172.384628 86.913086 -23.905657 165.837708 116.259895 72.190559 139.113602 89.603508               2381 
-28.099253 166.565231 89.864861 35.521164 167.939240 87.710495 -24.469173 160.980667 115.762344 71.245346 134.060120 88.546051               2399 
-28.113514 165.113480 91.270569 36.016186 166.127899 88.496040 -23.610376 159.463638 116.603554 71.549561 132.038528 88.433167               2418 
-28.798918 162.920410 91.454483 36.017017 164.278610 88.956146 -23.573273 157.160400 116.223778 71.771088 130.423019 88.561562               2436 
-28.876230 161.265930 92.003830 37.162434 161.380463 89.131721 -22.217043 155.443161 116.323280 72.510933 127.101196 88.776909               2455 
-29.052073 161.042053 92.340248 37.945396 158.259766 89.166618 -21.350113 155.233902 116.430206 71.957344 122.652214 89.175179               2473 
-27.221331 160.246887 93.124146 40.168301 153.078293 87.956825 -18.258556 153.734863 116.594971 71.962578 115.491356 86.929512               2491 
-26.940569 160.572800 93.087738 40.901138 150.673767 86.422226 -16.723766 153.398834 115.965652 71.429657 112.075478 84.721970               2510 
-28.399170 161.543640 92.863792 40.542034 151.878769 86.830360 -17.242498 154.383698 115.109116 71.652512 113.718964 86.006958               2528 
-30.281765 163.137314 92.894333 39.681557 153.356812 86.777565 -17.966715 155.771484 114.105934 71.269615 115.582672 86.637558               2547 
-31.358868 163.942062 92.884018 39.394466 153.810104 86.447441 -18.052521 156.062469 112.987198 71.278877 116.285599 86.522606               2565 
-29.410995 165.123352 93.522720 41.551144 150.937790 85.103683 -15.136373 154.739243 112.523453 71.900803 112.197968 83.420204               2584 
-28.479643 166.748337 94.048431 42.557449 149.313583 84.241661 -13.727327 153.818954 112.036438 71.657768 109.747482 80.719612               2603 
-28.821358 167.804871 94.173393 42.681805 149.671021 84.651764 -13.799905 153.870071 111.428421 71.812263 110.150597 80.875298               2621 
-29.031643 167.844193 93.887283 42.713856 150.001740 84.541275 -13.758432 154.097336 110.956253 72.105942 110.643166 81.118065               2639 
-29.289589 167.643295 93.659027 42.765839 150.178467 84.460907 -13.699552 154.174149 110.668167 72.364815 110.951965 81.315765               2658 
-29.444756 167.670395 93.635582 42.756798 150.187180 84.453758 -13.675426 154.198563 110.454895 72.351616 110.955750 81.331070               2676 
-29.477200 167.753021 93.603828 42.770458 150.166626 84.420288 -13.634871 154.199173 110.083252 72.338089 110.912621 81.323708               2694 
-29.519236 167.790146 93.606873 42.783916 150.118393 84.402420 -13.586118 154.217194 109.992233 72.303719 110.827438 81.318237               2713 
-28.808432 167.350830 93.845909 43.421318 149.365417 84.137711 -12.764329 153.596008 110.030739 72.750092 109.958824 80.724106               2731 
