14.273448 267.987549 140.849518 -5.408427 183.475021 83.199806 17.088331 207.258896 139.101654 5.443252 137.694550 59.790802                  0 
14.717497 267.855225 142.207565 -5.744590 183.716400 83.735977 16.881994 206.363205 140.082428 4.708528 138.235397 59.573956                  8 
15.027518 268.108337 142.727020 -5.944397 183.859863 84.054665 16.768307 205.844559 140.652542 4.278744 138.566986 59.445015                 17 
15.313383 268.415192 143.060074 -6.056762 183.964600 84.323334 16.697117 205.425919 141.127853 4.001222 138.827789 59.361401                 27 
15.522523 268.731506 143.188156 -6.132455 184.035156 84.504318 16.656315 205.152344 141.443283 3.816346 139.006088 59.305176                 36 
15.690028 268.983398 143.295120 -6.192238 184.090897 84.647255 16.631233 204.944077 141.688812 3.671527 139.148376 59.260864                 45 
15.797123 269.238068 143.298294 -6.236468 184.132126 84.753014 16.618055 204.795670 141.868088 3.565066 139.254471 59.228146                 54 
15.997215 271.484985 141.213013 -6.302977 184.853638 84.517509 16.644606 205.885956 141.476898 3.367546 139.769150 59.309120                 63 
15.912412 272.023712 141.091431 -6.395984 185.008316 84.631279 16.423681 205.766418 141.758194 3.233137 139.997925 59.275066                 72 
16.068928 274.544922 138.778641 -6.372314 186.062439 84.254814 16.410854 207.372620 141.206253 3.165270 140.756012 59.396126                 81 
15.293185 275.777954 137.903000 -6.830864 186.679642 84.000046 15.786373 208.283325 140.920364 2.892372 141.312653 59.324413                 90 
14.860456 276.490143 137.410355 -7.120047 187.068893 83.839378 15.402336 208.867203 140.736069 2.720139 141.664352 59.279415                 99 
14.679664 276.953430 137.069458 -7.295480 187.305023 83.741913 15.178267 209.230087 140.621002 2.615603 141.877960 59.252205                108 
14.534678 277.227753 136.924469 -7.418468 187.470566 83.673576 15.028378 209.491486 140.537811 2.542294 142.027832 59.233166                117 
14.449602 277.399963 136.893463 -7.506607 187.589203 83.624611 14.926190 209.683884 140.476379 2.489747 142.135284 59.219540                126 
14.372886 277.553986 136.824982 -7.573483 187.679214 83.587456 14.852691 209.833817 140.428391 2.449868 142.216858 59.209213                135 
14.312847 277.648865 136.851181 -7.630356 187.755768 83.555855 14.793572 209.964615 140.386414 2.415950 142.286240 59.200436                144 
14.278992 277.659424 136.995087 -7.677073 187.818649 83.529900 14.747769 210.074738 140.350998 2.388085 142.343246 59.193233                153 
14.334498 277.045013 137.994629 -7.715275 187.870071 83.508675 14.712643 210.167068 140.321243 2.365297 142.389877 59.187347                162 
14.386572 276.587372 138.754929 -7.748281 187.914490 83.490334 14.684305 210.248795 140.294846 2.345608 142.430176 59.182262                171 
14.413545 276.291443 139.261581 -7.777488 187.953812 83.474106 14.660982 210.322815 140.270905 2.328183 142.465836 59.177765                180 
14.432493 275.988312 139.755341 -7.801469 187.986084 83.460785 14.643276 210.385010 140.250763 2.313875 142.495117 59.174072                189 
13.992310 275.577118 140.231903 -8.060987 187.896027 83.355331 14.296847 210.366867 140.155502 2.224336 142.450104 59.055691                198 
14.412597 275.222717 140.298187 -7.904182 187.798721 83.134895 14.698245 210.324173 139.820801 2.286907 142.337784 58.823612                207 
14.755103 274.899445 140.361740 -7.764422 187.711975 82.938416 15.056129 210.287262 139.521317 2.342532 142.237518 58.617336                217 
15.076277 274.242126 140.870956 -7.622419 187.624283 82.789345 15.462208 210.175079 139.278580 2.393679 142.175415 58.382980                225 
14.162211 274.361389 140.857895 -7.738877 187.883820 82.361923 12.600779 209.984055 139.466980 2.563874 142.251938 58.420788                234 
13.461416 274.505341 140.776093 -7.828566 188.083694 82.032738 5.300891 207.828339 139.635315 2.684131 142.310547 58.455330                243 
13.142984 274.101410 142.199066 -7.068826 188.161636 82.417679 4.247559 207.203247 140.486053 3.942765 142.628738 58.603985                253 
11.465235 272.431702 145.784470 -6.154987 187.930496 83.196823 2.839562 205.370087 142.119186 5.995391 143.154327 58.517784                262 
10.174137 270.720947 147.886337 -5.767494 187.492004 83.132385 2.020970 203.549316 142.590225 7.170861 143.432632 57.579239                271 
9.730934 269.272308 148.473587 -4.100980 186.913757 82.110138 2.312956 202.019577 141.962784 9.808614 143.441376 56.066555                280 
5.970689 268.526489 148.138535 -2.738131 186.394180 80.552986 0.446974 200.997314 140.774353 13.470140 143.567001 54.770866                289 
7.030652 266.830536 145.895111 -0.521130 184.783340 77.864304 1.537359 198.738663 138.277023 16.119726 142.214691 51.930058                298 
7.450447 265.616852 145.174423 0.669118 183.980515 76.303719 1.521443 196.637726 137.021774 17.499559 141.820038 49.830666                307 
7.272305 263.969147 145.808426 2.225978 183.568314 75.067902 1.105507 193.823349 136.225861 19.704420 142.370438 47.520992                316 
7.557940 262.726929 146.555252 3.383116 183.468277 74.243568 1.360021 191.510468 135.702377 21.266975 143.285645 45.483929                325 
20.168491 255.030258 148.495422 6.327680 181.839661 71.016235 4.739300 185.302475 132.882965 19.210064 142.020462 39.234665                334 
20.910875 257.055481 143.797470 6.742335 183.161636 66.934769 3.217909 187.072784 128.669830 19.199478 142.680847 35.826611                343 
21.153782 258.472839 140.775085 7.523657 185.001144 63.345776 2.569599 188.459366 125.126556 20.030806 144.506973 32.275120                352 
20.675777 259.549713 137.900406 8.462126 187.023697 59.286797 1.297635 189.620041 121.002029 21.357214 146.726074 28.119320                361 
21.756746 268.073151 120.656189 12.797097 196.929611 40.420490 8.450643 197.955505 103.630569 27.310566 158.019257 8.219007                388 
26.087734 265.089417 115.845268 15.087432 194.772430 35.154835 11.720007 195.667862 98.952049 28.342123 155.557343 2.780727                397 
29.060598 261.186096 113.880699 17.333475 194.003494 30.686857 12.791979 193.768341 95.394630 29.189632 154.581818 -1.977433                406 
-20.900846 250.716141 76.059097 29.240469 177.570053 30.585184 -6.289927 190.217758 82.954597 62.909229 137.746979 24.094454                415 
-36.527931 236.610733 32.582161 37.625443 172.802399 26.413742 -17.334036 187.355331 60.402988 68.388496 132.125549 39.087368                424 
-29.802420 232.280624 8.816663 39.741020 172.848938 21.525898 -20.352806 184.714264 45.689991 70.598251 135.206680 41.337128                433 
-26.376595 221.713135 -10.730494 40.237946 165.650940 16.154085 -22.496904 180.848053 32.476925 65.597702 124.780281 37.321613                442 
-16.223133 227.501678 -20.572594 40.452068 160.665436 11.224928 -23.588581 176.160446 25.507315 67.721298 122.231361 34.480122                451 
-11.981700 231.520584 -30.161947 39.326157 161.682449 4.176219 -24.759888 178.640350 16.406195 63.723530 122.509232 29.312252                460 
-7.089368 229.532867 -37.157406 40.510483 157.795792 -0.680202 -23.731932 175.404968 9.195509 62.576824 117.998856 25.604265                469 
-6.083625 229.053314 -47.450729 39.610214 157.898056 -6.953667 -25.254173 175.086227 -0.613703 60.255230 118.742554 21.369873                478 
-5.671124 228.226486 -57.603500 38.575119 158.466339 -12.675670 -27.048983 174.955719 -10.156569 58.101139 120.430969 17.879818                487 
-5.656486 227.307922 -67.666862 37.868031 159.114426 -19.130270 -28.887104 174.648911 -19.339832 56.722229 122.218590 13.193234                496 
-5.171566 226.275406 -77.122360 37.132713 159.108948 -25.312983 -30.670475 173.933273 -28.159595 55.082539 123.184944 8.581895                505 
-3.981349 225.369553 -85.245880 36.681313 158.402054 -30.598518 -31.995111 173.082642 -35.512672 53.647160 123.279884 4.617757                515 
-3.497824 224.279510 -92.925362 36.877533 157.957932 -35.735748 -32.648697 171.115509 -42.319111 53.748749 124.034889 0.681025                524 
-3.154130 223.812820 -100.685699 36.335941 157.393524 -41.384583 -34.117584 168.977615 -49.800903 52.893429 124.408890 -3.975280                533 
-4.006753 221.886017 -110.960876 34.891048 157.747833 -48.255848 -36.680515 167.372055 -59.192638 50.756519 126.124924 -9.398786                542 
-3.445512 221.696915 -116.358650 34.189579 156.027771 -53.773010 -38.383865 166.162537 -65.130081 49.353168 123.850677 -15.091066                551 
-3.590402 221.183517 -121.476334 33.952698 154.586212 -58.909119 -39.797050 163.904099 -70.405418 49.103638 122.281105 -20.329056                560 
-4.011150 219.958374 -126.312149 34.044411 154.143738 -62.475456 -40.573589 160.955719 -75.255890 49.379860 122.522110 -23.405144                569 
-5.468762 217.781143 -133.665436 31.958778 152.045883 -68.731773 -43.110992 159.862152 -80.582497 47.246365 121.068726 -29.130028                578 
-7.087471 216.225647 -139.951370 31.137236 152.738953 -73.038277 -44.354694 158.139313 -85.983536 46.684071 123.022743 -32.580456                587 
-9.310493 213.482422 -145.333511 30.582241 153.030579 -76.456291 -45.243690 155.113464 -90.171608 46.830856 124.925697 -35.132080                596 
-11.698056 210.051697 -150.364792 30.042109 152.693375 -79.765923 -46.081059 152.190689 -93.175484 47.229237 126.360817 -37.661392                605 
-20.355112 204.433167 -153.595474 28.600407 152.973495 -82.997162 -47.744617 146.115463 -93.134766 49.557148 129.641434 -40.830559                614 
-22.239738 200.438477 -157.559311 28.207567 152.080383 -85.567657 -47.495617 143.094513 -95.699875 49.963608 130.669464 -42.791023                623 
-23.872211 198.596237 -158.892593 27.383421 150.725082 -86.920929 -47.257393 139.972015 -98.390732 49.490723 129.607391 -44.178650                632 
-25.137497 197.806168 -160.475418 27.498121 151.375076 -88.459442 -46.100544 138.176636 -100.933220 50.176315 130.883942 -45.711285                641 
-26.858585 194.860962 -163.932022 25.822289 149.655899 -91.089951 -46.667667 134.629608 -105.300667 48.350384 129.728546 -47.997284                650 
-28.818529 190.946747 -167.166306 24.465929 148.372711 -93.111389 -46.708511 131.090393 -108.393829 47.166340 129.812393 -49.501778                659 
-29.309170 191.026901 -168.090424 24.333672 148.796677 -94.018501 -45.665756 130.498154 -110.474464 47.136822 130.345993 -50.415974                668 
-32.678844 188.121201 -170.721878 24.137535 150.052414 -96.686127 -44.736401 129.149414 -111.510666 48.604450 133.814896 -53.105103                677 
-33.498344 187.569855 -172.280533 24.450235 151.147675 -98.224937 -42.962456 129.391541 -113.379051 49.482563 135.779907 -54.649635                686 
-34.100391 187.657745 -173.633636 24.504429 152.196304 -99.565346 -41.230366 129.893509 -115.719170 49.829720 137.298645 -55.996071                695 
-33.877682 190.463318 -174.058258 24.634579 153.501999 -100.593674 -39.716351 131.766434 -118.348366 49.898926 137.754730 -57.288609                704 
-33.281456 191.667160 -174.748535 24.671782 153.982590 -101.153496 -38.779171 133.112640 -120.006866 49.641811 137.902161 -57.800179                713 
-33.747467 196.419922 -174.238693 24.403849 156.218887 -102.093231 -38.011578 135.632095 -122.680344 49.401482 138.555313 -59.376617                723 
-33.719162 198.319321 -174.428818 24.252552 156.939240 -102.726540 -37.473476 136.787262 -124.336060 49.111637 138.586609 -60.220081                731 
-33.845665 199.292328 -174.634842 24.023792 157.262711 -103.147812 -37.358257 137.810333 -125.095360 48.836674 138.605377 -60.747135                740 
-31.605135 202.791412 -174.292130 24.418537 157.770554 -103.084000 -36.776150 140.562134 -126.370781 48.286007 137.610382 -60.828777                750 
-30.761831 205.460434 -173.473099 24.235191 157.870285 -103.074181 -36.509815 142.321167 -127.488609 47.573402 136.342361 -61.199734                759 
-30.044950 208.554459 -172.569229 23.778135 158.088531 -103.212189 -36.337860 144.655014 -128.618271 46.569321 135.093124 -61.819366                768 
-28.551069 212.426682 -170.801804 23.842163 158.389725 -102.999687 -35.996876 147.680115 -129.106354 45.979557 133.550293 -62.323761                777 
-26.732811 216.739578 -168.648071 24.138317 159.241913 -102.499191 -35.499077 151.665817 -128.518539 45.708141 132.759094 -62.561790                786 
-29.288366 213.873077 -168.181305 24.184446 159.506958 -101.199379 -33.892311 148.313187 -128.222336 46.859005 134.600571 -60.861698                795 
-30.478527 214.749756 -165.696365 24.882872 161.184998 -99.269028 -31.466763 147.409943 -127.933487 48.274704 136.622543 -59.130512                804 
-30.862785 217.946091 -162.597214 25.598978 163.013779 -97.877022 -29.588661 148.330750 -127.843689 49.473965 137.870865 -58.387642                813 
-29.896318 221.305038 -158.743622 27.593369 164.620987 -96.147774 -27.524376 149.959839 -125.914833 52.182816 139.004196 -57.408489                822 
-25.735538 227.773209 -154.118225 30.244207 166.816803 -93.962837 -25.897125 154.991058 -122.776031 54.543148 139.654953 -56.102722                831 
-22.039255 232.713089 -150.099030 33.367767 169.146118 -91.961365 -23.573668 158.964798 -119.573074 57.851692 141.161484 -54.826607                840 
-16.273691 236.956924 -145.216415 37.424496 170.528381 -88.553978 -20.886999 163.174866 -113.903458 61.774925 141.707306 -51.975353                849 
-13.478773 237.149323 -143.910553 41.331387 171.913116 -86.830826 -16.609886 163.143936 -112.385010 66.211700 143.835770 -50.031017                858 
-12.088223 238.711792 -140.896896 43.749252 172.776321 -85.579071 -15.160133 164.686249 -108.869850 69.656685 144.577255 -49.590046                868 
-11.581306 238.478729 -141.537323 45.228642 173.372742 -86.138054 -13.545135 163.905380 -109.102684 71.878433 146.030624 -50.030029                876 
-8.863513 239.542267 -142.682678 46.975590 173.989609 -86.752380 -11.516883 163.688843 -109.924728 73.689941 147.393173 -50.138649                885 
-5.439070 241.044998 -143.611374 49.061626 174.702438 -87.223846 -9.627597 164.144928 -109.640793 75.941750 148.957611 -50.125938                894 
-4.124015 239.401810 -143.698608 51.722935 174.520706 -86.806366 -7.376251 162.024216 -106.907883 80.122444 151.024704 -49.349743                904 
-2.541083 239.498489 -144.066315 53.841724 174.903961 -87.218864 -4.802614 160.795273 -107.467644 82.700447 152.377686 -49.518280                912 
-0.411974 239.687668 -144.596878 55.803486 174.936401 -87.611015 -2.422473 159.854935 -108.248787 84.734512 153.017334 -49.609138                921 
5.688828 246.764664 -135.465622 58.304558 174.245132 -84.958420 0.906213 162.330353 -109.514595 85.672379 147.559967 -48.896019                930 
6.425168 243.723419 -131.967590 60.235504 170.497116 -83.948730 5.267056 156.841202 -112.718811 87.368477 142.936920 -48.370228                939 
10.931481 241.500702 -131.752762 63.504028 168.153473 -82.675476 9.667750 153.832535 -113.151199 89.957260 140.851685 -46.392811                948 
9.821127 168.264435 -135.374619 65.810478 164.569504 -82.166977 13.797254 147.124557 -114.090790 93.072220 138.695572 -45.439205                958 
29.292658 129.699142 -111.900436 68.170929 160.409241 -81.561882 17.359726 139.861786 -113.530243 95.943230 136.876831 -43.660465                966 
36.635284 117.649773 -103.119583 70.135162 157.230026 -82.214394 19.489420 135.298660 -113.472054 97.591957 135.514618 -43.020538                975 
46.877186 116.257858 -89.339966 73.689476 154.312820 -79.773895 22.815807 133.703690 -111.513062 100.241211 131.885147 -40.358200                985 
52.110180 114.455223 -84.739807 77.259209 151.914276 -79.031342 26.505852 131.694550 -111.173737 102.784103 129.728256 -38.808796                994 
54.418526 111.483795 -81.070465 78.976501 148.980423 -79.696175 27.500687 127.150948 -109.514717 105.150742 129.206253 -38.641525               1003 
56.352554 109.595093 -77.980453 81.554245 146.358353 -79.409149 28.690685 124.971222 -106.998848 108.264450 127.391014 -38.319042               1012 
58.324600 108.030663 -75.407608 84.032791 144.160080 -78.272415 30.137068 123.819534 -104.589180 111.077629 124.970573 -37.505611               1021 
59.734543 105.952148 -73.614418 86.243202 141.293594 -78.455917 31.552086 121.359131 -103.366394 113.223503 123.082420 -37.200512               1030 
59.900684 103.935410 -72.403038 87.783699 138.118561 -78.220757 31.889786 120.258614 -101.969284 114.664635 119.271011 -37.186901               1039 
61.507927 102.575478 -71.940163 90.188148 136.097870 -78.144875 34.268188 118.873116 -102.260239 116.132927 117.618164 -36.348209               1048 
62.373821 99.787674 -70.969688 91.873375 132.578186 -77.520576 35.899033 116.089783 -101.985786 116.897049 114.407852 -35.032379               1057 
64.993599 94.290581 -65.735504 93.882889 127.492874 -73.390686 37.990101 109.435410 -96.881287 119.634750 110.824524 -30.722187               1066 
66.853806 91.130455 -64.474266 95.565727 124.682777 -71.770859 39.793869 106.550842 -95.479416 121.406914 107.707268 -29.277822               1075 
67.984024 89.181053 -64.353554 96.459984 123.122856 -71.368660 40.956818 104.635323 -95.419403 122.259583 106.159515 -28.845507               1084 
68.686516 88.933167 -67.501930 98.756020 122.194107 -70.455933 44.130966 107.703346 -98.854385 121.379692 101.262794 -27.892540               1093 
70.588600 88.009102 -69.148918 101.755707 120.469971 -68.796928 47.492199 109.978951 -99.542274 122.588661 95.628639 -27.438869               1102 
70.186729 87.396461 -71.185349 103.125526 117.789612 -66.597282 49.580574 113.619057 -99.988472 120.915482 87.843979 -27.247965               1111 
71.579559 88.241852 -71.608444 104.882256 117.870651 -64.787552 52.094772 116.188423 -99.567558 121.270775 85.787560 -26.529428               1120 
73.838539 88.970810 -72.301682 106.569565 118.964119 -63.804897 54.214592 117.721710 -99.245087 123.140297 85.666428 -26.679876               1129 
73.574768 89.361214 -73.133835 106.480270 119.550812 -64.682526 54.035007 117.983994 -99.970604 123.190948 86.555260 -27.351042               1138 
73.514969 91.089973 -74.577873 107.012123 121.481346 -66.808235 54.523865 118.888428 -101.966454 123.526237 89.883362 -28.201967               1147 
70.629814 93.563103 -76.640457 106.085182 123.178932 -69.211807 53.334999 120.763870 -103.983536 121.676727 92.948654 -29.154015               1156 
69.535400 93.701424 -77.434380 105.568848 123.982155 -71.052444 52.005951 119.829369 -104.382729 122.401527 95.437561 -30.266912               1166 
68.233955 93.893242 -77.833633 104.857872 124.208527 -72.014122 50.943226 119.539650 -104.698204 121.956772 96.570885 -30.717859               1174 
67.406090 94.016655 -77.931801 104.406006 124.424591 -72.565338 50.230091 119.276558 -104.736504 121.779633 97.504166 -30.911526               1183 
66.493858 96.087311 -78.404793 104.379303 125.868835 -73.839691 49.745518 121.168526 -105.292374 121.668320 99.496544 -31.801800               1192 
65.322815 98.037262 -78.242088 103.821045 127.434967 -74.668671 48.668446 122.806107 -105.208702 121.389542 101.732765 -32.332664               1201 
63.950462 99.779472 -78.855492 103.240593 128.359619 -75.430595 47.900070 124.772148 -105.765572 120.370651 102.545624 -32.983078               1210 
62.563324 102.859489 -79.443771 102.950668 129.960480 -76.485573 47.245388 128.336853 -106.312897 119.478958 103.700401 -34.073116               1220 
61.191368 104.096039 -79.092415 101.960693 130.741547 -77.065422 45.879860 129.324753 -106.186966 118.684143 104.984344 -34.421719               1229 
60.422516 104.792831 -78.899307 101.405006 131.179977 -77.390892 45.117043 129.885605 -106.111374 118.247665 105.704453 -34.625072               1238 
59.227402 107.225815 -79.291451 100.612656 133.047913 -78.091026 44.086304 132.563095 -106.360878 117.435616 107.320877 -35.468262               1247 
58.840363 107.771233 -78.546577 100.058929 133.940872 -78.251457 43.081635 132.764099 -105.575684 117.785843 108.734795 -35.683834               1256 
58.918716 114.669479 -79.219048 101.971497 137.787323 -79.562889 44.879978 140.408661 -106.476036 118.169510 111.847343 -36.827259               1265 
58.456703 117.678818 -79.133247 102.282097 139.430008 -79.841850 45.409378 143.344559 -106.866943 117.670380 113.551941 -36.770760               1274 
57.827087 119.536331 -79.210838 102.188011 140.368500 -79.949303 45.964859 144.580460 -107.519539 116.915810 114.350937 -36.731586               1283 
58.176769 122.553688 -78.237183 103.054131 142.140854 -79.488869 47.283669 147.428818 -106.984070 117.298195 115.304878 -36.610786               1292 
58.369858 123.703773 -77.542976 103.375801 142.770416 -79.366058 48.055584 147.956223 -107.085953 117.343636 115.874115 -36.434940               1301 
58.266033 124.265396 -77.088135 103.272758 143.084091 -79.223282 49.472744 145.942261 -108.026077 116.903282 116.298523 -36.114872               1310 
58.332870 125.405525 -77.003700 103.392723 143.834656 -79.000343 51.131577 144.914612 -109.094978 116.287178 117.027306 -35.679546               1319 
57.493748 124.405319 -74.661194 102.244171 143.119446 -78.066254 50.696709 140.887085 -108.105461 115.766937 118.090065 -33.881893               1328 
59.351948 129.204681 -73.552948 104.888405 145.757080 -76.177887 54.749901 144.978226 -107.296509 116.563065 119.003517 -32.479591               1337 
60.625618 133.336151 -73.743614 106.463654 148.819626 -75.435417 57.870350 148.056396 -107.895111 116.601570 121.115852 -31.946156               1346 
61.363895 134.412933 -73.541588 106.892517 150.121552 -75.152153 59.741177 147.176788 -108.491089 116.667816 122.546288 -31.498507               1355 
61.805187 134.072479 -71.059914 106.916870 150.071777 -73.991432 60.254292 144.459991 -106.926018 117.392494 123.688004 -29.767569               1365 
62.030758 133.967743 -69.761169 106.837730 150.215179 -73.440697 60.616226 142.812073 -106.136810 117.756660 124.498573 -28.931976               1373 
62.436520 134.174698 -68.435799 106.918381 150.518112 -73.100281 61.139420 141.206528 -105.337067 118.389145 125.522476 -28.320463               1382 
62.636189 134.452301 -67.685150 106.917168 150.779999 -72.919296 61.791397 139.745377 -104.964485 118.614235 126.326256 -27.899462               1391 
63.555653 135.081467 -67.087494 107.677338 151.422379 -72.539207 63.300297 139.106659 -104.603142 119.476318 126.914238 -27.575584               1400 
64.212883 135.521500 -66.654472 108.207336 151.870255 -72.274208 64.588730 138.333694 -104.359253 120.077316 127.324280 -27.349926               1409 
64.673187 135.802231 -66.338242 108.532211 152.144791 -72.111771 65.773224 137.280792 -104.239067 120.445686 127.575653 -27.211668               1419 
65.285263 135.749847 -66.271645 108.901779 152.412201 -72.067688 67.059364 136.068985 -104.336960 120.841934 128.156464 -27.004570               1427 
66.138695 135.489624 -66.436424 109.434303 152.631744 -72.228836 68.720474 134.538162 -104.646759 121.425728 128.796753 -26.955311               1436 
66.826332 135.446686 -66.695595 109.934433 152.801453 -72.395187 70.245209 133.367691 -105.001495 121.772835 129.236969 -26.940163               1445 
67.162521 134.553009 -66.468872 109.876419 152.521530 -72.449463 71.010735 131.510742 -104.863106 122.152580 129.477417 -26.844013               1455 
67.500763 133.639984 -66.221764 109.823158 152.219452 -72.484772 72.236282 129.206802 -104.690048 122.550774 129.682816 -26.749655               1464 
67.991089 133.071930 -65.958374 109.976120 152.141846 -72.496262 73.311386 127.808044 -104.553055 123.235260 129.676270 -26.877352               1473 
68.547348 129.551346 -64.395508 109.244766 150.597290 -72.394203 73.480232 123.794388 -103.293503 125.139702 128.662369 -27.363068               1482 
69.200943 126.655403 -63.147957 108.767838 149.213623 -72.282745 73.548515 120.747223 -102.272156 126.667511 127.918213 -27.699118               1491 
74.016159 120.734962 -58.537552 111.533394 146.151184 -68.651100 77.802567 115.032455 -97.783600 131.982971 126.385025 -24.461662               1500 
75.488571 118.569733 -56.957146 112.553642 144.270325 -67.962593 77.946815 112.967651 -96.115273 133.933853 125.144905 -23.931950               1509 
78.913231 115.581444 -56.200684 116.347069 140.417786 -68.008797 78.512604 110.918297 -94.853592 137.593231 122.023132 -23.603512               1536 
80.233353 112.849594 -54.251629 116.523727 137.983612 -68.774117 76.234016 108.346107 -92.263283 140.212189 121.789192 -24.749245               1545 
81.517708 110.325912 -52.517914 116.961327 135.852997 -69.018005 73.620667 107.346863 -89.545906 142.596924 121.151199 -25.563826               1554 
82.314072 107.865318 -52.690319 117.573868 134.425797 -68.778351 71.624947 108.414864 -88.790123 143.599762 119.204384 -25.737047               1563 
82.543945 107.438835 -52.742874 118.239838 134.252838 -68.894318 70.847115 109.331009 -88.320412 144.064774 119.702766 -25.501217               1572 
83.306747 106.873398 -52.871090 119.383362 133.686874 -69.295036 71.235176 109.160675 -88.199600 145.046127 119.964104 -25.537746               1581 
86.115028 106.931213 -52.194550 122.057686 133.226654 -70.981445 72.571556 108.694733 -86.664940 149.552078 121.079170 -27.875883               1590 
87.311646 106.918678 -52.008347 123.366318 132.891068 -72.032463 73.150352 108.496941 -85.925644 151.773666 121.661430 -29.271376               1599 
86.149193 107.041214 -52.526649 123.458305 131.996002 -72.263138 72.806587 108.547485 -86.561996 150.757050 121.196846 -28.677025               1608 
86.133331 107.074402 -52.494186 124.052193 131.212143 -73.013336 72.770973 108.259003 -86.109169 151.656586 121.241058 -29.422430               1617 
88.742149 101.774200 -51.548656 124.846893 127.121399 -74.905884 73.446083 102.271362 -83.591042 156.010590 119.033554 -33.372734               1626 
88.621140 99.483337 -51.913689 124.675201 125.298027 -75.834679 73.548820 99.396339 -83.323769 156.452682 118.761345 -34.493942               1635 
87.435799 97.618347 -53.122784 124.116875 123.654228 -76.598930 73.289360 97.165062 -84.401840 155.303452 118.197311 -34.655968               1644 
86.426476 96.232361 -54.262352 123.758598 122.517509 -77.084343 73.102119 95.778664 -85.417747 154.360916 117.529083 -34.655502               1653 
85.627037 95.281631 -55.079876 123.610725 121.863754 -77.235268 73.042519 95.002762 -85.946854 153.832321 117.105743 -34.508121               1662 
84.812500 94.205635 -56.205791 123.492126 121.160881 -77.504410 73.056702 94.164169 -86.754387 153.255753 116.537659 -34.442307               1671 
83.112831 93.044144 -58.030766 122.729607 120.334679 -77.661369 73.012901 92.656792 -88.777702 150.569489 116.670097 -33.241726               1680 
81.893433 92.183800 -59.430813 122.234718 119.798454 -77.763237 73.023499 91.677475 -90.085655 148.780243 116.746338 -32.512691               1690 
80.117661 90.465973 -61.784271 120.961693 118.994698 -78.150337 72.687569 90.115479 -92.387192 145.836868 116.255226 -31.940886               1699 
77.748657 89.707321 -64.577377 119.032639 118.631935 -79.291321 71.522194 88.751137 -95.213768 141.186707 117.793289 -31.645895               1708 
75.276489 88.983604 -67.668472 117.278824 118.239883 -79.645065 70.688065 88.040794 -98.433067 136.016785 118.114304 -30.548576               1717 
73.963959 88.625443 -69.417007 116.260345 118.040337 -79.931465 70.127159 87.734627 -100.237679 133.109161 118.288513 -30.155487               1726 
73.075851 88.295776 -70.449265 115.498688 117.807510 -80.210068 69.617493 87.362885 -101.286926 131.231491 118.459244 -30.073790               1735 
72.377724 88.063316 -71.286827 114.837509 117.685966 -80.589302 69.189331 87.006485 -102.142647 129.735275 118.813759 -30.206993               1744 
71.858345 87.869751 -71.937592 114.377991 117.498924 -80.944939 68.810646 86.737991 -102.803978 128.714722 118.940437 -30.408091               1753 
71.643555 87.653725 -72.517433 114.168312 117.287415 -81.357552 68.650658 86.452225 -103.420448 128.105057 118.976929 -30.716604               1762 
71.482925 87.490005 -72.923393 114.025314 117.143158 -81.638954 68.514107 86.271446 -103.838959 127.688995 119.001678 -30.929564               1771 
71.367630 87.371521 -73.203766 113.926842 117.043831 -81.832726 68.395302 86.159767 -104.125641 127.402390 119.018639 -31.077410               1780 
71.283485 87.281242 -73.395271 113.856529 116.972900 -81.971100 68.293030 86.089020 -104.329430 127.197678 119.030708 -31.183582               1789 
71.159569 87.190193 -73.571938 113.809914 116.837837 -82.102097 68.170006 86.019234 -104.512924 127.022957 118.974922 -31.284376               1798 
71.043556 87.087250 -73.697998 113.772636 116.729813 -82.206879 68.063171 85.967926 -104.659370 126.883392 118.930611 -31.365387               1807 
70.927299 86.963951 -73.778198 113.743362 116.644997 -82.289139 67.969887 85.932655 -104.773949 126.773933 118.896011 -31.429237               1816 
70.779198 86.798691 -73.894035 113.758507 116.472488 -82.391052 67.896599 85.872101 -104.933601 126.667862 118.778145 -31.502693               1825 
69.991798 87.090813 -73.136452 113.534569 115.593597 -83.414452 66.481056 85.466003 -104.144035 127.497581 119.098976 -32.873981               1834 
69.451141 87.294434 -72.603020 113.378479 114.981003 -84.127762 65.499908 85.246780 -103.575813 128.109650 119.287270 -33.868027               1843 
68.366188 86.744865 -71.828468 111.990479 113.836716 -86.089294 63.720585 82.934204 -102.604469 127.841270 121.204231 -36.530594               1852 
67.898689 86.348015 -71.177757 111.452065 112.872986 -86.990288 63.038231 81.306587 -101.828354 127.630531 122.379272 -37.903828               1861 
67.175674 87.243019 -71.401413 111.250031 112.984177 -87.473824 62.440971 81.873177 -102.064407 127.279396 123.094940 -38.459290               1870 
66.728630 87.625618 -71.608452 111.222572 112.976364 -87.829880 62.184917 82.137138 -102.314003 127.089127 123.514954 -38.852505               1879 
66.180504 87.511330 -70.832634 110.810860 112.412979 -87.987488 61.518997 81.471001 -101.430649 127.005180 124.081406 -39.374893               1888 
65.783691 87.567436 -67.869827 110.126373 111.374420 -87.524368 60.410160 79.955894 -98.065712 127.490547 125.671425 -40.030437               1897 
61.993168 94.299133 -67.401810 107.626579 112.395027 -90.217552 54.292469 86.303398 -97.048248 128.871109 126.436760 -44.249172               1906 
60.530720 98.657341 -66.953766 106.619751 112.960991 -91.674210 51.206894 91.004143 -96.274208 130.502045 125.865395 -46.677494               1915 
60.011452 100.401199 -66.763962 106.206329 113.193382 -92.272339 50.046928 92.993980 -95.983101 131.125931 125.522339 -47.678589               1925 
61.137661 93.328453 -63.751560 104.747269 111.384811 -90.723099 49.570663 88.439514 -92.969910 132.144730 120.055649 -46.725513               1934 
68.733162 87.430717 -56.803482 105.029846 114.360382 -87.259972 51.771141 87.315643 -83.651291 140.361053 116.893791 -48.441406               1943 
73.148140 84.765533 -52.903866 104.188545 117.369446 -84.225555 52.957294 86.389755 -76.748146 144.040009 117.982002 -49.975327               1952 
75.406113 85.259850 -51.403603 103.471703 120.485764 -83.287262 52.343967 87.871056 -72.112831 145.697113 120.800438 -52.006142               1961 
76.646255 91.749123 -52.769806 104.842514 127.299072 -84.619881 52.053402 96.188957 -71.230949 148.215698 125.319099 -55.015152               1970 
77.805679 101.002975 -52.897167 106.879906 134.512253 -86.723305 52.661591 106.044136 -70.152397 150.802551 132.161636 -57.967995               1979 
77.592293 110.318375 -51.449867 109.771461 141.128357 -85.940865 53.346191 116.698395 -68.630989 153.185104 136.774536 -56.651070               1988 
77.490517 118.918007 -49.457912 112.375908 148.388641 -83.236153 53.887566 126.585838 -65.286713 155.260651 140.622955 -53.873154               1997 
78.769897 124.133522 -48.016766 114.951004 151.869980 -82.013252 54.855087 133.157349 -62.012981 157.706573 141.008606 -53.454811               2006 
79.773079 129.070572 -45.521374 116.531876 154.780014 -80.659744 55.604359 139.129822 -57.725353 159.400055 141.618500 -53.261093               2015 
81.382362 133.704514 -40.393635 118.352470 158.401306 -76.222923 57.137634 144.113220 -51.591282 161.254425 144.010239 -49.503803               2024 
53.346748 170.516647 -94.565910 117.160400 146.516769 -50.153816 44.947701 156.979523 -42.754910 141.978821 120.371651 -11.916784               2033 
77.075661 195.615097 -84.878639 111.279419 140.288589 -34.822506 40.233105 159.769806 -45.913456 122.607819 104.885818 2.324555               2042 
80.869408 201.316757 -68.979225 112.782997 139.515884 -23.397579 41.950207 159.294678 -36.404427 123.219147 100.746162 10.507995               2051 
81.260490 204.254684 -56.122128 116.109039 141.426666 -14.425468 44.813232 160.661545 -25.088938 128.140259 101.120926 17.075157               2060 
79.738663 206.792328 -45.904144 116.429016 143.174438 -7.464915 45.151733 162.801178 -15.903296 129.372040 101.623734 21.990295               2069 
78.474159 209.676208 -36.923679 115.517006 144.750854 -1.351907 44.961658 166.008179 -8.144675 128.419937 101.921364 26.229639               2078 
77.125771 212.146515 -28.093292 115.034607 146.400528 4.713381 45.434864 168.705444 -0.309035 128.406311 102.723053 30.695456               2087 
75.349670 214.900955 -19.564058 113.888641 148.249863 10.428800 45.286663 171.750244 7.662976 127.724838 103.861778 34.920643               2097 
73.141121 217.436020 -13.025523 112.647217 150.490631 14.984680 45.415535 174.531052 13.501614 127.230568 105.816582 38.503780               2105 
70.709435 218.939606 -5.956649 113.287010 152.818085 19.408318 46.649563 176.081390 21.346159 130.149292 108.366493 41.798313               2114 
68.009346 220.157898 0.381009 112.195480 154.274017 23.608326 46.365273 177.735153 28.186287 130.227783 109.776260 44.971333               2123 
65.693802 220.395065 6.518415 110.573669 154.282547 27.960672 45.912643 178.794998 34.725239 129.024017 109.510277 48.371967               2132 
62.518848 221.064911 11.335415 108.779411 155.431931 31.788265 45.109707 180.592331 40.520264 127.943619 110.735909 51.702854               2141 
58.266449 221.617599 15.571487 106.522110 157.064087 35.412930 43.678558 182.521484 45.764664 126.524445 112.571953 54.956448               2151 
52.538582 220.905518 19.483078 105.773041 159.911194 38.823624 42.440102 182.508026 50.500336 128.645294 116.636261 57.947788               2160 
47.471329 220.717621 23.307999 103.721741 162.077072 42.190639 40.832664 184.037308 55.638676 128.180313 119.611542 61.165611               2169 
42.930470 221.040848 26.600451 100.004425 163.169373 45.882969 38.206745 186.772385 59.938763 124.139496 120.584633 65.004440               2178 
38.637512 221.239594 29.506805 96.816277 164.602783 49.274940 36.356300 190.180679 64.423798 120.762077 122.069550 68.745804               2187 
34.907829 220.692902 32.714085 94.144318 165.043991 52.434967 34.767113 191.986221 68.397507 117.879066 122.337463 71.784554               2196 
30.866884 220.605347 36.603539 91.134178 165.828033 55.807697 32.701084 193.689529 72.595764 114.729630 122.857887 74.739517               2205 
27.452202 220.040833 40.255562 89.124390 166.426178 58.962284 31.166304 194.471207 76.475708 112.928116 123.378548 77.452217               2214 
23.244871 220.168396 43.323284 85.855667 167.531250 62.283138 28.957966 197.002411 80.413536 109.544067 124.638832 81.275070               2223 
20.730185 217.988083 48.056416 86.033203 167.994812 65.777725 29.180927 196.368164 85.498795 111.265038 125.723991 84.165909               2232 
16.165104 217.851181 50.729900 83.648643 171.004532 69.530251 27.265093 200.023666 89.641785 110.116325 130.230225 89.492973               2241 
12.712669 217.258469 55.511833 83.287590 174.452286 73.239456 28.079218 204.461960 95.299118 112.128967 136.030258 94.535339               2250 
9.090478 214.957458 59.169052 80.650063 172.813965 75.881126 25.583765 202.431854 98.864845 109.889969 134.325760 96.503410               2259 
3.974738 212.237701 61.796078 78.062035 172.819397 78.482216 21.940304 200.157379 101.727646 108.829346 135.400375 98.848427               2268 
0.001329 214.962875 65.061859 74.494812 174.116150 81.290764 19.564104 203.242584 105.335823 104.841034 136.360306 101.667107               2277 
-4.135062 215.061783 67.465454 70.980507 173.376663 83.790176 16.345293 202.746613 108.611374 101.031990 135.065521 103.557777               2286 
-7.804284 213.477295 68.900696 67.962334 171.594223 86.026115 12.865192 200.308884 110.834183 97.833473 132.926407 105.367981               2295 
-9.959385 212.379898 71.334892 67.063103 170.786392 87.146637 12.144416 198.753830 113.334145 97.571075 132.129028 105.489632               2304 
-11.944500 211.115189 73.864891 66.315826 170.247375 88.275780 11.486486 197.285934 115.720856 97.440926 131.606903 105.588646               2313 
-15.008161 207.850220 75.909447 65.501793 169.992020 89.171974 10.918356 196.494263 117.867867 97.948936 132.385712 106.334206               2322 
-18.614519 205.590820 78.980904 63.785168 170.588501 91.175652 9.118142 196.242874 120.518745 97.406334 134.003052 108.284538               2332 
-21.028162 204.530533 82.146896 62.609947 171.656845 93.606102 7.771212 196.653839 123.221939 97.199921 136.090317 110.930893               2341 
-21.361191 204.415878 85.295280 62.532467 171.380371 95.043785 8.336938 196.648163 125.624825 97.420685 135.889130 111.919113               2350 
-22.166159 203.822998 87.760071 61.974983 170.746170 95.970871 8.331720 196.136108 127.432381 97.168221 135.338211 112.381363               2358 
-24.387241 204.939835 92.451553 58.547024 168.022552 97.802925 7.179558 195.864166 130.959183 92.657990 131.121033 113.175377               2368 
-25.441166 205.693817 94.658348 56.931782 166.739197 98.666183 6.663131 195.698471 132.553101 90.479721 129.144043 113.590401               2376 
-27.170574 205.233917 95.515686 55.601288 166.211609 99.329483 5.131451 194.770752 133.267548 89.368065 128.784851 114.183266               2386 
-28.716761 205.401550 95.820892 54.276253 165.836975 99.850151 0.104739 187.757950 128.445450 88.121269 128.493484 114.735435               2395 
-29.639582 205.678238 96.021507 53.500526 165.617630 100.154968 -3.667162 179.876755 121.707405 87.391014 128.323013 115.059265               2404 
-35.222195 200.131699 95.446014 49.966930 164.873245 100.658539 -9.202829 174.063416 119.247444 85.308350 129.267075 116.303902               2413 
-38.354523 195.811340 94.459312 48.177139 164.099380 99.899986 -11.895938 170.112778 116.960846 84.454880 129.506897 115.675873               2422 
-17.076462 180.570435 113.086975 28.199572 174.769958 80.053604 -23.004993 192.338348 120.525047 63.623554 138.170471 92.984612               2431 
-8.994306 183.268509 113.845886 17.597784 178.447281 68.202324 -24.573921 206.055222 117.429764 53.486923 142.522659 81.729446               2440 
-6.585169 189.625885 109.919861 12.493209 179.657211 61.446060 -24.564692 215.478226 111.418640 49.398994 145.641479 77.018021               2449 
-4.109816 191.889359 106.503166 12.259775 178.588272 57.762985 -22.373640 219.013489 106.917885 48.838951 144.907745 74.768219               2458 
-4.566737 192.124176 105.586296 12.764888 178.584106 57.208054 -23.876055 219.217804 105.371262 50.058556 146.449783 75.597198               2467 
-5.679483 191.117920 104.735916 12.957567 177.847153 56.751167 -25.479151 218.206970 104.187614 50.264370 146.356262 76.196449               2476 
-5.028759 187.233307 105.132645 12.342554 176.212708 57.010864 -27.051025 215.577866 105.271156 50.602711 145.730667 76.209785               2485 
-4.410120 184.037033 105.498848 11.314101 174.693787 57.326824 -28.604233 213.240768 106.434952 50.628063 145.317032 76.115402               2494 
-3.652889 183.619186 105.273521 11.138949 174.121872 57.262596 -28.413321 214.147827 106.303467 50.814137 145.455780 76.386589               2503 
-3.275964 182.215302 105.433205 11.087977 173.375397 57.524158 -28.529510 213.675919 106.937164 50.959854 144.986176 76.652107               2513 
-4.414971 176.144226 105.914627 11.374159 170.634109 58.308025 -30.803871 207.958160 108.678406 51.547813 142.638123 77.384064               2521 
-4.682795 172.724716 106.445168 11.962387 169.386002 59.230568 -31.848146 204.847137 110.095200 52.151073 141.450058 78.362877               2530 
-4.287218 172.421677 106.154579 12.267592 168.533081 59.152668 -32.280239 204.708786 109.202896 52.872280 141.792526 79.097458               2539 
-3.825384 172.544373 105.965805 13.128566 168.424194 59.136200 -32.103512 204.852509 108.628578 53.882809 142.351303 79.651764               2548 
-3.956425 171.749512 105.374161 13.643796 167.270782 58.820702 -32.922138 203.669769 107.271698 54.744743 142.501205 80.239677               2557 
-3.956212 170.451538 105.168610 14.256141 166.291626 58.825424 -33.301926 202.236282 106.857300 55.455128 142.098801 80.710182               2567 
-4.155448 167.512695 105.464546 14.717755 164.560577 59.297001 -33.390110 199.702957 107.804047 55.668564 139.927963 81.156960               2575 
-3.817440 166.568329 105.145882 15.313636 163.687454 59.083805 -32.864658 199.228806 107.613235 56.130211 139.007889 81.140984               2584 
-3.183392 165.939896 105.584335 15.236043 162.820526 59.252064 -31.305847 200.052933 108.832405 56.127430 137.768799 80.743874               2593 
-2.523783 165.166794 105.889214 15.298508 162.116119 59.322861 -30.231781 199.895081 109.755615 56.352890 136.837784 80.230667               2602 
-2.191266 165.140579 106.058044 15.347461 161.627716 59.420017 -29.497417 200.392944 109.915665 56.338409 136.216156 80.290741               2612 
1.782931 163.685410 108.307846 18.343348 161.130371 61.254852 -21.859331 201.721497 114.650856 57.341320 131.379715 80.113495               2620 
3.260095 161.499176 109.461098 18.746637 159.924561 62.004272 -18.063517 201.267487 117.854309 57.074215 128.273483 79.057091               2629 
3.922874 160.719528 109.885132 18.978277 159.506134 62.282242 -15.249980 202.158463 119.429443 56.561192 126.550270 78.500397               2639 
5.218316 159.953751 109.638245 19.623884 157.811081 61.870197 -11.490458 203.307587 119.289948 56.423290 123.928116 77.974266               2648 
7.411141 159.621933 111.567352 19.257208 158.353027 63.076210 -1.161967 207.769547 124.456078 54.844303 121.965569 76.156876               2657 
7.912816 162.351257 110.431770 17.334652 155.241333 61.922226 4.170033 215.681564 117.927017 53.913803 120.876144 77.497589               2684 
7.784966 162.402420 110.558479 17.299751 155.480469 62.049976 4.233120 216.197388 118.179337 54.099354 121.326431 77.570396               2693 
7.860796 162.655075 110.508018 17.465015 155.428085 62.079193 4.547024 217.011398 117.669479 54.480640 121.641281 77.887032               2702 
7.805304 160.902267 111.426445 18.432234 155.285324 63.009693 5.155048 215.328995 120.452942 54.901928 120.707710 78.370132               2711 
8.277617 162.827026 111.630470 18.871075 156.309143 63.330078 4.983734 218.066620 119.321396 56.434357 123.216286 79.313049               2720 
8.608017 165.926193 113.159782 18.695660 160.178070 64.698853 3.609332 221.475922 121.325584 58.035660 128.767975 79.777390               2729 
8.030453 167.858337 115.153900 17.813463 163.580200 66.410355 3.245686 223.515015 125.050484 57.843102 132.356598 79.986359               2738 
6.477565 170.036713 114.299446 16.023935 163.758850 65.585922 0.916179 226.343277 121.730881 57.330219 134.566940 79.841301               2747 
3.912056 171.806793 113.937263 14.939858 164.403336 65.219711 -2.308382 227.770447 120.076103 57.138859 136.904343 80.207764               2756 
1.847766 172.761169 114.913666 14.233369 165.136856 65.848190 -3.719863 228.182907 121.164223 57.169029 138.546799 80.377136               2765 
0.222462 171.201401 117.590729 14.460174 166.063385 67.938980 -2.482376 226.139603 127.300797 56.982742 138.049057 80.924393               2774 
-1.419634 171.772720 117.892906 13.863348 166.836868 68.140404 -3.248932 227.136261 127.821892 56.742050 139.343201 81.067421               2783 
-2.383901 171.579071 117.988571 13.432817 166.914169 68.065399 -3.360007 227.658508 128.059464 56.774727 140.009995 80.684311               2792 
-3.000170 171.478683 118.045120 13.173031 166.960815 68.020149 -3.393533 228.038223 128.194489 56.789150 140.417831 80.457870               2801 
-3.570421 171.810135 118.166512 13.017942 167.120239 68.025101 -3.412375 228.527237 128.144913 56.844181 140.870667 80.346344               2810 
-4.478631 172.029358 118.073227 12.807828 167.286972 67.928444 -3.925762 228.596359 128.118332 56.639000 141.096344 80.357117               2819 
-6.247800 171.383087 117.140854 12.573658 166.525711 67.369759 -6.570611 228.019989 126.729576 56.661491 141.329361 80.897469               2828 
-7.324731 171.867905 116.224304 12.437881 166.269470 66.757683 -7.238015 228.966690 124.916245 56.390873 141.356934 81.217720               2837 
-8.170599 171.621475 115.236015 12.570712 165.404495 66.174210 -7.953721 229.353592 122.959282 56.429943 140.979233 81.710197               2847 
-8.751371 170.496552 114.763176 12.727220 164.704422 65.957726 -8.604218 228.701447 122.666718 56.550205 140.520889 81.966942               2855 
-8.374264 170.296707 114.211853 13.266726 164.189117 65.499832 -8.489489 228.920242 121.389458 57.291435 140.600067 81.839180               2864 
-8.476785 169.896851 113.563721 13.635324 163.595352 65.071930 -8.711771 228.880661 120.269646 57.654587 140.378281 81.949867               2874 
-8.133727 168.408752 113.045410 14.773178 162.515472 64.852036 -8.308195 227.709488 120.078773 58.596889 139.314377 82.252731               2883 
-7.935874 167.228882 112.401421 15.591630 161.791992 64.500290 -8.390822 226.597946 119.862213 59.251041 138.607330 82.330605               2892 
-8.038764 166.960068 112.064087 15.892777 161.508850 64.410385 -8.543529 226.553894 119.426880 59.425407 138.428116 82.680099               2901 
-7.852146 167.334427 111.841614 15.903518 161.732574 64.354080 -8.604753 227.222092 118.964439 59.471256 138.871567 82.815369               2910 
-7.600389 168.335114 111.575340 15.773553 162.122086 64.274788 -8.296438 228.576172 118.059509 59.248322 139.316452 83.021538               2919 
-7.249347 168.683960 111.407776 15.569760 162.234818 64.217438 -8.045169 229.275955 117.637360 59.030472 139.443542 83.014183               2928 
-6.931682 168.885147 111.222824 15.405737 162.324936 64.165703 -7.794152 229.822433 117.377457 58.832394 139.499985 83.000244               2937 
