-15.274892 169.096085 98.188385 51.255074 129.452438 78.000275 0.991864 145.188583 107.903442 68.011536 83.141228 69.628563                  0 
-15.258986 169.137451 98.367310 51.292717 129.526764 78.116608 1.035590 145.232071 108.038025 68.118736 83.221230 69.853706                 18 
-15.282972 169.132248 98.384285 51.297241 129.527222 78.132278 0.994744 145.171799 107.990387 68.156815 83.233009 69.874359                 36 
-15.089211 169.277786 98.657555 51.476418 129.598343 78.238365 1.241749 145.202209 108.163261 68.409851 83.311020 70.093704                 54 
-14.842023 169.754089 99.020187 51.601013 129.681442 78.358429 1.501521 145.330856 108.467575 68.542030 83.381081 70.304169                 72 
-14.743923 170.304825 99.181549 51.616192 129.622833 78.409088 1.524327 145.249878 108.524246 68.576744 83.324570 70.383957                 90 
-14.547842 171.044617 99.733833 51.730782 130.046661 78.590485 1.982064 145.806503 109.353569 68.873817 83.738632 71.022446                108 
-14.315534 171.343903 99.714195 51.774517 129.924042 78.425705 2.344216 145.996933 109.898735 68.816620 83.545135 71.066658                126 
-13.919351 171.831207 99.529419 51.846348 129.893082 77.986572 3.177894 146.597046 111.066177 68.708931 83.400040 70.940826                144 
-13.934061 173.049011 96.720100 51.554382 130.068161 76.236839 3.225161 148.010712 110.599541 68.035957 83.313980 70.072731                162 
-11.194769 176.071747 92.997574 52.909199 130.090118 73.237648 6.386447 150.876526 109.964027 68.286530 82.775070 68.719238                180 
-11.920477 180.764648 84.734390 52.900692 133.650482 69.582413 7.997238 157.510666 108.163857 68.598511 86.242096 68.311394                198 
-11.997891 185.393829 73.400497 53.208210 136.948318 64.557999 8.510168 164.181427 102.432739 68.596069 89.472824 66.767815                217 
-11.936661 192.105499 60.623928 52.133656 140.497421 57.782703 6.324000 170.550369 92.667137 66.113205 92.795654 62.753159                235 
-11.947245 197.569748 43.518227 50.162949 142.880112 47.361526 2.011910 174.507538 77.570801 62.008686 94.758965 53.656418                253 
-12.672635 200.792679 26.616581 50.278641 147.638809 37.901539 -1.277454 178.782150 62.810028 62.842125 100.134727 46.907879                271 
-12.177971 202.270004 8.836201 50.317532 150.345520 28.025013 -4.151151 181.345581 46.954540 62.806686 103.509872 40.109539                289 
-11.977800 204.970245 -10.039855 48.464317 152.696869 15.488439 -7.997406 183.928070 28.894493 59.749962 106.150734 29.689974                307 
-10.034699 207.922897 -29.747129 47.348911 155.295502 3.069927 -11.559809 186.055847 9.174858 57.069515 109.294708 19.952738                325 
-8.107965 209.164001 -49.423824 46.973347 157.058792 -10.205956 -14.321444 186.044739 -10.552485 55.966358 112.081192 9.586323                343 
-7.600716 206.824478 -68.449707 46.804134 157.626358 -23.533413 -17.566893 182.549606 -29.448837 56.128815 114.225891 -0.619605                361 
-5.466600 206.840973 -86.078667 46.549286 157.861252 -36.262676 -20.233896 179.652802 -46.945969 55.063835 115.909569 -10.510944                379 
-3.589452 205.387726 -103.661674 46.806698 157.905258 -48.940639 -22.104044 175.768875 -63.375904 55.127861 117.976524 -20.095411                397 
-2.717944 203.735107 -120.526573 46.295609 157.960968 -61.534523 -24.213202 172.720657 -78.109474 54.487087 120.256279 -29.803654                415 
-2.620263 204.194794 -137.471283 41.790180 155.526886 -75.676224 -28.660225 173.320435 -93.447990 47.247597 118.862144 -42.187336                433 
-8.478689 200.654724 -154.483765 34.725048 152.256088 -91.048431 -35.858875 171.806854 -108.424774 39.212975 116.994171 -55.947891                451 
-12.735945 192.662384 -163.074936 35.010056 152.937393 -96.423851 -37.751972 164.313690 -113.957764 42.987061 121.266632 -58.622753                470 
-17.618580 187.908890 -170.002258 35.244862 153.237549 -104.082275 -39.354939 160.065033 -117.915268 46.689171 123.825401 -65.358299                488 
-22.458931 181.325745 -170.917419 35.403503 154.140015 -105.477440 -40.284416 153.748276 -116.434898 50.739868 127.687141 -65.972580                506 
-28.016060 172.444580 -173.273468 33.506500 154.326767 -107.940979 -41.965649 147.115311 -116.768723 52.180729 131.562393 -67.584457                524 
-36.121563 161.397125 -176.785538 28.540228 152.485016 -112.510780 -45.355526 137.947342 -119.506035 50.682838 133.282257 -72.056465                542 
-39.907234 150.972168 -179.413467 25.142378 150.617279 -114.816505 -46.357590 128.887070 -121.903137 49.206905 134.895874 -73.959091                560 
-42.358818 149.088486 -180.266312 23.596737 150.959763 -116.534706 -46.687355 129.505173 -123.225899 48.601715 136.364990 -75.824310                578 
-46.282043 148.723587 -182.113297 20.944559 149.276764 -119.638954 -49.003822 130.551682 -125.911613 46.428463 134.256866 -79.382706                596 
-46.548161 152.940735 -185.925049 20.152817 150.518036 -122.885956 -49.688744 134.489685 -130.598328 44.870506 134.133331 -82.684341                614 
-44.835960 138.178635 -195.331909 19.017105 151.136505 -130.595734 -50.521999 133.816544 -135.742432 43.929108 142.448029 -88.175278                632 
-42.120029 147.953720 -199.581436 19.636999 154.163467 -132.269501 -51.390816 144.586121 -139.761597 42.593994 140.700790 -89.992737                650 
-35.890625 164.184937 -201.546570 21.783579 158.340363 -130.635056 -48.450741 158.482498 -142.698044 40.853489 138.780350 -88.809975                668 
-28.554335 178.072922 -200.388855 26.521494 171.119263 -127.509186 -41.743301 172.788055 -141.871124 45.002571 150.186050 -86.086449                686 
-25.792253 188.909164 -198.805130 28.887527 177.174057 -125.574844 -38.644455 179.676575 -139.430786 48.185768 154.754257 -85.319122                704 
-14.645850 172.149750 -171.157013 35.394356 186.903397 -122.772469 -30.703182 196.512527 -133.636826 54.770714 162.549820 -83.694946                723 
4.351686 212.105118 -140.840103 66.405937 194.263260 -89.505508 3.633921 208.507889 -111.596115 72.967644 158.581116 -55.164268                741 
17.689438 228.419800 -131.603470 78.930428 198.409866 -81.293884 14.740290 213.064972 -108.226112 82.188889 158.661713 -51.209694                759 
26.027683 230.718353 -127.108406 87.827278 200.138824 -76.792580 22.981630 213.968857 -104.337082 91.213081 160.170746 -47.015369                777 
31.636854 227.071121 -125.557610 94.069069 200.009369 -73.594063 28.956244 211.172134 -101.962944 98.195961 161.511230 -42.027390                795 
35.355408 224.774948 -125.696877 97.881027 197.346481 -73.454681 32.706444 208.321075 -102.059486 102.222504 158.375671 -42.502792                813 
41.066532 216.480423 -124.482361 104.442101 193.756271 -70.525993 38.890316 200.980988 -99.787880 110.114685 156.426178 -37.816990                831 
51.121025 210.668518 -122.973274 113.403442 191.647598 -66.166191 48.309437 196.701401 -97.269318 118.673164 156.093719 -31.471169                849 
58.105286 202.908295 -121.085869 120.268425 187.943863 -62.622353 55.166180 190.852325 -94.396286 125.720123 154.042297 -26.337986                867 
64.846733 198.964722 -119.585640 125.633789 184.270981 -59.354801 61.250999 187.397339 -92.760796 130.160156 150.237976 -23.066250                885 
70.725792 192.224319 -119.578186 127.661888 174.869400 -56.178238 65.188660 179.623962 -93.285660 130.610443 138.378403 -22.188444                903 
75.697472 190.158249 -115.984848 132.949387 168.191559 -54.188553 70.045776 178.589340 -89.335091 133.589249 131.812790 -19.957447                922 
77.670006 175.763916 -116.269501 137.723694 164.485886 -54.214016 73.303650 168.254700 -87.948975 140.663055 133.525955 -15.118807                940 
81.362015 164.959274 -115.372742 140.934402 158.180542 -52.136250 76.785355 159.351883 -86.629097 143.788773 129.645813 -11.231309                958 
88.322205 155.681595 -113.290779 144.806976 151.611679 -47.011829 82.161629 150.455521 -84.592186 146.756531 123.087654 -6.046336                976 
90.789215 142.304459 -108.553368 145.589554 141.242752 -40.709370 83.974663 135.459518 -80.015182 149.632126 111.018028 -1.140243                994 
96.122459 133.543167 -104.263504 147.775635 133.470886 -33.948231 87.061806 127.081192 -75.421417 150.836395 103.004135 5.523291               1012 
102.489799 129.645737 -100.340813 148.337540 126.283195 -26.156578 90.106590 119.750908 -72.246277 151.600464 91.756119 9.799321               1030 
101.519020 122.404274 -101.264885 149.854141 126.400322 -28.694731 88.766609 114.659729 -71.173325 155.743179 94.708191 9.469662               1048 
97.133560 111.374550 -98.195816 151.053253 123.654732 -30.646461 86.975136 106.181206 -66.449127 161.260544 95.816689 9.558603               1066 
96.459846 104.047707 -96.542625 151.289581 116.719788 -29.784971 87.030846 97.755669 -64.648445 163.388779 88.274239 9.458528               1084 
93.587540 101.842407 -96.115242 151.104630 114.352470 -31.668097 85.368912 95.251549 -63.838001 165.223740 85.428337 6.537106               1102 
93.080086 98.006714 -95.490898 150.011673 114.416710 -31.418255 84.689117 91.767014 -62.729462 165.619019 86.764412 7.147972               1120 
92.971512 96.645012 -95.303078 149.766708 114.301735 -31.429840 84.302147 91.006378 -62.280220 165.371613 87.354156 7.633033               1138 
92.586845 95.448097 -94.851219 149.310211 113.828575 -31.105579 83.691139 90.358871 -61.693836 164.659836 87.430153 8.430542               1156 
91.887184 94.421577 -94.221222 148.555344 113.621429 -30.660545 82.744011 89.817902 -60.874146 163.808334 87.754799 9.262586               1175 
91.606277 94.803375 -94.584503 147.915039 114.037384 -30.697622 80.682014 90.906868 -60.098362 162.555283 88.400444 9.601300               1193 
91.509529 99.149223 -97.081718 144.814331 116.897820 -30.220264 77.798462 92.792953 -61.648094 159.616348 89.398315 8.770374               1211 
91.131088 118.784676 -104.328957 141.062790 115.826546 -32.683167 70.395927 109.422729 -68.275696 148.673447 79.898338 1.181775               1229 
103.460831 140.547516 -105.674744 131.786804 111.068665 -27.729504 69.338661 125.983932 -76.772209 126.080399 67.726929 -3.552591               1247 
102.287758 155.604446 -90.467880 137.123047 117.321465 -18.061157 67.155067 135.634827 -57.463371 133.836060 72.133568 2.982649               1265 
99.318268 172.934921 -76.532654 141.400894 128.566620 -10.710981 65.029449 147.453781 -39.554974 141.002365 82.121773 7.682238               1283 
95.697906 185.202042 -66.529671 139.666779 135.691284 -4.366608 60.212532 157.419067 -25.841370 138.695328 89.211143 13.915748               1301 
79.280487 194.480377 -47.434006 131.923843 137.465591 3.088168 62.316673 162.056793 -8.847924 132.438187 93.402527 26.620560               1319 
72.021614 203.368134 -26.820465 126.938713 135.487183 7.230212 61.061565 164.338867 6.325329 128.867233 89.860588 27.480837               1337 
66.838593 208.725159 -9.413406 121.182182 135.912140 14.903758 57.792255 168.353577 23.155809 123.242798 89.571716 33.448608               1355 
57.349483 211.025742 6.190137 115.127892 138.672989 23.150003 52.492916 169.840286 38.689663 119.984329 92.032188 40.373356               1373 
48.386227 210.449402 19.689371 108.498047 139.203339 32.977314 46.512711 169.449997 52.415821 115.314980 92.611366 49.659931               1391 
39.341908 209.389725 33.044113 103.489769 141.050964 42.180351 42.253239 169.310440 66.380310 113.673103 94.956711 58.526970               1410 
29.521648 209.203171 45.144119 98.019821 144.913406 50.824574 36.623344 169.909134 78.165970 111.513092 99.276398 66.016243               1428 
24.653906 191.200989 53.560127 82.627625 169.364197 54.392479 19.961828 189.727463 77.370392 96.765625 123.519768 68.320770               1446 
18.148060 180.792236 61.620144 73.702713 170.730682 63.095169 10.506962 187.002579 84.199448 87.934074 123.737587 72.298965               1464 
12.401918 176.528915 69.890602 68.318901 169.497559 71.056786 5.973772 184.147110 93.282150 83.249947 122.402893 78.456062               1482 
8.967885 171.803513 77.885506 65.365433 166.953232 77.817001 3.700780 179.246353 101.728737 82.186066 120.395683 84.529152               1500 
5.228424 167.960144 82.380760 61.852715 166.689178 81.466492 0.248191 175.026169 106.129128 81.653824 121.257576 87.749702               1518 
2.990569 164.635025 85.036919 59.672371 164.959427 84.966507 -2.171054 170.614410 108.700859 80.651443 119.875641 89.754280               1536 
1.627838 160.290482 87.638260 58.442463 162.890991 87.544060 -3.060829 165.573135 110.245987 81.289726 118.664070 91.736282               1554 
-0.263158 159.013687 87.738800 57.017902 159.464233 88.776123 -4.397386 162.542587 109.698784 78.379517 114.320908 89.939827               1572 
-0.652343 158.180878 88.582314 57.180378 158.168976 89.296043 -3.776608 161.465897 109.692734 78.459251 112.984749 90.385414               1590 
-1.205209 153.471130 84.520409 56.159370 160.118942 87.623131 -5.235982 157.349396 104.050240 82.215248 117.726402 92.045395               1608 
-1.416885 151.740982 84.065796 56.374821 157.146957 87.006004 -4.824221 156.127365 102.838333 81.497520 114.307312 92.410370               1626 
-1.233930 150.540787 83.737732 56.698505 154.982330 86.363899 -4.283302 155.378159 101.566284 81.068336 111.825661 92.625320               1645 
-0.807244 149.732910 83.912933 57.245438 153.876328 85.506416 -3.288859 154.801666 100.285881 81.455879 110.715614 92.332779               1663 
-0.528489 150.366638 84.934929 57.727211 146.888138 81.760742 -0.771119 155.104507 99.823128 76.590080 100.857674 86.341225               1681 
-0.824245 149.901810 86.131012 57.753792 147.019531 81.179115 -0.447873 154.697342 99.791695 77.471939 101.421837 86.436234               1699 
-1.491624 150.357895 86.213867 57.795101 147.068924 81.021729 -0.486305 154.573151 99.260651 77.668633 101.553055 86.401382               1717 
-2.562707 151.354034 86.221771 57.727665 147.117523 80.905441 -0.687256 154.466248 98.929214 77.752968 101.683128 86.409599               1735 
-3.266881 152.163712 86.269371 57.751087 147.106262 80.895531 -0.943937 154.295456 98.292854 77.788513 101.691872 86.519257               1753 
-3.793499 153.356735 86.436119 57.786613 147.179031 80.932854 -1.091523 154.527634 98.102745 77.651154 101.698296 86.633354               1771 
-4.282492 155.145996 86.982552 57.891533 147.346451 81.143623 -1.067702 155.245575 98.675339 77.453140 101.755081 87.005539               1789 
-4.871810 156.997269 87.463051 57.916790 147.248611 81.213509 -1.162006 155.889847 99.449150 77.111290 101.516167 87.189003               1807 
-5.426391 159.099014 88.264427 57.904736 147.030426 81.417000 -1.166390 156.573837 100.516121 76.654129 101.130898 87.523270               1825 
-4.583055 160.200806 91.560013 58.578617 144.085220 81.951462 0.560189 156.084076 104.205132 75.958412 97.587349 87.562370               1843 
-5.594197 162.380234 92.301125 57.922874 143.937103 82.781136 -0.213025 156.782990 105.359863 74.642479 97.162308 88.088303               1861 
-6.621597 163.770721 93.180321 57.193596 143.799698 83.483482 -1.135706 157.334946 107.305115 73.595779 96.861649 88.318741               1880 
-8.640822 164.393173 93.349197 55.769444 144.479721 83.942230 -3.098892 157.441803 107.950943 72.635483 97.670738 88.419739               1898 
-8.522136 163.910568 94.068871 56.124638 142.750885 84.956154 -2.967808 156.087357 108.883499 72.517868 95.725342 88.887230               1916 
-9.200854 163.158295 94.413010 55.877190 142.267426 85.204453 -3.358993 155.165115 109.326393 72.813652 95.455605 89.375954               1934 
-9.667931 162.584747 94.882050 55.676537 141.657684 85.592590 -3.648246 154.453827 109.930870 72.816971 94.924423 89.811577               1952 
-10.329502 161.818268 95.244583 55.322781 141.473511 85.907143 -4.192115 153.827301 110.519157 72.942329 94.917709 90.114494               1970 
