5.531340 126.098907 83.487572 44.503517 147.939651 81.339447 -30.844181 169.558777 76.231438 62.415161 137.292435 128.231979                  0 
5.500422 125.865311 83.392296 44.378338 147.949692 81.236847 -31.036537 169.529663 76.201141 62.336941 137.475403 128.150360                  8 
5.642785 125.433678 83.016190 44.357018 147.873215 80.997520 -31.179209 169.120575 75.725327 62.212204 137.626236 128.000610                 17 
5.586444 125.259033 82.850090 44.264420 147.855865 80.898308 -31.307953 169.052414 75.656815 62.128071 137.632034 127.903229                 26 
5.481025 125.061272 82.698601 44.174690 147.847214 80.823715 -31.425058 168.975601 75.606956 62.055328 137.637054 127.825150                 36 
5.205361 124.956764 82.481644 44.015842 147.864655 80.741234 -31.564953 169.085770 75.638725 61.928490 137.535706 127.704506                 44 
4.786837 125.043457 82.154854 43.848061 147.970352 80.652832 -31.609591 169.566422 75.702164 61.765472 137.342255 127.547493                 53 
4.119557 125.420372 81.691505 43.592060 148.246140 80.526825 -31.656591 170.383499 75.771675 61.518848 137.194138 127.319801                 63 
3.170977 125.852333 80.766922 43.322517 148.553299 80.339355 -31.661135 171.238022 75.670586 61.177139 136.935425 127.022728                 89 
2.829598 126.019005 80.406937 43.225086 148.637054 80.261024 -31.659426 171.415894 75.585243 61.039463 136.746140 126.890984                 98 
1.293509 127.986511 80.154129 42.478161 149.939453 80.407906 -31.989496 174.044159 77.293312 60.716457 136.475098 126.442406                107 
0.258434 128.587784 79.310837 42.043507 150.732162 80.293907 -32.404270 174.337646 77.690506 60.554577 136.511642 125.990913                117 
-0.669871 128.747971 78.426567 41.837845 151.163803 80.226059 -32.581936 174.157806 77.673851 60.496895 136.582764 125.748940                126 
-1.509719 128.596359 77.487183 41.803852 151.401123 80.236732 -32.556763 173.606308 77.260666 60.471958 136.738693 125.729744                135 
-2.436960 128.291199 76.465912 41.827637 151.551102 80.274384 -32.477665 173.089935 76.893211 60.497627 136.913879 125.774734                144 
-3.589662 127.844742 75.297409 41.869659 151.687531 80.329651 -32.382107 172.817719 76.684540 60.549660 137.086960 125.837677                153 
-4.521065 128.262604 75.168503 42.128510 152.177170 80.736397 -31.939581 173.840225 77.482811 61.001118 137.521500 126.147133                162 
-5.317129 127.932671 74.383636 42.264725 152.232513 80.879044 -31.791901 173.887970 77.696442 61.168602 137.483398 126.246506                171 
-6.014334 127.670357 73.720528 42.359470 152.282242 80.991142 -31.690825 173.962845 77.877861 61.290092 137.480103 126.330170                180 
-6.394940 127.275078 73.154045 42.490887 152.332993 81.097801 -31.649994 173.634979 77.864639 61.451775 137.686768 126.474800                189 
-6.680954 126.968773 72.883911 42.577377 152.398987 81.240234 -31.664104 173.366119 78.118011 61.678169 137.858871 126.592674                198 
-6.886240 126.574158 72.394447 42.691677 152.383621 81.332512 -31.661985 172.906769 78.168823 61.849262 137.903564 126.680214                207 
-7.109255 126.260826 72.002914 42.779255 152.431625 81.424690 -31.663151 172.488556 78.138657 61.994713 138.123993 126.802635                216 
-7.075568 126.158371 72.124779 42.985531 152.515930 81.769211 -31.454674 172.320129 78.118744 62.124004 138.472916 127.262199                225 
-7.058736 126.109200 72.328033 43.158272 152.649551 82.064621 -31.293653 172.195251 78.187134 62.300659 138.893860 127.643669                234 
-7.012932 125.999107 72.507233 43.320820 152.679138 82.381020 -31.153208 171.947037 78.400543 62.496231 139.015671 127.973915                243 
-7.025967 125.886360 72.422806 43.416332 152.636902 82.473877 -31.070749 171.687622 78.492287 62.638138 138.899872 128.025116                252 
-7.268355 125.852234 72.100983 43.467266 152.649872 82.570099 -31.024012 171.596130 78.545349 62.687801 138.884903 128.113434                261 
-7.612469 125.822266 71.643562 43.503738 152.674332 82.654953 -31.001715 171.502991 78.574577 62.720345 138.915543 128.201813                270 
-7.885947 125.795822 71.288086 43.539841 152.693756 82.743172 -30.978710 171.418884 78.613693 62.752243 138.941544 128.293808                279 
-8.126520 125.777313 70.967117 43.595058 152.710022 82.851120 -30.937660 171.287720 78.638153 62.800838 138.984894 128.412704                288 
-8.110435 125.701782 71.114418 43.785919 152.717941 83.151382 -30.760298 171.051773 78.791351 63.010750 139.175308 128.759521                297 
-8.065379 125.691071 71.230545 43.958420 152.692490 83.411209 -30.555300 170.869232 78.834015 63.138714 139.222992 129.059738                306 
-8.055418 125.704872 71.291008 44.072323 152.681686 83.578575 -30.406904 170.732758 78.823120 63.219345 139.263977 129.256317                316 
-8.123111 125.825699 71.383255 44.123352 152.697418 83.709991 -30.315159 170.884430 78.932373 63.248089 139.279861 129.397110                324 
-8.192266 125.938087 71.439049 44.152004 152.712143 83.804070 -30.250729 171.049942 79.008385 63.247719 139.286469 129.500946                333 
-8.259380 125.963814 71.427643 44.156368 152.719040 83.851845 -30.246941 171.116974 79.065514 63.250080 139.312119 129.555054                343 
-8.332253 125.976608 71.406235 44.153557 152.722580 83.887383 -30.260187 171.212387 79.147934 63.254692 139.337814 129.593994                351 
-8.409942 125.935738 71.378090 44.180595 152.691162 83.940842 -30.249296 171.237534 79.264580 63.316040 139.368317 129.651184                361 
-8.243347 125.461189 71.244102 44.458702 152.425217 84.007896 -30.032803 170.673203 79.145561 63.604992 139.484848 129.823456                370 
-8.050498 125.073189 71.056381 44.862461 151.971680 84.211441 -29.588940 170.283234 79.005692 63.840446 139.236938 130.154465                378 
-7.945098 124.787003 70.833214 45.176231 151.619217 84.369621 -29.241566 169.963943 78.884933 64.023544 139.045013 130.410553                388 
-7.890390 124.607712 70.663818 45.378578 151.391922 84.471634 -29.012877 169.728058 78.785362 64.141678 138.921570 130.575165                397 
-7.882056 124.487244 70.747681 45.519482 151.350449 84.508659 -28.913269 169.409760 78.928108 64.455666 139.066818 130.591553                406 
-7.838601 124.183601 70.443352 45.773029 151.022629 84.579247 -28.691154 168.880569 79.060265 64.779350 138.671783 130.615280                415 
-7.712041 123.920021 70.486343 45.961231 150.865433 84.666328 -28.524437 168.434814 79.039330 65.013863 138.696930 130.731766                424 
-7.605616 123.723007 70.570000 46.083931 150.713165 84.748444 -28.393614 168.075974 79.012886 65.157524 138.618011 130.824509                433 
-7.396175 123.491745 70.669037 46.318542 150.614517 84.699608 -28.192324 167.637650 78.973846 65.525566 138.712769 130.770615                442 
-7.400661 123.394623 70.630119 46.379940 150.415054 84.650116 -28.089571 167.458740 78.884850 65.590805 138.474838 130.709579                451 
-7.651997 123.552956 70.189133 46.468029 150.257843 84.573982 -27.917759 167.476807 78.762070 65.643555 138.172348 130.610275                460 
-8.123383 123.763069 69.448372 46.537704 150.133499 84.513771 -27.793262 167.569168 78.715424 65.684578 137.933243 130.531708                469 
-8.306104 123.978462 69.151100 46.616669 150.204636 84.430763 -27.667387 167.768082 78.579910 65.739388 138.021133 130.463181                478 
-8.677326 125.265053 68.457474 46.776218 150.349197 84.109253 -27.198761 169.307007 78.492561 65.694412 137.305298 129.990158                487 
-9.098078 126.624733 67.914642 46.882919 150.660995 83.720871 -26.803608 170.926514 78.479446 65.703987 136.928207 129.440430                496 
-9.156516 128.510147 66.786491 47.149467 151.952698 82.757690 -26.349964 173.023056 77.512428 65.802292 137.998840 128.479248                505 
-9.238329 129.697464 66.030724 47.321388 152.785828 82.136444 -26.043140 174.399673 76.884300 65.863953 138.691101 127.859642                514 
-7.965819 131.096878 63.435680 48.637436 154.234985 79.654434 -24.594854 176.168259 73.380363 66.706451 140.916000 125.797852                523 
-6.696455 131.788422 61.190487 49.715961 155.881165 77.123543 -23.586014 177.108383 69.379990 67.439522 144.396683 123.889778                532 
-3.199290 131.726242 57.581787 53.431816 155.097137 74.852554 -19.459551 177.190308 65.744965 70.142944 143.391403 121.935600                541 
-2.356115 133.713638 54.601334 55.077652 156.331543 71.979752 -17.266603 179.667526 61.618275 71.272545 146.009003 119.564095                550 
-12.292645 160.275375 86.028282 36.804848 172.542496 61.499454 -23.982937 188.286987 87.868729 71.919449 152.631302 93.179230                559 
-7.471472 162.986832 89.938461 28.606972 179.194992 53.509518 -22.409176 185.326691 95.255455 66.309875 147.765198 68.468079                568 
-4.534295 181.789993 88.810303 21.603361 190.439835 43.435345 -19.396997 205.389008 93.377266 58.097015 156.168381 54.695004                578 
6.268152 181.061600 86.800842 19.122955 193.051575 37.749531 -9.140237 204.677826 96.710594 56.206863 157.588989 38.286293                587 
14.382978 173.571121 84.118797 19.264225 193.062164 36.739925 1.314697 196.601746 100.818237 53.332684 156.202255 26.072855                596 
-24.119196 195.882187 67.656967 41.643063 179.960495 42.170250 -5.905302 188.313049 88.464249 78.439613 145.805832 52.780247                605 
-31.174749 201.017044 38.212227 48.157841 172.715073 41.046486 -11.444830 184.938217 69.212738 78.086121 136.519760 61.717628                614 
-26.349718 203.858841 17.328714 51.556801 168.166367 37.653862 -12.027196 183.430496 53.252708 75.282593 130.065170 62.523212                623 
-23.153839 203.391861 3.601319 53.993423 169.701172 33.955082 -11.634054 182.431488 41.957664 76.672043 132.919205 61.629372                632 
-21.465601 203.378510 -8.372022 54.485905 171.635452 29.006268 -12.117217 182.008942 31.742495 76.566811 136.083450 58.697815                641 
-19.502716 206.101257 -19.529030 54.264172 173.809875 23.508444 -12.779328 182.508087 21.966272 75.436630 138.550400 54.193886                650 
-17.799419 207.877716 -28.833488 54.283485 175.762726 18.322451 -12.990728 182.634933 13.451464 74.978386 140.827835 49.697174                659 
-17.067680 209.578445 -38.269489 53.340263 177.244583 12.347616 -14.381768 182.570023 5.120689 73.788414 142.656052 44.263214                668 
-16.177870 211.788589 -47.981121 52.192867 178.003098 5.519294 -16.652195 182.112595 -3.311901 72.112648 143.350494 37.698452                677 
-15.162447 213.408920 -57.033241 51.085079 178.509872 -0.723720 -18.777758 181.203781 -11.242479 70.462456 143.961243 31.895422                686 
-14.499754 214.132309 -65.035408 50.414719 178.274460 -6.825909 -20.261488 180.192368 -17.635382 69.530045 144.451660 26.696043                695 
-13.940238 215.817047 -73.613800 49.116673 178.652664 -13.271980 -22.273602 179.147705 -25.243719 67.891228 145.095749 20.706673                704 
-13.712968 216.171356 -81.868408 47.991333 179.093079 -19.246557 -23.933069 177.205719 -32.240051 66.912361 146.428635 15.511585                713 
-13.076585 217.324875 -89.829964 46.974815 179.613922 -25.172340 -25.389759 176.064774 -39.096668 65.745155 147.601318 10.267279                722 
-13.266014 216.103165 -97.543259 45.902206 179.145248 -30.926428 -26.640074 172.901459 -45.532749 65.072411 148.351776 5.369088                731 
-13.162582 214.691162 -103.480400 45.044857 177.991455 -35.246105 -27.468857 169.331665 -50.441238 64.598732 148.233917 1.702969                740 
-13.281467 213.803238 -110.606476 43.973995 177.670105 -40.719776 -28.435186 166.929169 -56.403919 63.755268 149.037476 -3.010716                749 
-13.955211 211.993820 -118.190536 42.648956 177.652878 -46.482296 -29.666332 164.697449 -62.307045 62.683384 150.574646 -7.771962                758 
-14.630374 210.366791 -125.159523 41.581024 177.632828 -52.152908 -30.841181 163.228683 -67.768433 61.753227 151.756973 -12.698866                767 
-14.367442 207.220886 -130.547699 40.816750 176.781143 -55.532764 -30.548220 158.528030 -72.857750 61.155499 152.267242 -15.302142                776 
-14.326688 204.624069 -137.427475 39.600567 176.144897 -60.530399 -31.452847 156.760071 -78.215446 59.533878 153.113510 -19.234911                785 
-14.620374 201.116211 -140.159271 38.911095 172.516495 -62.790550 -32.456268 153.545242 -79.651665 58.826912 150.170624 -21.111755                794 
-15.021462 196.301285 -142.621246 40.212036 172.618530 -64.482552 -31.317274 152.838440 -77.477295 61.264866 154.119873 -21.497931                803 
-14.913757 186.843811 -148.678879 40.755257 173.642685 -68.153297 -30.052790 151.511322 -78.043823 62.215366 161.665680 -23.107603                812 
-16.072796 181.853302 -153.293320 40.264767 174.409805 -72.289886 -29.972383 150.368286 -80.104919 62.281345 166.048782 -26.699722                821 
-17.555149 179.844040 -157.546844 39.417080 174.492966 -76.663971 -31.022726 151.449997 -82.808594 61.743671 167.926605 -30.930992                831 
-17.999432 176.245132 -161.431671 38.621994 174.486282 -79.978676 -31.438789 150.574356 -85.445473 60.792149 170.241974 -33.896473                840 
-17.218737 175.282700 -163.708908 38.618492 174.538467 -81.451988 -31.144974 150.017960 -87.270119 60.327702 171.288879 -35.070419                849 
-17.291405 176.131729 -166.025757 38.253990 174.777145 -83.127853 -31.206890 149.605133 -89.301643 59.665722 172.033112 -36.575653                858 
-19.169788 171.078659 -167.341232 37.460686 174.082993 -84.800720 -31.057253 146.324966 -89.181633 59.353882 174.266235 -38.392170                867 
-19.532564 170.511261 -168.273407 37.453335 173.784912 -85.622307 -30.478041 144.815292 -89.785522 59.423279 174.686478 -39.258442                876 
-20.545555 169.775009 -170.931870 36.611263 172.917419 -88.002571 -30.872902 143.245071 -92.119057 58.515556 174.489044 -41.625515                885 
-20.273466 172.819885 -172.833618 36.549484 172.917969 -89.245216 -30.833754 143.584229 -94.998741 57.861465 173.438751 -42.569450                894 
-22.448715 175.639679 -174.191208 35.990395 172.849915 -91.083214 -31.380705 143.854095 -97.391136 57.161240 172.941208 -44.340450                903 
-24.141172 176.690903 -175.021759 35.637051 172.560074 -92.268204 -31.586283 143.489807 -98.784164 56.637737 172.928513 -45.450100                912 
-25.691782 177.824860 -175.746124 35.264423 172.240387 -93.407326 -31.816175 143.177490 -100.308266 56.107700 172.562653 -46.518589                921 
-27.206135 177.173843 -175.811874 34.915138 171.364197 -93.983635 -32.089188 142.236465 -100.473412 55.916798 172.147919 -47.171078                930 
-28.134899 180.072144 -176.218872 34.542614 172.197067 -94.797501 -31.981760 142.383698 -102.349785 55.502430 171.791977 -47.961388                939 
-29.478815 179.859238 -177.089920 33.875122 172.472122 -96.059776 -31.827742 141.096298 -103.897591 54.971962 172.003387 -49.285824                948 
-32.184830 174.152740 -177.489716 32.747726 171.555969 -97.378799 -31.836737 137.677002 -103.241142 54.573887 173.315567 -50.971664                957 
-36.138371 163.344315 -177.767532 31.146212 169.766312 -99.810135 -32.006939 133.419113 -101.244743 54.183571 176.184280 -54.409813                966 
-38.760624 158.728043 -177.857224 30.057951 168.451462 -101.569160 -31.625700 131.343552 -101.803787 53.909943 176.544113 -56.862442                975 
-39.168648 157.837540 -177.861084 29.862869 168.308716 -101.824821 -30.707687 131.017166 -102.995575 53.716431 176.647705 -57.164238                984 
-38.721710 157.265900 -177.982468 29.880060 168.322525 -101.813400 -29.877653 131.111816 -103.961281 53.705765 176.596329 -57.125824                993 
-38.028996 157.134857 -178.191971 29.947020 168.412094 -101.710358 -29.054079 131.298752 -105.026520 53.679604 176.368027 -56.915638               1002 
-37.552040 156.395401 -178.269485 29.980276 168.387573 -101.675728 -28.086645 131.516724 -106.000336 53.674820 176.425308 -56.875473               1011 
-35.306831 152.412399 -178.015411 30.876755 167.576828 -100.929688 -27.096962 131.630478 -105.320000 53.927734 177.390717 -56.147552               1021 
-32.716278 151.102722 -178.306671 31.929565 167.651840 -100.282242 -26.053646 132.664337 -105.690178 54.180897 178.238953 -55.272350               1029 
-30.656458 149.871521 -178.164703 32.907299 167.839066 -99.735695 -25.072590 133.804047 -106.138290 54.591637 178.914780 -54.566929               1038 
-28.790424 149.956039 -178.519302 33.877735 168.288315 -99.582619 -24.455879 136.159760 -107.341347 55.092430 179.484238 -54.220875               1048 
-26.449469 151.995285 -179.906006 34.669369 169.255310 -99.603905 -23.762747 138.581299 -109.543282 55.020042 179.763763 -53.685265               1056 
-25.699354 151.031509 -180.050339 34.967125 169.834167 -99.812103 -23.367134 139.751968 -110.086739 55.073277 181.104721 -53.966526               1066 
-25.840609 153.129700 -181.430283 35.111637 171.435013 -101.396545 -23.230885 142.287827 -112.281136 55.316891 182.261749 -55.487629               1075 
-25.693796 153.013611 -183.741592 34.907890 172.951447 -103.916756 -23.270704 144.375381 -115.218163 54.850739 184.506042 -58.070564               1083 
-27.381145 157.048096 -185.017502 34.571934 174.713562 -105.858055 -23.414907 147.001785 -118.316315 54.901226 184.389465 -59.747356               1093 
-28.941822 162.531815 -186.587585 34.161270 176.981339 -107.786903 -23.242649 149.464096 -121.709526 54.891724 184.081100 -61.387108               1102 
-29.892193 164.643173 -191.006851 33.890610 175.556091 -112.241379 -25.061049 153.152069 -126.706688 54.754032 181.809235 -65.779404               1111 
-28.136404 171.787338 -196.371002 34.100971 176.695572 -115.820358 -24.788244 157.271133 -133.215698 53.916660 179.840668 -68.591705               1120 
-27.939993 173.370667 -198.588852 33.962555 177.282394 -117.748802 -24.622190 158.504288 -135.978561 53.477337 179.845383 -70.359947               1129 
-24.222696 179.632568 -201.822464 34.828373 181.449432 -118.819939 -22.116535 161.343201 -140.363541 52.608929 181.906509 -70.687393               1138 
-24.210140 177.006546 -202.311981 34.917297 181.462906 -119.476563 -21.691965 160.354111 -140.765060 52.689240 183.086502 -71.366051               1147 
-24.791380 177.198105 -202.404175 34.893272 181.987427 -119.998337 -21.554976 160.625427 -141.137909 52.943520 183.603912 -71.991310               1156 
-22.410187 198.298584 -204.104172 37.402184 186.141846 -123.415825 -19.251949 164.704025 -145.493896 54.072350 177.338531 -75.690498               1165 
-20.051157 206.050293 -205.781525 38.570507 184.232239 -126.661865 -18.246691 163.114594 -149.772354 53.397739 170.186859 -79.587669               1174 
-14.593339 210.324265 -207.195618 38.665737 181.053802 -126.863739 -18.067131 162.515457 -153.249985 49.649738 163.847015 -79.785316               1183 
-15.843963 198.929565 -210.542969 39.281590 179.742615 -128.513077 -18.347254 159.383926 -151.077347 51.041878 168.721924 -79.796150               1192 
-14.266978 200.330902 -212.597321 40.219231 180.310623 -130.377563 -17.790730 161.798203 -152.861877 51.413151 169.617493 -81.454643               1201 
-14.117886 199.188400 -213.522156 40.666218 180.481201 -131.193481 -17.498621 162.081360 -153.226288 51.916119 170.777328 -82.077560               1210 
-14.135958 198.289383 -214.123596 41.001167 180.609024 -131.804886 -16.756485 162.763336 -154.036362 52.310036 171.640305 -82.562927               1237 
-14.165528 198.109741 -214.219254 41.063587 180.632843 -131.918823 -16.604177 163.172607 -154.338882 52.385021 171.800430 -82.655121               1246 
-14.169531 197.619629 -214.628067 41.077164 180.391754 -132.286774 -16.468840 163.814377 -155.112122 52.345234 171.789795 -82.970085               1255 
-14.301911 196.195679 -216.435364 40.460644 179.100159 -133.750458 -17.022346 163.585663 -156.949661 51.406288 170.913254 -84.290718               1264 
-10.263824 190.859055 -222.092484 39.904682 175.368240 -136.245728 -17.756784 163.524567 -160.757675 48.370926 170.104324 -85.909729               1273 
-9.876997 188.065552 -224.149979 39.186592 173.545670 -137.506470 -18.547609 163.368195 -162.120453 47.174541 169.800232 -86.956863               1283 
-9.816536 187.029846 -224.835251 38.930447 172.895538 -137.956192 -18.565268 162.684341 -162.604828 46.786568 169.697281 -87.348373               1291 
-7.106850 174.000183 -224.345642 39.351376 166.529434 -135.414703 -18.591408 158.514633 -159.841736 46.388245 168.967804 -84.644272               1301 
-6.336083 167.023438 -222.869171 39.916264 162.871689 -133.620087 -18.410856 156.272141 -157.689865 47.152679 168.107773 -83.089737               1310 
-6.131612 163.904602 -222.079193 40.172543 161.212265 -132.805923 -18.374636 155.509384 -156.833984 47.587345 167.682312 -82.444641               1318 
-10.189811 155.818512 -219.467987 38.976795 158.770584 -131.752029 -20.362026 152.391968 -153.937027 48.015533 168.493759 -82.185310               1328 
-10.690112 157.669998 -219.554474 38.689163 158.981140 -131.922363 -20.568695 153.380341 -154.486969 47.836102 167.787048 -82.204262               1337 
-10.910443 158.395279 -219.597198 38.752609 158.883408 -132.121323 -20.440092 153.265228 -154.721878 47.998154 167.114349 -82.323029               1346 
-12.234903 157.745972 -218.895782 38.513634 158.817596 -132.054276 -20.685760 152.549103 -154.076584 48.289989 167.204636 -82.383553               1355 
-13.943734 156.043991 -217.868240 38.166302 158.525375 -131.869568 -20.935637 151.281616 -153.053726 48.644306 167.559341 -82.456017               1364 
-16.549337 155.449493 -216.365921 37.616039 158.167114 -131.657425 -21.032402 150.371597 -151.909607 49.259155 167.317596 -82.526917               1373 
-18.409924 155.007782 -215.248962 37.220638 157.909683 -131.504974 -20.269911 149.391724 -151.551315 49.696373 167.149628 -82.596092               1382 
-21.619850 160.701050 -214.866455 35.085976 156.468018 -131.907013 -21.520645 151.746277 -151.781967 48.894882 163.208282 -82.948029               1391 
-23.238298 164.438004 -214.572464 33.726055 155.549576 -132.163132 -22.002207 153.009460 -152.173538 48.200108 160.580109 -83.190742               1400 
-23.880505 166.171539 -214.417130 33.097462 155.125046 -132.281525 -21.726534 152.467590 -152.237961 47.825974 159.342987 -83.308273               1409 
-24.793272 168.891922 -213.639282 31.909317 154.914780 -131.762619 -21.330402 151.554291 -151.614807 46.919853 158.161865 -82.801010               1418 
-25.308372 170.667206 -213.128815 31.134401 154.777634 -131.424194 -21.297306 151.352524 -151.371323 46.292358 157.377045 -82.469330               1427 
-22.712049 177.624634 -214.846924 29.675714 151.315796 -133.134674 -22.492607 156.138977 -153.033524 44.744400 150.689468 -84.087326               1436 
-20.740414 181.549545 -215.678162 28.096169 148.740768 -134.120087 -23.437176 158.671829 -153.453033 42.935585 146.048828 -85.072723               1445 
-18.280996 183.964127 -215.598557 27.051350 147.131195 -133.738358 -23.945669 159.330917 -153.000351 40.875244 142.903229 -84.502968               1454 
-12.228235 186.094604 -213.688110 27.396399 145.984360 -130.420441 -22.723717 159.532425 -151.100449 38.537720 140.330414 -80.650940               1463 
-23.262758 187.105179 -168.773209 27.881193 145.529587 -128.491501 -22.254051 159.294266 -149.595917 37.661743 139.177567 -78.520592               1472 
-24.069559 196.376373 -164.430511 26.483936 150.569885 -133.008652 -21.609629 167.222061 -157.116104 31.139942 140.268265 -82.955711               1481 
-22.274179 197.533112 -154.108673 26.657854 150.179718 -131.842590 -20.093367 169.446259 -157.122101 28.353725 137.893219 -82.050362               1491 
-5.627537 204.139221 -170.368881 17.673637 149.788300 -128.556671 -7.469348 195.566483 -160.934570 28.831675 155.598923 -78.808968               1500 
9.925129 204.364868 -180.128799 13.947441 152.891830 -128.309875 18.546255 202.715775 -172.427963 34.058987 159.029755 -81.502289               1509 
17.235943 206.786697 -177.785675 11.282924 154.104553 -126.759300 30.808903 203.243744 -171.428558 33.262928 153.328659 -80.397926               1517 
20.113499 207.946472 -176.316681 9.415513 157.055252 -123.840851 35.603840 202.792938 -170.330368 32.207413 153.775360 -77.983780               1526 
19.518263 208.051590 -176.372971 6.875034 159.927933 -121.481300 35.499134 202.124710 -170.237442 30.581863 156.283905 -76.118248               1535 
18.342451 210.660217 -174.477615 5.488032 164.030746 -118.150726 34.640053 204.240295 -168.356277 30.155062 160.066727 -73.329712               1544 
17.322676 214.395294 -171.128555 3.885885 167.824478 -114.718246 33.815254 207.465591 -164.984253 28.884237 162.706726 -70.198700               1553 
17.945349 218.832458 -165.707306 5.084476 171.500168 -109.652794 34.618507 211.493729 -159.836258 31.023560 164.931793 -65.867867               1563 
16.528938 224.198944 -158.621582 5.273812 175.352692 -103.405899 33.599712 215.982300 -153.849182 32.978336 166.731201 -61.082989               1572 
16.808590 228.921158 -152.082230 4.894283 178.461090 -98.365051 33.846386 219.984222 -147.690460 32.789127 167.469788 -56.721706               1581 
17.578192 233.777344 -144.430664 4.439445 182.332153 -91.849434 34.452671 223.794647 -140.622803 32.539005 168.785156 -51.106430               1590 
16.297167 234.529541 -138.722427 3.344348 184.458755 -84.697540 32.873306 223.862915 -135.328110 32.689548 169.990341 -45.167507               1599 
16.145065 236.013412 -130.313919 1.040124 186.304718 -76.435005 32.007942 224.102875 -127.360054 30.307785 169.003952 -38.000809               1608 
19.550089 235.049927 -123.596802 0.863403 187.017746 -69.251053 34.652290 222.536514 -119.845276 28.472420 168.557053 -30.135269               1617 
27.836584 224.358643 -104.528976 0.936627 186.810318 -60.870251 34.244724 219.808319 -113.016235 28.930733 169.209244 -21.632109               1626 
24.562092 219.802032 -92.385315 -0.352618 185.041183 -51.335579 25.891027 218.941971 -106.526535 31.975037 170.833542 -14.104342               1635 
22.393633 214.738495 -88.634552 -1.231766 185.388214 -44.708771 21.392260 213.201645 -104.511421 32.905170 177.849380 -7.146360               1644 
21.026228 210.327713 -83.318825 -1.336923 184.417007 -37.333740 18.881008 207.813156 -99.712379 33.832577 181.507614 -0.081344               1653 
19.908024 210.240341 -76.589668 -1.692054 184.313522 -30.579699 17.097557 207.882706 -93.250023 34.064640 182.309509 6.170024               1662 
22.295908 205.585541 -69.340569 -0.601633 182.187561 -22.782042 19.663689 202.490158 -86.062553 34.178772 182.477615 14.945118               1671 
-28.082426 205.998306 -40.573303 12.198915 183.686096 -14.708582 -38.561199 193.408173 -57.996361 39.386875 225.254349 -1.824691               1681 
-31.952202 171.476105 3.680953 16.168501 185.273254 -8.281812 -49.711624 187.987579 -8.637439 37.415195 168.483475 35.304661               1689 
-24.719362 170.121643 18.170547 18.795263 187.249725 -0.795074 -45.973705 186.915604 6.141095 45.410866 172.957901 40.683270               1699 
-18.293753 164.445450 31.591663 19.259743 185.563156 6.809470 -43.637897 179.120148 20.666853 51.327217 175.664337 45.626862               1708 
-13.736649 161.798889 39.661640 20.905895 183.765671 12.570255 -40.184399 178.778152 26.978325 54.465717 176.744537 50.748016               1716 
-11.061456 159.834473 44.897480 22.898623 182.140854 17.635176 -37.528057 180.470551 32.063923 56.834301 174.070969 55.269550               1725 
-8.173227 156.495911 51.884315 24.288654 180.675797 24.548723 -35.006519 181.744553 42.480648 60.209332 169.195633 59.348297               1734 
-7.536160 151.160309 55.535545 24.435570 178.166885 30.753698 -34.517696 179.308502 49.695072 60.633785 162.375336 63.516716               1743 
-6.088334 150.715332 61.753624 24.802872 177.848541 35.700329 -33.150585 180.857407 57.786457 62.460930 162.064209 66.778053               1752 
-2.140726 154.252365 72.647881 24.629999 179.079315 40.405724 -30.726477 184.117081 68.538567 66.052170 168.454056 68.767799               1761 
-1.572553 151.023087 76.886688 24.029783 176.277039 43.959698 -31.193045 180.464905 72.785378 66.141975 167.830841 72.036819               1771 
-1.057634 147.564758 79.052544 24.665524 173.850845 47.032776 -30.576656 177.561066 76.119804 66.774590 164.440796 74.806450               1779 
-0.029646 145.344467 81.912888 25.740673 172.014374 50.205219 -29.198830 177.585159 81.185684 68.115273 161.591980 77.202736               1789 
-0.038928 143.704544 83.761124 26.222725 170.984222 52.721615 -28.677065 178.707672 86.039391 68.696487 159.632935 79.183418               1798 
0.725394 142.174545 87.585182 26.714821 169.682114 56.170723 -27.827393 178.864914 91.803101 69.761917 159.081741 82.010193               1807 
1.519426 141.737457 90.638123 27.467176 167.785233 57.663754 -26.808241 179.850922 94.228065 70.909081 159.052689 83.541214               1816 
4.460709 140.686417 94.564156 28.824091 165.532120 59.085533 -23.492151 179.007370 98.560127 73.881935 158.972061 82.746811               1825 
5.403528 141.872986 98.336823 28.705698 165.026901 60.403446 -22.199753 179.877289 102.098312 74.992050 161.491089 82.270561               1835 
5.031017 140.355087 99.555389 28.049349 163.986603 61.525745 -21.700993 178.021118 105.290329 74.818092 159.973862 82.254517               1843 
4.930634 139.293167 100.465210 27.575151 163.235016 62.336582 -21.176296 175.486649 107.751991 74.675621 158.892319 82.230957               1852 
4.152637 137.958023 100.376411 27.239634 162.900925 63.162487 -21.068386 169.313126 108.839386 74.266884 156.904251 82.798592               1861 
3.918462 137.223633 100.852661 27.267145 162.440811 63.985809 -20.373260 165.229782 109.590218 74.303345 155.098846 83.137589               1870 
3.886587 137.085098 102.313965 28.404104 162.677841 66.473244 -18.792398 164.609375 111.953957 75.036674 152.610840 85.371880               1879 
3.902273 137.886536 104.417618 29.366621 163.160172 69.005959 -17.427763 165.638763 114.570000 75.595924 150.979752 87.649681               1888 
3.901387 138.288300 105.405632 29.814510 163.384613 70.184517 -16.621511 165.861969 115.731232 75.827347 150.228073 88.700020               1897 
4.058167 137.731659 106.029388 30.158846 163.209335 71.209335 -16.040056 164.922684 116.752365 76.084785 149.440979 89.494286               1906 
4.018497 135.268402 105.668892 29.580809 160.622849 70.479401 -15.212848 160.689636 115.485573 75.726646 147.550629 88.721596               1915 
3.458183 133.260483 105.101723 28.679472 158.300064 69.644836 -14.780776 157.326096 113.949097 74.883743 145.608658 88.007637               1924 
3.373548 132.783264 105.488922 28.480909 157.497086 69.867943 -14.018930 156.091476 113.652084 74.648361 144.663040 88.224213               1933 
3.727013 132.558990 105.346298 28.280497 156.888596 69.459938 -13.752336 155.246384 112.871483 74.475471 144.420654 87.998390               1942 
4.656275 129.541931 104.695450 28.694986 155.004044 69.728195 -13.267706 152.181793 112.588402 74.832573 142.458649 88.357079               1951 
5.761318 127.208984 104.225990 29.049244 153.321640 69.726379 -12.231136 150.429733 112.263306 75.292023 140.873962 88.158966               1960 
6.508912 125.441689 103.732483 29.237646 152.125092 69.746635 -11.675266 148.620895 111.808746 75.521767 139.676498 88.074532               1969 
7.160312 125.309052 103.752136 29.359257 151.473160 69.543198 -11.208241 148.920227 111.492455 75.636765 139.061768 87.912994               1979 
8.155519 125.467476 103.683403 29.422991 151.176483 69.461845 -10.908630 148.756180 111.252953 75.733620 138.852219 87.806808               1987 
8.748100 125.536919 103.568459 29.269789 150.995575 69.348122 -10.803341 148.563263 110.987213 75.641220 138.807800 87.630569               1996 
9.050159 125.447609 103.185432 28.576242 150.718658 69.046364 -11.278422 148.172089 110.213654 74.975571 138.807541 87.440025               2005 
9.847441 126.201424 103.448601 27.908201 150.755798 69.062737 -11.764362 148.690582 109.823769 74.431381 139.874374 87.778709               2015 
9.757133 125.442039 103.558884 27.301050 150.420135 69.754074 -12.312121 147.729355 109.849266 73.803543 139.724106 88.627663               2024 
9.747457 125.082260 103.663895 26.867834 150.332504 70.192543 -12.499210 147.313416 109.824974 73.414200 139.818924 89.060493               2032 
9.742667 124.041306 103.203308 25.808029 149.755585 70.211342 -12.682282 146.205719 109.801735 72.658661 139.250656 88.315613               2042 
10.432883 124.509689 103.860008 25.471050 149.983948 70.690201 -12.616675 146.099533 109.995911 72.612366 141.152924 88.933250               2051 
10.411304 123.134529 103.201607 24.320225 149.083710 70.368896 -13.131615 144.645645 109.523033 71.767685 141.429092 88.347900               2060 
10.474378 122.314079 102.762611 23.537376 148.419037 70.134369 -13.215272 144.877975 109.076218 71.171288 141.547852 87.935974               2069 
10.292777 121.711433 102.447479 23.010904 148.213501 70.337654 -13.285893 145.744324 108.956833 70.700035 141.258301 87.957848               2078 
10.279411 122.459389 102.678139 22.567827 148.558395 70.652107 -13.562334 147.283478 109.068329 70.267479 141.769135 88.308502               2087 
11.133101 123.798248 103.331718 21.663260 148.870239 70.586876 -13.914990 147.757935 109.346565 69.756538 144.207031 87.860840               2096 
11.481437 124.546219 103.428017 20.799246 149.159409 70.496887 -14.217818 147.985229 109.641769 69.184860 145.466156 87.178955               2105 
11.360564 125.210991 104.066559 19.750713 149.968506 71.203499 -14.510250 148.414261 110.814003 68.451759 146.683441 87.031189               2114 
10.600433 125.751396 104.412682 19.822205 150.402252 71.787201 -14.915744 149.521530 110.845726 68.249847 146.166519 88.216476               2123 
10.670360 126.082191 104.167503 19.691645 150.423035 71.497025 -15.169405 149.661804 110.347374 68.079376 146.550491 88.132217               2132 
10.541315 126.446396 103.615685 19.326374 150.295593 70.800507 -15.891159 149.665329 109.199829 67.598442 147.293488 87.943840               2141 
10.561832 126.042435 103.436287 19.452312 150.031219 71.011719 -15.971453 149.285690 108.926498 67.611061 146.715637 88.414047               2150 
10.454208 125.869026 103.345650 19.921412 150.127441 71.461266 -15.798194 149.511383 108.772308 67.869888 145.747620 89.205566               2160 
10.275699 125.150467 102.824966 20.476189 149.722137 71.536415 -15.656181 149.170807 108.137009 68.133461 144.220474 89.746727               2168 
9.792272 125.674980 102.924896 20.683331 149.929428 71.749802 -15.791190 150.262054 107.796555 68.073822 143.647034 90.398453               2177 
9.594340 126.160980 102.941620 20.807711 150.174973 71.840637 -15.898279 150.926712 107.485558 68.043884 143.663300 90.799576               2186 
9.558360 126.494484 102.988312 20.883438 150.337479 71.957809 -15.960257 151.168579 107.247063 68.040817 143.764740 91.091034               2195 
9.210574 126.569229 102.562210 20.793184 150.315384 71.700356 -16.340805 151.243271 106.466232 67.786240 143.566010 91.173378               2205 
8.972357 126.685364 101.971367 20.712229 150.270477 71.347313 -16.707233 151.229309 105.525291 67.521942 143.326355 91.189926               2213 
8.817500 126.831108 101.556343 20.660055 150.243317 71.124603 -16.946171 151.306473 104.743874 67.330055 143.162445 91.246025               2223 
8.660520 127.011635 101.338097 20.567457 150.272751 70.994087 -17.128862 151.482697 104.188942 67.155869 143.145462 91.287460               2231 
8.726366 127.393166 101.367599 20.682632 150.447433 71.038788 -17.118818 151.832611 103.802872 67.197250 143.406754 91.530693               2241 
8.514885 128.047989 101.406784 20.566910 150.871353 71.017647 -17.243277 152.440582 103.380768 67.036049 143.897873 91.635338               2250 
8.316646 128.520889 101.522141 20.807920 151.195892 71.275337 -17.239166 153.018631 102.958237 67.042747 143.974304 92.329758               2259 
8.287932 128.914200 101.545166 21.043795 151.456757 71.375778 -17.108562 153.403534 102.538979 67.138611 144.123367 92.696869               2268 
8.265523 129.212387 101.537170 21.369003 151.667099 71.517029 -16.902630 153.777634 102.164711 67.291451 144.022614 93.099197               2277 
8.229700 129.849762 101.866409 20.834385 151.998566 71.469322 -17.023350 154.078720 102.264229 67.079399 144.982010 92.570641               2286 
7.852646 130.421021 102.161072 20.805038 152.224335 71.727692 -17.206446 154.763580 102.036903 66.871246 145.081436 93.174889               2295 
7.755847 130.703644 102.165939 20.894968 152.408203 71.793312 -17.182711 155.069351 101.800583 66.869789 145.097992 93.379784               2304 
7.855572 131.524048 101.929703 21.547928 153.098892 71.770966 -16.718634 155.916595 101.217537 67.237587 145.015289 93.684654               2313 
7.337117 131.993958 101.053871 21.827440 153.948975 71.592979 -16.878647 156.442444 100.205963 67.038673 144.682083 94.024399               2322 
7.442804 133.346832 100.832809 22.314291 155.023392 71.396156 -16.421034 157.578400 99.650955 67.362663 144.980804 93.821358               2331 
7.489807 134.004929 100.764069 22.571157 155.584961 71.401375 -16.126570 157.026535 99.195229 67.546860 145.029556 93.736748               2340 
7.118827 134.422607 100.717247 23.053619 155.676804 71.600647 -16.108831 157.096375 98.536156 67.490555 144.176941 94.539948               2349 
6.887606 134.717224 100.640495 23.374329 155.761978 71.704346 -16.120415 157.221634 98.126305 67.446953 143.664368 95.035660               2358 
6.765840 135.215897 100.729469 24.092352 155.976196 72.091980 -15.792677 157.353104 97.836647 67.670242 142.926895 95.836075               2385 
7.033161 135.847580 101.147583 25.031527 156.600357 72.922302 -15.132192 158.062256 98.193642 68.153450 142.556915 96.930237               2394 
7.575657 136.496719 101.359436 26.493395 157.400513 73.863472 -14.093723 158.664719 98.414322 68.956673 141.845215 98.112228               2403 
8.134943 137.718964 101.957466 27.635803 158.327103 74.624786 -13.253085 159.535339 98.815681 69.745758 141.969940 98.961891               2412 
8.349069 138.773926 102.579460 28.093496 159.015289 75.124374 -13.084448 159.855545 99.082939 70.117470 142.661423 99.611832               2421 
8.191516 139.187531 102.417862 28.379539 159.339920 75.205940 -13.136621 160.114349 98.871872 70.115395 142.479843 99.842400               2430 
