-10.814860 172.122971 96.601181 50.391247 135.941345 93.196144 -6.007628 149.615417 112.826653 78.747269 99.947937 116.293991                  0 
-10.050673 172.337555 97.904015 50.704678 136.065338 93.806396 -5.537870 150.262451 113.518906 78.734062 99.763077 116.819420                  8 
-9.368529 172.711578 99.295349 50.967049 136.501007 94.331795 -5.146020 151.027191 114.177788 78.718941 99.825958 117.088600                 17 
-8.665798 173.112427 100.856606 51.213844 137.045212 95.022636 -4.836449 151.854446 114.841171 78.562599 99.877747 117.466438                 27 
-8.167140 173.164108 102.060898 51.371235 137.392273 95.463211 -4.634839 152.387177 115.271217 78.461540 99.914207 117.703011                 36 
-6.571548 174.966385 103.681900 52.585228 139.287918 96.986931 -3.372770 154.904037 116.451668 79.317528 101.832596 119.693359                 45 
-6.137060 175.451385 104.818153 52.837440 140.056870 98.204445 -3.358518 155.783066 116.882866 78.997871 102.250824 120.995522                 54 
-6.186844 175.493149 104.585938 52.968803 140.799667 98.248718 -3.456836 156.410110 116.370399 79.125061 103.281517 121.515388                 63 
-6.131830 175.146790 104.841537 53.049511 141.256027 98.275925 -3.357325 157.568100 116.571564 79.198959 103.915520 121.834190                 72 
-5.733593 174.961136 105.759209 53.611183 142.597763 98.371696 -2.821587 159.391769 117.064323 80.090836 105.803543 122.415665                 81 
-6.018085 173.845871 106.457405 53.388905 142.950684 98.168640 -3.234198 159.601898 116.660896 79.865906 106.242393 122.346497                 90 
-5.448707 173.338654 107.497368 54.143452 143.644852 98.815536 -2.786508 159.919067 116.770729 80.514374 107.035408 123.257759                 99 
-5.158234 173.074448 107.775955 54.473148 143.983765 98.830849 -2.628413 159.793121 116.449081 80.731796 107.450615 123.506973                108 
-3.491749 173.403549 108.705414 54.992901 142.727509 98.431473 -1.667681 159.715393 116.322357 79.377197 103.817276 121.333405                117 
-1.335218 174.592331 110.280373 55.229523 141.346573 97.985313 -0.338573 160.658401 117.006447 77.296196 99.984200 118.849525                126 
-0.356043 174.509064 111.322746 55.410305 140.486893 97.891808 0.210044 160.463165 117.363068 76.223427 97.779465 117.282242                135 
0.086087 174.497681 112.260902 55.540417 140.357574 98.093361 0.420114 160.362244 117.790695 75.757072 96.937439 116.507423                144 
0.638911 174.372055 113.242874 55.768490 140.137054 98.250992 0.770258 160.180237 118.266609 75.441704 96.047585 115.634422                153 
0.894237 174.458344 113.855087 55.823067 140.136139 98.314682 0.845007 160.102325 118.481972 75.122681 95.585236 114.923157                162 
1.085367 174.507736 114.333847 55.864643 140.135452 98.363205 0.877122 160.031067 118.598503 74.880074 95.244278 114.372459                171 
1.237890 174.538284 114.726379 55.898182 140.134888 98.402344 0.949885 160.057739 118.773018 74.684769 94.976555 113.922928                180 
4.227909 174.612076 119.889320 57.226261 139.100113 100.546799 2.801491 159.659744 121.674522 72.920601 91.350899 110.881210                189 
6.912643 175.072464 123.826965 58.444420 138.387772 102.058617 4.510129 159.595139 123.777924 71.779144 89.268555 108.584442                198 
13.829790 173.622513 130.452728 62.594994 136.336029 102.530487 10.308700 157.185440 128.262039 74.024460 86.317131 103.289795                225 
14.815762 173.718781 131.413193 63.126610 136.022446 102.636261 11.076613 156.773499 128.957367 74.245300 85.928009 102.490173                234 
15.949264 174.978500 132.561340 63.556904 135.658447 103.015350 11.703697 156.311722 129.853134 74.332069 85.500587 101.927406                243 
17.226301 176.922592 133.378296 63.897747 135.367950 103.304863 12.214643 155.994583 130.540375 74.377632 85.167213 101.527718                253 
16.189907 178.718231 132.826035 62.941502 134.354340 104.975922 10.131383 155.642471 129.417999 72.614731 83.994034 103.140839                262 
16.471420 180.680161 132.896225 62.284725 133.220947 106.518196 9.011374 155.732681 128.775314 70.618103 82.635239 104.340790                271 
16.461439 182.248520 132.892593 61.704620 132.547348 107.523514 7.970673 155.394623 128.305496 69.772324 81.923309 105.239136                280 
17.753767 184.740952 132.879181 61.418140 132.214706 108.019989 7.512849 155.341827 128.050888 69.358032 81.573235 105.674934                289 
19.467428 186.147415 133.478561 60.926113 130.875610 108.467270 7.131935 154.867844 127.719772 68.090134 80.160530 105.343651                298 
21.055676 187.416092 134.086975 60.280861 129.723770 108.744949 6.671657 154.549332 127.359856 66.812622 78.978416 104.827873                307 
22.695578 188.861633 134.486755 59.918037 129.191284 108.890526 6.495102 154.594040 127.069016 66.144302 78.439537 104.578613                316 
24.400942 190.617416 134.627853 59.786076 129.156815 108.983643 6.469412 154.816071 126.888397 66.143509 78.426010 104.617058                325 
25.957188 192.105469 134.749756 59.607059 129.131531 109.074348 6.449128 155.110550 126.761574 66.035728 78.415138 104.644958                334 
27.341379 193.502945 134.941055 59.353329 129.135971 109.195778 6.449092 155.524399 126.712807 65.824867 78.430763 104.701340                343 
28.042463 194.626434 135.140915 58.911179 129.286911 109.298996 6.076693 155.819382 126.477432 65.574203 78.620392 104.650551                352 
28.864414 194.010849 134.645126 58.255581 128.042908 107.705757 5.911977 154.845245 125.639442 64.806114 77.431625 102.349648                361 
27.287973 195.396118 134.070953 57.767693 129.269104 108.102783 5.158332 155.557526 125.508797 65.570412 78.774742 103.355614                370 
27.013134 196.453201 134.370911 57.921535 130.420853 108.151382 5.144493 155.922073 125.778183 66.740517 80.102242 103.317963                379 
25.978811 196.901657 134.116455 57.562775 130.895981 108.040504 4.693137 155.707764 124.062027 67.452835 80.768143 103.298645                388 
25.407440 197.310425 133.932236 57.247032 131.206100 107.962265 4.428238 155.734161 123.453651 67.747284 81.193817 103.312935                397 
26.449146 197.057785 135.707458 57.567425 130.859024 108.548828 5.123992 155.490921 124.098412 67.972801 80.911240 103.067352                407 
27.368645 197.268967 136.604919 57.939083 130.798462 108.783592 5.664820 155.283340 124.511559 68.545036 80.937798 102.907547                415 
28.246107 197.689667 137.221313 58.156601 130.731354 109.014679 6.035217 155.214325 124.810982 68.896301 80.928719 102.894661                424 
29.105761 198.177124 137.802689 58.337360 130.750122 109.187164 6.411304 155.280914 125.094025 69.184746 81.002785 102.812553                433 
29.672766 198.779297 137.944000 58.232750 130.812775 109.261269 6.563296 155.568451 125.384941 69.124229 81.077385 102.868591                442 
29.810431 199.427032 137.804245 58.109970 131.007477 109.318184 6.621648 155.890366 125.606758 69.221764 81.299301 103.095276                451 
29.081545 200.404251 136.544830 57.163563 131.488373 108.514923 6.312425 157.063477 125.957077 68.283577 81.748344 102.567314                460 
29.989241 201.865845 136.339722 56.379993 132.102921 108.026451 6.361608 158.988205 126.167572 66.492317 82.171715 101.885208                469 
30.674076 202.779114 136.351425 56.428059 132.458389 108.138748 6.563411 159.679764 126.198547 66.332794 82.470505 102.121498                478 
31.370304 203.966888 136.318588 56.092968 133.086746 107.715500 6.590182 160.791061 126.158218 65.524353 83.029701 101.515503                487 
32.627819 204.907120 136.649551 55.921165 133.334274 107.480904 6.936352 161.750046 126.410896 64.592178 83.176964 100.988037                497 
33.457108 205.518692 137.054779 55.851170 133.374237 107.395348 7.173173 162.163727 126.749580 64.117622 83.180847 100.658203                506 
35.155151 206.162216 137.949463 55.805317 133.137283 107.317162 7.599461 162.580368 127.192253 63.204285 82.884720 100.034691                515 
37.174370 206.980865 138.657425 55.961346 133.006363 107.111046 8.142698 163.059540 127.788666 62.442657 82.697922 99.355263                524 
38.921154 207.789154 139.157684 56.042393 132.866470 106.933861 8.561814 163.462143 128.224640 61.755928 82.510239 98.889893                533 
40.479088 208.534332 139.652679 55.966805 132.741165 106.788429 8.844187 163.924973 128.454239 60.901459 82.344055 98.489105                542 
41.878517 209.205292 140.129852 55.901451 132.632843 106.662689 9.098312 164.319550 128.645355 60.162479 82.211777 98.138641                551 
43.161743 209.587250 140.768906 55.789940 132.445816 106.584061 9.257686 164.553497 128.948807 59.387169 82.030769 97.725014                560 
44.077934 210.170273 141.000412 55.554478 132.363098 106.465050 9.148866 164.868225 129.257828 58.589870 81.933838 97.477509                569 
45.083923 210.574356 141.474426 55.526730 132.255646 106.435883 9.265711 164.978729 129.755280 58.142742 81.842857 97.226868                578 
46.417393 210.661682 142.019485 55.507107 131.919037 106.294830 9.544725 165.049423 130.035675 57.460533 81.542007 96.732483                587 
47.458584 210.771698 142.414322 55.500496 131.650406 106.133827 9.735016 165.102402 130.119049 56.951756 81.306381 96.311798                596 
46.940750 211.379211 142.212845 55.557606 131.989014 105.713219 9.418210 164.887756 129.912598 57.558712 81.671394 95.852562                605 
999.000000 999.000000 999.000000 999.000000 999.000000 999.000000 999.000000 999.000000 999.000000 999.000000 999.000000 999.000000              614.0 
999.000000 999.000000 999.000000 999.000000 999.000000 999.000000 999.000000 999.000000 999.000000 999.000000 999.000000 999.000000              623.0 
999.000000 999.000000 999.000000 999.000000 999.000000 999.000000 999.000000 999.000000 999.000000 999.000000 999.000000 999.000000              633.0 
999.000000 999.000000 999.000000 999.000000 999.000000 999.000000 999.000000 999.000000 999.000000 999.000000 999.000000 999.000000              641.0 
999.000000 999.000000 999.000000 999.000000 999.000000 999.000000 999.000000 999.000000 999.000000 999.000000 999.000000 999.000000              650.0 
999.000000 999.000000 999.000000 999.000000 999.000000 999.000000 999.000000 999.000000 999.000000 999.000000 999.000000 999.000000              659.0 
999.000000 999.000000 999.000000 999.000000 999.000000 999.000000 999.000000 999.000000 999.000000 999.000000 999.000000 999.000000              668.0 
999.000000 999.000000 999.000000 999.000000 999.000000 999.000000 999.000000 999.000000 999.000000 999.000000 999.000000 999.000000              677.0 
999.000000 999.000000 999.000000 999.000000 999.000000 999.000000 999.000000 999.000000 999.000000 999.000000 999.000000 999.000000              686.0 
999.000000 999.000000 999.000000 999.000000 999.000000 999.000000 999.000000 999.000000 999.000000 999.000000 999.000000 999.000000              695.0 
999.000000 999.000000 999.000000 999.000000 999.000000 999.000000 999.000000 999.000000 999.000000 999.000000 999.000000 999.000000              704.0 
999.000000 999.000000 999.000000 999.000000 999.000000 999.000000 999.000000 999.000000 999.000000 999.000000 999.000000 999.000000              713.0 
999.000000 999.000000 999.000000 999.000000 999.000000 999.000000 999.000000 999.000000 999.000000 999.000000 999.000000 999.000000              722.0 
999.000000 999.000000 999.000000 999.000000 999.000000 999.000000 999.000000 999.000000 999.000000 999.000000 999.000000 999.000000              732.0 
999.000000 999.000000 999.000000 999.000000 999.000000 999.000000 999.000000 999.000000 999.000000 999.000000 999.000000 999.000000              741.0 
999.000000 999.000000 999.000000 999.000000 999.000000 999.000000 999.000000 999.000000 999.000000 999.000000 999.000000 999.000000              750.0 
999.000000 999.000000 999.000000 999.000000 999.000000 999.000000 999.000000 999.000000 999.000000 999.000000 999.000000 999.000000              759.0 
999.000000 999.000000 999.000000 999.000000 999.000000 999.000000 999.000000 999.000000 999.000000 999.000000 999.000000 999.000000              768.0 
999.000000 999.000000 999.000000 999.000000 999.000000 999.000000 999.000000 999.000000 999.000000 999.000000 999.000000 999.000000              777.0 
999.000000 999.000000 999.000000 999.000000 999.000000 999.000000 999.000000 999.000000 999.000000 999.000000 999.000000 999.000000              786.0 
999.000000 999.000000 999.000000 999.000000 999.000000 999.000000 999.000000 999.000000 999.000000 999.000000 999.000000 999.000000              795.0 
999.000000 999.000000 999.000000 999.000000 999.000000 999.000000 999.000000 999.000000 999.000000 999.000000 999.000000 999.000000              804.0 
999.000000 999.000000 999.000000 999.000000 999.000000 999.000000 999.000000 999.000000 999.000000 999.000000 999.000000 999.000000              813.0 
999.000000 999.000000 999.000000 999.000000 999.000000 999.000000 999.000000 999.000000 999.000000 999.000000 999.000000 999.000000              822.0 
999.000000 999.000000 999.000000 999.000000 999.000000 999.000000 999.000000 999.000000 999.000000 999.000000 999.000000 999.000000              831.0 
999.000000 999.000000 999.000000 999.000000 999.000000 999.000000 999.000000 999.000000 999.000000 999.000000 999.000000 999.000000              840.0 
999.000000 999.000000 999.000000 999.000000 999.000000 999.000000 999.000000 999.000000 999.000000 999.000000 999.000000 999.000000              849.0 
999.000000 999.000000 999.000000 999.000000 999.000000 999.000000 999.000000 999.000000 999.000000 999.000000 999.000000 999.000000              858.0 
999.000000 999.000000 999.000000 999.000000 999.000000 999.000000 999.000000 999.000000 999.000000 999.000000 999.000000 999.000000              867.0 
999.000000 999.000000 999.000000 999.000000 999.000000 999.000000 999.000000 999.000000 999.000000 999.000000 999.000000 999.000000              876.0 
999.000000 999.000000 999.000000 999.000000 999.000000 999.000000 999.000000 999.000000 999.000000 999.000000 999.000000 999.000000              885.0 
999.000000 999.000000 999.000000 999.000000 999.000000 999.000000 999.000000 999.000000 999.000000 999.000000 999.000000 999.000000              894.0 
999.000000 999.000000 999.000000 999.000000 999.000000 999.000000 999.000000 999.000000 999.000000 999.000000 999.000000 999.000000              903.0 
999.000000 999.000000 999.000000 999.000000 999.000000 999.000000 999.000000 999.000000 999.000000 999.000000 999.000000 999.000000              912.0 
999.000000 999.000000 999.000000 999.000000 999.000000 999.000000 999.000000 999.000000 999.000000 999.000000 999.000000 999.000000              921.0 
999.000000 999.000000 999.000000 999.000000 999.000000 999.000000 999.000000 999.000000 999.000000 999.000000 999.000000 999.000000              931.0 
999.000000 999.000000 999.000000 999.000000 999.000000 999.000000 999.000000 999.000000 999.000000 999.000000 999.000000 999.000000              940.0 
999.000000 999.000000 999.000000 999.000000 999.000000 999.000000 999.000000 999.000000 999.000000 999.000000 999.000000 999.000000              949.0 
999.000000 999.000000 999.000000 999.000000 999.000000 999.000000 999.000000 999.000000 999.000000 999.000000 999.000000 999.000000              958.0 
999.000000 999.000000 999.000000 999.000000 999.000000 999.000000 999.000000 999.000000 999.000000 999.000000 999.000000 999.000000              967.0 
999.000000 999.000000 999.000000 999.000000 999.000000 999.000000 999.000000 999.000000 999.000000 999.000000 999.000000 999.000000              976.0 
999.000000 999.000000 999.000000 999.000000 999.000000 999.000000 999.000000 999.000000 999.000000 999.000000 999.000000 999.000000              985.0 
999.000000 999.000000 999.000000 999.000000 999.000000 999.000000 999.000000 999.000000 999.000000 999.000000 999.000000 999.000000              994.0 
999.000000 999.000000 999.000000 999.000000 999.000000 999.000000 999.000000 999.000000 999.000000 999.000000 999.000000 999.000000             1003.0 
999.000000 999.000000 999.000000 999.000000 999.000000 999.000000 999.000000 999.000000 999.000000 999.000000 999.000000 999.000000             1012.0 
999.000000 999.000000 999.000000 999.000000 999.000000 999.000000 999.000000 999.000000 999.000000 999.000000 999.000000 999.000000             1021.0 
999.000000 999.000000 999.000000 999.000000 999.000000 999.000000 999.000000 999.000000 999.000000 999.000000 999.000000 999.000000             1030.0 
999.000000 999.000000 999.000000 999.000000 999.000000 999.000000 999.000000 999.000000 999.000000 999.000000 999.000000 999.000000             1039.0 
999.000000 999.000000 999.000000 999.000000 999.000000 999.000000 999.000000 999.000000 999.000000 999.000000 999.000000 999.000000             1048.0 
999.000000 999.000000 999.000000 999.000000 999.000000 999.000000 999.000000 999.000000 999.000000 999.000000 999.000000 999.000000             1057.0 
999.000000 999.000000 999.000000 999.000000 999.000000 999.000000 999.000000 999.000000 999.000000 999.000000 999.000000 999.000000             1066.0 
999.000000 999.000000 999.000000 999.000000 999.000000 999.000000 999.000000 999.000000 999.000000 999.000000 999.000000 999.000000             1075.0 
999.000000 999.000000 999.000000 999.000000 999.000000 999.000000 999.000000 999.000000 999.000000 999.000000 999.000000 999.000000             1084.0 
999.000000 999.000000 999.000000 999.000000 999.000000 999.000000 999.000000 999.000000 999.000000 999.000000 999.000000 999.000000             1093.0 
999.000000 999.000000 999.000000 999.000000 999.000000 999.000000 999.000000 999.000000 999.000000 999.000000 999.000000 999.000000             1102.0 
999.000000 999.000000 999.000000 999.000000 999.000000 999.000000 999.000000 999.000000 999.000000 999.000000 999.000000 999.000000             1111.0 
999.000000 999.000000 999.000000 999.000000 999.000000 999.000000 999.000000 999.000000 999.000000 999.000000 999.000000 999.000000             1120.0 
999.000000 999.000000 999.000000 999.000000 999.000000 999.000000 999.000000 999.000000 999.000000 999.000000 999.000000 999.000000             1129.0 
999.000000 999.000000 999.000000 999.000000 999.000000 999.000000 999.000000 999.000000 999.000000 999.000000 999.000000 999.000000             1138.0 
999.000000 999.000000 999.000000 999.000000 999.000000 999.000000 999.000000 999.000000 999.000000 999.000000 999.000000 999.000000             1147.0 
999.000000 999.000000 999.000000 999.000000 999.000000 999.000000 999.000000 999.000000 999.000000 999.000000 999.000000 999.000000             1156.0 
999.000000 999.000000 999.000000 999.000000 999.000000 999.000000 999.000000 999.000000 999.000000 999.000000 999.000000 999.000000             1165.0 
999.000000 999.000000 999.000000 999.000000 999.000000 999.000000 999.000000 999.000000 999.000000 999.000000 999.000000 999.000000             1175.0 
999.000000 999.000000 999.000000 999.000000 999.000000 999.000000 999.000000 999.000000 999.000000 999.000000 999.000000 999.000000             1184.0 
999.000000 999.000000 999.000000 999.000000 999.000000 999.000000 999.000000 999.000000 999.000000 999.000000 999.000000 999.000000             1192.0 
999.000000 999.000000 999.000000 999.000000 999.000000 999.000000 999.000000 999.000000 999.000000 999.000000 999.000000 999.000000             1202.0 
999.000000 999.000000 999.000000 999.000000 999.000000 999.000000 999.000000 999.000000 999.000000 999.000000 999.000000 999.000000             1211.0 
999.000000 999.000000 999.000000 999.000000 999.000000 999.000000 999.000000 999.000000 999.000000 999.000000 999.000000 999.000000             1220.0 
999.000000 999.000000 999.000000 999.000000 999.000000 999.000000 999.000000 999.000000 999.000000 999.000000 999.000000 999.000000             1229.0 
999.000000 999.000000 999.000000 999.000000 999.000000 999.000000 999.000000 999.000000 999.000000 999.000000 999.000000 999.000000             1238.0 
999.000000 999.000000 999.000000 999.000000 999.000000 999.000000 999.000000 999.000000 999.000000 999.000000 999.000000 999.000000             1247.0 
999.000000 999.000000 999.000000 999.000000 999.000000 999.000000 999.000000 999.000000 999.000000 999.000000 999.000000 999.000000             1256.0 
-7.512825 219.025803 -50.201900 56.993507 186.856598 -1.900946 -11.902343 187.430801 -7.784529 81.580803 157.225098 32.018635               1265 
-8.295335 216.508850 -54.778839 56.397396 187.409882 -5.027644 -12.503801 186.420822 -12.521149 80.833099 158.362640 29.501371               1274 
-8.027830 214.254715 -61.026752 56.214264 187.831680 -9.280537 -12.698956 185.533142 -18.300282 80.348961 159.700897 26.205723               1283 
-6.939914 213.017502 -69.231308 55.328133 188.124847 -14.350303 -13.690138 185.554535 -25.696362 78.192039 160.619324 22.443544               1292 
-6.670182 213.884094 -77.852898 53.722023 188.216019 -21.247171 -15.563509 185.763062 -34.513523 75.424416 159.904037 15.638287               1301 
-5.362853 213.387070 -86.705711 52.423042 188.222565 -27.190125 -17.150238 185.567627 -42.831779 72.594193 159.952499 10.585892               1310 
-4.209456 212.307968 -95.927094 51.101547 188.306839 -33.525463 -18.889662 184.410751 -51.427727 70.020027 160.372757 5.138187               1319 
-3.986724 212.049362 -104.540146 49.798370 188.244614 -40.558601 -21.136431 183.690720 -59.198723 67.929359 160.324997 -1.509123               1328 
-3.561594 210.466370 -112.728790 49.156704 187.653488 -47.200905 -22.914078 181.151886 -66.179878 66.879669 160.301895 -7.566493               1337 
-3.898840 210.592392 -123.422691 47.265171 187.891617 -56.439095 -26.380943 179.928909 -75.680588 64.281578 160.468002 -16.545652               1346 
-1.610066 200.272568 -144.102951 46.856167 183.780334 -73.429382 -28.540571 168.640701 -93.532516 63.519550 158.847824 -31.790440               1373 
-2.072022 195.920807 -146.995560 46.612514 182.180283 -75.881844 -29.030893 165.644440 -95.119232 63.507328 158.791382 -33.448086               1382 
-2.528804 185.114319 -149.717514 47.467102 180.913620 -78.239159 -28.107143 161.003540 -94.068916 65.165398 163.626511 -33.283344               1391 
-3.693107 181.821457 -153.122467 47.358528 181.241104 -82.263947 -28.205177 159.683563 -96.221016 65.709938 166.251358 -36.748756               1401 
-3.562845 179.450455 -155.504639 47.592484 180.923859 -84.747025 -27.863916 158.339279 -98.194954 65.954285 167.201797 -38.837891               1409 
-3.649528 177.387924 -156.750046 47.965748 180.530838 -86.359665 -27.243731 157.217010 -99.219887 66.388512 168.042831 -40.123852               1418 
-4.160836 176.591583 -157.188522 48.101120 180.263763 -87.280945 -26.255920 155.749130 -100.096893 66.747536 168.309692 -40.993683               1428 
-6.923215 167.700699 -159.795380 47.004005 178.507095 -91.914604 -26.254280 150.646240 -101.224106 66.981529 171.091415 -45.234779               1437 
-8.205146 161.761566 -161.651306 46.373985 177.059998 -95.181206 -25.934355 146.894104 -102.509323 66.991661 172.473969 -48.416054               1446 
-8.591103 156.010239 -162.714294 46.150578 175.727600 -97.542679 -25.217569 143.862228 -103.174957 66.951149 174.207535 -50.658512               1455 
-8.258026 156.079727 -164.821655 46.048656 175.349426 -99.143127 -24.693928 143.046799 -105.899460 66.450485 173.610413 -52.091660               1464 
-8.644807 150.450836 -166.155991 45.572178 173.877472 -101.757980 -24.448389 140.395477 -106.929764 65.965553 175.077713 -54.686028               1473 
-9.682890 145.346283 -165.846146 45.117924 172.679230 -103.506218 -23.692358 138.155533 -106.729340 65.849403 176.885254 -56.755661               1482 
-10.009196 141.468430 -165.741989 44.944328 171.435349 -104.754395 -22.466269 136.082443 -107.155899 65.617050 177.852982 -58.229652               1491 
-4.886974 131.752899 -133.295258 44.815399 170.747940 -105.379532 -21.310844 134.526337 -107.480118 65.453773 178.397751 -59.026134               1500 
-3.841361 131.179276 -124.102081 44.565880 171.487885 -106.126816 -21.170952 135.730270 -110.160797 65.212990 177.087692 -59.485218               1509 
-2.243566 131.256058 -118.995506 45.029167 171.708115 -106.030022 -20.444983 136.163376 -110.681480 65.381096 177.371475 -59.266521               1518 
-1.766865 133.482010 -119.174629 45.488770 172.937561 -106.211769 -20.109484 138.412338 -113.053909 65.456970 176.511108 -59.077919               1527 
-3.309906 138.661591 -124.970444 45.154530 175.183243 -107.858894 -21.174187 143.408081 -118.582077 64.683182 173.716003 -60.429176               1536 
-4.053257 142.124619 -128.242279 44.995319 176.731812 -108.768311 -21.431381 146.469360 -121.818596 64.235489 172.174011 -61.417053               1545 
-7.546766 150.062210 -144.150955 44.846802 178.137070 -109.746864 -21.411823 148.729355 -124.739761 63.634647 171.518555 -62.457211               1554 
-9.721889 152.425156 -149.908524 44.869797 178.150452 -109.916870 -20.881884 148.441437 -124.269836 64.139427 172.121490 -62.742378               1563 
-9.608991 155.585709 -151.179932 46.201523 179.775497 -108.621895 -18.828339 149.684952 -122.912270 65.957771 173.588394 -61.669689               1572 
-7.081511 162.097366 -150.411835 49.679237 183.470413 -105.904602 -15.276409 154.703186 -121.098236 69.298805 176.054901 -59.073181               1582 
-6.034956 167.188812 -149.572983 51.478352 185.923416 -103.964081 -13.469175 158.542679 -120.066818 71.067322 176.932007 -57.396648               1590 
-3.678315 174.844742 -150.167023 54.489941 189.388885 -101.510857 -10.170645 163.376831 -118.890266 73.902252 178.664871 -55.237141               1600 
-1.701760 181.585556 -152.124954 56.618267 192.046448 -99.953339 -7.649498 167.109589 -118.628304 75.757904 179.933853 -53.909248               1608 
1.820541 187.858292 -151.858017 59.306480 194.899307 -97.876526 -4.734244 172.043793 -118.726822 77.561325 180.554398 -52.115368               1617 
5.816134 194.056198 -152.195618 61.739902 197.996628 -96.667587 -1.782966 177.063141 -120.335953 78.688133 181.234131 -51.226685               1626 
11.658278 200.873077 -151.506546 65.597282 201.192963 -94.199760 2.344882 183.577164 -120.587105 80.429398 182.523178 -48.762474               1635 
16.852581 207.807388 -148.878311 69.047401 203.818115 -91.123352 6.219842 189.545822 -120.011269 82.496834 181.932846 -46.702110               1644 
21.510315 212.914352 -146.538818 72.196793 205.600204 -88.663933 9.631326 194.741180 -119.224747 84.194794 181.477463 -44.991955               1654 
25.801708 215.495071 -144.575012 75.216835 207.399948 -86.798927 12.972598 198.655334 -118.313148 86.136497 182.496597 -43.282455               1663 
30.580597 218.748749 -142.403168 78.502945 209.754532 -84.351723 17.067213 202.517410 -117.335297 88.503365 183.715530 -41.281296               1672 
36.083923 223.347321 -140.098953 82.200836 212.944855 -81.410416 21.847523 206.965759 -116.233383 91.142860 185.581177 -38.932552               1681 
39.497707 221.623093 -137.681992 85.639687 214.551102 -79.294693 25.397207 206.812881 -113.683823 95.036400 188.935135 -35.836399               1690 
43.737343 220.809967 -134.870407 89.238655 216.294556 -76.940758 29.579062 207.784744 -111.669876 98.660805 191.512924 -33.006798               1699 
48.190319 221.140610 -131.887772 93.168762 217.593460 -74.457649 33.696796 210.092957 -109.283554 102.255280 193.115555 -30.283379               1708 
54.053246 222.597260 -127.586205 97.672813 218.974915 -70.834198 39.138855 213.030792 -107.069000 105.748962 193.497971 -27.030087               1717 
58.732693 221.134079 -124.187683 101.441864 219.892029 -67.745819 43.638084 213.074783 -104.601845 109.236679 195.428925 -23.317257               1726 
60.806374 217.482346 -121.853798 104.147263 220.247498 -66.569130 46.267593 210.641159 -102.270737 113.236374 198.007095 -21.227631               1735 
64.970726 217.345367 -120.359100 107.230148 221.302811 -64.590919 50.291229 210.672867 -101.227440 116.195335 199.197144 -19.158945               1744 
67.410400 216.028778 -120.149330 109.537842 220.598251 -64.526619 52.726429 210.056549 -101.133858 118.385933 198.967239 -18.843906               1753 
71.579865 215.011658 -118.373924 112.695351 220.980850 -62.394543 56.792236 209.189178 -99.764786 121.445717 199.763824 -16.499353               1762 
75.332878 214.687958 -115.848755 115.855896 221.154160 -59.829296 60.523113 208.874237 -97.669891 124.646507 199.843597 -13.985165               1771 
78.683792 214.997452 -114.418350 118.892410 220.739090 -58.402119 63.687519 209.529617 -96.609695 127.121399 199.142426 -12.587637               1780 
81.304131 214.031876 -113.559250 121.263474 219.878998 -57.718334 66.169495 208.965530 -96.055359 129.187653 198.489471 -11.753194               1789 
84.177925 211.829651 -112.852974 123.494781 218.782822 -56.971184 68.849152 207.182449 -95.653732 131.018219 198.206589 -10.569504               1798 
86.931961 209.502808 -112.208710 125.647209 217.739914 -56.514904 71.434502 205.305725 -95.495018 132.832901 197.988785 -9.702955               1808 
88.967545 205.552612 -110.537987 127.360611 216.258408 -55.385998 73.494133 201.828156 -94.080246 134.751068 198.087524 -7.969763               1816 
90.515587 202.465088 -109.721527 128.884995 213.945007 -55.208660 75.116730 199.007324 -93.709564 136.435211 196.235306 -7.643332               1825 
91.676079 198.579163 -108.162292 130.374863 210.982819 -54.525009 76.504326 195.532379 -92.445366 138.196243 194.131821 -6.692283               1834 
93.290154 194.487839 -106.822876 131.601425 208.680283 -53.646679 78.193802 191.724365 -91.402954 139.381561 193.179184 -5.352944               1843 
94.697517 191.393219 -105.759033 132.522736 206.854111 -52.902969 79.615204 188.574768 -90.655228 140.351669 192.119385 -4.377769               1852 
95.272232 186.213577 -104.950768 132.829407 204.221359 -52.956902 80.818855 183.059250 -89.969490 141.379852 191.012161 -4.115255               1861 
95.320580 181.726318 -104.040955 133.345642 200.893356 -53.004868 81.360817 178.695145 -89.039284 142.384827 188.828445 -3.955607               1870 
95.823936 178.632767 -102.917320 134.048889 198.154816 -52.353474 82.070198 175.650101 -88.004868 143.267548 186.494812 -3.239728               1880 
95.865234 175.785065 -101.716316 134.500870 193.765167 -51.121170 82.218475 172.731094 -87.071754 143.565094 181.117233 -2.223636               1889 
95.513779 172.317551 -100.017883 134.151566 187.487106 -48.720623 81.948288 169.000443 -85.873489 142.343140 172.963593 -0.191610               1897 
96.015297 168.931793 -100.095329 133.955963 183.926117 -48.456181 82.522675 165.378281 -86.430229 141.547073 169.109741 0.081943               1906 
96.395500 164.409164 -100.473785 133.765411 181.226517 -49.227371 83.106239 160.611542 -87.041725 141.572357 167.353012 -0.445436               1916 
97.200378 160.161758 -100.025795 134.125854 179.469772 -49.560822 84.053535 156.389221 -86.736961 142.268768 167.181488 -0.410130               1925 
97.451782 157.216492 -100.263100 134.218872 178.093231 -50.567284 84.491592 153.283340 -87.156677 142.983307 166.473297 -1.360973               1934 
97.783722 153.734344 -99.871536 134.468781 176.226410 -50.970333 84.736389 149.734283 -86.671425 143.730698 165.631912 -1.623878               1943 
97.596260 149.636337 -99.724037 134.285538 173.477081 -51.599533 84.503830 145.377106 -86.346268 144.282455 163.583145 -2.251069               1952 
98.010277 147.058762 -99.892738 134.216354 171.338379 -51.788521 84.913887 142.423126 -86.712265 144.079514 161.451401 -2.411753               1961 
97.418678 143.934464 -100.001205 133.858063 168.932526 -52.561455 84.377731 139.267502 -86.784088 143.840775 159.737885 -3.075060               1970 
96.859970 141.664474 -99.991760 133.649643 166.989258 -53.117012 83.879280 136.733826 -86.688446 143.870331 158.102020 -3.623033               1979 
96.193649 138.984375 -99.720612 132.800034 164.488083 -52.893364 83.004471 133.724396 -86.533028 142.926941 155.474533 -3.402950               1988 
95.480774 135.618973 -99.891182 131.766968 161.880341 -53.317894 82.252663 130.087280 -86.952003 141.812332 153.000916 -3.786633               1997 
94.635147 132.958908 -99.092743 131.103333 159.620041 -52.946854 81.302147 127.265083 -86.276741 141.483246 150.590607 -3.511789               2006 
93.799088 130.192398 -98.625114 130.109268 157.415878 -52.702805 80.039337 124.290573 -85.894661 140.800323 148.213913 -3.365961               2015 
92.624878 127.191811 -97.962410 129.248383 155.146744 -52.713802 78.548157 121.351593 -85.079224 140.435852 146.310303 -3.420217               2024 
90.480270 123.007393 -97.442589 127.915619 152.193237 -53.629227 76.459297 117.964996 -84.362175 139.346710 144.920944 -4.136370               2033 
89.818359 120.690063 -97.342903 127.403946 150.747742 -54.189575 75.872833 115.855064 -84.178528 139.143097 144.052109 -4.687457               2042 
89.154297 118.733452 -97.083542 126.821579 149.490677 -54.407551 75.195724 114.067177 -83.856918 138.855438 143.081818 -4.938247               2051 
88.996544 117.345757 -97.184975 126.455711 148.316269 -54.378967 74.658287 112.475693 -83.728432 138.372284 141.757309 -4.900944               2060 
87.697495 114.522835 -96.207222 125.541199 146.309647 -54.199657 73.539886 109.972954 -82.526100 138.026535 140.280167 -4.794585               2069 
86.805336 112.525749 -95.890869 124.924408 144.880478 -54.384621 72.774422 108.325279 -82.105835 137.678284 139.203934 -5.006338               2078 
86.176491 110.554131 -96.043312 124.358093 143.523209 -54.867016 72.230690 106.676971 -82.240211 137.169403 138.163101 -5.468241               2087 
85.824585 109.192490 -96.103905 124.043732 142.650955 -55.120811 71.979004 105.660965 -82.335236 136.844131 137.458221 -5.701334               2097 
85.502716 107.479538 -96.112816 123.581810 141.705978 -55.407284 71.736259 104.334984 -82.514046 136.325882 136.763306 -5.947624               2105 
85.302658 106.216972 -96.424171 123.301041 140.886398 -55.747791 71.473518 103.300964 -82.837761 135.904099 135.998825 -6.246541               2114 
85.327942 105.056801 -96.827492 123.098045 140.132721 -56.004292 71.358803 102.243408 -83.172523 135.454254 135.315689 -6.433939               2124 
85.428368 104.221855 -97.214729 122.970963 139.605331 -56.123135 71.367226 101.440292 -83.438026 135.140427 134.748947 -6.510444               2133 
85.528992 103.026833 -97.590958 122.781319 138.870850 -56.241451 71.370941 100.176254 -83.560120 134.867233 134.003525 -6.609416               2142 
85.453171 101.616135 -97.545044 122.464546 138.125031 -56.286800 71.278542 98.731071 -83.352234 134.680969 133.385284 -6.674372               2151 
85.659859 100.395363 -97.907196 122.291023 137.185074 -56.245914 71.377937 97.503746 -83.668427 134.209534 132.307785 -6.574390               2160 
85.692047 99.617027 -98.387878 122.110664 136.561569 -56.301071 71.336136 96.779922 -84.048065 133.773422 131.506348 -6.586644               2169 
85.693375 98.627090 -98.809044 121.909889 135.929596 -56.501328 71.353409 95.858307 -84.376236 133.445999 130.846756 -6.760175               2178 
85.827148 97.723282 -99.138062 121.869606 135.351044 -56.608459 71.411407 95.044640 -84.570557 133.262711 130.257965 -6.835406               2187 
85.902657 97.023689 -99.514809 121.804329 134.937988 -56.779053 71.485954 94.365906 -84.813118 133.086624 129.827301 -6.982569               2196 
85.561546 95.730469 -99.384506 121.567116 134.395721 -57.058670 71.262558 93.351547 -84.519234 133.103073 129.700577 -7.279392               2205 
85.473808 94.831947 -99.431870 121.485893 134.057632 -57.327000 71.222511 92.713371 -84.507240 133.096527 129.611877 -7.542187               2214 
85.379349 93.223145 -99.156517 121.249374 133.280228 -57.430325 71.055145 91.237831 -84.019669 133.161102 129.217667 -7.683912               2223 
85.335022 92.398270 -99.142067 121.140251 133.004562 -57.626980 70.772957 90.540619 -83.777618 133.203857 129.184631 -7.897946               2232 
85.393448 92.140091 -99.218483 121.168701 132.980789 -57.638187 70.500893 90.383438 -83.621323 133.202591 129.182343 -7.900309               2241 
85.417702 91.921669 -99.302376 121.188766 132.960892 -57.646740 70.299049 90.255928 -83.509285 133.197479 129.167755 -7.902370               2250 
85.468254 91.634651 -99.343712 121.207672 132.917099 -57.637371 70.295197 90.011902 -83.388626 133.233856 129.166977 -7.893961               2259 
85.532043 91.368462 -99.550217 121.231743 132.891357 -57.652256 70.317062 89.781960 -83.327698 133.236923 129.187256 -7.900325               2268 
86.026039 91.290138 -100.146194 121.408485 133.034973 -57.759689 70.745438 89.641869 -83.686501 133.231644 129.259491 -7.969546               2277 
86.804085 92.073318 -101.130989 121.900055 133.254730 -57.508846 71.045219 90.215439 -84.447899 132.961258 128.857666 -7.594769               2286 
87.670601 92.743202 -102.151825 122.303520 133.557556 -57.304661 70.552757 90.589706 -84.674271 132.686539 128.681580 -7.289493               2295 
88.366241 93.292114 -103.117203 122.580772 133.846329 -57.216621 70.223419 90.829720 -84.961533 132.421860 128.585022 -7.130986               2304 
89.086929 93.724663 -103.476418 122.807724 134.106201 -56.942841 69.767097 91.138420 -85.037003 132.096481 128.543350 -6.784361               2314 
90.082527 94.746170 -103.578522 123.204453 134.654205 -56.097561 69.513588 92.096848 -85.041107 131.747208 128.491425 -5.876640               2323 
91.416435 95.619133 -103.327446 123.691833 135.625397 -55.366161 69.566109 93.109879 -84.930931 131.538940 129.152023 -5.070854               2331 
92.573059 97.793282 -102.490097 124.286812 137.502975 -54.057301 69.598450 95.704582 -84.629776 131.171021 130.564484 -3.683059               2340 
92.582405 101.121674 -103.214844 124.339127 139.415985 -53.642860 68.915741 99.011688 -85.357658 130.667770 131.343430 -3.364817               2349 
92.387428 103.491760 -104.337448 124.056557 140.769989 -53.836086 68.001106 101.395294 -86.354004 129.953857 131.876068 -3.644264               2358 
92.702904 105.729591 -105.052635 123.872070 142.170334 -53.551636 67.081833 103.615982 -86.829468 129.374420 132.409485 -3.476199               2367 
91.445732 112.423454 -104.253036 123.589996 146.066025 -51.431702 65.541405 109.863182 -85.611595 129.465897 133.949036 -1.916533               2376 
89.563026 117.812126 -103.081718 123.043388 149.168732 -49.708130 63.523388 115.188721 -83.955437 129.244858 135.572983 -0.618447               2386 
87.268280 124.880516 -102.727814 122.098579 152.399704 -48.073421 61.031883 121.803978 -83.083328 128.164566 136.560074 0.356006               2395 
85.109734 130.771683 -102.190521 120.618668 155.551666 -46.657681 58.207947 127.375366 -82.007408 126.649651 137.945114 1.162146               2404 
82.231476 136.431183 -101.785751 118.695320 158.623917 -45.955200 54.762650 132.858322 -81.025040 124.859032 139.601349 1.302073               2413 
78.972931 142.383179 -98.982315 117.301765 162.284073 -43.703316 51.319492 138.877792 -77.081322 124.250481 142.392349 3.084870               2422 
75.351028 148.277084 -96.145584 115.586861 166.189697 -41.789513 47.767231 145.054581 -73.233383 123.344360 145.696396 4.610330               2431 
71.184357 153.365372 -92.956551 112.994270 169.660980 -39.565620 43.779617 150.578262 -69.317383 121.475883 148.563492 6.434998               2440 
67.936516 159.489304 -87.618942 111.237061 173.656998 -35.117451 40.974079 156.768707 -63.485172 120.536057 151.285751 10.116994               2449 
64.938904 165.216980 -79.760735 110.217010 178.001724 -30.134106 38.705139 163.292862 -55.986740 120.805252 154.741058 14.362292               2458 
62.629410 172.515915 -71.129257 109.659569 181.792679 -23.962126 37.490158 171.097839 -48.133255 121.026436 156.216263 19.046486               2467 
60.102131 178.600891 -63.678310 108.350105 185.324249 -18.177694 36.402042 177.597260 -41.324738 120.402222 157.808701 23.424473               2476 
56.894840 184.845261 -56.011406 106.615143 188.204025 -12.351131 34.599701 184.171768 -33.900700 119.136047 158.416992 27.511866               2485 
53.962322 189.904892 -48.819206 104.990646 190.329132 -7.232006 33.006908 189.738495 -26.977434 117.713211 158.779617 31.184958               2494 
42.691647 202.810043 -22.070829 98.657402 197.341370 10.540649 27.242083 204.529449 -0.009472 114.056488 162.561844 44.984112               2521 
40.435635 205.045944 -15.542279 97.344307 198.379227 14.733619 26.632483 207.419769 6.289888 113.331512 162.926620 48.209293               2530 
37.910931 207.170181 -8.088424 95.748383 199.048569 19.426601 25.992519 210.753632 13.497678 112.118271 163.008652 52.080082               2539 
35.341991 208.305206 -1.760754 93.872894 199.692642 23.594843 24.895880 212.732346 19.531588 110.858238 163.343445 55.584423               2548 
31.665110 208.518951 5.165220 91.254066 200.115463 27.426783 22.811399 214.188614 26.295977 109.506287 164.000732 58.981224               2557 
28.452303 208.838623 11.807611 88.704819 200.642944 31.571489 20.875214 215.477463 32.690918 107.914215 164.318390 62.306244               2567 
25.699650 208.990067 17.309572 86.419388 201.048050 35.252781 19.187674 216.355606 38.043663 106.408669 164.507523 65.224716               2575 
23.127190 207.954575 22.846548 84.097008 200.734329 39.566460 17.251394 215.723022 43.315826 104.832207 163.920883 68.685555               2584 
20.777231 207.975067 28.832668 82.130150 200.805313 43.587482 15.889872 216.369827 49.273403 103.517746 163.534592 71.633217               2594 
18.361691 207.166962 33.850147 79.990837 200.277634 47.381378 14.121080 216.022919 54.326927 101.924545 162.717056 74.606651               2603 
13.379072 198.241989 40.990566 76.367241 198.291183 49.280109 10.748101 210.607224 60.858406 103.948845 166.321518 78.439934               2611 
10.328216 190.796356 47.281673 73.521011 195.877899 52.415939 8.811164 207.377594 67.204056 104.630905 167.894775 82.118103               2621 
8.828230 187.476425 51.481304 71.841614 195.019028 55.971142 7.510227 205.692032 71.487747 104.240158 168.220627 85.386772               2630 
6.767355 187.174469 53.272984 69.540237 195.609589 59.165817 5.115800 206.849060 73.380707 101.489243 169.154434 89.373199               2639 
2.964482 184.227844 56.657238 65.548851 194.373993 61.594433 1.453312 205.979187 76.474365 98.319710 169.370621 92.155884               2648 
0.330406 186.305435 59.249825 63.132214 195.499084 62.978210 -0.254450 210.367126 77.743263 95.594879 171.675247 94.785439               2657 
-1.037421 190.187393 64.036087 62.363773 194.371719 66.038803 1.794265 215.287704 85.316658 93.788193 165.742706 94.778748               2666 
-2.180183 190.059921 69.038460 61.273781 193.661697 68.106148 2.632883 216.224258 91.498138 93.660851 163.933243 94.571144               2675 
-3.900798 185.762878 73.040825 59.319733 191.788574 70.530121 3.502561 215.798355 98.139793 93.444168 162.066101 94.720978               2684 
-6.162637 183.507111 74.032349 56.925957 190.867355 71.921127 2.689502 217.136887 101.565918 91.487991 161.278793 95.650482               2693 
-7.802900 180.722183 75.091721 55.094460 189.611343 73.316521 2.223046 217.829971 105.565575 90.237038 160.233215 96.447098               2702 
-8.926891 178.392075 76.517883 53.808144 188.349579 74.796829 1.756001 217.209137 109.302727 89.448219 158.916321 97.080620               2711 
-11.088574 176.585754 76.565178 51.579353 187.069244 76.094147 -0.849758 216.087357 110.825722 87.021400 157.544098 98.571388               2720 
-12.162542 175.468628 76.768661 50.453377 186.252151 76.853439 -2.271587 215.057831 111.696564 85.831299 156.643539 99.321899               2729 
-12.080441 171.043945 79.446793 50.070179 183.222168 78.723557 -2.660870 209.960129 115.068817 86.271881 153.500198 99.679214               2738 
-11.712969 167.670670 80.816132 49.713894 181.351471 79.520111 -3.420080 206.254593 115.830254 86.400543 151.668518 99.672302               2747 
-11.383356 165.900772 82.850266 49.693104 179.765747 80.573959 -3.182505 203.743408 116.362854 86.474739 149.693359 99.961105               2756 
-11.752739 163.813324 83.307091 49.081562 177.205109 81.415047 -4.059408 199.497955 115.168724 85.246010 146.033020 100.217529               2765 
-12.289910 161.645355 83.244110 48.333271 175.213303 81.880219 -5.908176 194.331924 111.983131 84.263443 143.719803 100.596039               2774 
-12.578374 160.767105 83.177513 47.951279 174.250076 82.116531 -6.938260 191.295471 109.255440 83.581429 142.496338 100.965744               2783 
-12.481969 160.564117 84.019165 47.986523 173.993668 82.307129 -6.918264 189.516266 107.847557 83.644821 142.149017 100.948563               2793 
-12.203700 160.501129 84.882187 48.124352 173.947830 82.448227 -6.659416 188.625793 107.034798 83.827538 142.101212 101.000160               2802 
-11.956645 160.106873 85.847099 48.158062 173.642944 82.531013 -6.417613 187.627014 106.602333 83.978905 141.833405 100.919060               2810 
-12.095545 160.787109 86.567436 48.079239 173.744507 82.340828 -6.218956 188.169724 106.118324 83.808014 142.043152 101.091240               2820 
-11.985108 161.312744 87.409195 48.147366 173.821930 82.260765 -5.806564 188.832077 106.219597 83.849823 142.180405 101.161781               2829 
-11.887666 161.612381 88.084671 48.119274 173.875916 82.190979 -5.555581 189.443481 106.362366 83.805840 142.294327 101.221771               2838 
-11.697506 161.836487 88.811211 48.142452 173.915878 82.140121 -4.928361 190.617676 107.309441 83.832504 142.371033 101.225273               2847 
-11.580733 162.150894 89.659409 48.196327 173.803009 82.179863 -3.804503 192.541824 109.045181 83.836914 142.219925 101.294144               2856 
-11.749125 161.659729 91.176888 47.875858 172.590302 82.134483 -3.312877 192.800415 110.041534 83.571205 141.112823 101.320663               2865 
-11.658659 161.702255 92.314606 47.753719 171.919800 82.028275 -2.833929 193.275482 110.509735 83.392563 140.426483 101.293343               2874 
-11.458661 162.043411 92.963089 47.786102 171.877487 81.846848 -2.473659 194.005798 110.566551 83.468193 140.579407 101.348587               2883 
-11.556543 161.969559 93.453712 47.600010 171.400436 81.818237 -2.455100 193.928757 110.844360 83.224617 140.020828 101.294037               2892 
-11.602997 161.806564 93.921448 47.418205 170.871979 81.787308 -2.566340 193.615036 111.157043 82.978012 139.381622 101.202690               2901 
-11.697959 161.425217 94.595360 47.243988 169.237427 81.750511 -2.101047 192.492981 112.144356 82.250771 136.618210 100.287254               2910 
-11.532712 161.419006 95.131424 47.251785 168.458664 81.564568 -1.349805 192.764603 112.889351 82.018608 135.413483 99.795967               2919 
-11.452572 161.340942 95.470963 47.218662 168.023819 81.526405 -0.977025 193.002090 113.470726 81.884804 134.816757 99.655098               2928 
-11.666299 161.052658 95.462273 47.001568 167.480362 81.454308 -0.938679 192.784927 113.908806 81.501694 133.980042 99.358757               2937 
-11.772613 160.328140 95.367287 46.894474 166.708557 81.537674 -1.294007 191.646042 114.216148 81.225777 132.877350 99.141922               2946 
-11.672177 160.277420 95.456863 46.899601 166.730759 81.430389 -1.578528 191.664444 113.991402 81.365166 133.184189 99.314774               2955 
-11.523274 160.263870 95.566017 46.930450 166.768890 81.252945 -1.736754 191.816284 113.683968 81.550156 133.552246 99.452660               2964 
-11.445645 160.086990 95.892632 46.714783 166.687149 80.951591 -1.889423 191.828201 113.588600 81.552795 133.708603 99.167725               2973 
-11.796341 159.590424 96.139793 46.112175 165.481750 80.832527 -1.034647 192.678207 114.862823 80.465263 131.812271 98.702354               2983 
-11.719340 159.054245 96.241638 45.953094 165.100037 80.705002 -0.547192 193.434311 115.878311 80.355469 131.409760 98.440285               2991 
-11.472983 158.670731 96.369377 45.899998 165.145370 80.629166 0.250229 195.153885 117.441292 80.502640 131.725983 98.486984               3001 
-11.182724 158.214417 96.364746 45.950024 165.088379 80.379356 0.727532 196.062225 118.066208 80.816246 132.027283 98.390747               3009 
-10.958726 157.832932 96.481689 46.052624 164.994492 80.245224 1.124026 196.571564 118.460159 81.089684 132.153442 98.327492               3019 
-10.900763 157.450562 96.613113 46.129097 164.929810 80.169220 1.366259 196.863983 118.676407 81.275688 132.233856 98.301819               3027 
-10.983405 156.156387 96.373032 46.209896 164.072693 80.198997 0.002571 194.212143 118.396690 81.214622 131.095398 98.095001               3036 
-10.727878 155.621155 96.421883 46.643131 163.694672 80.083435 -0.411544 192.966431 117.949478 81.507477 130.549484 97.943260               3045 
-10.694324 155.031845 96.531662 46.931530 163.443024 80.006508 -0.387543 192.522461 117.882721 81.701958 130.186493 97.842430               3054 
-10.910257 154.206787 96.517479 47.087090 163.021667 80.033806 -1.916114 189.820435 116.618423 81.707268 129.560104 97.778282               3064 
-10.925732 153.966370 96.761070 47.450317 162.828064 80.116051 -2.108935 189.140259 116.288887 81.881523 129.205231 97.923233               3073 
-11.213753 153.643097 96.832985 47.724636 162.421875 80.299286 -1.933132 188.945251 116.218697 81.852631 128.571365 98.258186               3081 
-12.409317 152.866058 96.058479 47.578228 160.908630 80.613472 -2.138672 187.914673 116.126465 80.690346 126.080177 98.604195               3091 
-12.542203 152.627975 96.126846 47.976425 160.698547 80.736542 -1.786030 187.945175 116.099182 80.959152 125.839111 98.904053               3100 
-12.969726 152.160080 95.894539 48.036507 160.481155 80.718452 -2.180434 187.437927 115.731506 80.947655 125.631874 99.034653               3109 
-13.143075 151.623749 95.657242 48.222347 160.051437 80.733482 -3.051638 185.717255 114.793007 80.965645 125.046761 99.054176               3118 
-13.140002 151.539429 95.645752 48.452900 160.009094 80.683853 -3.888638 184.501633 113.718552 81.162476 125.062988 99.175804               3127 
-12.993362 151.356110 95.697876 48.714630 159.918579 80.626839 -5.174792 182.079086 111.595352 81.462311 125.113495 99.316269               3136 
-13.171648 151.125565 95.783340 48.773624 159.888123 80.634216 -6.286027 179.958740 109.899338 81.614769 125.234940 99.441536               3145 
-13.259361 150.821671 96.135651 48.944271 159.790070 80.727303 -6.831608 178.039032 108.625763 81.984016 125.383774 99.639771               3154 
-13.299347 150.423569 96.579811 49.153179 159.452698 80.834251 -7.174305 175.634796 107.013580 82.350052 125.230194 99.804939               3163 
-13.477409 150.238998 96.569603 49.255314 159.265381 81.015297 -7.568593 174.055161 106.214264 82.360512 124.937958 99.956612               3172 
-13.681540 149.958893 96.956017 49.285683 159.129608 81.128548 -7.912585 171.852524 105.071320 82.560127 124.843193 99.846245               3181 
