-43.187557 147.985657 90.203560 43.480148 130.757385 98.425980 -18.615095 125.285698 75.888145 72.424339 90.240540 92.507401                  0 
-43.066132 146.018829 90.129265 43.453667 130.535934 98.748657 -18.613127 124.479172 76.321953 72.608536 90.107597 93.275734                 18 
-43.048527 144.744827 90.305923 43.433403 130.366531 98.995499 -18.383677 124.039276 76.363297 72.754311 90.014198 93.858971                 36 
-42.945560 143.700378 90.520149 43.498154 130.296036 99.128044 -18.175808 123.776321 76.474823 72.976921 90.045784 94.095261                 54 
-42.386841 141.507080 91.554863 44.109695 129.926285 99.023849 -17.717051 122.839058 77.233093 73.988075 90.043991 93.447594                 72 
-41.628181 141.552902 92.959549 44.883411 130.073547 99.111031 -17.267372 123.106819 78.349060 74.571136 90.092468 93.232079                 90 
-40.736950 141.278351 93.821732 45.394409 128.235107 99.383904 -16.923378 123.258682 78.756424 74.159149 87.771606 92.333702                108 
-40.114746 140.936798 93.719543 45.538334 127.245277 99.255554 -16.738962 123.742096 78.521408 73.629120 86.444603 91.469528                126 
-41.024643 139.247284 93.048195 44.612915 130.235443 98.506729 -17.498363 124.098282 78.458519 74.154053 90.418930 90.998291                144 
-41.639568 138.610641 92.785179 43.937359 132.026932 98.165154 -17.947138 124.480759 78.393608 74.280487 92.795349 90.776848                162 
-41.775444 140.902374 93.349251 43.653549 133.031967 97.951385 -18.398981 126.512047 78.723274 73.235588 93.237862 90.485306                180 
-42.074268 142.477615 93.500023 43.185513 133.252274 97.705261 -18.888042 127.679329 78.376236 72.045647 92.954239 90.117722                199 
-42.669075 143.838242 93.082245 42.339909 133.333694 96.673721 -19.876036 128.536362 77.696220 70.376686 92.403389 89.389511                217 
-42.414703 146.551498 92.432121 42.086941 134.327774 95.437683 -20.385605 130.731186 77.118874 68.891472 92.477478 88.768387                235 
-41.361282 153.062134 92.791374 42.611099 137.595825 93.621002 -20.475998 135.691269 77.317375 67.494606 94.427689 87.987778                253 
-40.647461 161.077042 93.918976 41.836029 139.728882 88.680550 -22.218056 142.153763 76.883720 63.165890 94.910164 81.558060                271 
-38.129692 166.846054 90.207428 42.550217 140.198395 82.321739 -21.762829 145.751984 73.387344 60.838566 93.804596 77.071869                289 
-37.199032 167.024078 83.168373 43.952984 141.261398 77.977440 -20.156584 145.658264 67.182632 62.959545 94.995949 74.418098                307 
-34.595757 168.875336 71.373177 46.272907 141.776367 70.518288 -17.145708 146.765701 56.435989 64.753754 95.193161 68.823257                325 
-36.018410 175.979523 51.583416 43.891666 147.593704 60.719357 -17.750669 152.185806 40.137825 61.394821 100.781784 64.805099                343 
-37.937138 176.647385 29.524979 40.970665 150.637039 48.776966 -17.632219 153.229034 20.441797 59.242290 104.399750 55.309235                361 
-14.646928 202.784393 3.043280 52.630997 154.499405 33.852959 -13.734272 163.892242 33.358501 71.527649 111.777939 52.079403                379 
-11.378045 205.997238 -24.336262 51.149441 158.047043 21.118950 -18.508947 172.585312 23.637989 68.826637 117.412308 44.586910                397 
-7.463780 206.753784 -44.782524 50.144096 159.096909 8.174895 -21.465025 175.200134 7.878556 65.688820 118.993446 33.952480                415 
-3.637313 208.499039 -62.965046 48.373711 159.507965 -4.911686 -25.140043 175.561432 -9.550286 61.281933 119.181030 21.949549                433 
-0.740027 207.692398 -79.087883 48.329472 159.647522 -17.090645 -26.923672 174.321518 -24.066349 60.273640 120.083435 11.307053                452 
0.195218 206.650040 -93.310379 47.420284 158.871613 -28.822025 -29.144478 171.898926 -37.486874 58.926720 120.078094 0.793431                470 
-0.660933 204.164551 -105.094589 46.854092 158.604156 -38.262024 -31.116734 166.198486 -48.740318 59.736122 121.427841 -7.175299                488 
-1.366271 202.571899 -115.828346 45.303684 157.828033 -46.970840 -33.312519 161.871902 -59.068398 58.702801 122.044769 -14.498829                506 
-2.814474 200.178802 -125.825020 44.175903 157.700119 -55.080498 -34.944679 158.009949 -67.587402 58.546978 123.837296 -21.004236                524 
-4.067011 199.264587 -135.901627 41.640068 156.707458 -63.795647 -37.758362 156.730179 -76.455414 55.656448 124.028419 -28.439869                542 
-6.848384 198.505157 -146.479172 38.892086 156.568146 -73.822716 -40.662758 154.790253 -86.987900 53.208748 124.352478 -38.163307                560 
-9.373322 192.101135 -152.126068 37.737877 155.821243 -77.255608 -40.910446 148.717804 -91.815331 53.220863 126.228508 -39.852970                578 
-11.434997 187.684494 -154.240570 37.269665 154.933624 -78.699760 -39.096649 143.086273 -95.208954 53.876293 127.043648 -40.479630                596 
-16.393751 178.472626 -161.034943 35.126720 152.222061 -84.770294 -38.892780 136.215393 -100.813400 53.326683 127.698135 -44.999088                614 
-16.070816 166.666534 -167.562134 36.288593 151.829956 -88.787338 -34.769550 131.933731 -104.131401 54.743690 133.694504 -45.834759                632 
-16.037661 161.861786 -171.348984 36.345608 153.362793 -91.616890 -32.799450 132.290375 -106.652306 54.489346 139.193527 -47.069763                650 
-19.998926 166.891479 -174.207993 34.441341 158.349106 -95.854889 -32.746708 134.142349 -111.083153 54.051189 143.828461 -52.048332                668 
-22.254732 161.979980 -180.687805 34.077381 163.123535 -103.217094 -32.217693 135.917145 -114.725906 54.846077 153.819077 -58.534897                687 
-29.001600 174.182663 -184.210419 31.268808 167.541626 -110.158455 -34.190857 139.929001 -123.009193 54.245316 152.932159 -68.050819                705 
-29.316877 183.305267 -185.500351 30.430395 172.042084 -111.571335 -32.311802 142.018005 -129.790070 53.568260 153.844559 -70.977005                723 
-30.110144 187.020309 -194.864700 29.583721 178.044815 -120.569138 -32.125458 146.707108 -139.146454 52.723576 160.760498 -79.578789                741 
-30.097832 191.306320 -197.372559 30.199142 180.329910 -123.828102 -32.324924 151.250000 -142.129623 53.091621 162.222153 -83.054909                759 
-26.580553 194.823715 -199.376038 31.464457 180.920715 -124.519493 -30.084822 155.411255 -145.736069 52.382362 161.709564 -83.194168                777 
-23.615112 206.702271 -206.012756 30.289751 178.127686 -132.224976 -31.138226 165.153030 -157.434448 47.014881 152.905350 -92.243561                795 
-19.003139 211.414764 -209.653519 31.095669 176.760284 -135.783356 -27.871969 168.710495 -164.323502 45.043610 149.125565 -96.334824                813 
-4.499370 213.672775 -209.273392 32.857307 169.310806 -133.184586 -22.994869 172.323273 -167.004013 38.499722 138.671310 -93.893448                831 
-1.128686 208.053543 -211.594818 34.154964 166.949173 -132.813644 -20.483116 169.376648 -168.220474 38.540413 137.912018 -92.168579                849 
-1.125092 206.493866 -212.248642 34.219402 166.607361 -132.925095 -19.873142 168.914978 -168.610794 38.555550 138.040787 -91.942688                867 
-0.606144 208.672577 -212.447159 34.340092 166.214676 -134.330566 -19.445993 170.432907 -169.982819 38.284988 136.425369 -94.187767                885 
-0.582249 211.061783 -211.965286 34.364399 165.752579 -135.499451 -19.183264 171.546249 -170.997116 38.208622 134.501968 -96.473412                903 
8.293991 214.649612 -213.285904 35.672340 167.446686 -134.930405 -13.486813 173.220200 -176.217880 35.970200 134.790970 -96.878784                921 
7.874937 216.571457 -213.401749 34.438931 166.365219 -136.670486 -14.682452 175.245621 -177.317429 34.037643 132.570923 -99.627342                939 
7.637752 218.047165 -213.467133 33.439201 165.488647 -138.080887 -15.576453 177.053070 -178.070984 32.420792 130.825592 -101.861504                958 
2.589377 217.978775 -216.032913 31.697699 166.339340 -141.234131 -18.887674 177.700165 -179.234314 32.314728 131.994781 -104.703583                976 
-4.576708 220.224091 -215.892624 28.039724 165.620255 -144.750046 -24.480833 179.265945 -179.132660 30.170906 130.077682 -109.442909                994 
-28.063040 194.139297 -223.885513 21.254196 162.824554 -148.440216 -34.926979 157.661530 -178.886139 34.098225 136.062698 -108.026802               1012 
-33.153564 186.609528 -227.044037 19.143501 162.658447 -150.922485 -37.598507 154.050217 -179.098846 33.745464 139.657196 -108.825745               1030 
-38.080070 185.399933 -226.082565 16.972900 163.405624 -151.335754 -40.181305 153.594910 -177.785538 33.154797 141.289551 -109.342468               1048 
-37.135094 188.588730 -227.421448 16.711800 164.510193 -152.425873 -42.305695 158.706345 -177.972198 31.943783 141.625214 -110.489319               1066 
-36.819160 188.549820 -227.608444 16.704390 164.465775 -152.371170 -45.962605 163.821533 -174.553833 31.730993 141.593552 -110.353661               1084 
-35.286476 208.632645 -221.432205 14.941180 177.020569 -146.578262 -49.681229 178.482834 -169.467880 29.079903 149.464264 -107.142799               1102 
-36.068794 220.863358 -205.255783 13.470107 179.898193 -134.387054 -53.282337 186.941025 -153.879684 27.261507 148.242233 -98.026260               1120 
-43.792816 220.257111 -188.916565 13.793879 183.635895 -121.642342 -56.278381 189.699509 -131.626373 32.419601 154.437103 -85.380470               1138 
-53.582237 213.763977 -170.869125 12.765779 186.057602 -107.365448 -59.176594 187.498169 -107.777473 37.609936 161.505234 -71.388252               1157 
-61.903046 211.338882 -149.404861 12.128750 186.905914 -93.387573 -59.328568 191.730759 -81.689445 41.904663 165.266937 -59.335266               1174 
-65.767189 219.149750 -127.138000 10.985506 188.456421 -78.286751 -58.642006 198.229279 -59.146317 42.365124 164.106766 -47.679176               1193 
-70.699890 216.505005 -101.897209 10.469783 185.142288 -61.343323 -55.557167 198.885529 -34.309307 44.696949 160.692688 -34.046295               1211 
-81.184578 210.228027 -73.258537 8.330773 186.281540 -48.245266 -49.532181 204.979462 -9.404221 48.884865 166.177261 -26.667645               1229 
-72.799042 221.215866 -51.198956 12.119018 183.586121 -27.301872 -43.290874 206.862198 11.922249 49.039063 156.074448 -7.441660               1247 
-66.773293 226.931549 -33.215614 16.869621 185.059647 -12.309390 -35.464718 211.841690 28.611429 52.931717 155.601807 6.296266               1265 
-64.329399 226.764236 -12.581300 17.892525 180.867508 4.369883 -32.580673 207.706512 47.257721 52.757019 148.733795 20.688635               1283 
-56.241287 231.204269 5.086152 21.586540 177.366592 18.364744 -25.506348 206.975998 62.894196 53.295486 141.215820 32.580044               1301 
-51.921795 233.933044 24.803158 22.765133 174.750534 30.976770 -19.521210 205.630768 78.697495 52.633778 135.958572 41.814571               1319 
-55.265175 227.958725 45.366081 21.909971 171.808426 44.174320 -20.297716 196.484299 95.163986 53.532150 133.437195 50.662457               1337 
-52.068062 228.678604 53.724918 23.726757 170.747787 51.895462 -15.012495 199.915359 102.945396 54.840813 132.117432 59.245331               1355 
-53.098980 227.456543 57.396599 24.565624 172.162903 60.595020 -16.211748 203.098480 108.910912 56.701805 135.084305 70.932007               1373 
-48.699577 225.124283 71.378456 26.832523 167.045807 67.211281 -11.533593 194.810974 119.244118 57.724445 128.000397 73.174133               1391 
-48.661495 221.816772 81.474724 27.612343 165.308945 72.446327 -9.846394 189.855240 126.650658 59.226284 126.522514 75.699326               1409 
-45.941460 218.287720 85.189087 30.035763 161.415878 76.097458 -8.358205 185.341553 129.475357 61.472725 122.494370 79.450661               1428 
-47.630955 215.560806 90.471207 30.467674 162.028534 79.419807 -9.627723 181.926086 132.912720 63.425697 124.299744 81.591743               1446 
-47.430786 214.744278 95.088806 31.283777 162.471268 82.570518 -10.200867 179.452835 135.552063 64.705093 125.110123 83.823608               1464 
-41.502357 215.366898 100.648300 34.527214 159.677628 86.452644 -10.054924 173.195755 136.452408 65.716324 120.418877 85.820160               1482 
-38.024837 215.320343 104.109200 36.490311 157.915009 88.819366 -11.329722 168.665680 133.830948 66.527679 117.793442 87.261978               1500 
-35.446407 215.641754 105.980751 37.809505 156.932297 89.642624 -11.755050 166.365753 131.443039 66.991577 116.213181 87.458488               1518 
-34.198246 214.223129 107.680916 38.703983 155.306564 90.566040 -13.439941 162.185425 127.987411 67.354424 114.292854 87.183990               1536 
-32.476376 213.556656 108.944557 39.871284 154.121552 91.313301 -13.747231 159.902588 125.478584 67.982552 112.801407 87.212997               1554 
-30.642874 213.218033 109.204300 40.934582 152.997116 91.133530 -13.152556 158.824478 124.126854 68.455978 111.324272 86.621643               1572 
-23.401146 211.792282 110.201347 44.712692 147.929596 91.294601 -10.309018 155.534210 122.179428 69.560188 104.780136 85.366997               1590 
-21.503727 212.220947 109.123390 45.714756 147.096939 91.375916 -9.745704 155.713120 121.110077 69.832581 103.480057 85.870628               1608 
-21.267912 212.327713 108.490120 45.874508 146.970840 91.346397 -9.815900 155.805069 120.472649 69.887192 103.262680 86.112083               1627 
-18.902353 212.467987 107.565262 47.427177 146.036438 91.442551 -8.491832 155.827957 119.751633 70.814354 101.940567 86.646362               1645 
-29.709154 164.712906 98.318939 42.985195 156.226028 90.355972 -16.809399 156.208450 106.112701 73.547768 116.527763 92.450447               1663 
-3.206892 135.420380 88.906906 38.659653 164.729156 82.885864 -21.844097 156.945526 90.048470 70.491165 128.987869 97.843292               1681 
-3.665134 131.883148 90.305580 36.107571 161.528305 78.060150 -24.336914 156.345978 86.697006 65.184029 126.871613 99.690758               1699 
-2.413383 129.511292 92.758881 38.235764 155.369370 75.678505 -21.863047 154.886780 87.807541 65.625015 120.755638 99.471954               1717 
1.975473 131.977371 86.840698 43.701569 160.382843 81.369560 -18.435568 156.138062 84.733376 69.247932 122.716606 102.418251               1735 
-2.018219 137.454346 89.151054 40.331093 164.815369 81.988548 -22.319569 158.980209 91.605957 68.018524 125.290749 95.612839               1753 
-6.244528 137.666687 89.324127 36.448570 164.516815 81.235092 -27.044138 156.965973 88.835129 64.808006 127.439331 99.549347               1771 
-7.508336 138.712646 89.348190 36.375839 163.626907 80.804001 -27.643435 157.447983 87.582596 63.679520 126.842239 101.195351               1789 
-7.839247 139.115067 89.828148 36.574581 162.930756 80.506660 -27.655724 157.284576 87.173958 63.538921 126.794968 102.450638               1807 
-7.987226 139.451706 90.332253 36.813107 162.428711 80.483559 -27.539642 157.166412 87.085159 63.521820 126.702415 103.389587               1825 
-3.286565 136.343948 89.333954 37.083183 161.322296 81.014198 -24.979706 165.177155 93.823868 65.367989 124.744583 100.416534               1843 
-22.128214 146.358826 92.502869 40.159023 161.575714 81.937126 -21.443293 159.189560 91.554176 68.219978 122.759834 96.780296               1862 
-23.046799 152.776718 104.366623 47.627666 154.169006 86.879738 -15.678340 158.828476 101.055199 68.335503 108.661377 90.707405               1879 
-22.341696 149.760025 99.818710 48.862442 155.235504 90.995995 -13.593248 151.886520 98.540985 75.629456 113.030548 95.079918               1898 
