-31.157127 134.415771 19.185591 -24.619436 184.736343 50.871662 -56.578968 137.269836 33.809616 29.683220 189.150589 55.821877                  0 
-31.692415 136.020767 18.443104 -24.178795 185.849091 50.691082 -57.111702 139.334000 32.861855 30.180447 188.948807 56.004574                  9 
-32.227757 137.296844 17.886259 -23.840046 186.672760 50.616241 -57.559803 140.983627 32.191929 30.550989 188.648804 56.137043                 18 
-32.517452 137.997589 17.583162 -23.656677 187.118622 50.575733 -57.717201 141.861832 31.879688 30.742477 188.485138 56.200077                 27 
-32.764557 138.668854 17.509327 -23.435417 187.568130 50.706512 -57.887291 142.738281 31.754057 30.968365 188.355545 56.396622                 36 
-32.823849 139.439713 17.328539 -23.078445 188.024734 50.870361 -57.835159 143.640884 31.569613 31.319088 188.241241 56.669518                 45 
-32.867405 140.005219 17.196815 -22.818531 188.357193 50.989658 -57.401512 144.020538 32.016052 31.571049 188.157379 56.863522                 54 
-32.981232 140.646667 17.149851 -22.470583 188.789444 51.104813 -57.001732 144.525116 32.573471 31.890017 187.914764 57.181725                 63 
-33.103352 141.193222 17.184299 -22.175642 189.177505 51.236393 -56.595219 144.862823 33.303001 32.158920 187.737717 57.437283                 72 
-33.100109 141.731003 17.266899 -21.660997 189.507858 51.446671 -56.100533 145.159592 34.264462 32.652859 187.464462 57.659401                 81 
-33.254669 142.607819 17.512880 -21.076294 190.440399 51.361965 -55.994144 146.240417 35.116550 33.182934 187.529190 57.704659                 90 
-34.050938 143.992142 17.718954 -20.872898 191.555679 51.576931 -56.550720 147.928879 35.889923 33.316246 187.521393 57.903843                 99 
-33.680454 145.186417 17.884764 -19.864506 192.424576 51.947559 -56.107189 149.352066 36.230656 34.215813 187.452881 58.533154                108 
-33.997070 146.126801 18.512571 -19.550343 193.209091 52.533562 -56.299614 150.535217 37.050430 34.458866 187.523834 59.125359                117 
-34.658138 146.906006 19.279501 -19.348526 193.989731 52.922852 -56.767235 151.732788 38.019249 34.590488 187.509430 59.353806                126 
-37.990585 151.856781 18.896296 -19.240789 196.159958 54.520508 -59.158501 156.633667 38.646149 34.512085 186.819534 58.539650                135 
-39.526501 152.639099 19.720869 -19.215563 196.276825 55.314297 -60.338467 157.960632 39.496853 34.359276 185.667282 58.467545                144 
-40.203243 152.993622 20.098272 -19.204386 196.328598 55.666000 -60.894260 158.657700 39.721245 34.278606 185.162415 58.432667                153 
-40.405811 153.055878 20.767040 -18.617481 196.040817 56.288284 -60.923397 159.040482 40.183033 34.815895 184.478165 58.275288                162 
-41.563869 154.185287 23.020002 -19.057417 198.178665 56.820656 -61.975399 161.261993 41.999111 34.269238 186.135498 58.820293                171 
-42.695034 154.680801 23.494707 -19.490227 198.295319 57.317825 -62.832481 161.772690 42.731251 33.785652 185.927658 58.538723                180 
-42.903141 154.548111 24.135448 -19.548677 198.400146 57.549618 -62.990604 161.845139 43.292076 33.726212 186.017822 58.659950                189 
-43.216705 154.308304 24.478220 -19.655016 198.245758 57.637436 -63.230377 161.739182 43.643661 33.601318 185.771271 58.595947                199 
-43.195019 153.446396 25.372595 -19.396133 197.802490 57.800434 -63.163235 161.247406 44.364491 33.854000 185.291168 58.612053                208 
-42.996075 152.574127 25.915369 -19.350403 197.406708 57.799213 -62.968731 160.485870 44.839344 33.973705 185.212051 58.572830                217 
-42.968807 152.412613 26.186274 -19.352888 197.426743 57.839096 -62.962280 160.432358 45.020203 33.983875 185.290100 58.651627                226 
-43.048275 151.398483 26.959480 -19.042484 196.888977 57.626244 -62.916142 159.899994 45.729286 34.235199 184.493744 58.410549                234 
-41.512562 148.682434 26.196789 -19.348619 194.905090 57.157509 -61.807804 156.441742 45.034412 34.314083 184.342728 58.390228                243 
-41.625553 148.796585 26.330599 -19.632168 195.188644 57.162933 -62.065502 156.646271 45.612282 34.087818 184.909836 58.293358                253 
-41.640553 148.607346 26.541832 -19.665054 195.179474 57.117943 -62.221863 156.679947 45.954803 34.063320 184.947830 58.277069                262 
-41.633629 148.463593 26.691719 -19.673677 195.169067 57.078564 -62.349850 156.727417 46.140816 34.060158 184.969711 58.268833                271 
-41.213242 147.872986 27.423731 -19.421133 195.352142 56.716202 -62.131699 156.700897 46.626404 34.324184 185.272369 58.331055                280 
-40.647934 147.268021 28.409853 -19.119637 195.746323 56.227448 -61.877968 156.853470 47.092098 34.632359 185.832703 58.510475                289 
-40.409416 146.924301 28.479492 -19.126917 195.863541 55.675728 -61.804245 156.778442 47.002140 34.659710 186.198349 58.195881                298 
-40.245453 147.002808 28.252653 -19.379240 196.193787 55.320904 -61.899036 156.899368 46.598976 34.478752 186.960693 57.935349                307 
-38.615303 144.881500 26.487413 -19.890358 194.418457 54.478699 -60.898525 153.738007 44.791931 34.284798 187.331787 57.235546                316 
-38.955433 146.636520 24.389824 -20.145790 195.076569 54.189255 -61.237194 154.831772 43.193966 34.052635 187.971481 56.384029                325 
-38.994625 149.387497 21.693911 -20.438601 196.993912 52.962917 -61.545536 157.178558 40.445690 33.743637 189.841431 55.391056                334 
-39.234093 153.439636 18.315996 -20.270020 199.984756 50.912899 -61.928497 161.263519 36.896362 33.746426 191.838501 53.850750                343 
-39.243061 159.037643 17.473417 -19.561277 205.969254 49.076530 -62.287514 168.405396 34.673855 34.062469 196.169510 53.683868                352 
-37.896828 159.387573 15.989623 -19.294790 208.000534 44.898308 -62.184734 170.323898 30.662657 33.918159 197.800629 52.455605                361 
-36.957809 159.725418 15.463138 -19.231390 210.711548 39.848171 -62.113770 172.262894 26.775928 33.516487 200.803864 50.443817                370 
-36.731159 160.907303 13.191937 -18.940853 212.642807 35.301094 -62.233391 174.456833 21.903778 33.248707 202.236755 47.979134                379 
-36.424351 162.120087 12.313386 -17.733768 214.968918 30.217739 -61.807472 177.208557 16.546152 33.527554 203.985519 45.851376                388 
-36.342724 163.824249 9.609627 -16.761656 216.843246 25.900286 -61.333714 179.668091 11.079890 33.703842 205.153015 43.488369                397 
-36.327656 166.360535 5.347761 -15.520402 218.950867 21.431894 -60.648624 182.940948 4.617157 33.804688 205.825592 41.117718                406 
-36.548981 170.423813 -2.896604 -15.058340 220.947861 18.096325 -60.238190 187.733536 -3.858490 32.813637 204.759506 39.048161                415 
-36.531017 173.766373 -10.350273 -14.328599 222.369614 14.143720 -59.521202 191.783249 -11.479459 32.242840 203.564926 35.829056                424 
-36.153584 177.238861 -17.136292 -13.367494 223.545242 10.982885 -58.153851 196.000031 -18.758791 31.883123 202.009109 32.922466                433 
-35.638466 179.795563 -22.498941 -13.858272 223.347595 10.387989 -57.611847 198.128784 -23.186813 32.018665 200.722076 29.782869                442 
-34.747337 183.345383 -29.066118 -13.790292 223.617767 8.252501 -56.605122 201.215729 -28.833092 32.622021 200.142090 25.210045                451 
-33.113770 186.245102 -36.288773 -12.938558 223.453522 4.529293 -54.564152 203.940018 -36.179859 34.112846 199.799301 19.341839                461 
-31.034197 188.879959 -42.543159 -11.517849 223.822647 0.617952 -51.352730 207.493423 -44.415695 35.629387 199.891907 14.661672                470 
-29.049744 190.926941 -47.901810 -10.021606 224.177383 -3.076221 -47.619476 210.866653 -52.467304 36.476871 199.320435 11.511180                479 
-27.268454 192.718765 -53.638577 -8.918570 224.234818 -7.135156 -43.851170 214.000473 -60.582478 36.724476 198.317764 8.285205                488 
-25.261862 193.883835 -58.941257 -7.537441 224.290909 -11.266270 -40.035988 216.008347 -67.659157 37.395885 197.708832 5.078704                497 
-23.134312 194.605148 -64.389481 -6.410379 224.184921 -15.527322 -35.862579 217.081039 -74.512260 37.463242 196.957977 2.543854                506 
-20.536825 194.099884 -70.263695 -5.470594 222.662537 -19.854437 -31.174730 216.757980 -81.372124 37.535240 195.319061 0.035280                515 
-18.188414 193.958969 -75.524620 -3.674743 221.579147 -23.934122 -26.865395 216.501633 -87.070869 38.711399 194.100510 -2.931554                524 
-16.662823 193.785278 -81.012375 -2.867742 220.717621 -28.292990 -23.178017 215.869919 -92.908714 38.619003 193.124481 -5.704555                533 
-15.135328 193.500854 -86.110992 -2.011086 219.718109 -32.299637 -19.789179 215.035782 -98.075562 38.821442 192.222519 -8.436152                542 
-13.072248 192.206467 -90.579010 -0.509640 218.183121 -35.997032 -16.095934 213.017365 -102.693436 39.867065 191.143250 -10.870646                551 
-11.762220 189.834106 -95.971107 -0.745480 216.118271 -40.731602 -13.220247 209.773071 -108.333313 38.886810 189.949997 -13.578853                560 
-9.822292 187.713211 -100.177467 0.347561 214.340195 -44.546085 -10.109488 206.763290 -112.622040 39.506798 188.984222 -15.973422                569 
-8.440981 185.159393 -104.376785 1.180889 211.778809 -48.405216 -7.833686 203.589508 -116.805756 39.875965 186.766022 -18.912504                578 
-6.864444 182.207657 -108.140663 2.024092 209.296280 -52.104145 -5.490989 199.999969 -120.769096 40.282436 184.910355 -21.536274                587 
-1.771177 172.577164 -117.666489 5.119859 201.193237 -61.853081 0.537719 189.087463 -130.650253 42.787659 178.832962 -29.082300                614 
-0.653296 169.960938 -120.075798 5.250885 199.211914 -64.330917 1.797175 185.908340 -133.075836 42.997803 178.132355 -30.810905                624 
0.390016 167.234238 -121.531448 5.643309 197.399704 -66.179703 2.993328 182.176987 -134.737503 43.506493 177.761642 -31.923397                632 
0.847564 164.671112 -123.906319 5.546735 195.298813 -68.753471 3.739818 178.412018 -137.128723 43.415409 176.886810 -33.828842                641 
2.089639 159.984344 -125.469093 6.069688 192.007767 -71.022202 5.117476 172.116776 -138.708313 43.835896 175.412857 -35.090439                651 
3.426706 157.878403 -127.292305 6.616498 190.122513 -72.890892 6.512923 168.975204 -140.265198 44.305614 174.527878 -36.433979                660 
5.102488 154.829102 -128.911850 6.695868 187.831863 -74.826141 8.210717 164.431305 -141.499100 43.873676 173.745193 -37.247627                668 
7.695246 152.822464 -131.757202 7.525617 185.856750 -77.525276 10.441285 159.582825 -142.767303 43.915272 173.176315 -38.695282                677 
8.321978 152.293640 -133.317764 7.611564 184.932297 -78.716339 10.110875 156.135315 -142.368774 43.813286 172.882782 -39.511578                686 
9.294911 150.881790 -133.999603 8.184123 183.883301 -79.608658 9.308460 151.356995 -140.359543 44.346111 172.624695 -40.133057                695 
10.041429 149.281693 -134.340317 8.715371 182.795563 -80.315384 8.644670 147.119827 -138.432175 45.012863 172.435608 -40.718258                705 
10.971151 147.913574 -134.923538 9.328890 181.844513 -81.238655 8.133995 143.304031 -136.396042 45.761101 172.378235 -41.541645                713 
11.144484 146.901123 -136.122406 9.088682 180.807892 -82.498520 6.462323 139.184982 -133.479156 45.880413 172.237701 -42.929726                723 
11.627099 146.295929 -137.415695 8.625951 179.745087 -83.600960 5.774951 135.485413 -129.700775 45.644375 172.073532 -44.059185                732 
11.898000 145.725143 -138.664444 8.034683 178.565552 -84.575493 7.011700 132.755615 -123.457352 45.271999 171.651535 -45.099583                741 
11.785144 144.864090 -139.915894 7.293214 177.405869 -85.758018 8.558648 130.374634 -117.776764 44.620560 171.275864 -46.237633                750 
11.701385 145.337814 -140.617355 7.163926 177.233017 -86.133011 9.415083 129.578293 -113.380920 44.459038 170.873260 -46.618500                759 
11.687411 145.756088 -140.798965 7.195429 177.267410 -86.134178 9.839253 129.004318 -110.017082 44.459320 170.753571 -46.615311                768 
11.615595 146.144638 -140.956055 7.185753 177.294205 -86.116783 10.029952 128.558289 -107.500839 44.455479 170.640305 -46.626759                777 
11.566911 146.942429 -141.343857 7.111145 177.431839 -86.169319 10.304729 128.480026 -105.660721 44.384777 170.489563 -46.732662                786 
11.586689 150.037766 -143.202316 6.930362 178.257156 -86.876442 11.329216 130.214355 -107.821808 44.684658 170.764038 -48.001835                795 
11.234396 153.074036 -144.468277 6.484323 179.258026 -87.199669 11.388177 131.900131 -108.854935 44.465313 170.953949 -48.712585                804 
10.556724 156.198578 -145.344147 5.828596 180.447968 -87.248825 10.347906 132.886459 -108.404633 43.926762 171.132904 -49.110546                813 
9.256194 160.392822 -145.287369 4.903549 182.313980 -86.263550 8.749680 135.136093 -108.527336 43.069344 171.303009 -48.648403                822 
6.589595 167.055130 -147.783524 2.752960 185.915955 -87.682007 6.865345 140.038162 -112.379005 41.360306 173.551941 -50.948204                831 
4.108035 170.743378 -146.725113 1.075074 187.767136 -86.035591 3.559497 142.159637 -111.375885 39.267231 173.100021 -49.717503                840 
2.576036 175.323807 -145.648392 -0.127871 189.976974 -84.329887 1.289870 144.718704 -110.110260 37.619228 173.142975 -48.489388                850 
-0.724326 179.482910 -144.211075 -1.773437 192.036880 -82.379250 -1.792272 147.335556 -108.812401 36.271114 173.194016 -47.878128                858 
-4.067571 183.363495 -142.287552 -3.645593 194.195862 -80.123955 -5.430915 149.605469 -107.076454 34.549706 173.601913 -46.810650                867 
-7.227169 186.997955 -139.855499 -5.450988 195.939941 -77.415787 -8.967461 151.883102 -105.280975 32.755566 173.486694 -45.339642                876 
-11.251366 190.786331 -137.725189 -7.774995 197.735077 -75.103378 -12.408324 153.948532 -103.568916 31.172789 174.233368 -44.714096                885 
-15.815627 193.598312 -135.345627 -10.939834 199.194992 -72.681328 -17.335382 155.720352 -101.526283 27.986765 174.197632 -43.481674                894 
-19.189020 196.268997 -132.251831 -12.923786 200.564056 -69.607819 -20.785511 157.360397 -98.728477 26.138626 174.388687 -41.648094                904 
-25.426256 201.374832 -129.409317 -16.595137 202.172073 -66.932007 -25.715237 159.860703 -97.409286 23.374399 174.341888 -42.018444                912 
-30.406384 202.792099 -126.452019 -20.489193 202.862366 -64.132210 -29.916214 159.864304 -94.361923 20.025221 174.951187 -40.209061                921 
-35.364681 203.301041 -124.016502 -24.176027 203.251617 -61.911709 -33.944183 159.090408 -91.239342 16.971680 175.539764 -38.853340                931 
-39.552563 203.028625 -121.364601 -27.308041 203.176315 -59.458885 -37.151161 158.366287 -88.093239 14.387524 175.787521 -37.006657                940 
-44.746449 201.059326 -118.951973 -31.729916 202.561920 -57.221405 -42.999344 156.676163 -84.082901 9.526303 174.749832 -34.479790                949 
-50.275780 199.607559 -116.546333 -36.203800 201.750336 -55.066132 -47.995502 155.228409 -80.998306 5.379962 174.126175 -32.695061                958 
-55.627556 197.960831 -114.332985 -40.538055 200.839874 -53.124138 -52.247700 153.634552 -78.140854 1.671258 173.843964 -31.161373                967 
-60.928925 195.323822 -112.399323 -45.218269 199.455444 -51.418266 -56.322830 151.387466 -75.309898 -2.323704 173.553879 -29.465277                976 
-67.039795 193.589035 -110.502647 -49.381908 198.240417 -50.093887 -60.342712 149.818817 -73.364014 -5.303640 173.242676 -29.478642                985 
-72.590187 190.377487 -108.634491 -53.872677 196.472260 -48.674168 -64.136284 147.384048 -70.862358 -8.826373 172.882645 -28.496716                994 
-77.654289 187.671295 -107.263084 -58.298172 194.979477 -47.641491 -68.292999 145.664383 -69.308395 -12.630084 172.446121 -27.655439               1003 
-82.989944 185.228104 -105.432808 -63.026051 193.345932 -46.116554 -72.097473 143.628448 -67.366234 -16.537176 172.103973 -26.614441               1012 
-89.661766 182.199966 -104.464195 -68.577431 191.325073 -45.683865 -76.907776 141.103363 -66.196983 -21.154427 171.416916 -27.042721               1021 
-94.725906 178.874893 -103.453468 -73.274323 188.950409 -44.961399 -80.338737 138.322708 -65.068985 -25.062613 170.610672 -26.739054               1030 
-98.984230 175.959152 -102.538002 -77.327515 186.932251 -44.282928 -83.425255 135.924744 -63.853764 -28.574100 169.843109 -26.287518               1039 
-103.822639 173.243378 -101.168846 -82.038406 184.233292 -42.963955 -86.764473 133.247070 -63.022049 -32.620663 168.514740 -25.540358               1048 
-108.100662 170.331192 -99.207191 -86.753075 181.127426 -40.804092 -91.584221 130.176529 -60.960632 -37.549732 165.184082 -22.982506               1057 
-111.548531 169.832718 -98.702301 -91.487785 177.413956 -39.344463 -95.709084 127.671623 -62.376171 -42.617924 160.640259 -21.368124               1066 
-117.035568 170.988892 -97.131348 -96.304504 170.899521 -37.519810 -100.049759 124.629349 -66.896255 -46.952530 152.707733 -22.479553               1075 
-121.035057 168.201370 -95.301376 -99.056267 169.284668 -36.147869 -101.649704 122.790184 -64.925949 -48.809708 152.900574 -22.019415               1084 
-124.107796 165.502747 -94.258224 -100.863281 167.546249 -35.606995 -102.721222 120.946571 -63.817612 -49.941498 152.489319 -22.452925               1093 
-125.879791 164.431091 -93.392838 -101.850845 167.305298 -35.101871 -103.956291 120.602722 -62.545002 -50.775276 152.371597 -22.411745               1102 
-126.692764 164.615875 -92.719940 -104.005524 164.806625 -33.831959 -106.801193 119.482437 -62.888775 -53.753254 147.809784 -20.468372               1111 
-128.365845 164.539505 -89.514587 -103.833420 161.349792 -31.468473 -108.649208 117.895439 -62.570068 -53.660400 142.459961 -20.577610               1121 
-128.454041 161.520187 -90.034233 -105.700760 159.917801 -31.205889 -108.621025 116.393127 -61.794918 -55.560711 142.187027 -18.385433               1130 
-128.256363 158.528503 -90.806404 -107.223946 159.088272 -31.321480 -108.652466 115.491158 -61.199520 -57.202007 142.617981 -16.512575               1139 
-128.164093 157.110504 -91.287086 -107.934273 158.671158 -31.509598 -109.200661 116.003067 -61.993153 -58.014294 142.789047 -15.744987               1148 
-128.106018 155.850784 -91.327713 -108.325356 157.976501 -31.391893 -109.902344 116.335075 -62.797661 -58.497375 142.356110 -15.084093               1157 
-128.079468 155.074768 -91.351433 -108.566772 157.547684 -31.319233 -110.389633 116.404442 -63.244820 -58.797356 142.092621 -14.678486               1166 
-128.470764 151.475769 -92.773514 -109.603661 156.609070 -32.681808 -111.623344 114.922890 -63.810905 -60.013435 141.964691 -14.817855               1175 
-128.904877 149.320557 -93.448097 -110.711731 156.112885 -33.293701 -113.503197 113.800720 -63.551189 -61.677685 141.090286 -14.247621               1183 
-129.771530 149.036804 -93.537201 -111.419380 156.020157 -33.328499 -114.928917 113.523949 -63.303715 -62.687672 140.387497 -13.999528               1193 
-130.141647 148.842010 -93.543900 -111.809502 155.969040 -33.347683 -115.809067 113.463028 -63.309505 -63.249847 140.004898 -13.857288               1202 
-130.268661 148.760162 -93.529785 -112.010353 155.888718 -33.375038 -116.646118 113.846962 -63.930023 -63.602734 139.582321 -13.790043               1211 
-129.913498 148.915192 -93.659904 -112.161156 155.805664 -33.386250 -117.403061 114.169365 -64.437881 -64.190842 138.773712 -13.348025               1220 
-129.525543 149.196136 -93.783127 -112.152206 155.497803 -33.386303 -118.757622 114.189674 -64.671860 -65.027969 136.743393 -12.883942               1229 
-128.352203 150.374008 -93.819954 -111.905403 155.445908 -33.092640 -120.270767 114.732414 -64.759392 -66.348885 133.950775 -11.754146               1238 
-125.525726 152.853485 -93.536011 -110.111061 156.525696 -32.476227 -122.582626 116.835190 -64.110199 -68.013710 129.918182 -9.835052               1247 
-124.599777 153.619400 -93.614899 -110.082779 156.395035 -32.321804 -123.781578 117.438675 -64.370659 -69.575096 127.879036 -9.111167               1256 
-123.985832 153.732651 -93.895653 -110.146263 156.182098 -32.462158 -124.462196 117.589668 -64.689674 -70.644081 126.665771 -8.773917               1265 
-123.276321 153.943176 -94.135666 -110.018608 155.875137 -32.581982 -125.254356 117.826370 -65.044212 -71.732864 125.070313 -8.539650               1274 
-122.894562 154.218369 -94.192459 -110.088272 155.687302 -32.555088 -125.917679 118.132828 -65.310387 -72.668289 123.982391 -8.320564               1283 
-122.641716 154.385864 -94.228233 -110.127213 155.585144 -32.546658 -126.323898 118.380112 -65.521194 -73.254761 123.335686 -8.191733               1292 
-122.629456 154.427689 -92.555367 -108.174980 157.368881 -31.377863 -127.791481 120.341774 -62.722637 -72.658333 123.858231 -6.712636               1301 
-123.181389 152.499527 -91.663597 -108.227356 157.007919 -31.254976 -128.631500 119.931343 -62.201229 -72.640991 123.871468 -6.187981               1310 
-123.480377 151.181259 -90.805313 -108.265709 156.743683 -31.165012 -129.216660 119.795174 -62.452141 -72.617783 123.892052 -5.812209               1319 
-123.820412 149.872986 -90.319878 -108.297890 156.521866 -31.296326 -129.784058 119.382614 -62.526588 -72.555214 124.025429 -5.621230               1328 
-124.119347 148.810547 -89.933647 -108.324326 156.339691 -31.404181 -130.405319 119.161392 -62.831852 -72.496468 124.142105 -5.472557               1337 
-124.349266 148.002106 -89.627739 -108.344658 156.199554 -31.487143 -131.018814 119.197906 -63.580383 -72.446861 124.235924 -5.363527               1347 
-124.800751 147.413910 -89.448990 -108.364532 156.136154 -31.715382 -132.248886 119.897255 -65.358315 -72.436249 124.251450 -5.537286               1355 
-124.814957 147.238846 -89.150612 -108.352135 156.199783 -31.805973 -132.989090 120.346085 -66.421661 -72.402039 124.409004 -5.543721               1364 
-124.741302 147.151505 -88.817085 -108.321014 156.197296 -31.836418 -133.583389 120.714905 -67.258087 -72.329094 124.456688 -5.570783               1373 
-124.700752 147.067856 -88.568604 -108.294914 156.195221 -31.861950 -134.058746 121.091820 -68.026886 -72.267891 124.496559 -5.593775               1382 
-124.631317 146.981186 -88.312881 -108.271271 156.193344 -31.885084 -134.396591 121.216637 -68.416359 -72.212410 124.532608 -5.614845               1391 
-124.647636 146.901901 -88.184624 -108.250183 156.191650 -31.905712 -134.673737 121.359291 -68.925285 -72.162926 124.564674 -5.633821               1400 
-124.678055 147.178314 -88.101959 -107.856819 156.455856 -32.082321 -135.107635 121.808289 -69.167595 -71.916565 124.549576 -5.946979               1409 
-124.690491 147.406769 -88.027161 -107.541328 156.667740 -32.223969 -135.440948 122.171844 -69.334923 -71.723549 124.538544 -6.193786               1419 
-124.683678 147.571304 -87.959503 -107.326782 156.811829 -32.320293 -135.681854 122.425484 -69.476784 -71.594566 124.531677 -6.359389               1427 
-124.666817 147.699081 -87.896080 -107.169411 156.917526 -32.390949 -135.882629 122.779060 -70.002411 -71.501091 124.526993 -6.479700               1437 
-124.646217 147.798035 -87.839714 -107.053490 156.995392 -32.442993 -136.078369 123.666367 -71.455643 -71.432854 124.523750 -6.567687               1446 
-124.623863 147.880051 -87.787834 -106.961533 157.057144 -32.484280 -136.241028 124.220589 -72.450340 -71.379082 124.521301 -6.637102               1455 
-124.601616 147.948090 -87.741150 -106.888145 157.106430 -32.517227 -136.318085 124.744713 -73.509491 -71.336403 124.519432 -6.692258               1464 
-124.526833 148.206985 -87.996300 -106.758957 157.266357 -32.834068 -136.465927 125.275627 -74.347473 -71.349075 124.508156 -7.030803               1473 
-124.460739 148.421768 -88.201332 -106.652863 157.397705 -33.094280 -136.570450 125.672241 -74.940117 -71.360222 124.499611 -7.308365               1482 
-125.949524 147.270721 -88.802605 -107.332626 158.579300 -34.448761 -137.846909 125.720169 -75.474266 -71.661011 126.791176 -7.806319               1491 
-126.323761 148.760590 -91.319382 -109.317345 159.077194 -36.292423 -138.495316 127.133240 -79.290001 -74.109985 127.035492 -9.338030               1500 
-126.511765 149.573792 -92.613853 -110.371391 159.341629 -37.271564 -138.850952 127.849709 -81.157516 -75.415359 127.156288 -10.161641               1509 
-126.512436 149.945877 -93.252823 -110.829597 159.471207 -37.775688 -138.959915 128.232666 -82.143707 -76.017769 127.225067 -10.552689               1518 
-126.184998 150.475494 -93.943459 -111.211258 159.827911 -38.285603 -138.811478 128.844177 -83.254890 -76.695313 127.527252 -10.752251               1527 
-126.370804 149.922821 -94.250298 -111.735695 159.616440 -38.598450 -139.125473 128.491867 -83.716568 -77.366440 127.494629 -10.675126               1536 
-126.214302 149.756866 -94.689331 -111.884087 159.734192 -39.046135 -139.137131 128.625519 -84.432281 -77.727051 127.706108 -10.757142               1545 
-126.459999 145.172455 -98.500198 -114.303970 158.275940 -43.023560 -139.607498 124.539513 -87.724495 -80.838074 128.253540 -11.855339               1554 
-126.491577 143.949081 -100.493576 -115.555283 157.512573 -44.905506 -140.272934 123.666771 -89.877068 -83.099083 127.528366 -12.651662               1563 
-126.496674 143.465317 -101.254349 -116.049423 157.211136 -45.648678 -140.637863 123.392876 -90.737328 -83.998993 127.246277 -12.973817               1573 
-126.491196 143.265335 -101.557129 -116.255318 157.085526 -45.958340 -140.849106 123.321213 -91.104576 -84.375092 127.129456 -13.109389               1581 
-126.482124 143.142715 -101.735413 -116.382973 157.007645 -46.150330 -141.012009 123.299911 -91.337433 -84.608589 127.057228 -13.193847               1590 
-126.472267 143.057693 -101.854576 -116.472412 156.953079 -46.284851 -141.356094 123.312325 -91.358772 -84.772346 127.006721 -13.253208               1599 
-126.462074 142.992935 -101.942001 -116.541222 156.911118 -46.388336 -141.650177 123.330223 -91.363701 -84.898399 126.967918 -13.298977               1608 
-126.366646 142.726486 -102.279778 -116.579865 156.837173 -46.774361 -141.841324 123.188332 -91.600578 -85.083954 126.960953 -13.484901               1617 
-126.150764 142.451706 -102.813080 -116.601059 156.751999 -47.336887 -141.886414 123.027802 -92.083916 -85.319283 126.939445 -13.789445               1626 
-125.680992 142.129715 -103.697960 -116.541664 156.726151 -48.250851 -141.705444 122.853043 -92.947067 -85.623863 127.015823 -14.277999               1635 
-125.466476 141.344711 -104.683334 -116.789963 156.928543 -49.451748 -141.798416 122.369164 -93.702049 -86.320183 127.725349 -14.644643               1645 
-124.528801 138.418289 -106.873848 -116.988602 156.666168 -52.313931 -141.501373 120.324799 -95.386307 -87.876617 128.823837 -15.299541               1654 
-125.255905 135.264771 -107.799110 -116.501640 157.625320 -54.998238 -142.859375 118.950645 -94.809685 -88.143471 131.794998 -15.993402               1662 
-127.987839 135.858994 -109.788017 -117.888069 157.914536 -57.118496 -145.645325 120.302948 -96.993507 -89.527908 131.362076 -18.603081               1672 
-129.331650 136.750824 -110.549477 -118.498070 158.145935 -57.758553 -146.409393 121.858162 -98.806122 -89.821648 131.007187 -19.891418               1681 
-130.307922 137.568649 -110.548759 -118.220276 159.503983 -58.259724 -146.897964 124.046471 -99.526489 -89.496300 132.342773 -20.444773               1690 
-130.784958 138.690018 -110.406914 -117.058678 161.757690 -59.022629 -147.259247 126.560883 -99.461319 -88.605026 134.777954 -20.874857               1699 
-131.067505 139.501740 -109.881851 -115.944809 163.699722 -59.423126 -147.497467 128.489609 -98.845352 -87.748116 137.057220 -20.849920               1708 
-128.072525 143.526260 -110.817474 -114.706619 164.496826 -58.458748 -144.428284 131.709320 -101.276443 -87.015999 135.777771 -21.025967               1717 
-124.655731 157.329239 -111.190102 -111.830391 167.700180 -55.626663 -141.794495 145.175705 -104.500641 -86.952126 131.114532 -23.450111               1726 
-122.535454 165.900085 -109.020691 -111.203117 168.704666 -52.253010 -139.237167 152.399612 -104.583397 -85.393181 128.897644 -25.013027               1735 
-121.341721 173.188675 -102.778862 -107.803406 172.683533 -46.423557 -134.919235 159.083755 -99.447685 -75.107300 135.015198 -23.955158               1762 
-121.084015 173.955963 -102.336372 -107.353951 173.029129 -46.031086 -134.229553 160.137451 -99.175972 -73.866936 135.729721 -24.118931               1771 
-120.001686 173.111481 -102.674019 -106.488159 173.758453 -46.309322 -132.762222 159.736954 -99.291733 -72.417557 137.606781 -23.396011               1780 
-121.064651 169.692780 -103.039207 -106.499947 175.333786 -47.214474 -136.038773 155.688644 -94.294983 -71.855141 141.429550 -21.856865               1789 
-122.663033 165.830338 -100.824417 -105.301193 178.214417 -46.918297 -138.966232 152.698914 -85.570045 -69.254776 147.603180 -19.415993               1798 
-124.921371 164.206604 -97.706299 -104.483772 180.500626 -45.958885 -140.988037 152.601089 -78.644409 -66.651703 152.063065 -18.521536               1808 
-123.970512 164.393738 -95.612045 -103.405693 181.584946 -44.204060 -139.795654 152.628998 -75.341942 -64.207535 154.608521 -17.212475               1817 
-122.324265 163.493347 -92.091820 -101.175308 184.780762 -42.482697 -138.424774 153.835281 -70.172256 -61.688530 160.039200 -13.822310               1825 
-121.377846 160.986145 -88.765678 -100.352325 185.094620 -40.408051 -137.297241 152.239044 -65.428566 -59.752697 162.909836 -11.214313               1834 
-120.108025 158.090866 -82.601456 -97.724548 188.038086 -38.282993 -135.318558 152.399582 -57.343483 -55.855495 169.888092 -8.111329               1843 
-111.257729 153.917130 -70.267326 -94.620926 190.402832 -35.435623 -132.046890 152.217133 -48.495949 -51.280796 176.773193 -4.962111               1852 
-104.524582 153.480072 -62.453125 -91.456596 190.886871 -30.908504 -128.564178 152.087143 -42.069546 -46.771053 178.223022 -2.001795               1861 
-101.173370 153.708969 -57.481094 -89.395760 191.263123 -27.207045 -126.172112 152.155167 -35.389507 -43.686264 178.914032 0.195706               1870 
-96.150909 151.951736 -48.532421 -85.788475 193.014526 -23.567980 -121.172363 152.347336 -24.216511 -38.991608 185.157486 3.654969               1880 
-93.064285 151.702164 -42.855839 -83.601616 194.566193 -21.254360 -117.786583 153.539627 -16.894241 -36.253899 189.464233 5.670210               1888 
-90.089905 152.323227 -38.207733 -80.949150 196.023376 -18.590906 -114.239349 155.124695 -10.588049 -33.114857 192.296692 7.691421               1898 
-88.624458 153.683289 -34.292305 -78.601280 197.232254 -15.037896 -111.472198 156.930252 -4.302230 -30.000082 192.917770 9.702299               1907 
-86.958885 154.174805 -28.231787 -76.087540 197.881561 -10.038613 -107.335777 157.858871 4.661807 -26.064199 193.855484 11.738092               1916 
-83.968040 155.839630 -24.839277 -72.335922 199.312424 -6.732100 -103.580482 159.888382 9.129554 -22.168974 194.401413 14.526489               1925 
-81.492790 156.341278 -19.550188 -69.840279 200.343765 -2.951312 -100.093719 161.309967 15.398151 -19.218393 196.246613 17.381088               1934 
-77.206512 157.964676 -15.282217 -65.449287 201.452728 2.423912 -94.936020 161.773865 20.559942 -14.415348 196.879364 21.591339               1943 
-73.788445 159.499817 -12.018167 -61.608334 203.212402 4.709470 -91.164398 164.241699 24.188656 -10.539468 198.504395 23.750853               1952 
-71.181885 160.231522 -7.633305 -59.220245 204.589508 7.358962 -88.155876 166.291840 28.948885 -8.004633 200.853485 26.220877               1961 
-69.056023 161.387070 -3.280373 -57.503613 206.100540 10.848732 -85.844147 167.915466 33.394806 -6.144921 203.167603 29.461939               1970 
-65.984032 162.825958 0.046455 -55.321289 207.908585 13.593003 -83.830223 169.990891 36.330383 -4.586258 205.789459 33.945759               1979 
-62.656380 163.476242 3.203207 -51.953117 208.705704 16.122650 -80.139664 171.059418 39.764462 -1.128728 206.786942 36.271305               1988 
-59.665760 163.825043 5.416789 -49.034859 208.942337 18.695194 -76.704292 171.205414 42.876621 1.737996 206.844803 38.955650               1997 
-57.263847 164.709320 7.366918 -44.462345 208.630081 22.532028 -72.372368 170.676285 46.113079 6.907072 203.591064 40.658253               2006 
-57.880581 167.309555 11.273071 -40.671776 209.032013 28.128515 -69.984261 171.847046 51.225864 11.144346 198.862091 42.426445               2015 
-57.060429 166.719406 17.111378 -40.115749 209.577988 31.084703 -67.507866 172.920380 57.179882 12.455675 201.159592 43.660267               2025 
-56.110291 167.461609 20.366848 -38.569851 210.648300 32.407413 -65.666107 175.074936 60.274544 14.176338 202.220718 44.221985               2033 
-54.886608 168.723373 24.480553 -36.111771 211.847275 34.680916 -63.533825 177.678177 63.954052 16.650923 202.524277 45.723946               2042 
-52.636177 168.084427 28.815235 -34.752087 212.114105 36.323933 -61.130722 178.711166 67.338768 18.361006 204.589310 47.054527               2051 
-51.471779 168.195160 32.038696 -33.271099 212.032669 39.819851 -59.149101 177.745361 70.322433 20.129808 204.182816 48.735661               2060 
-50.898933 168.247101 33.572002 -32.568024 211.994003 41.479481 -58.066463 177.375275 71.953125 20.950111 204.009171 49.530571               2069 
-49.704025 168.483963 35.920895 -31.044413 212.197693 43.141472 -56.604595 178.092712 74.157639 22.473400 203.938080 50.912659               2078 
-48.004719 168.987198 38.892387 -29.996357 213.110275 45.136341 -55.889641 179.322784 76.237335 23.493383 205.721619 53.912678               2087 
-47.152321 169.244583 40.367451 -29.480804 213.559189 46.117641 -55.537090 179.922394 77.299065 23.988300 206.618713 55.372555               2096 
-46.210670 168.972244 41.561005 -28.862289 213.344345 47.752148 -55.068893 179.356659 78.439819 24.547476 206.631592 57.504303               2105 
-46.428719 169.653122 44.802532 -28.793653 214.026276 50.027840 -55.767395 181.037720 81.156929 24.421684 207.122498 60.668995               2115 
-48.664219 172.695038 56.264835 -28.403423 216.143051 54.776318 -53.170502 187.359573 91.426338 25.334450 206.726654 58.818726               2124 
-49.043365 173.977829 61.948746 -27.565451 216.522598 57.366837 -50.882172 189.866302 96.466743 25.884176 204.872452 57.791306               2132 
-48.344784 173.775467 64.764526 -27.181202 216.185760 58.583488 -49.727257 190.341858 98.562439 26.153286 204.040878 57.744995               2142 
-47.909248 173.204773 66.079865 -27.115158 215.634857 59.091450 -49.600998 190.250427 99.326683 26.216856 203.478912 58.256187               2151 
-47.521076 172.573486 67.353462 -26.971825 215.002579 59.752209 -52.661293 188.609741 97.307526 26.344715 202.757568 59.334141               2160 
-46.662270 170.899338 68.475166 -25.613914 213.221710 61.744377 -53.867001 185.027420 96.297729 27.437181 199.946869 60.285583               2169 
-45.873795 169.804932 69.707153 -24.445139 211.954269 63.130783 -54.128326 183.080963 96.238464 28.348698 197.833298 60.645348               2178 
-46.155991 167.283905 70.793961 -24.197720 209.506638 67.085785 -53.727386 178.085144 98.195435 28.072380 194.634476 60.806923               2187 
-46.045242 165.080170 71.595558 -23.812481 207.305847 70.531258 -53.146702 173.794006 99.738220 28.051649 192.435425 61.489609               2196 
-46.445244 163.137573 72.478432 -24.489008 205.510529 73.332329 -53.454105 170.447922 101.083466 27.330791 191.323624 63.026566               2205 
-48.826771 163.843994 75.595444 -26.296186 205.910736 76.554337 -54.511295 170.529175 104.687721 24.762508 191.266083 63.465687               2214 
-49.863411 164.144165 77.001831 -27.117689 206.092651 78.018990 -55.004383 170.549316 106.300049 23.553354 191.276443 63.676964               2223 
-48.316422 162.002533 76.281937 -28.229748 205.238693 78.558510 -54.168510 167.381821 105.684570 23.351877 193.859024 64.324478               2232 
-47.370049 160.740509 76.073837 -28.903679 204.647003 79.107147 -53.795776 165.568878 105.483894 23.186811 195.250763 65.284691               2241 
-46.981350 160.514206 76.406624 -29.314989 204.740952 79.547050 -53.843922 165.293930 105.745056 23.034819 196.166229 66.177666               2250 
-46.680428 160.373947 76.637474 -29.504480 204.789932 79.825539 -53.846100 165.121597 105.911873 22.975965 196.698807 66.668594               2259 
-46.912277 160.248596 76.977203 -30.020060 204.781052 80.054321 -54.281769 165.108368 106.223404 22.553045 196.888351 67.149178               2268 
-46.958576 160.431946 77.259430 -30.193285 205.033005 80.021469 -54.542290 165.566971 106.443474 22.452393 197.098221 67.442101               2277 
-46.983940 160.568466 77.470551 -30.323935 205.223038 79.996696 -54.739109 165.910751 106.589897 22.375837 197.260208 67.663979               2286 
-46.993816 160.667175 77.625267 -30.420599 205.363647 79.978363 -54.890354 166.162811 106.694496 22.318830 197.382095 67.828621               2295 
-44.571217 163.745483 79.059052 -28.528456 208.183792 76.973053 -54.489353 172.318588 106.882530 24.306929 198.375946 66.726250               2304 
-42.797554 163.326019 79.137642 -28.114630 207.500534 76.652405 -55.047676 172.216248 106.456871 24.815550 197.367889 67.245270               2313 
-41.587757 163.346970 79.130363 -28.067337 207.423187 76.512131 -55.968803 172.117966 105.520523 24.967997 197.381256 67.613716               2322 
-40.987724 163.555450 79.225128 -27.995440 207.520569 76.514244 -56.631371 172.184402 104.805573 25.019962 197.330109 67.666061               2331 
-40.672501 163.622589 79.184250 -27.943674 207.490860 76.482849 -57.085728 172.129318 104.181503 25.001266 197.097122 67.451118               2340 
-40.953899 165.124603 80.720627 -27.866821 208.679794 76.966965 -58.034645 173.916367 104.613052 24.692554 197.207825 67.033470               2350 
-41.076439 164.642014 80.737656 -27.798365 208.106293 77.788300 -58.423107 172.836243 104.445404 24.457560 196.290558 66.721443               2359 
-41.142635 162.516708 80.312088 -27.297619 205.851807 79.902695 -58.163647 169.309692 104.620506 24.398476 193.942947 66.543747               2367 
-41.042576 160.909454 79.353432 -27.141682 204.159698 80.844002 -57.888130 166.565567 104.045921 24.274242 192.730560 66.060699               2377 
-40.946373 160.254974 78.916611 -27.075499 203.441528 81.243523 -57.802925 165.400299 103.726799 24.221874 192.254715 65.874611               2386 
-40.143856 159.752274 78.135925 -26.736856 203.031784 80.960388 -57.576305 164.572739 102.486687 24.782297 192.405731 65.939323               2395 
-40.060150 159.730484 77.454910 -26.652174 202.938721 80.927612 -57.747364 164.314957 101.654388 24.932493 192.377472 66.086761               2404 
-40.003468 159.724854 77.034142 -26.611792 202.896347 80.876068 -57.857983 164.224884 101.035881 25.015182 192.374390 66.154907               2413 
-39.624287 160.179657 76.385315 -26.892656 203.516251 80.300606 -58.224262 164.742630 99.693565 25.176260 193.444046 66.878700               2422 
-37.105415 160.725067 75.371513 -26.650143 204.616455 78.705597 -57.211372 165.352417 96.882164 26.121670 196.567383 66.742455               2431 
-36.215530 160.526291 74.680466 -26.587337 204.523743 78.536201 -57.069084 165.087830 94.900490 26.437111 197.353149 67.145020               2440 
-36.070400 160.522949 74.598686 -26.586496 204.523712 78.535286 -57.136627 165.382751 94.039574 26.465952 197.440857 67.219833               2449 
-34.459526 162.346985 75.270546 -26.413067 206.748199 77.496521 -56.388618 167.677673 93.130203 27.128773 200.781708 67.986465               2458 
-32.638268 164.358826 75.764671 -26.220671 209.082840 75.789764 -55.237671 169.983215 92.230568 27.680784 204.553558 67.611282               2467 
-31.706978 165.399323 76.003967 -26.126696 210.223175 74.956116 -54.619202 171.083511 91.703987 27.920815 206.457214 67.376343               2476 
-30.779819 165.787430 75.803955 -25.513655 210.637985 74.309227 -53.778107 171.494186 91.116020 28.540810 207.119385 66.660507               2485 
-30.171238 165.116760 74.734802 -25.098406 210.033051 74.261986 -53.514233 170.505295 89.466850 29.105724 206.853989 67.585571               2494 
-29.566568 164.909180 74.041481 -24.771351 209.888855 74.057159 -53.317940 170.211456 88.078957 29.526350 207.019867 68.032433               2503 
-28.299114 165.428467 73.869850 -24.495829 210.533920 73.240265 -52.595360 170.648514 87.014740 29.949064 208.659470 68.239395               2512 
-27.336843 165.714050 73.785080 -24.303991 210.983078 72.671486 -52.407585 170.989731 85.741974 30.220150 209.824051 68.365273               2521 
-26.303247 165.920471 74.145844 -24.058084 211.410538 72.171364 -52.208721 171.246918 84.818481 30.523603 210.989655 68.506546               2530 
-25.399836 165.994812 74.368523 -23.930620 211.638138 71.659637 -52.104935 171.258026 83.824791 30.683357 211.963791 68.501152               2540 
-24.478542 165.865875 74.541695 -23.743641 211.624405 71.264664 -51.855301 171.030716 82.909950 30.878174 212.705750 68.426239               2548 
-22.587980 165.438766 74.893654 -23.118517 211.218643 70.753799 -50.625706 170.084290 82.172279 31.479031 213.736801 68.401070               2558 
-20.317097 166.722198 76.745911 -22.842302 212.387222 71.483795 -48.900810 170.390564 83.413528 31.574162 217.098572 68.414543               2566 
-17.076565 165.978485 77.197685 -21.974102 211.346375 71.108177 -45.888062 168.389389 83.649544 32.148651 218.687759 68.009735               2575 
-14.235370 165.481445 77.558434 -21.202057 210.356613 70.808182 -43.315788 166.723511 83.923920 32.581963 219.849670 67.657028               2584 
-12.370507 165.471420 77.935577 -20.661552 209.839966 70.744064 -41.568775 166.108841 84.007614 32.888100 220.565430 67.555420               2593 
-11.079246 165.812988 78.548271 -20.213137 209.876312 70.964874 -40.352810 166.038177 84.089775 33.146824 221.490448 67.709862               2602 
-9.576181 165.236984 78.745270 -19.640797 209.003830 70.766136 -38.862980 164.952118 83.782448 33.469524 221.715164 67.528198               2612 
-8.381190 165.199783 78.943733 -19.223619 208.530746 70.755302 -37.823067 164.297943 83.651299 33.691826 222.002304 67.402489               2621 
-7.643764 165.053070 79.131706 -18.971031 208.156326 70.714874 -37.126656 163.798798 83.470566 33.797779 222.163193 67.246613               2630 
-7.247500 165.554260 79.609848 -18.850124 208.432220 70.984261 -37.027744 163.866180 83.230392 33.861794 222.620255 67.389542               2639 
-6.699119 165.252853 79.531075 -18.692137 207.978500 70.828499 -36.874664 162.972702 81.588295 33.892948 222.558258 66.954453               2648 
-6.050143 164.964096 79.612160 -18.487196 207.341583 70.692032 -36.486904 162.214294 80.955208 34.000412 222.227509 66.663528               2657 
-5.525133 164.930313 79.634682 -18.369570 206.837799 70.640411 -36.302784 161.727310 80.692101 34.079594 221.843750 66.556870               2666 
-5.095435 164.935867 79.467766 -18.549004 206.320328 70.550255 -36.234730 161.158676 80.333443 33.785698 221.641403 66.178436               2675 
-5.585036 167.192154 80.486588 -19.436806 208.237747 71.921295 -37.142654 163.129120 81.859131 32.774181 223.348557 65.720901               2684 
-5.929219 167.628510 80.596008 -19.918476 208.456131 72.111702 -37.735580 163.521164 82.224693 32.245552 223.314667 64.976761               2693 
-6.177495 167.894760 80.464745 -20.148958 208.510376 72.139809 -38.323883 163.749008 81.923248 32.067265 223.071747 64.777634               2702 
-6.280006 168.158554 80.280457 -20.370941 208.558517 72.099884 -38.617638 163.925751 81.778656 31.838070 223.048630 64.548431               2711 
-6.220752 168.463257 80.279457 -20.476864 208.672485 72.170815 -38.694752 164.086212 81.767860 31.703255 223.220490 64.531502               2720 
-6.500937 170.623917 81.326294 -21.441666 210.522812 73.552071 -38.995403 165.872772 83.897530 30.321224 225.432144 64.008301               2729 
-6.417517 170.622620 81.078796 -21.711781 210.302612 73.427147 -38.943501 165.578293 83.891739 29.899641 225.499313 63.523106               2739 
-5.791162 171.024841 80.681381 -21.032822 211.015228 75.312767 -38.265530 166.056351 84.739578 30.258755 226.127090 63.755329               2747 
-5.169543 169.428085 79.168381 -21.174135 209.293884 75.795227 -37.347584 163.707840 84.022858 29.519318 225.633423 63.306759               2756 
-4.790223 168.407471 78.188049 -21.266787 208.165314 76.111549 -36.603325 162.188690 83.564034 29.008728 225.347107 63.075939               2765 
