-14.109575 153.168976 113.293640 56.449306 128.702271 78.643982 3.572339 140.312363 114.328705 85.039467 87.984673 84.896172                  0 
-11.721878 153.286346 113.832550 58.263504 127.344246 78.439171 6.153026 139.699860 114.707458 86.585709 86.376488 84.262062                 17 
-10.592019 153.400467 113.830643 59.381397 126.749985 78.219879 7.615620 139.237579 114.786530 87.817368 85.829376 83.815353                 36 
-11.188886 153.958572 113.130257 60.001160 127.696060 78.374352 7.896515 139.090149 114.728088 89.693405 87.732521 84.348999                 54 
-11.545327 154.578888 112.878471 60.350975 128.106750 78.637009 8.161932 139.050781 114.935974 90.650940 88.619781 84.728104                 72 
-11.847951 156.100998 112.501236 60.424324 128.062164 78.897316 8.283055 139.322235 115.066566 90.659286 88.526634 84.996414                 90 
-11.761733 156.833817 112.595352 60.667774 127.802902 79.181244 8.626179 139.212631 115.307915 90.667664 88.026947 84.863663                108 
-11.936089 157.535248 112.329445 60.849907 127.965668 79.184486 8.700599 139.014740 115.021103 90.983543 88.259254 84.641075                126 
-12.045971 157.693893 112.141670 61.003273 128.102737 79.187218 8.792928 138.895554 114.860878 91.251091 88.457672 84.454918                144 
-12.088111 158.099518 111.960831 61.094208 128.124023 79.228577 9.078654 139.247559 114.957291 91.328293 88.450821 84.361458                162 
-11.941513 159.856705 111.516075 61.230141 128.127182 79.223152 9.592010 139.954758 115.167191 91.323517 88.331161 84.230629                180 
-10.126442 165.449814 109.576881 62.191742 129.065018 78.179268 11.233178 142.802567 114.393562 91.395531 88.632584 83.352921                198 
-7.017161 174.178329 103.087051 64.105591 132.000488 74.431915 14.064490 149.858002 110.471367 91.788445 90.760971 81.314644                216 
-5.656444 187.320343 90.876808 63.764370 137.643356 69.348595 13.199038 160.990402 101.804047 87.458656 94.544983 79.122055                235 
-10.140516 195.235397 80.413574 62.585396 147.347305 67.095230 7.420470 168.637466 92.967842 85.145821 103.852226 77.754250                253 
-16.028433 206.918991 63.236702 57.027649 157.744812 59.897335 -0.788111 180.021835 78.484642 77.092400 113.645187 72.821655                271 
-16.695517 215.420624 46.396057 54.861736 163.984482 49.423840 -3.516359 188.305588 64.167297 72.723030 119.501221 64.141983                289 
-19.584764 221.796738 26.244057 51.440243 170.718140 36.314312 -8.407591 194.657547 47.459293 68.587486 126.362312 52.218460                307 
-18.766670 226.397476 5.869877 50.090107 175.074295 24.091194 -10.994260 199.392410 30.872574 65.616081 130.806534 41.803326                325 
-19.154572 229.402267 -15.351216 48.122753 179.234772 9.644084 -14.032270 203.424271 13.040910 62.761738 135.677612 29.716036                343 
-9.131639 233.093094 -45.336327 48.362026 179.785675 -4.648179 -19.092949 198.093201 0.557457 67.719856 142.913712 23.282846                361 
-6.191291 234.381836 -67.784500 46.631344 179.463120 -18.210627 -24.120295 193.610992 -16.148508 66.364334 145.578873 13.044399                379 
-4.091330 234.547256 -84.760925 45.070801 178.595490 -30.685381 -26.427832 191.893951 -31.866070 63.683689 145.912979 2.478205                397 
-3.531427 232.349945 -99.737534 43.733170 177.186646 -42.046776 -28.435629 188.183777 -46.104717 61.941093 146.016769 -7.242736                415 
-5.373103 227.383255 -111.829514 42.700504 175.790604 -50.831730 -30.473820 181.928162 -56.689995 61.776844 147.035614 -14.449677                433 
-6.664560 224.424133 -124.527306 40.362221 174.553375 -60.413761 -33.349033 176.915543 -68.343102 59.468632 147.857498 -22.510130                451 
-10.080419 216.993423 -133.004654 39.287121 172.730118 -65.813980 -34.501476 167.535065 -74.472900 60.148876 149.892227 -26.347187                469 
-12.401420 208.935364 -138.991364 38.669418 169.227966 -69.571129 -34.568115 157.403656 -78.305641 60.904125 149.917633 -28.986177                487 
-15.945398 200.447678 -149.421341 35.789921 167.141296 -76.774422 -36.374378 149.352493 -85.736115 58.525280 152.015732 -34.718140                506 
-21.020842 187.030746 -157.918137 33.518757 164.674164 -82.951561 -38.041752 143.344955 -87.068962 57.974346 156.215179 -40.000664                524 
-21.186207 183.111969 -164.374191 32.978886 166.601303 -87.584709 -36.831051 141.394119 -92.453163 57.040318 161.178009 -43.926434                542 
-23.152042 177.525787 -168.792252 31.567911 166.982635 -91.306030 -34.820404 136.134369 -96.894821 55.707794 164.537903 -47.423241                560 
-22.676912 176.536789 -174.405151 31.207701 167.682968 -96.094856 -31.972317 134.486038 -104.021416 54.843571 166.148148 -51.897572                578 
-26.643440 174.796555 -178.559601 29.597235 169.921906 -101.539177 -30.775013 134.136108 -108.012688 54.507336 170.537460 -58.024609                596 
-23.885700 170.820099 -182.131470 29.527218 171.124329 -102.937744 -29.698671 135.383713 -109.577766 52.961983 174.850861 -58.763832                614 
-21.912035 173.347092 -186.032425 28.287479 171.773361 -104.745255 -31.664589 139.505783 -113.709167 50.238811 174.929779 -59.772083                632 
-28.108585 171.598877 -185.363693 23.635826 173.160751 -105.020927 -35.569214 140.551529 -111.918411 46.521976 178.154587 -60.684757                650 
-33.911160 190.583405 -184.773758 18.631144 176.429916 -106.172638 -43.491440 152.336472 -115.419258 42.613449 173.486816 -62.234081                668 
-37.189369 205.142349 -185.777054 10.447052 178.395493 -107.301888 -54.603539 168.194229 -117.697510 32.954830 169.501724 -63.384800                686 
-59.005302 206.423401 -174.409241 -0.198449 180.632889 -104.720848 -65.747932 174.107681 -107.889969 26.957623 169.446487 -64.078232                704 
-71.668320 206.176483 -163.764893 -8.220985 183.309692 -98.046204 -73.426888 176.991165 -100.228668 19.905252 171.097244 -58.370255                723 
-81.296219 205.639603 -153.183029 -15.864011 186.001617 -89.344872 -80.743317 178.861755 -92.245209 12.247092 173.433304 -49.769459                741 
-97.955925 214.051270 -146.706497 -30.605272 192.263718 -85.717888 -94.995392 182.681839 -89.276886 -1.645993 177.104797 -47.691887                759 
-111.974258 208.305786 -130.862839 -39.708546 190.192841 -74.905594 -102.503319 173.471802 -78.088226 -7.752765 174.738953 -39.487869                777 
-125.057137 198.019684 -123.278519 -50.534943 186.301819 -69.151833 -112.430054 166.700760 -71.088615 -17.255718 173.010223 -34.077095                795 
-138.685898 184.889343 -111.969788 -61.339615 182.210648 -62.637402 -121.534286 158.062180 -62.790756 -25.890512 171.155106 -28.939533                813 
-148.720261 172.687683 -105.952995 -71.529526 177.102936 -58.456631 -130.475342 150.351593 -59.154850 -35.700249 167.507080 -24.713598                831 
-154.636414 168.039200 -100.353806 -77.486290 174.607697 -53.550816 -136.029343 147.093002 -54.439850 -41.569038 165.431808 -19.784500                849 
-163.404053 156.389313 -96.034966 -85.576485 169.583130 -52.045689 -142.969330 139.841095 -49.675888 -48.615051 164.148193 -18.598362                867 
-170.115616 147.551834 -93.958870 -93.643127 165.847260 -50.291321 -151.158890 136.437164 -47.081398 -57.727772 163.361130 -15.386931                885 
-179.084503 141.880981 -90.400375 -101.593399 161.910889 -50.004185 -158.628082 132.601212 -45.448837 -65.063049 160.245529 -15.694268                903 
-185.384796 137.841400 -90.267815 -108.406113 158.670242 -50.200157 -165.191132 128.887085 -46.961300 -72.204788 156.483536 -15.572242                921 
-192.113480 136.491302 -90.864441 -114.806648 154.046692 -50.239925 -171.974915 124.921692 -49.064980 -78.658165 148.972626 -15.860409                939 
-197.056946 130.363037 -90.592796 -120.318703 148.606339 -50.283119 -176.925278 118.391968 -50.729137 -84.067505 142.356247 -16.206776                958 
-198.002777 127.032448 -88.616417 -121.333023 147.219162 -50.230701 -177.735260 116.572891 -50.105354 -84.647034 141.154160 -16.589003                976 
-199.058731 122.324852 -87.230392 -122.692993 145.519058 -50.187469 -178.651093 114.134171 -48.682060 -85.876190 141.371323 -16.397985                994 
-201.569397 118.616562 -84.984474 -124.828743 143.203461 -49.687664 -180.742218 112.382767 -46.601456 -87.926773 140.614197 -15.835771               1012 
-209.252548 116.918449 -91.153206 -132.456161 137.826813 -53.658001 -188.668121 108.009392 -53.411583 -96.090019 132.568024 -19.536766               1030 
-211.613708 113.213402 -91.845985 -134.944305 133.534836 -53.687958 -190.145309 102.351639 -55.321514 -98.127174 126.910866 -20.295879               1048 
-212.192734 112.308418 -91.957802 -135.514694 132.550964 -53.694828 -190.080414 100.893608 -56.201096 -98.579521 125.630714 -20.493723               1066 
-212.617188 111.642746 -91.883804 -135.797272 131.946075 -53.867619 -190.205566 100.291191 -56.435658 -98.774796 125.041786 -20.760572               1084 
-213.111954 113.383286 -90.470200 -134.966476 132.657639 -54.618683 -189.769745 102.474167 -55.790043 -97.548492 125.779404 -21.953808               1102 
-210.448929 117.845978 -84.725418 -129.935135 134.690582 -52.870373 -186.052521 107.701988 -50.578583 -91.776718 127.778862 -21.080854               1120 
-209.252228 120.225784 -83.847488 -127.695290 132.408142 -52.357399 -184.667419 107.489311 -50.744217 -89.464958 122.542023 -21.446053               1138 
-208.904083 122.541466 -83.909935 -126.799805 132.272202 -52.444160 -184.039856 108.021034 -51.260212 -88.484505 120.915688 -22.155922               1156 
-204.821732 129.529007 -83.693039 -122.225571 135.121384 -51.524506 -179.973633 111.580818 -51.317699 -83.984688 121.352089 -22.156984               1174 
-200.125732 140.468597 -83.742653 -117.982384 139.295959 -49.235672 -176.604828 117.052757 -52.412674 -80.688095 121.132256 -21.064314               1192 
-198.604752 152.641174 -84.238220 -117.071342 147.521652 -47.803574 -178.133713 126.455322 -49.375965 -80.638184 127.487511 -19.773806               1211 
-197.393021 165.970718 -84.760223 -115.805481 155.364182 -48.959904 -180.497696 137.619507 -45.268478 -79.985390 132.668625 -22.197191               1229 
-198.886917 177.363754 -84.886597 -116.672119 163.984329 -51.035343 -182.155045 144.487122 -46.544903 -80.113091 139.075775 -27.425800               1247 
-198.717575 184.727341 -74.058769 -113.282997 176.567001 -46.473858 -178.794983 159.178421 -28.303045 -74.201057 155.926346 -22.788944               1265 
-198.588989 186.499649 -61.136814 -110.341789 183.982147 -41.068604 -173.402786 168.741226 -11.394951 -68.226746 168.440369 -18.726137               1283 
-197.192307 187.339478 -45.695908 -106.664101 186.941208 -36.362984 -164.996887 176.336075 4.276747 -61.584702 175.304184 -17.739420               1301 
-188.939926 187.606293 -23.600510 -97.596222 190.372269 -24.914436 -149.864578 185.132294 24.658045 -50.006466 183.107544 -10.884175               1319 
-180.026901 187.651611 -0.671481 -89.388000 192.568756 -13.182343 -134.694885 192.334946 43.509941 -40.132763 188.136261 -4.894724               1337 
-170.636719 188.481964 18.260931 -80.860626 192.699936 -0.320162 -121.740265 192.113266 60.025658 -31.190941 187.315659 3.962574               1355 
-159.970337 188.361725 34.387001 -71.504837 192.215271 9.963284 -105.112122 212.592667 73.991798 -21.569538 187.865662 11.362070               1373 
-153.132599 188.820633 41.112560 -63.472775 188.717712 20.466042 -92.960144 225.443527 80.068283 -13.974848 181.120300 23.043779               1391 
-148.654129 191.130569 46.952579 -58.539001 187.756348 28.040554 -86.771492 231.612366 84.552399 -9.292308 178.979996 31.526051               1409 
-143.615570 188.727600 54.176056 -53.588234 184.324860 34.858700 -78.557343 234.544846 89.413528 -4.353652 175.450012 38.265003               1427 
-139.231567 183.455383 66.512833 -49.955578 181.168167 43.566982 -71.458900 235.026810 98.000450 -0.405238 173.609665 44.996258               1446 
-130.970825 182.234680 74.392296 -41.886551 177.634674 51.027504 -58.142040 230.482285 109.320229 7.205273 167.428833 51.520950               1464 
-122.892036 182.612717 84.761070 -36.183807 171.561356 55.293919 -44.152760 226.811172 113.521423 12.027575 158.054031 52.532650               1482 
-118.313988 183.927460 83.524353 -30.659784 171.421234 57.551998 -40.526768 235.192932 106.511185 17.962423 159.162201 57.634720               1500 
-84.814842 160.289001 102.202599 -27.220444 170.214951 63.114536 -41.472198 238.922958 104.276054 21.551039 159.681732 68.094856               1518 
-72.451057 151.553619 107.202644 -22.577164 169.568268 64.275902 -37.018257 238.147232 106.362534 26.229015 159.527481 69.892784               1536 
-65.049126 143.523880 111.724289 -17.505672 166.977890 69.038124 -32.688496 232.678314 115.624146 31.600571 157.874298 73.522690               1554 
-60.597137 141.726105 113.988052 -12.598574 164.196442 72.649529 -27.668665 231.394669 117.418953 36.157036 154.356461 79.011536               1572 
-36.642879 166.731720 112.633026 25.145172 170.162369 81.791122 -20.104233 175.744461 123.751564 65.712494 142.893097 92.975471               1590 
-24.243645 170.777512 113.116966 41.001427 159.287018 88.306038 -14.821005 164.871216 124.192787 73.290642 122.668915 99.748550               1608 
-19.166384 170.945053 113.680794 46.112827 156.602005 89.378960 -10.483448 164.026917 124.669479 76.310921 118.027489 100.079056               1626 
-17.580053 172.539063 114.232231 47.580093 156.541718 90.363190 -8.697887 166.619843 125.959709 77.818985 118.657700 103.201416               1644 
-15.349700 169.433411 113.276207 50.602268 154.114655 90.856766 -6.775622 162.940811 124.973503 80.388344 115.692352 103.141991               1662 
-7.411617 165.119629 116.022308 55.642941 147.307327 87.340553 1.663247 156.824585 126.449409 83.208923 105.910011 93.727173               1681 
-6.288423 163.307190 116.065918 56.883053 147.097900 86.297981 3.135185 154.648651 126.120003 84.930443 105.789528 90.921021               1699 
-6.200098 163.117126 116.138855 57.084667 147.076355 86.151115 3.454356 154.406265 126.108940 85.198448 105.777504 90.444153               1717 
-6.461197 163.216141 116.138100 57.075737 147.103241 86.164192 3.465271 154.446823 126.011192 85.194962 105.798065 90.359604               1735 
-6.712952 163.337906 116.134583 57.143394 147.149826 86.175339 3.583516 154.538528 125.924782 85.270836 105.835983 90.227989               1753 
-6.901718 163.742722 116.375954 57.128460 147.808563 86.301323 3.719633 155.206100 126.052109 85.429810 106.606567 90.281212               1771 
-7.925319 163.670135 116.580399 56.561665 148.724060 86.729546 2.994361 155.416229 125.895805 85.171257 107.692825 90.242233               1789 
-9.959599 162.553787 116.262230 55.624325 148.953430 87.887451 0.839506 154.023499 124.393738 84.332260 107.937325 90.705826               1807 
-11.755218 163.237198 116.340843 54.819393 150.163101 89.799629 -0.899634 154.943008 123.610329 83.764198 109.367943 93.315758               1825 
-13.973568 164.851944 115.877647 53.785271 153.520081 91.463814 -2.794872 157.581009 123.135315 84.368828 114.247704 97.524811               1843 
-13.985811 164.620636 115.927750 53.675117 153.204697 91.168175 -2.726348 157.323334 122.112289 84.144493 113.786278 96.843941               1862 
-13.264129 165.141937 116.011566 54.111900 152.619171 90.911476 -1.932725 157.959213 121.827522 84.197037 112.957642 96.932869               1879 
-12.861868 164.961624 115.923203 54.412296 152.124069 90.662285 -1.461854 158.023560 121.189331 84.265175 112.300652 96.770607               1897 
-10.783389 163.425964 115.367821 56.138939 149.891830 89.377724 0.854442 156.743637 120.406097 85.365219 109.493492 94.688881               1916 
-8.919370 164.462524 114.805084 56.978912 148.393433 87.538017 3.264895 158.666428 120.009521 85.690742 107.810638 94.101334               1934 
-9.309348 164.707840 114.680580 56.728172 148.974106 87.480209 3.067554 159.216309 119.733566 85.808983 108.718391 94.422417               1952 
-8.800983 163.219574 114.197174 57.009586 147.888992 86.191849 3.693596 157.767532 118.913780 86.154716 107.543991 92.295341               1970 
-7.657624 163.748337 114.456779 57.768936 147.600845 86.043129 4.914660 158.463089 119.027817 86.517715 106.981117 92.203926               1988 
-8.204601 163.854752 114.299927 57.942108 148.833633 86.941673 4.307545 158.555542 117.927010 87.352493 108.788666 93.712158               2006 
-10.001399 166.618591 113.901207 57.958748 153.264175 90.381462 2.595298 162.081024 117.618454 88.904381 115.255463 100.969948               2024 
