-15.388568 140.912476 92.676720 54.535362 132.323990 79.769791 12.074394 155.098221 107.825485 78.288902 88.411865 81.526970                  0 
-14.695643 142.129272 92.995384 54.834927 131.622253 79.315414 12.775306 154.754639 108.049316 77.190155 86.950661 79.849335                 18 
-13.966061 143.363602 93.140297 55.306492 131.672592 79.045631 13.472543 155.371964 108.012917 76.904671 86.629013 79.477768                 36 
-14.543165 145.211044 92.815376 54.754715 133.373169 78.910446 12.591620 157.327759 107.514618 76.370834 88.349686 80.015762                 54 
-15.062392 146.594803 92.470940 54.270626 134.628265 78.821205 11.834935 158.794357 107.123878 75.861221 89.608177 80.442726                 72 
-14.369905 146.578400 92.176102 54.894722 134.282913 78.360634 12.403331 158.613724 106.956253 76.240372 89.145660 79.967918                 90 
-14.799763 147.172424 91.489334 54.495983 134.799713 77.875031 11.473718 158.945068 106.376930 75.691566 89.592453 79.501122                108 
-15.101110 147.539459 91.048943 54.197247 134.987152 77.453583 10.689672 159.063278 105.879074 75.258362 89.724380 79.270996                126 
-15.170728 147.964432 90.708275 54.160454 135.064789 77.379555 9.964206 158.998093 105.531708 75.029434 89.722397 79.415390                144 
-15.027105 148.365875 90.489487 54.377335 134.880661 77.252991 9.643742 158.760284 105.284859 74.984398 89.424232 79.410477                162 
-15.587915 149.426086 90.180199 54.154606 135.182999 76.858986 8.980828 159.045456 104.859871 74.749489 89.739700 79.378937                180 
-15.999206 150.331146 90.041855 54.185116 135.029587 76.693359 8.781974 158.964462 104.768280 74.624580 89.523125 79.335815                198 
-16.283001 151.360779 89.971809 54.286179 135.061523 76.624580 8.683864 159.065857 104.767052 74.558296 89.485123 79.349594                217 
-16.669151 152.062820 89.768661 54.279648 135.050247 76.567299 8.358266 158.980530 104.619301 74.459938 89.437057 79.357536                234 
-16.183273 153.219940 89.245796 55.069134 134.339294 76.386452 8.941559 158.698792 104.192505 74.753784 88.529419 79.478706                253 
-15.834328 153.595154 89.007843 55.581116 134.036392 76.166542 9.215117 158.427292 103.985764 75.122925 88.170959 79.340294                271 
-15.552201 153.952057 88.994400 55.998806 133.590393 76.204498 9.436117 158.102890 103.967827 75.353951 87.656601 79.529861                289 
-15.449178 154.338593 89.102394 56.344063 133.086807 76.232094 9.700191 157.656555 104.088081 75.631538 87.130325 79.636215                307 
-15.610752 154.856689 88.782417 56.442844 132.967896 76.157135 9.562659 157.576492 103.862335 75.679741 87.005493 79.761429                325 
-16.047031 155.800858 88.458412 56.403103 132.980621 76.160278 9.308965 157.583069 103.748650 75.636108 87.028389 79.912155                343 
-16.439194 157.081436 87.822853 56.358810 132.906723 76.080940 9.084682 157.687515 103.421371 75.382652 86.882248 80.009521                361 
-16.724346 158.453568 86.859207 56.404881 133.189880 75.940971 8.906142 158.295364 102.778282 75.298965 87.164429 80.442535                379 
-16.693216 160.443817 85.048737 56.415436 133.455246 75.097610 8.979345 159.593903 101.261841 74.706497 87.288902 80.547226                397 
-16.608185 162.943222 82.230331 56.363842 134.224228 73.755440 8.935930 161.589050 98.912781 73.875732 87.908821 80.374268                415 
-8.655567 162.303085 75.724335 27.902214 170.975616 55.417206 -3.859236 185.764069 132.984329 53.351063 128.589935 62.586758                433 
-6.518857 164.046753 70.755005 22.592712 178.810974 50.338120 -5.879686 193.185364 137.060104 46.701973 135.556366 56.924091                452 
-9.532049 168.032242 62.203865 19.657804 183.120804 42.614658 -13.034918 199.862473 128.341400 43.601563 140.152939 51.335403                470 
-6.363653 170.269058 49.745552 25.262711 184.107803 33.267235 -14.330070 201.113098 115.831436 45.594315 139.492722 42.843964                488 
-5.569574 172.315170 38.144039 28.215551 184.028259 24.587963 -17.373960 203.634125 103.191345 44.451340 138.038376 35.401035                506 
-5.536576 173.244293 22.278015 30.576754 182.447784 14.307321 -26.794565 209.090302 82.197334 41.753433 136.330154 29.922647                524 
-6.164766 174.613403 9.207065 30.880135 182.294739 5.806534 -34.164227 215.037079 62.879723 37.980473 136.876251 25.360001                542 
-6.266902 175.662415 -3.923898 31.154600 182.010941 -3.955469 -37.723328 218.915695 45.231895 34.728207 137.039139 17.500515                560 
-10.288291 178.737411 -20.662230 27.009338 184.126495 -16.177681 -45.995373 226.714340 20.409828 26.209661 140.850525 8.765127                578 
-12.793631 182.481293 -36.183571 24.310278 186.231552 -29.027128 -48.446415 233.976135 0.824534 19.556993 143.994537 -2.777681                596 
0.208365 231.642242 -60.040260 31.487240 179.058243 -23.680103 -38.334766 189.962128 -27.102144 42.215698 139.883041 5.402474                614 
-6.747160 231.031204 -71.140999 34.977715 174.410767 -27.598030 -36.292267 174.886978 -34.066017 52.197361 138.228165 2.233086                632 
-8.756610 228.996109 -81.994263 34.843315 173.658264 -35.210491 -36.889084 170.786804 -42.318836 53.605122 139.600189 -3.847552                650 
-13.527693 223.948364 -95.141167 32.343449 173.233719 -45.145359 -38.961376 165.476044 -54.115498 52.351276 141.509918 -12.147171                668 
-17.971577 218.316971 -106.132545 29.820528 172.352966 -53.250359 -40.707928 159.868454 -63.221817 51.042500 143.228317 -18.653025                687 
-23.556774 211.350952 -114.302345 28.274670 173.753860 -58.428608 -41.409569 155.590027 -65.543762 52.179493 149.683243 -21.757669                705 
-29.262875 204.471375 -122.651489 25.290712 173.991425 -64.737556 -42.912659 150.790756 -70.319443 51.014969 154.221176 -26.750820                723 
-33.792465 197.480957 -126.869377 22.845757 172.558792 -68.100769 -43.166515 144.254562 -73.591217 49.952297 155.832291 -29.616335                741 
-35.399372 193.593933 -127.971786 22.161331 172.024063 -69.076202 -41.401608 141.752396 -75.853767 49.861012 156.873383 -30.362165                759 
-37.378593 185.034744 -137.520126 19.226368 173.267471 -75.305389 -41.358849 139.868484 -81.606682 46.311386 163.947327 -34.377045                777 
-37.106796 177.719589 -148.398590 15.542180 174.212112 -82.523323 -41.981281 137.767487 -91.377769 40.022465 168.984451 -39.291626                795 
-37.521164 171.153412 -150.766129 13.831903 175.596191 -85.355865 -42.360283 137.743332 -93.513847 37.421715 173.667633 -41.362751                813 
-40.230518 167.262680 -148.186325 12.885771 176.353683 -85.761482 -42.575298 138.040161 -91.609627 37.632401 176.229141 -42.365849                831 
-40.790176 165.596130 -146.627167 12.629721 177.335175 -85.590027 -41.730320 138.446854 -91.093628 37.603390 178.200912 -42.333134                849 
-45.133263 169.887863 -146.753113 9.234249 181.079620 -86.700043 -43.377087 140.703613 -93.368759 35.119293 180.835968 -43.974205                867 
-50.325169 176.133636 -146.810913 5.204628 184.620758 -87.463066 -46.845818 144.429031 -95.694473 31.927589 182.283188 -45.320316                885 
-54.068653 179.720688 -145.939606 1.560951 187.150528 -86.644379 -49.696278 146.683929 -96.411011 28.482134 183.725555 -44.702610                903 
-59.811661 187.270157 -141.621475 -1.611875 189.587769 -84.544868 -54.472980 152.404266 -94.714035 26.714941 182.942474 -43.936691                921 
-68.724358 200.639709 -133.051193 -6.676038 192.497070 -80.906677 -62.538322 161.453674 -91.180359 23.712568 179.395966 -43.483612                939 
-75.604828 206.420471 -128.657257 -12.825597 195.592194 -78.097702 -70.006287 167.845901 -87.502914 17.764732 181.001770 -41.396965                958 
-84.509460 219.052490 -117.940544 -19.856977 198.158279 -73.284500 -79.405731 176.799805 -81.557152 11.585718 177.509201 -40.412556                976 
-93.761124 217.495529 -114.400780 -27.670219 201.347748 -69.978249 -86.355644 177.923431 -76.472969 5.089952 183.449646 -36.781536                994 
-103.125145 217.997223 -104.547134 -34.827660 200.702942 -64.224968 -93.323250 177.368393 -69.400291 -0.275911 181.577850 -33.630852               1012 
-111.566605 216.707291 -97.492912 -42.139679 200.228455 -59.346165 -100.142265 176.558670 -64.214455 -6.477765 180.884171 -30.197945               1030 
-120.384743 214.563324 -90.404938 -50.527859 196.418198 -54.899731 -108.830925 174.369980 -60.049385 -14.496204 175.086105 -27.655396               1048 
-128.113647 208.836243 -84.127182 -57.332432 192.433502 -50.866711 -115.179123 169.761917 -55.697777 -20.255335 171.094864 -25.068575               1066 
-136.476273 202.005615 -80.248962 -64.921959 188.815872 -48.171978 -122.169540 164.876328 -52.125114 -26.848339 168.678879 -22.864002               1084 
-145.439377 194.633728 -73.788475 -72.103203 183.559738 -45.593857 -128.541016 157.807175 -47.855408 -32.127472 164.092148 -22.822245               1102 
-155.556808 186.169632 -74.966454 -81.844948 181.361023 -46.492222 -137.093399 153.200119 -46.320152 -40.944004 165.639114 -22.502079               1120 
-163.507690 180.315842 -75.486015 -89.710419 180.457443 -47.340191 -144.609161 151.862869 -44.318760 -48.395756 167.601898 -22.371693               1138 
-172.051620 176.293259 -76.147713 -98.041855 175.795044 -48.495003 -153.670486 148.852280 -44.681011 -56.825089 162.362030 -23.669111               1157 
-179.831009 170.745255 -76.129478 -105.516716 172.684341 -49.244095 -160.495865 144.663223 -44.290840 -63.755230 160.711426 -24.581980               1175 
-181.196365 162.256195 -70.257584 -106.327965 164.716461 -45.157745 -160.409943 135.076065 -40.977421 -63.648029 152.130569 -22.450682               1193 
-182.052765 158.075607 -70.404648 -107.833511 160.942322 -43.582378 -161.539795 130.707779 -41.902710 -65.546806 148.034637 -20.326868               1211 
-189.045868 146.761688 -77.782730 -116.792168 160.251953 -48.913086 -168.557861 127.560112 -43.829468 -75.289497 155.187698 -21.573107               1229 
-190.915161 142.852646 -74.615265 -118.088028 157.032974 -47.573444 -169.836792 124.702522 -40.772388 -76.075455 152.477814 -20.931616               1247 
-193.792389 136.303665 -74.015854 -121.464615 156.444672 -49.572559 -171.358536 122.589676 -39.838940 -79.065666 156.198166 -23.155504               1265 
-196.490631 135.121063 -71.801353 -123.206345 154.063828 -49.353466 -172.837982 120.288803 -39.701622 -79.945335 152.501846 -24.420799               1283 
-198.797729 131.210068 -71.619705 -125.424706 149.939987 -49.083881 -173.896698 114.780754 -41.884808 -81.842033 147.501038 -24.789959               1301 
-199.397354 128.336716 -72.024429 -126.338898 148.328018 -49.228046 -173.834396 112.403313 -42.802483 -83.027992 146.831161 -24.378139               1319 
-200.675552 127.874367 -74.358803 -127.720734 146.577728 -49.921967 -175.975830 111.568146 -44.760269 -85.081207 144.302307 -23.993502               1337 
-203.635651 126.516823 -76.872452 -130.557129 143.401215 -51.301838 -179.324173 108.916313 -47.783192 -88.186241 139.635971 -25.107887               1355 
-204.463409 123.562035 -78.661148 -132.294418 144.458267 -53.306652 -180.416718 109.392693 -47.655991 -90.491638 144.123352 -25.956913               1373 
-204.884430 122.184433 -79.046364 -133.033356 144.907867 -54.159378 -180.792343 109.690598 -47.670116 -91.463753 146.075027 -26.479086               1391 
-204.296524 121.882088 -78.378677 -132.144699 144.380402 -53.795639 -180.111053 109.552086 -47.433994 -90.541641 145.244873 -26.154531               1410 
-203.028824 122.789665 -79.774139 -130.650558 142.125961 -52.793377 -179.587387 108.340790 -49.559227 -89.536308 140.189240 -24.483294               1428 
-202.444046 125.381393 -81.098518 -129.631577 139.700439 -51.907509 -180.889191 108.340912 -50.951088 -88.950638 133.542770 -23.574903               1446 
-202.286331 129.176620 -82.461166 -129.080017 139.423416 -52.209045 -185.127167 113.184601 -47.182144 -88.845917 130.093109 -24.106462               1464 
-202.644379 134.650650 -84.744431 -128.894302 143.957977 -55.136051 -187.795731 119.664101 -44.690254 -88.075775 133.170258 -28.432758               1482 
-203.861755 139.772614 -86.552582 -129.910416 146.887985 -56.263885 -191.610306 125.380951 -41.449711 -89.434410 134.482162 -29.742558               1500 
-201.956955 145.780457 -84.666733 -127.233208 149.375885 -55.027077 -190.613327 130.679260 -37.136223 -86.962029 134.708511 -29.362062               1518 
-200.193588 152.747665 -79.466660 -123.849052 153.403610 -53.106186 -187.576691 138.161102 -31.011631 -83.215424 137.502945 -28.781923               1536 
-198.969330 158.325546 -75.690140 -121.474190 157.072891 -51.471111 -185.301941 145.362991 -25.113459 -80.613731 140.631714 -27.897760               1554 
-198.040253 161.524414 -69.370338 -118.879295 160.519318 -49.373795 -181.351944 152.873093 -16.728739 -76.864861 145.176773 -27.125521               1572 
-194.541946 165.186722 -60.119778 -113.916092 164.653458 -44.634521 -174.277176 157.060913 -7.216931 -70.427948 149.915634 -24.957872               1590 
-194.542068 164.867096 -51.096855 -112.648941 166.254349 -40.842442 -170.009445 161.167740 2.369744 -67.529129 153.886993 -23.325493               1608 
-190.996536 162.750443 -37.759621 -108.210197 169.020279 -35.052734 -160.649841 164.314423 14.169523 -60.828789 161.228302 -21.273037               1626 
-182.463074 157.014099 -23.451452 -99.820869 168.752136 -26.437258 -147.918198 163.185318 27.021580 -51.057995 165.805374 -15.992592               1644 
-176.244614 155.626846 -14.846625 -93.714333 169.111755 -21.171318 -139.335983 169.490570 34.969158 -44.484344 169.141022 -12.686039               1662 
-166.198334 153.138992 -0.848271 -84.777481 169.304352 -14.522965 -126.705528 178.855621 43.753830 -35.231216 173.905045 -10.096448               1681 
-162.379257 159.124619 1.841809 -80.125900 172.931519 -10.283570 -121.995689 184.896957 48.044403 -30.498480 176.274933 -5.643223               1699 
-154.445145 169.648285 -2.783513 -70.099045 172.495010 -1.634274 -116.952530 192.150497 50.452755 -21.664642 168.417297 9.901464               1717 
-147.733704 174.368454 -0.103120 -63.512081 174.495132 6.206944 -111.716957 197.946884 55.696457 -15.956637 168.415176 20.246407               1735 
-138.801453 174.352661 6.418019 -54.476326 173.597473 11.458134 -100.999680 198.374435 62.159603 -6.748257 166.676086 24.485727               1753 
-135.899078 173.412888 10.302269 -51.553349 172.798401 15.305149 -95.767670 203.176956 65.710350 -3.788383 165.922028 28.220877               1771 
-130.565201 167.065536 15.631154 -46.322628 170.704330 21.308447 -87.636513 212.545013 67.776062 1.584445 166.914551 34.951843               1789 
-127.376091 163.274734 19.687563 -43.212296 169.211258 24.780439 -85.580246 211.542130 65.941643 4.864557 166.966934 38.165947               1807 
-121.179008 157.976822 27.830212 -37.032532 165.920624 29.629818 -78.560150 208.404343 69.786163 11.580009 164.855118 41.087479               1825 
-106.745110 171.367584 28.756401 -22.935671 161.887527 34.687595 -55.135803 209.411438 77.182320 23.722296 149.465134 47.505970               1843 
-97.435822 177.637390 35.819569 -14.932857 159.551086 40.405159 -38.883026 207.946442 86.975197 30.247412 141.260208 51.349567               1862 
-91.918648 177.561081 42.025181 -9.472911 158.669434 44.502010 -29.649889 206.433167 94.059280 35.728733 139.438812 53.589748               1880 
-87.233887 177.267273 45.967014 -4.887125 158.101471 50.050186 -25.460241 203.286743 102.595139 40.018356 138.259735 59.291149               1898 
-79.652054 179.729355 47.651363 1.898061 158.041199 54.594509 -17.632412 205.201904 106.341171 45.872696 136.948212 65.406990               1916 
-76.464447 181.200958 48.586895 4.499200 157.721420 56.718666 -14.358983 205.290604 108.528297 47.867065 135.675064 68.066750               1934 
-67.853722 185.841187 47.859802 10.603746 156.857895 61.276909 -8.642470 205.522919 111.688065 51.542397 131.940643 75.374794               1952 
-64.569206 186.790176 48.094971 12.617097 155.720657 64.075256 -8.399142 202.961792 114.612312 52.401546 129.542236 79.157692               1970 
-63.560749 181.580475 52.657604 13.548690 148.711563 65.176765 -9.017686 187.634277 121.447578 53.288479 120.791344 76.873039               1988 
-55.542976 188.891266 55.016682 16.818972 145.890533 65.074997 -2.184613 185.111877 120.383774 52.839165 112.815758 75.282722               2006 
-51.755779 185.948669 59.896404 19.687191 140.559265 64.657890 2.189375 176.269653 121.443398 55.124947 106.011261 71.454468               2024 
-51.740227 186.129990 64.782372 19.562376 140.291595 66.792015 2.240144 172.660492 124.109352 54.898571 105.282486 71.408073               2042 
-50.669910 187.362991 66.858215 19.817223 140.242615 68.139145 -0.099121 170.232925 122.992683 54.500515 104.487511 71.911964               2060 
-50.298531 188.281464 68.455963 19.867523 140.655838 68.866135 -3.628881 168.476822 119.025375 54.342163 104.633980 71.951233               2078 
-48.740028 190.166046 71.563370 20.313299 140.934097 69.962646 -4.930255 166.977966 117.178535 54.019218 104.106270 71.755577               2096 
-46.754105 191.612854 73.574478 21.059299 140.711349 70.811180 -6.432478 165.405106 114.989204 53.886337 103.070824 71.892387               2115 
-45.606373 192.345306 74.782318 21.593269 140.672913 71.267998 -8.019530 164.090179 112.812798 53.995052 102.655586 71.899986               2133 
-45.353065 193.495773 77.953865 22.327623 142.585800 72.828621 -9.259160 163.518372 112.281548 55.098961 104.884453 72.338882               2151 
-43.513542 195.075745 80.215897 23.322041 143.203415 73.767281 -9.538674 162.277222 109.542923 55.496105 105.011360 72.429535               2169 
-40.118530 197.110748 82.903847 24.241657 142.542297 73.966934 -9.177679 160.603561 107.127533 54.691158 103.036491 71.189903               2187 
-38.795193 198.094482 84.320663 24.792995 142.825867 74.211082 -9.362724 159.954910 105.755051 54.726517 102.980438 70.758705               2205 
-38.297596 198.853821 85.943459 25.105921 143.547974 74.899765 -9.556377 159.830078 105.361717 54.955032 103.683861 70.965828               2223 
-37.747314 199.715302 87.084953 25.345293 144.187027 75.378838 -9.598303 159.944977 104.995552 55.013451 104.220390 71.129051               2241 
-37.559700 199.825150 87.744865 25.656515 144.568893 75.419151 -9.794444 159.429794 103.987823 55.468891 104.736832 70.922371               2259 
-38.564873 199.739670 88.058800 25.303236 145.290329 75.491257 -10.503499 159.150665 102.903442 55.658974 105.862320 71.069336               2277 
-44.620693 205.744232 64.771233 23.393915 158.495621 67.108627 -31.216026 165.411697 86.824196 48.591839 116.115784 75.146454               2295 
-45.547428 200.878571 67.929527 24.958138 156.279221 68.849464 -36.537106 158.788818 83.032875 47.848953 112.590515 76.780380               2313 
-45.284729 200.023849 68.970474 25.542305 155.451508 69.499588 -37.082199 157.253677 80.833466 47.558468 111.312225 77.411934               2331 
-37.560585 202.424469 71.498276 28.725998 151.248383 69.143471 -33.616070 158.070282 79.418304 46.139072 104.782166 74.911324               2350 
-19.904297 210.457169 73.899551 31.885656 144.820618 67.961922 -27.156275 165.642532 77.430153 37.187927 95.227257 70.786255               2368 
-24.565458 208.925369 72.831917 32.179821 147.307358 69.113487 -28.513346 163.647934 76.430809 41.056553 98.299385 72.988319               2386 
-22.958994 209.173126 72.955490 32.331375 146.153473 70.456665 -28.212107 163.683334 74.942368 39.761486 96.892799 74.167664               2404 
-17.701763 210.185974 74.162514 33.805618 144.067627 70.480118 -25.658842 164.819916 74.664368 38.279774 94.401718 73.458717               2422 
-14.408000 209.918701 76.820465 34.275501 141.840195 70.782516 -24.338818 164.814682 74.710770 36.529804 91.943726 71.706047               2440 
-18.880436 208.403305 75.937462 34.972942 144.143005 72.156807 -25.291483 162.581558 74.497215 40.983620 94.598961 74.359688               2458 
-18.306225 208.575531 76.318504 34.920746 143.799667 72.173393 -25.147512 162.597000 73.997238 40.409626 94.187996 74.209785               2476 
-14.569711 207.235519 78.751236 36.054024 140.614273 71.883408 -23.237345 161.674484 73.937286 39.491322 90.777306 71.651726               2494 
-13.535653 206.912323 81.113312 36.116776 139.783661 72.247688 -22.852398 161.639175 74.335876 38.754112 89.935165 70.307594               2512 
-45.867340 195.452194 66.093010 25.909296 152.069885 70.341118 -38.960941 150.460037 69.700859 47.109016 106.984924 74.016830               2530 
-51.764297 189.396378 65.385078 23.153643 152.030304 72.064949 -42.891911 145.375244 72.902313 47.824177 108.799103 76.310020               2548 
