-29.993912 177.119812 90.142982 42.295208 130.802536 76.206665 -11.070313 154.171631 106.705276 53.320236 82.240555 72.234909                  0 
-30.269861 177.784760 90.083344 41.756649 130.947250 76.472313 -11.703636 154.526001 106.644554 52.416168 82.326813 72.227356                  8 
-31.537344 177.044800 90.675560 40.914886 131.012543 76.533134 -12.841644 153.646683 106.904755 51.986164 82.558334 71.512314                 18 
-32.827469 175.553772 90.456703 40.505222 130.902237 76.378433 -13.790675 152.339005 106.427940 52.437641 82.702400 70.902496                 26 
-33.208942 174.945663 90.243736 40.511120 130.846161 76.402840 -13.461792 152.228058 105.290215 52.817867 82.747963 70.862083                 35 
-33.783714 174.187271 89.972038 40.451061 130.812546 76.550240 -13.433798 151.934937 104.322136 53.251247 82.850632 70.946480                 45 
-34.249306 173.562714 89.739960 40.401756 130.784958 76.671242 -13.520967 151.621872 103.706528 53.607407 82.938438 71.021942                 54 
-34.651310 172.991272 89.521324 40.268234 130.497559 77.034119 -13.866632 151.079086 103.252098 53.659126 82.739723 71.078773                 62 
-34.607990 173.540985 89.103180 40.102947 130.513626 77.177193 -13.913956 151.600113 102.780678 53.208660 82.658234 71.372543                 71 
-34.348137 174.165833 89.017807 40.094028 130.553116 77.208595 -13.711784 152.065720 102.547386 52.932217 82.614883 71.490227                 80 
-33.931080 175.197693 89.102867 40.102554 130.574539 77.235123 -13.493896 152.485733 102.392860 52.674904 82.557251 71.589973                 89 
-33.140244 177.108444 88.358536 40.005062 130.678894 77.148987 -13.160732 153.910965 101.787193 51.723373 82.376991 72.129089                 99 
-31.656126 180.186325 87.724922 39.897816 131.091431 77.208168 -12.292773 156.582443 101.512756 50.073406 82.345894 73.217888                108 
-30.430561 182.529694 87.092583 39.810444 131.427521 77.256386 -11.487316 158.781570 101.255928 48.725952 82.373184 74.129356                117 
-29.538401 184.166611 86.599045 39.748356 131.666351 77.290642 -10.838780 160.359924 101.025612 47.769001 82.422028 74.788818                126 
-29.058424 185.242325 86.042740 39.597858 131.813675 77.311882 -10.454642 161.493942 100.733963 47.024082 82.451424 75.359451                135 
-28.435535 186.594284 85.223251 39.512455 132.102875 77.515434 -9.781304 163.111069 100.567528 46.295883 82.619324 76.537865                144 
-27.717707 187.959213 84.429588 39.488083 132.416412 77.744629 -9.008034 164.736404 100.341042 45.600056 82.835815 77.721375                153 
-25.799219 191.251648 81.877426 39.559605 133.309753 78.279350 -7.504577 168.423416 99.627472 43.907883 83.573959 80.021805                162 
-23.528734 194.396851 79.700829 39.651344 134.043930 79.081825 -6.000465 171.725357 99.065460 42.010185 84.230988 82.031364                171 
-21.358471 196.497665 78.344902 40.194660 134.505417 79.511497 -4.410031 173.837448 98.638634 41.177124 84.693466 83.171593                180 
-20.016979 197.698380 77.523102 40.528133 134.788681 79.775215 -3.279358 175.194901 98.732903 40.660416 84.999649 83.852928                189 
-19.178858 198.404785 77.019989 40.736912 134.966019 79.940331 -2.397893 176.135162 99.200539 40.335495 85.199890 84.272041                198 
-18.876677 198.613495 76.471146 40.824852 135.098770 80.093819 -1.925779 176.753693 99.547577 40.177502 85.358528 84.685310                207 
-18.780306 198.603027 75.943062 40.951363 135.291245 80.255661 -1.427550 177.344513 100.131256 40.223904 85.579231 85.132072                216 
-19.380142 197.011368 75.296707 41.108967 135.417786 80.346565 -0.742835 177.898865 101.013412 40.520687 85.760765 85.771187                225 
-18.538858 194.853592 71.375572 44.588104 138.940674 79.168121 3.629045 183.200974 99.061134 45.562225 90.171745 89.949364                252 
-12.210977 195.869965 62.214718 49.686386 141.589249 75.385048 11.235662 190.040695 90.925003 49.268112 94.685974 92.575150                297 
-5.198172 214.684265 42.624561 50.681862 156.082474 58.670982 15.341744 207.223053 74.429504 44.628502 108.552597 72.808151                352 
7.461515 228.981812 26.840063 49.132950 160.527573 44.252960 22.743570 216.643509 61.882793 32.584141 114.285507 53.385372                388 
4.996109 231.605499 -0.002235 43.803482 166.429764 30.411779 12.878910 222.927475 39.133301 26.695202 120.406555 39.618488                406 
12.608752 232.119583 -0.325568 52.203659 169.873154 22.795218 -2.900010 203.576401 32.181061 62.399078 125.607178 43.583904                424 
10.915652 237.717834 -13.318377 51.237114 172.308640 12.011086 -9.233718 196.859741 19.394516 66.323402 129.982269 33.839397                442 
8.046726 241.479492 -30.277094 48.488113 176.498245 -0.303224 -14.053921 197.735687 2.933509 64.018211 135.477921 23.607882                460 
4.204393 243.273773 -46.226025 45.569183 179.288727 -12.239624 -18.195295 198.343689 -11.444668 61.593002 139.500351 13.367287                478 
-0.305294 242.088654 -61.058998 42.916897 180.260605 -23.835718 -22.196974 195.629684 -25.726883 59.992279 141.817963 3.112130                496 
-4.577640 238.981613 -74.604774 40.583179 179.735825 -33.796658 -25.680504 190.885361 -38.322811 58.817081 142.979141 -5.299929                514 
-8.033060 235.854477 -89.816681 37.640480 179.461380 -43.883682 -29.347364 186.810837 -51.759537 56.181557 144.811615 -13.041914                532 
-10.773380 231.672836 -104.159286 35.234169 178.048737 -53.577679 -32.511665 182.558609 -62.958206 54.058868 145.670166 -20.519365                550 
-12.593500 227.568527 -118.187218 32.455952 177.008041 -62.375988 -35.870914 179.701050 -73.591797 50.660213 146.949295 -26.870089                568 
-18.132385 221.033447 -133.792435 29.124210 176.428711 -72.901291 -40.227070 175.591263 -84.581070 47.895966 148.634628 -35.878288                587 
-32.598999 196.630264 -149.322754 23.173857 169.966034 -83.856857 -46.763962 160.628891 -89.507332 46.810738 151.471344 -43.921452                605 
-34.387951 187.895493 -155.939636 22.949364 172.055603 -87.731560 -44.684399 151.842728 -94.989777 47.855053 158.287430 -46.673840                623 
-36.714016 181.559509 -159.331085 22.293737 172.287323 -90.916916 -44.174202 147.926926 -96.484695 48.258137 161.789093 -49.549908                641 
-31.660984 155.464951 -170.925018 21.685938 171.034988 -98.633827 -39.727314 135.762695 -102.874405 44.772629 173.617859 -54.407978                659 
-24.125200 123.497368 -167.105347 22.797703 165.986710 -101.140221 -40.745609 134.740540 -100.466805 40.663010 184.882614 -58.486168                677 
-22.422123 112.947639 -164.018448 22.052624 164.944824 -102.990486 -39.916557 131.162048 -100.765274 37.927967 188.758041 -62.045437                695 
-24.213743 115.174805 -164.745239 21.743893 165.198380 -102.984306 -41.015156 133.645630 -103.009727 37.505177 187.719788 -61.271473                713 
-30.780798 138.795029 -169.281937 21.689600 168.499374 -99.935013 -44.093739 147.102829 -106.241684 39.560528 179.826630 -54.681110                731 
-39.370178 157.000732 -164.505951 20.372845 167.847641 -95.539688 -47.439720 162.606262 -102.244156 40.744995 171.260559 -50.054310                749 
-46.112789 168.018539 -161.006958 15.861781 169.590805 -93.579765 -51.559410 172.091629 -100.827652 36.275776 168.872498 -47.990891                767 
-54.004810 187.541428 -155.731781 8.880631 173.299667 -90.925659 -57.104420 184.930161 -97.156967 29.040409 164.699677 -46.034500                785 
-63.990429 202.521362 -150.160355 0.139675 179.343735 -89.342911 -64.854469 193.619431 -93.326981 20.803436 165.714798 -45.951057                803 
-75.544777 216.585281 -141.770874 -9.832742 186.507599 -85.825615 -74.717194 197.685623 -88.169258 11.681996 167.147720 -45.108253                822 
-88.630112 221.961105 -132.510162 -19.436895 190.106705 -82.009041 -84.155907 200.067993 -80.830025 4.443136 169.163162 -43.451241                840 
-98.831787 223.508682 -123.582123 -27.608301 190.535934 -76.733978 -92.057114 199.948181 -73.328285 -2.312726 168.690292 -39.605900                858 
-109.788864 221.714081 -112.954300 -35.578629 190.162460 -70.163681 -100.122322 196.580673 -65.169312 -8.569054 167.714737 -34.636589                876 
-122.868378 215.403778 -106.542038 -46.106468 192.498199 -63.872692 -110.991562 191.343094 -61.606728 -18.127829 171.689865 -28.098381                894 
-134.375046 205.369110 -102.419884 -55.066509 190.893997 -62.159828 -119.738007 187.986755 -58.425865 -25.741785 174.350494 -25.255003                912 
-144.967468 194.789642 -96.787590 -65.142288 185.425995 -57.654594 -129.109177 174.792755 -57.489109 -35.176388 166.582275 -22.404747                930 
-154.684982 187.606339 -89.126053 -73.665245 182.031662 -53.034435 -136.555832 165.565140 -54.118431 -41.633156 161.303421 -20.787298                948 
-161.058395 182.687195 -84.075623 -79.336205 179.074524 -49.672279 -141.752579 160.409546 -50.474056 -46.224106 158.306656 -18.561562                966 
-174.880249 169.852432 -92.311661 -94.525208 174.823105 -54.975414 -154.809616 150.102844 -57.465050 -60.904610 158.190948 -21.981188                984 
-184.745132 164.399155 -82.819351 -101.798859 168.150406 -51.474895 -160.337280 139.486237 -54.622868 -64.382088 147.949524 -25.254637               1002 
-192.249924 151.085617 -74.089302 -107.227631 163.365143 -51.773205 -162.332626 128.427750 -49.464378 -65.262741 146.982315 -30.182850               1020 
-194.655060 141.340637 -69.521973 -109.721291 155.792328 -48.170433 -162.329376 117.196701 -49.702618 -66.085693 139.245087 -30.345842               1039 
-196.753220 140.518311 -68.284042 -111.457710 152.342880 -46.739208 -164.753250 114.836128 -49.842640 -68.151260 134.194809 -29.686611               1057 
-195.859894 123.477501 -64.338844 -113.506653 143.744293 -44.712856 -164.516327 103.339935 -49.237015 -68.819466 127.165962 -29.752678               1075 
-191.026749 115.441605 -64.123566 -110.105713 134.296570 -42.696327 -161.139816 96.340569 -55.297199 -65.503708 114.474800 -32.049702               1093 
-192.506241 119.413956 -59.579159 -110.386185 133.332275 -39.714485 -163.342834 99.194489 -54.530987 -66.444817 110.559555 -32.920979               1111 
-194.943176 117.473457 -59.987568 -112.977600 131.984146 -40.115673 -165.453766 97.739281 -55.822479 -68.874443 109.429077 -33.652454               1129 
-195.175964 114.749428 -61.620808 -114.434326 130.613113 -40.750378 -166.872681 96.785789 -57.418125 -70.452232 107.804260 -34.353176               1147 
-196.603210 113.927856 -65.297638 -117.197701 129.602539 -42.742435 -170.784943 97.242508 -58.429176 -74.960541 105.111992 -32.167576               1165 
-202.744553 117.208244 -65.817963 -123.008644 130.787689 -44.869598 -178.206512 100.788704 -58.891060 -82.216064 104.466843 -33.089508               1183 
-203.665985 108.058472 -67.499817 -125.224968 126.173294 -45.148556 -176.674713 93.502197 -64.599380 -81.875221 102.527740 -37.580231               1201 
-204.073898 107.412201 -69.088631 -125.931740 125.974701 -46.093479 -175.385651 93.591293 -68.651192 -82.397797 102.617302 -38.689407               1220 
-204.002014 106.716057 -71.977737 -126.494507 125.284370 -46.807812 -172.984589 93.999283 -74.308815 -82.830894 102.145866 -39.480385               1237 
-203.736267 107.033623 -73.435982 -126.531242 125.617653 -47.101963 -169.260864 95.803818 -79.469055 -82.770111 102.642288 -39.843285               1255 
-203.841812 112.340279 -74.833252 -125.781166 127.151573 -47.784054 -167.606735 100.640213 -83.305397 -82.742798 102.601540 -41.413280               1273 
-202.444321 122.727341 -74.599579 -123.202934 134.958145 -47.996902 -164.871948 109.154968 -83.996132 -80.839401 109.419556 -41.018089               1292 
-200.204239 132.060242 -79.381645 -121.249001 141.816727 -49.161095 -157.525116 120.576988 -91.847069 -78.432793 116.752693 -43.316525               1310 
-200.050308 142.599045 -76.303833 -118.930481 146.695740 -49.638988 -155.790283 129.439835 -93.006676 -77.228424 119.398003 -46.267803               1328 
-200.024292 151.211288 -72.565964 -117.392662 151.306610 -48.672802 -154.738892 136.206161 -92.221642 -76.301727 122.955963 -46.837582               1346 
-201.580521 162.790939 -61.912579 -116.578278 161.684479 -45.450089 -156.803787 144.563782 -85.453415 -75.602196 133.111313 -45.093372               1364 
-201.802551 170.395859 -55.442242 -115.522987 166.280441 -43.189880 -156.981537 149.662994 -82.071907 -74.811005 137.350586 -44.280827               1382 
-194.882141 178.305603 -34.603512 -107.178276 175.303192 -35.143192 -152.856247 152.824615 -65.336868 -66.027443 147.131454 -38.068047               1400 
-191.455200 180.061905 -26.614231 -103.400581 176.645660 -31.904827 -149.823532 152.681015 -59.680752 -61.883324 149.179749 -36.092197               1418 
-183.330185 185.824005 -14.175255 -95.186325 181.874359 -24.185417 -142.218689 156.820007 -49.858055 -53.377171 155.151398 -29.970816               1436 
-172.574600 184.013336 3.363230 -85.098022 190.289886 -12.603826 -127.821129 152.333496 -27.810371 -39.472786 170.102829 -15.136155               1454 
-138.165298 163.256226 9.146455 -78.166000 194.977280 -6.728516 -119.107971 153.936142 -18.355095 -31.611727 177.015518 -9.109097               1472 
-101.461998 191.271393 27.344007 -22.625715 186.861725 13.553566 -80.017677 163.868881 10.585702 11.429924 152.543991 26.127329               1490 
-91.284813 192.930908 18.237946 -9.305567 184.310791 24.024702 -68.417633 165.143585 10.239329 19.135630 148.646622 44.390324               1508 
-81.146751 193.118774 22.013548 1.293997 182.497513 31.208605 -58.896626 164.645874 17.335123 28.208889 147.263901 54.225418               1527 
-68.695442 202.751892 41.213509 12.824675 179.381149 42.465870 -49.865891 171.635788 30.341150 35.967838 137.735794 57.487541               1545 
-61.234928 205.921356 53.250244 18.573425 175.291779 47.931946 -44.865551 173.011398 37.842499 38.903858 130.825089 58.177895               1563 
-56.748249 206.976563 63.159920 21.445110 173.136200 52.207302 -42.260147 174.149048 43.949474 40.010136 127.143028 58.170589               1581 
-52.748249 205.398300 68.841774 24.715532 170.293671 55.908726 -38.618790 173.548416 46.476818 41.940460 123.460281 58.260040               1599 
-46.357128 202.906952 77.550034 30.590874 167.907410 60.853928 -32.725433 171.783279 52.689991 47.523224 120.909477 60.568005               1617 
-43.121437 206.372604 79.563332 33.765343 170.186325 64.651161 -29.426916 173.020584 56.473026 50.837311 123.356071 67.978012               1635 
-36.495186 199.302521 93.776718 40.899372 166.397598 73.932632 -22.360514 168.485748 67.041153 58.953621 119.838730 72.551346               1653 
-38.948032 191.335449 91.532097 40.127804 158.819824 78.461678 -21.201006 165.072586 62.638020 57.133358 112.315010 71.850601               1671 
-31.721754 177.727722 93.581322 47.626179 145.597565 80.745964 -12.779576 154.805344 62.985374 64.252548 99.816322 69.644859               1689 
-28.068287 171.847534 96.711861 51.736855 140.366745 84.752510 -8.079283 150.638031 65.670471 68.668213 95.204613 71.740852               1707 
-31.641024 166.304596 98.668282 50.147591 140.016205 87.333649 -9.986091 146.836029 67.733231 69.969048 96.154640 73.959572               1725 
-31.390028 165.950974 101.264862 50.871586 140.881027 90.682877 -8.981955 146.730942 70.335129 71.320839 97.186401 77.713676               1743 
-28.326481 166.401810 109.263649 52.687126 140.935791 93.468246 -8.497255 147.530853 77.838203 71.444160 96.835999 79.362404               1762 
-26.640722 164.548508 112.715675 53.682362 140.882431 95.049370 -8.111078 147.670822 82.226189 71.628502 96.671280 80.254013               1780 
-25.782192 162.847427 113.853439 54.204395 140.562576 95.815773 -7.820724 147.623947 84.436584 71.667534 96.303596 80.591644               1798 
-25.306917 160.693634 113.551834 54.454517 140.409332 96.182968 -7.626996 147.593613 85.370552 71.681709 96.127045 80.759109               1816 
-24.794140 158.361984 113.536919 54.698666 139.950928 96.641418 -7.420204 147.312332 86.622604 71.702415 95.726952 80.807762               1834 
-24.148407 156.672089 113.846199 55.068756 139.383881 96.873344 -7.414179 146.793076 90.403862 71.813583 95.165497 80.750748               1852 
-22.386566 157.232590 115.806633 55.968262 139.152298 96.230171 -7.089638 146.516724 97.636040 71.965584 94.089439 81.772751               1870 
-19.646574 157.639191 118.593605 57.367718 138.531876 95.218063 -5.457720 146.571960 103.562431 72.356674 92.842102 81.676697               1888 
-17.920233 157.705505 120.053703 58.199581 137.988464 94.561127 -4.206172 146.623322 106.268036 72.561760 91.958931 81.499641               1906 
-17.248129 157.541153 120.295265 58.569313 137.732193 94.187706 -3.666679 146.493195 106.738930 72.814339 91.522545 81.644188               1924 
-16.113544 157.079300 120.566299 59.269424 136.949448 93.689819 -2.699936 146.082550 107.418755 73.212120 90.533325 81.576309               1942 
-15.442392 156.450836 120.475395 59.663353 136.407547 93.351509 -2.105696 145.885590 107.880470 73.379974 89.842247 81.556580               1960 
-14.412786 155.815918 120.359421 60.211754 135.801071 92.389671 -1.159265 145.675278 108.510818 73.639259 89.090317 80.839760               1978 
-13.892735 155.907791 119.954742 60.081715 135.830414 90.683235 -0.730753 145.956879 108.751862 73.495163 88.867813 80.186295               1997 
-13.081397 155.793457 119.218163 59.881805 134.703781 88.414230 -0.278880 145.773239 108.016731 72.592155 87.411407 78.541496               2015 
-10.892491 155.685959 119.700851 60.680782 133.319168 86.801682 1.472779 145.471313 108.535004 72.719353 85.643158 77.989006               2033 
-10.746051 154.572830 119.124641 60.615299 132.426651 85.766930 1.630194 144.600967 108.092705 72.591484 84.761139 76.813599               2051 
-10.687037 153.789490 118.802910 60.627808 131.960220 85.315407 1.761504 144.147278 107.781952 72.614128 84.315857 76.263542               2069 
-10.752741 153.314117 117.929329 60.734756 131.452530 84.988449 1.828234 143.853821 107.184479 72.786964 83.744530 76.369682               2087 
-10.632449 152.195023 117.161148 61.049126 130.848602 84.446823 2.142930 143.131790 106.644928 73.321404 83.201492 75.801781               2105 
-10.862417 151.068130 116.695572 61.080090 130.748917 84.092743 2.198416 142.656662 106.473099 73.814690 83.250359 75.300148               2123 
-11.027973 150.012421 116.294281 61.103516 130.450195 83.935623 2.446320 142.507675 106.300446 74.064102 83.036629 75.015442               2141 
-11.093004 149.692612 116.035179 60.979553 130.312363 83.439613 2.682841 142.674545 106.085289 74.049164 82.925743 74.535324               2159 
-11.232510 150.811996 115.151131 61.251793 130.696869 83.240349 3.180071 143.575867 106.050598 75.089859 83.224831 76.133553               2177 
-11.555599 152.807648 113.776604 60.506912 131.277969 81.253304 3.290604 145.353516 105.474342 74.604866 83.643509 75.980850               2195 
