-1.592252 99.677139 74.208832 27.204872 144.309967 65.765266 -15.121530 139.491867 71.763191 61.345295 150.619598 101.945778                  0 
-1.977806 99.329285 73.827583 27.288565 144.205536 65.636421 -14.991728 140.047653 72.193329 61.640182 150.332001 101.648117                 18 
0.305824 100.526474 75.754837 29.416191 146.081650 68.133530 -12.861600 141.468674 74.015938 62.923531 152.927673 104.805046                 36 
2.896084 99.993729 77.414665 33.993752 145.402054 72.499207 -8.790860 141.484253 73.222374 62.659416 153.265396 112.883080                 54 
3.082243 100.634773 75.511093 35.686493 145.751236 72.998978 -7.286084 142.741959 72.577415 63.328075 151.945908 114.375046                 72 
3.260525 101.033028 74.764984 36.802853 145.985382 73.282272 -6.408288 143.451294 72.621193 64.112099 151.425552 114.983818                 90 
2.899325 101.035873 74.372452 36.793812 146.065765 73.252907 -6.612643 143.544647 72.829445 64.172211 151.185669 114.949669                108 
2.711977 101.289703 73.676125 36.983250 146.393021 73.204414 -6.665082 143.832825 73.071236 64.513802 150.888443 114.872986                126 
2.265973 101.527267 73.008789 37.032768 146.732559 73.293671 -6.827978 144.141205 73.334129 64.602333 150.668747 114.993019                144 
1.895576 101.437599 72.730209 37.053371 146.795441 73.243538 -6.942930 144.179947 73.408173 64.616371 150.702469 114.949966                162 
1.700009 101.384155 72.390892 37.177933 146.867981 73.189034 -6.948722 144.104889 73.401855 64.636543 150.740402 114.967484                180 
3.959461 100.730385 73.587845 41.991821 144.764359 74.769737 -2.881037 143.919983 72.719215 66.964714 149.639679 117.978485                198 
5.687066 97.775192 74.361794 46.173515 140.550659 76.248055 0.168378 140.996338 71.677750 68.294189 147.239853 120.749069                216 
3.072339 147.434753 107.548073 30.922171 161.445419 76.541603 -2.459944 195.397873 142.145432 75.031784 145.720413 94.471352                234 
15.262881 153.043976 114.677383 27.735241 167.028748 79.425186 41.856228 200.678497 167.855682 68.572159 137.941116 78.609100                252 
16.473127 149.206924 114.090744 25.285917 165.294022 80.065842 44.843807 196.074295 171.772903 66.352180 136.743729 76.480827                271 
17.875629 149.448517 113.915527 25.329222 165.709900 80.315125 48.743435 199.144135 171.108444 66.211906 136.955505 76.290184                289 
18.432579 149.137604 113.672195 25.433811 165.805740 80.553940 51.117420 202.762756 168.522629 66.121620 136.809418 76.296608                307 
16.378828 150.003616 111.705551 21.705729 163.781403 77.159241 36.852177 216.647095 158.999222 66.932465 142.132675 77.693115                325 
16.471930 149.574097 111.596024 21.961050 163.996918 77.507355 37.342701 215.701645 159.976974 66.886307 141.728073 77.986877                343 
16.970470 148.840744 111.222069 22.672535 163.982544 77.587280 38.731922 213.755371 161.083084 67.170898 140.867996 77.738426                361 
16.756414 148.997238 111.779144 24.205954 165.472900 79.164078 41.159924 210.007233 165.380783 67.157097 139.596100 79.156631                379 
16.721674 149.390671 111.501266 24.722572 165.935440 79.094818 41.832184 209.746185 165.639359 67.133301 139.183136 79.329292                397 
17.195927 149.197052 110.429474 26.563091 167.296051 79.263748 44.453819 204.828918 168.548218 67.520065 138.378250 78.428787                415 
16.568230 150.116470 107.134560 27.088511 169.246307 76.980415 44.766472 203.493744 167.425430 67.206398 139.189606 75.731339                433 
15.557379 151.257584 102.607918 28.161512 172.067810 74.438400 46.717304 197.853561 167.345551 65.969933 139.281906 71.273376                451 
17.944103 150.356064 94.557182 31.626318 174.164078 69.432182 54.953468 184.254501 164.198380 66.353569 139.257416 59.947830                470 
15.565084 153.204590 83.833191 32.512165 177.183044 60.916889 53.009254 179.008835 156.804947 64.093674 139.720230 50.260674                487 
12.027217 157.029648 70.803314 32.613235 182.006638 52.241856 42.303585 174.388184 149.504028 63.459450 143.927155 41.617634                506 
12.710800 163.989609 60.587379 34.461140 187.979050 41.987553 44.403568 179.684204 139.047485 63.212479 148.401016 30.971678                524 
12.601470 172.673538 49.566212 35.987385 194.276245 30.024076 42.049816 193.667389 127.675636 63.491894 152.887589 23.323973                542 
10.567687 179.783951 34.762306 36.189541 199.289047 15.761685 35.125523 204.337097 113.318214 62.258266 156.522064 13.349977                560 
-15.084904 219.815353 -5.935025 51.315342 195.073120 12.517216 -10.228535 202.563263 39.893414 82.165337 160.559982 31.792341                578 
-19.283407 222.088669 -36.514740 52.218121 195.749313 2.046654 -15.982155 196.740433 10.121292 81.936470 165.066757 28.310883                596 
-18.575567 222.343124 -57.636745 49.564293 196.468903 -8.711512 -20.264027 194.689133 -8.610086 76.932808 167.074295 21.310673                614 
-18.350595 224.746216 -74.707977 46.172295 196.505661 -18.975603 -23.719845 193.448380 -24.816938 71.308311 167.385666 13.189860                632 
-19.199430 225.457458 -91.350945 41.886673 196.229691 -30.427103 -27.857965 191.321411 -40.650982 65.367767 167.917603 3.653292                651 
-20.431374 223.744141 -106.179657 38.057007 195.132996 -40.908840 -31.830349 186.589325 -54.119579 60.627926 168.375290 -5.006352                668 
-22.834513 220.835205 -119.671852 34.558857 193.883804 -51.370949 -35.765690 180.950256 -65.355331 57.134312 169.264114 -13.972692                686 
-26.524906 212.043549 -131.673935 31.104654 191.181244 -60.126163 -38.763653 171.654190 -73.009293 54.583477 171.637329 -20.361980                705 
-29.349409 201.229309 -143.855270 28.188509 187.195679 -69.369011 -40.313663 161.174072 -80.339409 52.305737 173.741714 -27.514977                722 
-37.681225 175.349701 -157.009140 22.622700 184.453400 -83.237251 -42.318054 148.699631 -84.388794 48.916462 184.566376 -40.540237                741 
-38.198444 164.136780 -166.469147 19.426535 182.812744 -92.279976 -42.081802 141.472885 -92.482307 44.601646 187.785767 -49.199902                759 
-32.416157 141.699936 -134.395309 15.363393 179.842133 -101.307678 -48.625912 141.817139 -101.314919 41.192009 180.958664 -58.342041                777 
-29.452839 133.812485 -126.426704 14.565332 179.938873 -104.310555 -46.790058 138.458176 -105.438835 38.708363 183.069168 -60.473072                795 
-30.490170 132.564590 -126.106606 13.491836 179.266235 -105.459839 -46.778969 137.278641 -108.383888 35.825603 183.382965 -60.753403                813 
-33.404652 139.253265 -131.980789 11.585412 183.406693 -107.899864 -48.643608 142.124649 -114.282585 33.511990 184.204514 -62.811077                831 
-36.855923 143.968231 -136.738235 8.050771 187.089996 -110.656891 -51.542587 145.580612 -119.276115 29.605978 186.191986 -65.391266                849 
-38.431667 143.070389 -136.597412 6.712065 187.460205 -113.152344 -53.743423 148.064407 -121.546089 24.277931 192.495743 -66.456589                867 
-44.278404 149.085663 -137.657227 3.601142 190.032745 -113.503227 -58.713032 154.964447 -123.295677 20.882378 193.701645 -66.574471                885 
-54.877052 159.299698 -138.628098 -2.539467 193.544708 -113.329720 -67.325432 165.457550 -124.349312 15.731660 192.884659 -66.637749                903 
-67.086540 171.147247 -137.337296 -11.174526 198.862808 -111.594109 -77.557793 176.480118 -122.461670 8.833357 192.896591 -66.003548                921 
-76.611435 180.426208 -134.248703 -20.033522 205.579590 -107.191238 -86.582176 185.051529 -119.146095 -0.069344 197.085175 -61.984089                940 
-85.933144 184.738205 -128.145172 -29.031507 209.207413 -100.932487 -95.674187 189.162689 -112.738762 -8.841477 200.177155 -55.929962                957 
-98.560272 185.485046 -121.212357 -39.841087 208.684891 -96.460640 -107.179558 189.388123 -104.800949 -17.174994 198.626694 -52.877495                976 
-114.496201 187.972702 -115.973137 -53.642563 208.361481 -93.526497 -122.120552 192.808090 -99.270599 -30.418285 199.062363 -50.068825                994 
-126.792503 181.995224 -110.079872 -66.200912 205.483429 -89.249779 -133.769424 186.015610 -92.648712 -41.040127 197.722733 -46.575237               1012 
-136.110886 172.981110 -105.220268 -77.402985 200.993820 -83.724289 -143.066727 175.890640 -87.238503 -51.642235 195.026688 -41.119274               1030 
-145.223068 161.284378 -97.322807 -87.745605 194.834198 -78.858772 -150.411575 162.820770 -77.838814 -58.515598 191.659927 -38.239307               1048 
-159.263519 154.843948 -92.784935 -101.524796 190.080780 -76.491142 -161.640717 154.697983 -72.841812 -69.850281 187.710220 -37.690170               1066 
-167.229996 141.729813 -88.592438 -112.228050 183.511536 -78.747627 -168.630844 144.472305 -69.358742 -82.334213 192.304413 -39.460815               1084 
-176.206436 134.001266 -84.613991 -121.386414 176.842377 -77.754333 -174.622284 135.152298 -65.582848 -89.288322 186.119614 -40.363754               1102 
-183.249161 129.567139 -82.394547 -127.282082 171.502701 -78.678391 -179.629456 130.254684 -63.822060 -93.749954 181.396759 -42.732414               1120 
-190.659500 121.377319 -75.840019 -135.145996 164.190781 -76.934830 -183.951675 121.141754 -58.490986 -98.959198 174.929306 -43.925594               1138 
-198.793091 126.506531 -78.834099 -137.424896 160.751266 -77.528076 -191.311630 123.971382 -61.538219 -101.720993 167.060486 -42.889446               1156 
-204.872864 122.150337 -79.801582 -142.903885 155.613968 -81.212448 -197.428299 121.925148 -61.962032 -108.791855 167.705551 -46.505493               1175 
-208.648865 122.828346 -82.676567 -145.095581 154.144012 -82.766350 -201.521149 123.525398 -64.137352 -112.323715 167.592148 -47.276047               1193 
-209.220779 123.082573 -79.636887 -145.025284 153.541946 -79.864288 -201.160538 123.197968 -61.340923 -112.070953 166.898361 -44.508549               1211 
-209.186340 123.658943 -75.294380 -144.322327 152.948914 -75.978973 -199.338852 122.091583 -57.629379 -110.826546 165.695724 -40.908176               1229 
-202.263428 115.232803 -65.671738 -138.001770 145.710678 -68.761375 -188.564056 107.964966 -52.140163 -98.652336 148.659836 -37.820557               1247 
-200.387787 116.203392 -60.946198 -135.521790 144.761337 -67.258385 -185.660645 107.573715 -49.328785 -94.278458 145.506516 -38.748009               1265 
-201.467819 118.543419 -61.808605 -135.608109 144.574478 -67.342499 -187.077728 108.852715 -50.929863 -94.662926 143.178513 -38.429653               1283 
-204.309799 116.538727 -63.269779 -138.573547 143.320251 -65.664825 -189.794632 105.386459 -54.257870 -97.305954 137.743530 -37.731052               1301 
-206.154770 116.147552 -67.101662 -140.285751 142.574600 -64.364761 -191.959305 103.760742 -59.573986 -99.529984 132.626648 -36.898140               1319 
-202.772827 120.597923 -66.682182 -140.679199 155.018112 -65.334312 -187.283066 110.217621 -59.281353 -98.468483 150.294418 -38.681896               1337 
-204.354309 122.746002 -73.392265 -140.533234 152.681900 -64.836632 -202.337112 123.008690 -43.107071 -99.609016 141.161011 -38.249279               1355 
-206.176544 128.964035 -82.081505 -142.331390 156.412018 -67.276222 -210.195801 130.262268 -38.201408 -102.194328 140.464081 -41.798977               1373 
-208.458069 138.487320 -89.117294 -144.489426 162.612015 -69.720337 -214.869324 138.184708 -35.158897 -105.043732 142.854279 -45.885929               1391 
-204.729950 149.379227 -85.757866 -140.355103 172.675949 -66.478180 -210.226303 146.415619 -29.062090 -100.217026 152.206314 -44.470459               1410 
-202.199509 156.446426 -75.328835 -136.722382 180.549988 -60.578423 -204.943985 158.430435 -18.245468 -95.604713 162.130463 -38.567776               1428 
-196.927017 158.550354 -57.763691 -131.086578 186.597763 -54.837078 -192.651169 169.071365 -2.246175 -86.611496 174.245667 -35.246204               1446 
-177.061829 156.508530 -35.613487 -131.529510 191.456177 -49.956615 -186.100891 179.004883 10.727947 -84.520844 184.389908 -33.998470               1464 
-168.545212 155.170792 -27.756651 -132.154999 192.207352 -45.983528 -185.204666 179.658478 15.761636 -84.657623 186.445847 -30.976364               1482 
-156.187683 155.837997 -22.160660 -131.909714 192.168488 -41.676811 -184.762924 176.310303 19.295450 -84.286377 187.542023 -26.676052               1500 
-144.389145 154.261810 -10.126879 -125.866852 192.638428 -26.354044 -177.786591 167.778992 32.235512 -78.020058 188.353897 -11.975675               1518 
-141.057419 153.933578 -6.743646 -124.160637 192.771103 -22.027643 -175.766922 165.525131 35.662228 -76.249207 188.620483 -7.826342               1536 
-127.748726 159.525085 1.976073 -111.394478 198.468246 -13.054168 -162.937378 170.618637 44.311584 -63.464390 194.359436 1.096256               1554 
-114.276459 162.598022 6.944132 -96.954376 202.381271 -3.863286 -151.652878 171.148712 48.430763 -49.813564 196.216782 12.078877               1572 
-101.693413 163.846817 14.807033 -84.243576 203.783524 5.220451 -139.857254 172.023346 56.045025 -37.343807 196.972733 21.604416               1590 
-90.318695 163.794846 22.642958 -72.939346 203.750427 13.365817 -128.825058 171.864349 63.725552 -26.108404 196.753540 29.867832               1608 
-72.641350 167.638397 54.618267 -45.507427 194.903824 32.439518 -113.262001 200.297577 77.724258 -4.145320 189.918625 60.345318               1626 
-58.934845 169.256042 71.554054 -29.233238 188.582474 44.949493 -90.400124 213.561096 93.293350 12.575000 178.679718 70.803246               1645 
-51.420162 167.858505 78.006554 -22.128719 185.143723 49.798183 -79.911270 214.965973 99.733665 20.194584 174.057404 74.298004               1662 
-37.536366 155.003998 89.676605 -13.544759 175.353729 58.806072 -58.106911 204.003464 118.218140 32.134159 160.271667 72.961563               1681 
-29.526052 147.066437 94.590919 -6.933459 167.321884 62.709095 -42.150944 198.295166 125.293106 38.262016 147.333206 71.208008               1699 
-25.768682 139.850220 100.809082 -7.373907 160.916412 66.896469 -37.590397 193.001221 130.232498 39.317455 143.140457 71.179253               1717 
-23.563108 136.793137 104.958771 -5.971337 158.203232 70.879669 -34.714520 190.975876 133.857056 40.820244 140.453278 74.025604               1735 
-21.002342 133.660202 107.354767 -3.512560 155.666916 73.636337 -30.763700 187.759079 137.266891 42.971138 136.967407 75.637291               1753 
-18.857826 132.433533 108.760391 -1.682894 155.085876 75.342094 -30.044964 186.121765 138.660202 45.141754 137.261093 77.376549               1771 
-18.444273 132.026535 109.227692 -1.569238 155.058731 75.978836 -33.059002 184.451767 137.694763 45.817577 138.924179 78.907326               1789 
-17.475328 131.362717 108.940964 -1.148212 155.217377 76.069565 -36.177963 180.635559 136.196869 46.801033 140.962372 79.544426               1807 
-15.803785 131.670364 108.496407 3.514417 155.948715 77.738663 -39.439713 176.464798 132.389755 50.941795 141.802032 85.796280               1825 
-14.674067 133.827316 108.498978 6.874856 157.150681 78.578865 -38.417404 177.834900 130.385651 53.281822 141.057175 88.668587               1843 
-13.480068 132.858810 107.769524 8.193910 157.164459 78.878395 -39.040863 174.653595 129.472214 54.639538 141.556259 89.536636               1861 
-12.765974 132.295242 107.277130 8.815885 157.067673 78.889015 -39.394867 172.485809 128.559525 55.289474 141.652985 89.705803               1879 
-12.186296 132.043991 107.304016 9.343999 157.169647 79.342903 -39.513855 171.415115 128.385178 55.823063 141.911331 90.356087               1897 
-11.913923 131.525818 106.704559 9.787317 157.937775 80.235764 -41.329620 169.093277 127.204132 56.251080 143.643356 92.532043               1916 
-7.538409 127.352074 101.579880 21.207745 152.306534 81.259270 -30.931602 166.067947 125.380402 62.543209 126.663704 93.434418               1934 
-32.108955 143.736145 90.558861 25.868130 158.958176 76.925400 -34.157013 155.365311 104.672104 64.302765 134.187622 97.507141               1952 
-40.296810 148.079910 86.777390 27.409969 157.421463 76.006363 -35.384727 150.713867 101.546661 64.167747 132.378845 99.161110               1970 
-29.025452 146.306747 91.098366 21.879957 163.564606 74.862846 -41.876728 152.857193 97.279602 57.931007 137.261749 97.729675               1988 
-20.959835 144.703262 98.228043 17.838530 164.592041 77.638901 -45.759373 153.991272 101.373634 54.051548 137.538895 99.345009               2006 
-18.619514 142.660507 95.518036 13.520797 167.996719 74.977020 -44.459171 151.568039 97.915085 51.828636 143.641510 96.278267               2024 
-17.194176 141.276184 98.244705 13.467419 167.067429 75.374420 -40.411922 152.383881 102.222130 52.909687 143.926300 95.946365               2042 
-12.556950 143.189529 102.255302 16.623796 167.821075 76.624466 -33.642944 157.593216 109.172478 56.497730 143.043869 94.247429               2060 
-9.921991 140.684830 106.463104 14.035347 164.794678 76.191170 -30.406960 156.624191 115.622025 56.686913 142.560944 90.365623               2078 
-7.392180 139.246414 108.188644 10.369420 163.702988 74.862198 -28.372362 155.271957 119.158974 55.815720 145.268738 85.313118               2097 
-4.429510 135.236969 107.235962 8.895776 161.460968 73.745544 -27.154400 150.032944 118.910126 56.370075 148.294449 83.085953               2115 
-3.115585 135.921188 105.628357 11.684795 162.225632 73.205475 -25.560331 153.180496 116.788574 58.289303 146.837936 83.484001               2132 
-1.652483 137.735275 103.114609 15.650851 163.839584 72.061172 -23.552647 157.150650 113.244034 60.853069 145.834625 84.185150               2151 
-0.831448 137.973312 102.865562 17.139517 163.949707 72.291847 -22.663435 158.285583 111.812943 61.926357 145.844086 85.735619               2169 
0.829447 135.776199 99.209236 23.349184 161.845306 71.876122 -19.729717 158.052307 107.154572 65.446892 140.069489 88.247040               2187 
0.439155 132.945190 97.391563 21.379990 160.385239 69.970428 -20.158171 155.140732 104.685478 65.047577 141.734833 86.086075               2205 
0.656822 133.532211 97.297760 21.800167 161.291809 70.451355 -18.670324 157.960114 104.254791 65.481575 142.862015 86.781914               2223 
1.892191 133.516953 95.569359 25.348045 162.049988 71.688957 -16.241196 158.882355 102.663826 67.521088 141.353958 89.225166               2241 
1.871254 133.414459 94.433945 27.638834 161.299805 72.256744 -14.700068 159.746750 101.820412 68.124680 137.803146 90.234871               2259 
2.138634 134.050369 93.789406 28.638565 161.855698 72.342163 -13.853671 160.509521 101.447060 68.688576 137.589737 90.274521               2277 
2.162297 134.795334 93.819145 29.384991 162.170990 72.581177 -13.217034 161.220581 101.255440 69.068115 137.493713 90.766106               2295 
2.009749 135.080841 93.576385 29.790340 162.242737 72.587845 -12.900732 161.495926 101.075714 69.264732 137.305603 90.872322               2313 
2.243917 135.488297 93.712563 30.812302 161.959061 72.694138 -11.973048 162.144257 101.048561 69.812027 136.498871 91.273964               2331 
1.788723 135.727554 93.410492 30.476326 162.433426 72.623772 -12.384173 162.415680 100.773720 69.646599 137.412552 91.440140               2349 
1.350444 135.615692 93.222275 31.528873 161.178345 72.621216 -11.246658 162.849915 100.869087 69.817886 134.808273 91.408989               2368 
0.268728 134.903839 93.272285 29.433414 161.099060 71.817390 -12.889784 161.909164 100.759781 68.998352 136.607697 90.504242               2386 
-0.170406 135.013016 92.895760 29.667496 161.036484 71.767326 -12.758067 161.974655 100.541122 69.082695 136.403931 90.584572               2404 
-1.511865 136.659149 92.216736 28.990398 162.658035 71.605072 -13.739613 163.597702 99.851227 68.232780 138.168518 90.962471               2422 
-3.355128 137.372513 90.735397 27.786568 163.979187 71.231750 -15.141913 163.793655 99.078583 67.106079 139.428223 90.353371               2440 
-4.372805 137.896820 89.951126 27.739420 163.958359 70.849609 -15.153502 164.259521 98.427185 66.560753 138.662216 90.017799               2458 
