-30.037996 157.985443 105.548080 50.222130 127.193550 95.685844 8.101244 141.325775 114.445656 74.304848 86.589752 92.114677                  0 
-29.830973 158.352295 105.685432 50.328129 127.338112 95.632103 8.413198 141.669052 114.437523 74.338425 86.675224 92.250740                 18 
-29.753323 158.575317 105.684937 50.336933 127.359451 95.677498 8.813617 142.001053 114.552666 74.276093 86.639084 92.488998                 36 
-29.573132 158.684052 105.669693 50.467487 127.315346 95.698494 9.676161 142.399963 114.842285 74.359795 86.556053 92.659340                 54 
-29.307096 158.881729 105.627434 50.624580 127.243095 95.603378 10.209327 142.617676 114.885643 74.403587 86.410667 92.658943                 72 
-29.284338 159.197067 105.248924 50.549923 127.124886 95.881531 10.577488 143.046249 115.069016 74.161179 86.165680 93.381500                 90 
-29.216064 159.359482 105.053619 50.530560 126.953011 96.112206 10.954760 143.256607 115.242691 73.999298 85.898064 93.852257                108 
-28.115664 159.832474 105.526649 50.009113 123.975304 95.337234 12.271835 141.911270 115.668808 71.565681 81.970909 91.823921                126 
-27.855412 158.642761 105.911552 50.577900 123.573448 95.171501 13.731816 141.239380 116.379227 72.530373 81.838303 90.968491                144 
-27.959772 158.632996 105.838707 50.557610 123.658432 95.156616 14.219978 141.375244 116.542038 72.656342 81.997032 90.988693                162 
-29.152391 157.331161 104.913322 50.438065 124.439667 95.403770 13.843517 142.019073 115.714523 74.020584 83.422043 93.725304                180 
-30.115341 157.353363 105.238472 50.080326 125.751457 95.998566 13.274286 142.612152 116.172089 74.471039 85.206207 94.394180                198 
-29.600477 157.594254 105.229248 50.467892 125.531700 95.717209 13.826921 142.427109 116.025734 74.834213 84.973930 94.059486                216 
-29.103554 157.969772 105.240013 50.792610 125.296432 95.415779 14.262332 142.123260 115.897285 75.083046 84.705894 93.471275                234 
-28.814108 158.132828 105.218094 50.978672 125.135986 95.247452 14.603232 141.988571 115.915604 75.190781 84.509193 93.094368                253 
-29.246168 158.571075 105.324669 50.545753 125.560005 95.305458 14.239377 142.390823 116.037407 74.773857 84.945862 93.094429                271 
-29.543150 159.388718 105.313072 50.203461 126.308571 95.180229 13.946434 142.995270 116.005447 74.347351 85.667160 92.582726                289 
-29.841734 160.427368 104.968788 49.788387 127.136475 94.767387 13.592627 143.591736 115.711090 73.694443 86.409538 91.418404                307 
-29.284960 160.517273 104.909515 50.206520 127.086830 94.628036 14.088792 143.485931 115.650848 73.879768 86.261002 90.856125                325 
-29.080542 160.412903 104.768700 50.402939 127.189507 94.664818 14.301623 143.542618 115.716171 73.979698 86.328598 90.674698                343 
-29.108276 160.207108 104.592278 50.398109 127.185677 94.664894 14.478584 143.609634 115.799484 73.948296 86.311188 90.657013                361 
-30.981913 160.787933 102.474403 48.869083 128.210052 94.839577 12.734142 144.685196 115.060760 72.596886 87.375282 91.536285                379 
-31.485283 161.057373 102.366997 48.250553 128.392441 94.570801 12.525187 145.016464 114.962753 71.796089 87.468102 91.077255                397 
-31.835833 161.478149 102.480858 47.226116 127.515602 93.772339 12.536402 144.556564 114.928787 69.913811 86.213745 89.209045                415 
-32.040909 161.404099 102.694267 47.066422 127.653831 93.631096 12.592584 144.677979 114.973526 69.830559 86.400742 89.007797                434 
-31.971382 161.046722 102.948822 47.192959 127.517715 93.593040 12.837882 144.495758 115.074417 70.050537 86.321251 88.925987                451 
-32.183674 161.296371 103.108139 46.984402 127.855713 93.540237 12.731298 144.797699 115.137077 69.853218 86.678902 88.756371                469 
-32.072708 161.285461 103.444244 46.976696 127.665367 93.482033 13.046164 144.649033 115.335335 69.724770 86.457008 88.403130                488 
-31.918610 161.222794 103.822464 46.961807 127.298111 93.408684 13.524943 144.345566 115.621742 69.538712 86.044479 87.947968                506 
-31.833632 160.777100 104.013725 47.237995 127.179070 93.556526 14.225822 144.158264 116.032516 70.207344 86.120819 88.262405                524 
-30.733828 161.228577 104.410057 48.117878 126.956848 93.590805 15.278134 144.017181 116.255295 71.079659 85.892395 88.312004                542 
-29.241337 162.799164 104.453987 49.224346 127.171631 93.112564 16.492619 144.219498 115.931885 72.340317 86.176605 87.968788                560 
-28.271423 165.008163 103.393875 49.773712 127.796608 92.256905 17.092609 145.061050 114.954796 72.915054 86.765877 87.528664                578 
-26.507620 166.846115 100.467033 51.049976 128.331467 89.607826 18.595493 146.237915 112.161034 73.917221 87.072876 85.580879                596 
-26.903341 169.573730 92.945412 51.583378 131.759048 87.114990 17.765638 149.862076 107.406723 75.269501 90.790939 85.708054                614 
-25.989065 170.266602 83.683884 53.349743 133.745163 83.795807 17.874058 151.705551 101.276627 77.864548 93.269524 85.260307                632 
-23.010548 173.369843 74.184639 55.520451 135.446167 79.483788 19.243568 154.180283 94.657356 79.301720 94.658592 82.979942                650 
-22.632788 183.111694 60.382553 54.570381 143.481796 71.091484 17.837870 163.586761 83.738136 77.352196 102.501724 77.650482                668 
-22.494013 188.765396 55.688808 54.751434 148.627380 63.932343 17.556816 167.828812 77.504272 77.571617 107.384644 68.367928                686 
-19.265203 195.209808 46.398258 55.965672 151.635452 55.356430 18.817066 171.975677 67.894897 76.801666 109.354614 59.782604                704 
-17.793688 198.236084 33.466309 56.425682 153.237137 43.677540 18.354099 173.945175 54.826000 76.257683 110.547615 48.746536                722 
-18.068899 202.083633 15.063166 55.947773 158.925613 32.164909 15.699333 179.124512 39.046017 75.796715 116.837227 40.881824                741 
-20.267513 204.470062 -5.936852 53.553875 164.689819 18.498323 10.933449 183.313721 20.770678 73.741257 123.672531 30.804808                759 
-6.389987 215.524765 -35.063370 53.092995 174.327423 2.000465 -0.088040 182.895737 -1.349311 75.106903 141.687637 28.295517                777 
0.983068 219.772873 -53.156754 54.818428 174.677795 -12.358028 -3.374809 178.017776 -17.023756 76.942940 143.568970 15.644567                795 
3.690513 221.266052 -71.764679 54.143227 175.403473 -26.453730 -6.733082 177.733536 -32.856030 74.871918 145.193893 3.531282                813 
5.449583 220.172852 -89.049049 52.565441 174.158340 -39.636669 -9.958704 175.327072 -49.112526 71.532333 144.503754 -7.978167                831 
5.705677 215.867172 -104.348503 51.176495 171.560486 -51.267067 -13.155132 170.307526 -62.093628 69.459862 143.448654 -17.847887                849 
4.759490 211.892471 -118.528625 49.586899 170.207855 -62.152695 -16.369352 165.900208 -73.208755 67.858070 144.202881 -27.062750                867 
3.061232 203.939072 -124.007988 46.745747 161.407471 -66.862358 -19.804592 158.260132 -77.380646 64.557999 135.607422 -31.387306                885 
-1.064985 195.939972 -132.464981 47.038994 161.697662 -73.245033 -19.715929 152.829483 -81.099579 67.585693 140.463608 -36.253872                903 
-1.886354 190.187714 -141.251419 47.133816 161.514679 -79.592102 -19.643969 150.124115 -86.252045 68.308037 143.808563 -41.127258                921 
-10.568692 176.630615 -147.301819 45.341335 159.992294 -87.003700 -19.053690 141.866882 -86.608139 70.855942 149.727570 -48.467506                939 
-27.290762 151.635681 -154.399872 37.212547 152.271576 -100.694305 -25.186773 138.597717 -84.976105 68.408478 154.288727 -65.139511                957 
-26.877262 160.271820 -154.459274 37.415699 159.659256 -100.444336 -22.452644 137.994720 -87.324463 68.390083 160.189941 -64.643440                976 
-38.571968 148.958588 -157.467728 29.230213 155.482544 -108.289772 -29.356455 137.332489 -88.023529 62.575714 161.206726 -75.173172                994 
-35.600018 158.542206 -162.901779 29.976978 160.683350 -110.189499 -28.815344 139.789215 -95.158669 61.537304 163.247620 -74.993355               1012 
-23.764559 186.273865 -170.596893 32.442398 171.738449 -109.480782 -27.352139 149.144867 -111.024857 57.630177 163.346680 -70.281906               1030 
-25.184973 190.680954 -170.022324 31.265745 174.589294 -109.402100 -26.808357 148.556168 -114.045357 56.408775 164.421494 -70.596916               1048 
-41.685127 167.871002 -150.988739 29.178156 175.816635 -104.057327 -16.809210 135.111099 -120.453758 57.776142 162.638809 -68.703430               1066 
-45.131645 155.715347 -148.481537 26.949038 175.808884 -103.383926 -12.148322 131.892990 -127.031067 58.225052 161.136703 -71.012085               1084 
-44.641506 153.033310 -149.231125 27.009493 175.185028 -103.247215 -10.120690 131.072601 -129.319016 58.466541 160.071594 -71.256020               1102 
-44.377911 151.400513 -156.569504 23.998823 176.883606 -107.704750 -7.709988 132.834152 -139.849976 56.919270 161.265671 -77.476906               1120 
-42.890877 152.923553 -161.772507 23.764002 175.734253 -109.466316 -6.593071 134.051712 -145.438339 55.408325 158.034393 -79.023743               1138 
-42.967773 149.211563 -167.133240 20.529875 173.733185 -112.704849 -7.777030 132.545166 -150.629715 51.351501 155.740814 -81.596970               1156 
-38.941582 142.061478 -167.809601 21.109787 170.939560 -114.997025 -7.986987 129.627869 -152.037506 51.046986 152.866821 -83.082474               1174 
-34.936764 139.147369 -167.287109 22.000462 170.599426 -115.551605 -7.314609 130.510193 -153.646927 52.155598 151.502197 -84.449165               1193 
-35.770153 136.310287 -165.288223 25.309349 164.402054 -118.721207 -10.818347 127.465904 -153.973099 54.363132 142.375229 -88.520294               1211 
-34.276863 118.456451 -154.037598 26.492514 154.582260 -114.451363 -9.447259 113.483711 -144.969666 59.250210 136.189270 -85.641121               1229 
-37.679859 115.362541 -151.946533 22.344395 154.824387 -115.208984 -12.929159 112.294510 -144.518204 57.469093 137.805252 -88.413406               1247 
-37.664528 113.201248 -152.577164 19.677805 155.257263 -114.852165 -13.067446 111.876190 -145.800507 56.359165 139.424377 -89.451462               1265 
-30.746067 118.293793 -160.417465 24.768604 156.557907 -115.900345 -6.314253 115.300499 -151.156158 58.176575 138.657959 -87.529633               1283 
-26.899212 121.387337 -164.545029 27.817141 156.620621 -116.092072 -2.738533 116.520630 -153.091019 57.800976 137.405899 -84.896515               1301 
-28.067196 115.801888 -159.064865 28.628735 154.648819 -115.787918 -3.546766 111.514900 -147.667435 59.060631 138.205933 -83.462547               1319 
-32.967228 106.185158 -151.757706 26.673227 150.189804 -118.482216 -7.877578 103.237022 -141.327194 59.082130 138.329559 -86.072395               1337 
-35.083122 102.089851 -147.468658 25.048580 148.266769 -118.183144 -9.563807 99.902367 -137.926926 59.022606 138.134125 -86.806503               1355 
-27.642584 106.833618 -157.329254 26.287472 153.291901 -117.700485 -1.104393 105.037048 -146.294113 58.349968 142.186371 -84.684402               1373 
11.633424 147.144104 -152.812286 33.733658 175.738663 -133.701447 -34.086262 150.593674 -155.685104 45.211052 153.056412 -93.761703               1391 
9.553854 148.945953 -145.764481 30.925367 175.645981 -137.670242 -49.868828 165.024368 -157.818054 35.849655 153.548981 -96.090523               1409 
-6.220115 165.059387 -157.476028 19.352274 188.221405 -145.716415 -64.855736 189.358337 -158.372711 25.143572 160.307419 -107.918678               1427 
-17.397930 177.269852 -151.115295 14.109996 189.619614 -136.842270 -66.386818 216.082336 -142.806519 12.754694 154.038223 -105.640900               1446 
-21.629326 185.937286 -141.124054 10.952318 193.843521 -126.034004 -66.675087 228.188660 -128.577896 6.312911 155.689453 -98.390907               1464 
-21.291414 188.699066 -122.808670 11.462555 199.372787 -109.998734 -67.831520 230.297531 -110.081993 10.190357 163.203888 -79.476768               1482 
-22.526829 190.352768 -105.258392 10.949063 202.177261 -95.739113 -68.315056 233.370834 -91.800087 12.236124 168.548264 -62.439980               1500 
-27.190680 205.762344 -79.878632 29.908884 198.886749 -61.859184 -35.049297 211.072601 -58.461674 46.201721 169.264542 -28.716051               1518 
-28.745972 209.128769 -50.395561 37.310112 192.336304 -38.352451 -26.036169 205.159317 -29.458641 57.580807 161.718994 -8.468043               1536 
-26.928413 209.950760 -25.042898 39.884754 187.944855 -22.754099 -20.523254 206.249329 -4.671836 61.923775 155.625244 3.912792               1554 
-28.470964 206.553741 -5.119023 39.097248 186.239044 -8.405421 -20.319380 202.276581 14.674334 63.619595 153.216888 15.037914               1572 
-27.229740 204.125763 13.746376 40.140247 184.167969 6.176235 -17.971777 199.621674 33.210236 65.739815 150.080338 26.769756               1590 
-27.354385 200.650864 30.252226 39.953163 182.041000 19.346462 -17.161076 196.210083 49.728367 66.636520 147.263184 37.232243               1608 
-26.446959 196.359894 45.836063 40.613297 179.348831 31.411890 -14.748204 193.515533 65.737808 68.811211 144.933624 47.594276               1626 
-27.000153 180.833649 57.615540 41.768696 171.761871 44.110104 -15.535772 177.810028 77.920593 72.726204 138.751007 58.013824               1644 
-28.181866 186.107620 69.028160 39.600491 176.289413 51.923065 -14.709337 188.677567 89.833214 72.301949 146.331772 68.492706               1662 
-27.203279 181.777740 84.535515 38.142162 175.062714 58.865501 -10.887750 187.211487 104.193855 74.132553 147.030029 71.524864               1681 
-27.070459 176.535553 92.160393 37.856941 173.335739 64.942764 -10.380444 182.868301 112.142090 75.059158 146.166641 75.862160               1699 
-25.251774 176.058212 97.396294 40.431122 171.307770 72.417953 -9.065189 181.666306 118.276520 76.161446 142.446198 83.896271               1717 
-24.057238 168.309296 99.716919 43.181999 169.022766 78.835846 -9.636272 174.317001 121.816193 79.986977 142.068008 91.494194               1735 
-19.638004 165.727402 101.483131 48.107822 159.859482 83.285423 -5.695217 167.631363 124.704491 80.463036 127.060562 94.183533               1753 
-14.849611 163.795670 106.943398 51.268932 157.925415 84.074432 0.757193 166.429504 129.669754 83.908493 124.676842 92.476173               1771 
-13.877050 159.715378 107.320038 52.238472 155.535995 84.548317 1.480507 162.771469 130.163162 85.260849 122.559967 92.517181               1789 
-13.133934 151.441254 103.269737 53.164093 151.218094 80.674004 2.296544 159.937515 126.587082 89.184601 122.713226 92.136703               1807 
-14.540428 144.921494 99.345764 52.064960 149.819031 78.228882 0.833462 158.607895 125.500130 90.084564 124.864357 91.388367               1825 
-14.712293 141.975449 97.828033 51.911064 149.374832 77.591255 0.725264 158.738541 126.086548 90.530792 125.593468 91.169243               1843 
-13.827841 141.563705 95.847549 53.296021 147.768967 76.814621 2.146873 156.703400 125.488258 90.769516 121.600342 89.157158               1861 
-13.638248 140.957245 93.702431 54.033905 146.920334 76.401741 1.902092 155.023163 124.038979 90.827911 119.747124 88.617149               1880 
-13.124165 142.301407 93.073235 54.800995 146.227356 75.896881 2.861643 155.887527 123.281784 90.647491 117.766594 87.996979               1897 
-12.922184 143.258881 93.125465 55.047268 146.281433 75.637123 3.396178 157.616806 122.976753 90.662392 117.754852 88.254395               1916 
-10.556789 146.427734 96.629745 56.480122 146.783722 75.492424 9.107112 164.822220 126.138504 92.120422 118.345490 88.237389               1934 
-10.652641 146.780869 97.066689 56.252190 146.897507 75.479164 9.164778 165.068329 126.309990 91.735947 118.159081 87.985359               1952 
-9.868492 148.678970 98.781021 56.550652 147.454788 75.745239 10.785781 167.164642 127.237656 91.749344 118.233841 87.934822               1970 
-9.921394 147.905396 99.457306 55.955807 145.643738 74.929604 11.325191 167.239929 126.650627 91.263916 116.639687 87.319145               1988 
-7.864782 153.548141 105.540688 56.099010 147.973572 76.553635 21.508068 175.972595 134.980530 90.386131 116.769714 86.151100               2006 
-8.866238 152.041962 106.285759 55.352947 147.247101 77.109558 23.942888 175.872925 138.819595 89.499756 115.550613 85.519440               2024 
-11.061313 147.718323 105.404358 53.558540 146.105591 76.162064 21.721071 173.891068 138.701080 89.270004 116.159302 84.487297               2042 
-12.321989 144.664352 103.123596 53.265522 144.921951 75.274292 19.075415 172.009521 136.684158 89.828300 116.308083 84.537537               2060 
-14.706959 141.823990 100.001472 51.800480 144.494720 74.069153 14.057784 171.586044 132.265427 89.450340 118.052452 85.235725               2078 
-14.893747 142.427856 97.496941 53.049885 144.194290 74.067619 8.174547 162.545944 124.204414 89.897743 116.909073 85.863800               2096 
-14.439260 145.025162 95.145187 54.774677 144.855209 74.654427 5.315999 158.858658 118.569130 90.206093 116.114960 87.303986               2114 
-12.180778 148.778259 94.480690 57.284077 145.831146 74.226418 7.543627 161.010391 116.972702 91.635139 115.920227 87.139168               2132 
-12.004120 149.882782 93.809555 57.731045 147.001495 74.256355 7.319493 162.333099 116.040482 92.134529 117.508713 87.966721               2151 
-12.089928 150.393234 93.448860 57.840347 147.469101 74.334656 7.066865 162.664474 115.642174 92.153320 117.966805 88.249863               2169 
-12.321052 150.333694 93.219894 57.812897 147.429352 74.261200 7.005054 162.849243 115.377411 92.180672 118.050957 88.302727               2187 
-12.578997 147.892731 92.370453 58.059814 145.817917 74.397484 6.492439 160.559174 114.645195 92.669655 116.952576 88.900917               2205 
-13.550338 146.721329 90.890106 57.573940 144.818802 74.558052 5.146765 158.525940 113.842384 91.681252 115.261566 88.856972               2223 
-14.305830 146.894974 91.655258 56.779968 145.954529 74.818932 4.461626 159.661224 114.015358 91.546318 117.343925 89.452217               2241 
-12.370863 150.998260 93.451965 58.363731 147.632324 75.309677 7.303306 163.543167 115.139847 92.498711 118.116150 89.627388               2259 
-11.351501 152.332458 94.125198 59.214401 146.809738 75.674995 9.278351 163.649155 116.224037 92.075905 115.238190 88.510788               2277 
-9.898168 153.785736 96.196564 60.304264 147.154007 76.596420 11.943120 165.141159 118.281509 92.668854 114.638397 88.286880               2295 
-9.487476 153.561203 97.182014 60.639977 147.013763 77.207077 12.736428 164.970627 119.205162 92.971313 114.274506 88.352661               2313 
-12.620643 147.498016 98.185516 57.376480 144.326080 76.781387 9.378059 162.837524 118.275024 92.404022 115.316101 89.930168               2331 
-15.021970 144.495529 97.719872 55.121033 144.411407 75.930832 6.307658 162.433167 116.650261 92.077774 118.653267 90.495026               2349 
-15.631823 147.094559 96.236168 56.421425 147.860626 80.197342 4.466178 163.193710 117.957130 92.220375 121.156242 95.904320               2367 
-15.808619 146.803268 96.536789 56.411480 147.495667 80.098701 4.822014 161.964020 118.580673 92.215889 120.195892 94.733070               2386 
-15.933167 146.771896 96.555290 56.344879 147.440140 80.082275 4.931803 162.000244 118.661568 92.128258 120.001671 94.507217               2404 
-19.673656 142.675766 93.615913 52.936436 149.320755 80.117851 -0.983433 160.394516 116.245453 90.276733 125.283623 96.528732               2422 
-20.348234 144.397308 91.708717 52.695618 149.495392 80.212212 -1.629140 160.357330 115.704536 88.802544 123.214256 95.928146               2440 
-22.874912 142.176743 92.290535 49.394989 153.999313 81.951462 -6.615467 161.382523 115.585983 87.367996 132.029724 99.749954               2458 
-23.646441 141.261230 92.701271 48.627686 151.683563 81.339462 -6.845667 160.773743 115.361603 86.347603 129.258682 99.108284               2476 
-24.333160 140.971283 93.059776 47.724548 151.827896 81.136490 -7.617533 161.140732 115.222839 85.649284 129.863449 99.043930               2494 
-24.826632 140.868637 93.858437 46.959328 152.807877 81.413284 -8.279929 161.445633 115.715813 85.310936 131.462204 99.159119               2512 
-24.628574 141.544540 93.648132 47.299099 152.850677 81.591278 -7.877877 161.456436 115.966660 85.297470 130.512497 98.869232               2530 
-26.152985 139.592178 95.026382 44.696598 154.553070 80.960182 -10.246589 161.549500 116.007957 84.230888 135.212891 98.407135               2548 
-27.508955 139.091980 95.815071 42.690872 155.126572 79.978554 -11.530759 161.913696 116.099396 82.900047 136.650055 96.808273               2566 
-26.677277 140.981644 93.814125 44.600800 155.069946 81.720970 -10.746442 161.966461 115.970741 83.265190 133.817551 98.890671               2584 
-26.183786 142.731110 92.071022 45.966244 153.292450 81.936707 -9.636018 161.985641 115.317543 82.962036 129.145416 98.955223               2602 
