-27.138208 157.279419 65.508133 38.831436 162.299118 83.095383 -15.200408 147.749191 69.656425 71.058685 124.099670 87.171654                  0 
-26.824188 156.637024 65.571602 38.950439 162.292435 83.279678 -14.856033 147.380600 69.758011 71.424370 124.315239 87.473282                  8 
-26.392483 154.926926 65.805557 39.120289 162.261551 83.662231 -14.072755 145.983185 70.370232 72.350212 125.019524 88.480301                 18 
-26.067478 153.711670 65.997299 39.241009 162.239609 83.934128 -13.332187 144.909485 71.023781 73.001579 125.537544 89.187027                 27 
-25.795872 152.769379 66.158768 39.333134 162.222855 84.141624 -12.560183 143.957581 71.865654 73.494522 125.942276 89.721008                 36 
-23.077454 143.614365 64.542381 39.974316 160.809036 84.049835 -8.989957 136.499115 70.886742 77.951286 128.809128 90.989990                 45 
-22.940084 141.548508 64.535072 39.436844 160.833893 84.188545 -8.230201 134.648758 72.211601 78.318825 130.046036 91.585182                 54 
-22.735781 139.510025 64.568123 38.904461 160.858505 84.325943 -7.569091 132.941895 73.075279 78.644058 131.299118 92.162842                 63 
-22.564999 138.281647 64.606308 38.586372 160.873215 84.408035 -7.177407 131.973114 73.510017 78.819054 132.059464 92.501839                 72 
-22.380749 137.857574 64.885475 38.582066 160.976151 84.399673 -6.970689 131.749390 74.088303 78.900116 132.366837 92.788498                 81 
-22.054539 137.363876 65.297867 38.666332 161.019394 84.474510 -6.730091 131.531799 74.709091 79.071877 132.583267 93.029556                 90 
-23.475954 141.860672 66.837440 38.424564 162.934555 85.189743 -8.222901 135.388168 75.715195 77.783211 132.844788 92.930038                 99 
-25.137051 148.226120 67.480782 38.227901 164.739304 85.444916 -10.517591 140.843903 75.111443 75.661232 131.970779 91.720230                108 
-25.631090 150.070938 68.071198 38.207996 165.081497 85.580719 -11.276614 142.413345 75.174637 75.030502 131.503891 91.153694                117 
-25.753931 150.216827 68.315079 38.152615 165.111328 85.618004 -11.433496 142.524658 75.332512 74.948402 131.478287 91.030807                126 
-25.961813 150.208603 68.553444 37.950581 165.202957 85.656746 -11.662602 142.545532 75.526260 74.800690 131.619797 91.009407                135 
-26.048941 150.426727 68.715752 37.875313 165.300980 85.728966 -11.791906 142.717468 75.643616 74.700783 131.666489 90.926575                144 
-26.073545 150.915665 69.008484 37.913166 165.351440 85.996315 -11.878871 143.061890 75.855461 74.593994 131.514679 90.895332                153 
-26.097950 151.057327 69.162781 37.893162 165.363251 86.027390 -11.949799 143.137894 75.975647 74.544014 131.478027 90.814568                162 
-27.261057 148.889145 71.111809 37.350452 163.134903 85.145218 -13.056858 141.107529 77.791260 73.772293 129.039139 90.178909                171 
-28.894770 146.825867 73.284363 36.221394 161.134842 84.069183 -14.629393 139.289551 79.833755 72.513435 126.961571 89.499176                180 
-29.403114 146.234375 74.337311 35.967354 160.082550 83.626579 -15.155092 138.635086 80.655045 72.081512 125.645439 88.552322                190 
-29.380463 145.996613 74.145882 35.931438 159.748947 83.479065 -15.205843 138.317032 80.387993 72.060013 125.269928 87.988350                198 
-29.290792 146.768326 73.382896 35.930305 159.959076 83.336708 -15.328162 138.878525 79.612411 71.831032 125.201797 87.517586                208 
-29.122826 147.381256 73.232872 36.048405 160.038223 83.400032 -15.356396 139.310104 79.427544 71.728264 125.016815 87.254608                217 
-28.935467 147.886536 73.107071 36.153141 160.108429 83.456192 -15.381011 139.693115 79.266937 71.637840 124.858360 87.016968                225 
-29.142065 148.720764 72.622032 35.989754 160.117691 83.306419 -15.733798 140.198914 78.707169 71.163811 124.521942 86.490585                235 
-29.366529 149.535660 72.670860 35.865646 160.169235 83.312897 -16.077629 140.680237 78.554558 70.787598 124.296692 86.146271                243 
-30.281694 150.819641 72.633781 35.054722 160.527878 83.104584 -17.222273 141.672241 78.238243 69.593933 124.263924 85.630287                252 
-30.629961 151.434525 73.200745 34.809669 160.496521 83.187752 -17.798090 142.178436 78.259598 69.079788 123.940323 85.088684                262 
-32.431278 151.288483 74.962708 33.250153 159.915253 82.781471 -19.865767 142.134781 79.203590 67.261711 123.096107 84.186592                271 
-32.929523 151.976227 75.771194 32.796936 160.020065 82.606682 -20.696951 142.854965 79.302330 66.533752 122.928535 83.281891                280 
-33.966400 154.320831 77.706619 31.836506 162.213486 83.513687 -22.207962 145.529831 79.819923 65.674263 125.222916 82.458405                289 
-34.597214 155.849442 79.525726 31.245060 163.827820 84.352951 -23.265959 147.557190 80.276649 65.248436 127.052322 81.956558                298 
-34.803787 156.075134 80.676186 30.996670 164.773941 84.835274 -23.532694 148.083359 80.860092 65.483398 128.484192 81.983940                307 
-34.904587 156.358871 81.717422 30.887581 165.380768 85.296883 -23.960974 149.294525 80.407379 65.635696 129.386841 81.918289                334 
-34.914688 156.408997 81.899414 30.867819 165.490707 85.380516 -24.075357 149.751328 80.109665 65.662216 129.550644 81.906166                343 
-35.137302 156.489456 82.237778 30.618057 165.696838 85.472549 -24.430466 150.371552 79.838257 65.490250 129.834000 81.980064                352 
-35.191906 156.490799 82.197861 30.536842 165.799637 85.485527 -24.647575 150.808365 79.304825 65.502014 130.050064 81.768715                361 
-35.233978 156.509155 82.163567 30.474943 165.877991 85.495422 -24.857439 151.092712 78.934235 65.511078 130.216110 81.608467                370 
-35.236008 156.539978 82.159279 30.458363 165.912216 85.523811 -24.964699 151.379166 78.721367 65.530334 130.300888 81.498955                379 
-35.097717 156.783646 82.306213 30.614084 165.828247 85.698425 -25.163681 152.131943 78.500313 65.504471 130.087326 81.264778                388 
-35.120968 156.981125 82.248962 30.624855 165.832108 85.721802 -25.459354 152.700775 78.126266 65.458870 130.049774 81.180206                397 
-35.141544 157.201828 82.153999 30.631966 165.834671 85.737236 -25.706306 153.146362 77.788025 65.428696 130.025192 81.124359                406 
-35.129078 157.404526 82.055016 30.626976 165.889359 85.747612 -25.851559 153.436951 77.664207 65.406059 130.083267 80.978043                415 
-35.095795 157.522568 81.987984 30.621984 165.893585 85.755936 -26.048349 153.780411 77.417770 65.382988 130.079239 80.916992                424 
-35.079628 157.664597 81.916664 30.617641 165.897278 85.763176 -26.260487 154.153824 77.083572 65.362854 130.075806 80.863876                433 
-35.055721 157.827042 81.864609 30.599417 165.887024 85.763817 -26.497280 154.503174 76.744080 65.329002 130.062653 80.775749                442 
-35.471024 157.450699 82.842926 30.145243 165.639862 85.801407 -27.335657 154.661713 76.795731 64.909958 129.862045 80.724693                451 
-35.673714 157.062149 83.622589 29.811289 165.419403 85.847862 -27.753931 155.486923 76.397606 64.614937 129.698471 80.639160                461 
-35.615501 157.027878 83.720825 29.792784 165.370804 85.839615 -27.780828 156.570938 75.559647 64.623405 129.715042 80.371178                470 
-35.587864 157.033371 83.758041 29.754896 165.356934 85.829971 -27.837902 157.515060 74.835464 64.607269 129.748840 80.192139                479 
-36.657261 159.129929 86.211769 27.991360 168.506668 79.105331 -29.907127 158.255463 75.961617 63.499096 133.105774 79.727448                487 
-36.214001 159.378922 88.748016 27.251221 169.786591 75.814003 -30.122612 158.234299 77.108109 64.168510 135.967026 78.599861                497 
-35.939800 158.877365 90.287933 26.768908 169.977448 74.780846 -30.142126 158.051651 77.411026 64.496063 137.082504 77.779800                506 
-35.786133 158.834427 90.948143 26.567547 170.144516 74.415054 -30.085552 158.486359 76.920181 64.598183 137.599792 77.402000                515 
-35.402336 160.402557 91.749207 26.144888 170.254135 71.866753 -30.191904 159.223984 76.891800 64.431404 138.185349 76.355064                524 
-35.136936 161.463364 94.086227 25.349419 170.156265 70.905136 -30.545290 160.353638 77.783218 63.671677 138.052628 74.800064                533 
-35.777317 160.094238 95.685349 24.835932 170.365814 73.668556 -31.176010 161.478043 78.391548 62.533424 137.300629 73.619110                542 
-35.687397 160.065735 97.208923 24.707251 171.712296 75.430504 -31.189411 162.481613 79.404945 62.735806 139.053741 74.142868                551 
-35.614967 160.382523 97.447075 24.531309 171.740250 74.972054 -31.147732 163.227005 78.525566 62.606651 139.126892 73.948608                560 
-35.765949 159.564301 97.644783 24.350668 171.484070 75.503082 -31.239799 163.484680 78.038109 62.418335 138.898239 73.651939                569 
-35.944523 158.610992 97.827065 24.181301 171.237137 76.214294 -31.393099 163.583450 77.846451 62.242493 138.716705 73.354599                578 
-36.100822 157.789032 97.916931 24.060389 171.009644 76.866898 -31.530495 163.616837 77.749504 62.118828 138.569214 73.181389                587 
-36.290607 157.030441 97.888725 23.972504 170.758667 77.563263 -31.658678 163.629868 77.645317 62.015083 138.385757 73.185333                596 
-36.565712 155.829620 97.521515 23.955252 170.266785 78.590164 -31.724499 163.480957 77.508797 61.950569 137.994720 73.179115                605 
-36.729641 155.043304 97.232391 23.943932 169.943954 79.264122 -31.771921 163.408325 77.388443 61.933453 137.784241 73.184761                614 
-36.813240 154.592209 97.040688 23.937412 169.758118 79.652107 -31.812153 163.426727 77.248116 61.932636 137.679214 73.193245                623 
-36.864902 154.231155 96.902199 23.949179 169.620789 80.021736 -31.827477 163.446030 77.185699 61.955280 137.619873 73.247719                632 
-36.905876 154.087479 96.754913 23.914547 169.659897 80.149628 -31.864658 163.474060 77.098289 61.977749 137.749435 73.270317                641 
-37.074291 154.137390 96.417458 23.809401 169.900238 80.308243 -31.965263 163.700958 76.866013 61.951252 138.084198 73.427185                650 
-37.209484 154.181198 96.132912 23.722256 170.099426 80.439697 -32.043736 163.898727 76.674873 61.929531 138.361893 73.559044                660 
-37.300354 154.213181 95.927757 23.661098 170.239212 80.531960 -32.096527 164.047424 76.529289 61.914402 138.556900 73.652573                668 
-37.372780 154.240646 95.751656 23.610064 170.355865 80.608948 -32.147636 164.173798 76.404297 61.901840 138.719696 73.731262                678 
-37.455975 154.218063 95.604561 23.530079 170.455719 80.670975 -32.247295 164.218124 76.332855 61.888435 138.891251 73.835045                687 
-38.070099 154.092514 94.842148 22.964817 170.762863 80.668488 -32.753582 164.261688 75.747444 61.574924 139.457077 74.064156                695 
-39.819675 153.609604 92.534866 21.277069 171.453705 80.247505 -34.050804 164.062149 74.046318 60.615749 140.882141 74.567871                704 
-39.684002 153.566559 92.850479 21.302729 171.661255 80.454926 -34.058681 164.302582 74.494972 60.648296 141.225098 74.132217                714 
-38.591824 153.412277 91.205315 22.720228 170.660492 79.282272 -32.719444 164.105942 72.956139 61.670177 139.679077 73.161583                722 
-39.091797 150.211716 87.563049 22.705572 166.785309 77.403992 -32.626297 161.167007 69.684135 61.363091 135.362549 71.692963                731 
-39.315624 148.636429 85.737778 22.698278 164.857132 76.469421 -32.523232 159.740738 68.151657 61.202709 133.212585 70.952118                741 
-38.369865 146.263611 84.806427 23.276955 164.134430 76.237633 -31.691448 158.166748 67.865730 62.472855 133.558365 69.665329                750 
-34.562481 141.845459 84.900261 25.930443 161.495773 72.702377 -28.724283 151.872253 66.484314 66.597305 132.412659 68.856773                759 
-32.890759 136.925140 80.751633 26.865749 159.719604 70.827545 -26.923342 147.500443 62.619614 69.101013 132.831451 68.067268                768 
-32.346176 135.142685 77.577164 27.097889 159.382080 69.814171 -25.911060 146.979187 59.076675 69.966515 133.467346 67.551956                777 
-31.056576 136.315872 74.796776 27.668684 161.554489 68.471687 -24.336849 149.562973 54.723480 70.973091 136.282349 67.795540                786 
-29.798876 139.012650 71.867722 28.218822 164.229477 66.743896 -23.064566 153.256821 50.138432 71.401726 138.762680 67.787132                795 
-30.827705 143.523590 65.909378 27.089754 165.899506 65.470222 -23.505898 159.146606 44.982517 68.384331 137.588959 68.241676                804 
-29.099680 145.098801 60.387730 25.474085 170.504120 60.597107 -24.548470 161.833389 39.430122 67.669907 143.659241 64.240532                813 
-28.360910 149.581787 54.833576 26.688179 171.004776 56.543633 -23.890465 167.732483 34.868259 66.463608 140.538040 58.569527                822 
-28.570885 150.731155 49.169533 26.102171 171.279251 52.938538 -24.384434 169.652893 29.816336 65.187759 139.903015 54.441105                831 
-26.765339 152.046463 43.876202 26.905306 171.650192 50.290722 -23.674910 172.178131 25.092022 65.111923 139.177597 50.731339                840 
-25.130035 153.789505 38.621044 27.407480 172.458588 47.789757 -23.158186 174.716614 19.797474 64.784500 139.031662 47.695320                849 
-22.820797 155.577530 32.289871 28.588139 173.699371 44.037098 -21.884960 176.449539 12.961479 65.517967 139.779037 44.132301                858 
-22.583612 189.205048 16.973608 57.613209 169.013641 37.894230 -14.510495 176.608749 52.054829 81.012787 129.772049 58.557400                867 
-24.344984 188.608200 12.422343 55.357544 169.314056 35.542995 -17.032267 177.920822 47.581230 77.810715 130.360535 57.744080                876 
-25.709394 189.574203 5.897107 53.468872 170.467651 31.103287 -19.036860 180.164612 41.505856 75.126198 132.086166 55.024635                885 
-26.062243 190.103729 -1.571813 52.231018 171.039383 26.397490 -20.526503 181.212677 34.434082 72.953407 132.899277 51.503769                894 
-26.774351 190.400162 -10.019834 50.618961 171.762817 20.853060 -22.420063 182.226425 26.686373 70.503410 134.038223 47.232475                903 
-27.252150 190.651581 -18.255213 49.296452 171.804611 14.988657 -23.986876 182.499023 19.119360 68.389870 134.126221 42.010696                912 
-27.540348 190.605118 -26.770845 48.017078 171.379684 9.265518 -25.534908 181.908035 11.357790 66.354568 133.715988 36.826229                921 
-27.996174 191.030411 -35.801628 46.448689 171.241348 3.370699 -27.398260 181.403412 3.399610 64.091599 133.762558 31.628046                930 
-28.275291 191.537506 -44.977230 45.109512 171.035309 -2.820531 -29.184065 180.527969 -4.277507 62.316746 133.818665 26.045403                939 
-28.288055 193.037567 -54.345486 43.790051 170.563080 -9.276741 -31.109802 179.452576 -11.824697 60.521698 133.320724 19.834560                948 
-28.066420 193.533340 -63.329044 42.715015 169.855011 -15.252284 -32.908127 177.478668 -18.892160 59.249763 132.964096 14.413728                958 
-27.952528 193.728546 -71.414963 41.671444 169.086334 -20.907917 -34.418999 175.724197 -25.603277 57.999165 132.628479 9.401156                966 
-27.684633 194.715668 -80.235397 40.362743 168.411407 -27.146095 -36.177444 174.313644 -32.987133 56.299126 132.261368 3.734584                976 
-27.192101 194.224365 -88.316689 38.987312 167.146133 -32.256958 -37.952053 172.359695 -39.667862 54.304691 131.557022 -0.426116                985 
-27.165943 193.858505 -96.111633 37.553444 165.675858 -37.812290 -39.699944 169.848663 -46.248089 52.697685 130.612808 -5.321608                994 
-26.888155 193.157272 -103.543243 35.873558 164.302750 -42.371391 -41.671879 166.701462 -52.420403 50.857433 129.955948 -9.051865               1003 
-26.481340 192.529907 -110.400482 34.970974 163.291153 -46.842407 -42.864799 163.173264 -57.523624 50.473812 130.241058 -12.465630               1012 
-26.903936 190.260818 -117.013626 33.535606 162.052704 -51.090923 -44.326485 159.240402 -62.644627 49.486923 130.537247 -15.499620               1021 
-27.472143 187.674179 -122.604431 32.312450 160.587570 -54.989059 -45.290535 154.472580 -67.683273 48.938904 130.044769 -18.862780               1030 
-28.573206 182.693237 -126.899597 31.148365 158.180618 -57.864368 -46.291195 150.042618 -70.496979 48.263000 129.359589 -20.570292               1039 
-29.536348 181.950531 -130.627914 29.840538 156.814697 -61.134995 -47.455776 147.472443 -73.979500 47.301472 128.197891 -23.844193               1049 
-30.942368 181.247116 -134.915848 28.326979 155.053238 -65.297363 -49.202869 146.366364 -76.929504 45.940052 127.100121 -27.577177               1057 
-32.278786 178.238724 -141.747818 24.953529 151.463516 -69.870377 -51.035725 140.305756 -83.564140 42.507771 125.182693 -30.939968               1075 
-35.036064 174.239227 -147.153442 23.059525 150.662964 -74.680283 -52.260666 137.462601 -87.794174 41.383327 126.284889 -34.876289               1084 
-38.564777 168.940948 -154.017715 21.476433 152.879730 -81.039223 -52.289368 134.368927 -93.241737 41.485748 131.986923 -40.081585               1094 
-41.899784 165.139160 -155.801712 20.504669 154.177826 -83.829536 -51.244835 131.490463 -94.909233 42.285488 135.700928 -42.615334               1102 
-42.053604 166.024033 -156.746933 20.664259 155.036102 -85.028580 -49.868202 132.030762 -96.905426 42.455647 136.796265 -43.714497               1111 
-45.139797 166.674194 -157.600739 19.213205 155.554489 -87.280846 -50.256424 131.194504 -98.711723 42.129780 137.320175 -46.577648               1120 
-45.585846 168.405701 -160.924652 18.808527 156.938110 -90.621529 -50.463753 133.522919 -101.907478 41.520210 139.060013 -49.646378               1129 
-47.152939 166.066376 -164.114655 18.207890 157.426620 -94.233467 -50.695065 133.308441 -103.903976 41.514030 141.409225 -52.824814               1139 
-47.503181 166.337250 -165.832382 18.239491 157.655792 -96.302605 -51.021278 135.539856 -105.056694 41.359882 142.203995 -54.576126               1147 
-47.021767 169.820450 -166.450500 18.616819 158.740479 -97.149536 -50.209141 138.469070 -106.770226 41.278301 142.473602 -55.481125               1157 
-46.079735 175.134277 -166.751053 19.527887 161.519775 -97.862938 -48.417683 141.611954 -108.933388 42.047604 143.921555 -56.661308               1165 
-42.099968 182.715057 -166.503174 21.735008 166.157120 -96.592506 -45.072968 146.139557 -111.042076 43.241661 146.732803 -55.670998               1174 
-39.479839 190.995041 -164.564148 24.306196 170.098068 -95.772461 -41.896996 151.828949 -111.673264 45.572617 148.473679 -55.840828               1183 
-35.874737 199.291992 -162.987137 26.628208 174.480103 -94.311836 -38.493221 157.541885 -112.939880 47.059528 150.744614 -55.150658               1193 
-30.527763 208.034653 -161.930115 29.504608 178.247101 -93.023430 -34.796589 163.860489 -114.753975 48.330204 152.026093 -54.650707               1201 
-28.250757 206.710480 -156.755539 33.177635 182.341141 -90.281029 -30.040005 169.264618 -114.505608 51.194550 154.160828 -52.922352               1211 
-25.256157 208.465073 -153.309799 36.575939 185.146957 -88.131882 -26.045946 174.292160 -114.015785 53.621777 155.056107 -51.822243               1220 
-21.137465 213.405701 -151.391144 39.959557 188.084686 -86.713043 -21.949575 179.919662 -114.215797 55.675850 156.142731 -51.398476               1229 
-17.298901 215.987045 -148.282516 43.992512 190.649429 -84.984947 -17.773619 185.406799 -112.842567 58.417995 157.565338 -50.174625               1238 
-12.620100 218.788940 -145.608398 48.181759 192.826630 -82.715088 -13.072893 189.946381 -111.338867 61.274681 158.904465 -48.185787               1247 
-7.354982 222.747299 -143.224579 52.398567 194.456909 -80.433723 -8.280020 193.921844 -109.874352 64.138107 159.588181 -46.363712               1256 
-2.168542 226.166885 -141.689255 56.346947 195.878448 -78.711166 -3.723794 197.488525 -108.862946 66.839828 160.315277 -44.953655               1265 
3.288966 227.771973 -139.851746 60.579742 197.155334 -75.944656 1.461610 199.318451 -107.398880 70.362122 161.317261 -42.264580               1274 
8.546988 227.932785 -138.084183 65.067474 197.867004 -73.260506 6.707698 200.068054 -105.615501 74.440041 162.195206 -39.288631               1283 
13.180478 226.943619 -136.973251 68.977280 198.358414 -70.914246 11.602322 200.257263 -104.293907 78.058197 163.154465 -36.379784               1292 
17.809259 225.745682 -136.039841 73.046478 198.829117 -68.862099 16.625431 200.141846 -103.177345 82.037987 164.101944 -33.825172               1301 
19.656515 219.205231 -134.107071 77.739120 199.019791 -67.002144 20.591513 197.192398 -99.289230 88.350792 167.693756 -29.312868               1310 
22.395878 215.766953 -132.800049 81.679718 198.999985 -65.829704 24.544538 195.667999 -97.340393 93.071869 169.381134 -27.005072               1319 
25.755798 216.197617 -131.316208 85.556892 199.322586 -64.856285 28.674448 196.441101 -96.142654 97.097290 169.698196 -26.079683               1328 
33.579086 220.794785 -129.926590 90.591873 198.236954 -62.311447 34.345890 199.332413 -94.669846 99.552620 167.441849 -23.765667               1338 
38.602043 220.110352 -129.202637 94.839539 197.498749 -60.631432 38.956940 198.016159 -93.488251 103.517410 167.205719 -21.625832               1347 
44.332550 221.134613 -129.005386 98.734505 196.482071 -59.338352 43.510139 197.633011 -93.224686 106.253227 165.971954 -20.261353               1355 
49.061890 218.839294 -129.083954 102.387253 194.907074 -58.243046 47.571636 195.048874 -92.963623 109.176514 165.161774 -18.449415               1364 
53.157909 214.385971 -129.400711 105.969185 193.060654 -57.328369 51.249256 191.582565 -92.355934 112.325165 165.050125 -16.225796               1373 
56.603256 205.307449 -128.636688 109.587563 191.396774 -54.881905 55.002857 185.309341 -89.803436 116.437439 167.113571 -11.548144               1382 
62.946964 202.902283 -128.295013 113.451164 189.903717 -52.655010 59.963531 182.942184 -89.336388 118.939522 166.031311 -8.901199               1392 
63.646164 193.568481 -127.118088 116.027946 187.586273 -51.846619 61.977859 176.316162 -86.677757 123.127144 167.186844 -6.593169               1401 
66.073982 188.239182 -126.648117 118.678696 185.610229 -51.327797 64.648613 172.341202 -85.570190 126.133698 166.946930 -5.387469               1409 
68.681480 182.909744 -125.591965 121.235100 182.457962 -50.160881 67.173103 168.060120 -83.988647 128.725723 165.122284 -3.709030               1419 
71.927933 176.578033 -125.634483 123.394821 179.660431 -49.438339 69.749855 163.260971 -83.320755 130.455734 164.262451 -2.242411               1428 
70.884300 168.521606 -123.873459 124.169800 175.017105 -48.895012 69.720062 156.614288 -80.470139 132.618561 161.960754 -1.223635               1437 
70.458977 163.237045 -122.803436 124.943062 171.094482 -48.664886 70.058960 151.732513 -78.889732 134.369110 158.956650 -0.934053               1446 
69.663864 156.470047 -121.983521 124.743134 166.707352 -48.366913 69.880325 145.776505 -77.353630 135.037888 156.017654 -0.469538               1455 
71.315506 138.577942 -121.095924 126.112663 155.142746 -48.257999 72.553940 129.734146 -75.805397 137.603424 147.119125 -0.112452               1482 
72.535286 136.110092 -121.149246 126.690659 152.899628 -47.882854 73.715553 126.877159 -75.961212 138.118362 144.567459 0.225278               1491 
73.624107 132.151718 -120.807777 127.149582 150.097519 -47.367371 74.969200 122.636665 -75.765350 139.117584 141.369339 0.538741               1500 
76.751740 127.421066 -121.851471 127.305016 146.272125 -46.570358 76.414734 117.692642 -76.804527 138.324249 137.070160 1.474515               1509 
78.355965 124.090302 -122.195816 127.428650 143.126419 -46.020393 77.219513 113.898010 -77.252602 138.152756 133.354721 1.978747               1518 
80.646729 121.669754 -122.468979 127.933632 140.808578 -45.380032 78.062538 112.173889 -77.911453 137.309738 130.921661 2.877067               1527 
80.510078 116.988579 -121.786064 128.167587 138.451202 -45.984390 78.676155 108.542961 -78.122780 138.384048 128.643478 2.118025               1536 
79.954605 111.003700 -120.305336 128.315628 134.573990 -45.809216 78.342682 104.267616 -76.891212 138.775986 125.886177 2.455812               1545 
80.598946 107.483360 -120.002419 128.411774 131.463669 -45.512104 78.321709 101.760216 -77.040054 138.029495 123.056366 2.977346               1554 
81.497337 104.549850 -120.115685 128.488434 129.433243 -45.670544 78.661224 99.811325 -77.729790 137.327637 121.347610 3.021352               1563 
79.763741 100.781837 -118.994308 128.590134 126.389664 -46.154682 77.154442 98.043343 -76.800758 137.445938 119.640884 2.737428               1572 
80.820625 98.384636 -118.696205 129.007401 125.169601 -45.931213 78.217827 95.778275 -76.674286 137.912781 118.618362 2.978758               1581 
81.351570 96.977745 -118.508698 129.297958 124.333870 -45.806164 78.850342 94.331154 -76.516052 138.372116 117.841484 3.080631               1590 
81.332680 95.724182 -117.411026 130.325241 123.737350 -45.667427 79.793030 93.276413 -75.481171 140.223648 117.578949 3.102498               1599 
81.297173 95.347061 -116.952675 130.806534 123.580971 -45.654312 80.693687 92.710434 -75.176811 141.157959 117.490875 3.030063               1608 
81.743942 95.019325 -116.776611 131.222198 123.376305 -45.505653 82.220215 91.823227 -75.220642 141.659042 117.295349 3.161625               1618 
82.177925 94.302086 -116.485558 131.369949 122.849152 -45.097672 82.775436 90.969131 -74.983551 141.739685 116.779045 3.585307               1626 
83.624184 94.076347 -118.097572 131.227676 122.022041 -45.406658 82.851723 90.581085 -76.502632 140.464432 115.603027 3.459371               1635 
84.338364 94.283142 -119.234192 130.970245 121.517372 -45.639400 81.875717 90.907120 -77.390236 139.519760 114.676842 3.294460               1644 
85.404778 95.605644 -120.835594 130.919769 121.314575 -45.894852 80.342865 92.207687 -78.325020 138.755630 113.714684 3.046447               1654 
86.308586 98.367676 -122.894699 130.894485 121.276459 -46.215076 77.272263 94.901566 -78.734573 138.286102 112.583580 2.613272               1662 
88.077362 103.933334 -125.969841 131.374741 122.595955 -47.036118 74.194557 99.609283 -79.546486 138.543564 111.883080 1.422651               1671 
90.737175 111.103439 -128.650803 131.409836 124.414101 -47.008892 72.185989 104.258217 -80.976021 137.817841 110.473251 0.729981               1681 
94.506187 124.324326 -131.141525 131.367279 128.112167 -46.490086 71.831245 112.001266 -84.041840 136.155746 108.979858 -0.387641               1690 
97.960823 138.123383 -131.760376 130.945129 132.373001 -45.333336 72.327782 120.028015 -86.522331 134.029724 108.661674 -1.257628               1699 
96.884674 151.483810 -124.461685 131.027908 135.727661 -39.323212 69.526962 128.678024 -79.204758 134.475052 108.208984 2.452970               1708 
98.587204 164.954773 -117.828949 131.318756 139.540176 -34.120640 67.338905 137.727066 -73.281761 133.979904 108.292000 5.005811               1717 
99.557602 176.191132 -112.820335 130.652481 144.184509 -30.416424 65.817337 143.972290 -70.096550 133.215317 110.260361 6.420970               1726 
98.789528 188.607208 -106.975296 129.381058 149.322083 -27.268753 61.421444 153.806030 -64.438576 131.258575 113.002182 7.252972               1735 
97.868149 199.532227 -100.217834 127.429161 153.620819 -23.481710 57.632244 162.870163 -58.662376 128.305191 115.095764 8.603525               1744 
94.970673 208.011887 -92.302368 125.186226 157.098572 -18.861122 54.321686 169.535980 -51.647923 126.036980 116.881424 11.076593               1753 
90.903793 215.120880 -83.574081 123.202225 160.249176 -13.787281 50.965160 176.310822 -41.821671 124.468010 118.860573 14.493290               1762 
86.676720 220.526199 -74.541679 118.386505 160.853729 -8.467525 46.090786 180.935852 -33.807552 118.889572 117.917641 17.429356               1771 
81.121307 223.693619 -65.772743 116.659958 163.409286 -2.247116 43.250324 184.420410 -22.791182 118.514793 120.216599 23.156851               1780 
74.605087 225.794952 -57.335583 114.923332 166.055466 3.747843 41.181744 187.711044 -11.664620 118.671989 122.929184 29.055569               1789 
68.937355 227.564743 -48.192017 112.888756 167.871506 10.299144 39.905060 191.172958 -0.731574 117.865311 124.797928 35.484673               1798 
63.849590 227.557709 -38.413864 111.281189 168.279114 17.405838 39.349663 192.791672 9.821671 117.401878 125.177719 42.289917               1807 
58.491093 226.692078 -28.732286 109.724861 168.518585 24.391733 38.820763 193.721008 19.923347 117.202858 125.545433 49.126278               1816 
52.191750 224.185043 -19.468603 107.734978 168.468628 31.054123 37.678719 193.789124 29.438618 116.818092 125.837471 55.843071               1825 
44.184299 220.622910 -10.722713 104.837967 168.880249 36.723778 35.222355 193.654144 38.493404 116.046600 126.831131 61.636589               1835 
38.774269 216.957153 -2.561690 101.840103 166.929352 42.213577 32.919670 192.491821 46.287243 113.634338 124.805923 66.727287               1843 
32.266357 212.926544 6.217477 98.476608 165.201813 47.507359 30.212559 190.971527 54.591354 111.501266 123.181885 71.571716               1852 
25.589260 208.286194 13.694781 95.180397 165.248825 52.793503 27.054014 190.209488 61.836548 109.917480 124.079628 77.335823               1861 
19.016615 202.244690 20.684122 91.058929 163.352600 56.822094 23.263538 188.103836 67.745155 106.789093 122.394081 81.099068               1871 
12.789557 196.174255 27.725145 88.293137 164.271332 60.637634 20.393734 187.337585 73.820053 106.432053 124.596069 85.361374               1879 
8.257265 190.384521 34.238583 85.482544 163.388321 64.462952 17.689426 185.618881 79.189514 104.902985 124.155418 88.917709               1888 
3.131174 182.466278 39.352329 81.958633 162.122131 67.031349 13.483964 180.983612 82.982269 103.478584 123.277328 90.320465               1897 
-0.670835 177.109894 45.487083 79.275032 161.526718 69.660522 11.199817 179.666641 87.886719 102.257172 123.290154 92.555855               1907 
-4.439117 170.573853 49.116882 75.900314 160.731888 72.053848 7.292375 176.011169 90.774223 100.600571 123.310974 94.503387               1916 
-6.626482 168.118469 53.398872 73.823975 160.851196 74.885605 5.599980 176.486786 94.906212 99.130219 123.932800 97.491714               1925 
-8.352665 165.591690 57.335457 72.090309 161.368988 78.045013 4.092752 177.914124 98.339966 97.938606 125.831139 102.197380               1934 
-9.921175 162.185913 60.581200 70.777412 159.408020 79.412643 3.164788 175.104172 101.573029 97.548439 123.785599 102.407539               1943 
-11.447414 159.409683 63.069962 69.325104 158.394028 80.850975 1.858430 173.299301 103.966377 96.879578 123.101334 103.424988               1952 
-12.569965 157.587952 65.136368 68.214874 157.554199 82.108681 0.906802 172.190918 105.859894 96.180626 122.444008 104.460434               1961 
-14.029184 155.917191 67.793549 66.909706 156.481461 83.557053 -0.137074 170.561005 108.318832 95.388718 121.375481 105.257858               1970 
-15.331375 154.968170 69.807922 65.736778 155.374359 84.754379 -1.028989 169.359787 110.274452 94.380554 120.050575 105.877235               1979 
-16.073303 154.378098 71.196457 65.107651 154.580215 85.485138 -1.413361 168.696899 111.507362 93.832626 119.153481 106.323372               1988 
-16.761003 153.628906 72.373329 64.471756 153.985077 86.246796 -1.938319 168.123672 112.509109 93.322517 118.636421 107.043831               1997 
-17.321440 153.193298 73.201347 63.947876 153.562485 86.829239 -2.411426 167.709610 113.191444 92.847336 118.232521 107.590370               2006 
-18.190062 152.968048 74.175323 63.095245 152.967636 87.699005 -3.202026 167.289398 114.115555 91.868942 117.467781 108.344688               2015 
-18.716366 153.269379 75.180092 62.604485 152.665955 88.275963 -3.434104 167.748322 114.988998 91.141884 116.992302 108.950020               2024 
-19.673296 153.022354 76.488060 61.785732 152.849762 88.395264 -3.955551 168.006302 115.793709 90.680138 117.449310 109.043037               2033 
-20.200958 151.717529 78.289246 61.246597 152.053391 88.819183 -4.142845 167.270447 117.017235 90.395256 116.687454 109.166580               2042 
-21.121613 151.299042 79.459885 60.199326 151.615112 89.240997 -5.125657 166.806808 117.056686 89.197929 116.053497 109.461327               2051 
-21.151358 151.206024 80.192001 60.008427 151.629166 89.427116 -5.297067 167.018097 116.770508 88.837257 116.019691 109.805374               2060 
-21.308937 151.024750 81.082855 59.698761 151.359390 89.804810 -5.760088 165.931915 115.366356 88.306374 115.513481 110.080025               2069 
-21.345400 150.830688 82.151978 59.540176 151.091888 90.276604 -5.949645 165.321136 114.780067 87.976967 115.086502 110.509514               2078 
-21.824663 149.948303 83.159271 58.928989 151.054138 90.960114 -6.739885 164.396774 114.848930 87.589020 115.166908 111.087692               2087 
-22.139574 149.709213 84.304321 58.568336 151.077484 91.289925 -6.983633 164.166763 115.263054 87.352699 115.146675 111.160698               2097 
-22.457634 150.169495 85.158905 58.296070 151.210739 91.527420 -7.233232 163.122711 113.471893 87.046623 115.214523 111.328621               2105 
-22.794966 150.588638 85.956024 58.003414 151.319046 91.749107 -7.559931 162.119003 112.050217 86.739227 115.255493 111.448944               2114 
-23.038374 151.597931 86.719986 57.797371 151.445938 92.014793 -7.638797 162.518860 111.822479 86.231392 115.145874 111.718124               2123 
-23.311285 152.039032 87.878304 57.575600 151.513016 92.285156 -7.712651 162.035889 111.621651 86.042717 115.044060 111.625488               2133 
-23.682989 152.454025 88.789383 57.198067 151.580658 92.533112 -7.988642 161.711243 111.290390 85.591545 114.918884 111.615440               2142 
-23.889816 152.544510 89.619278 56.908016 151.632614 92.723610 -8.226958 161.428238 111.028587 85.241722 114.822670 111.608498               2150 
-23.921576 152.486145 90.216820 56.748043 151.615143 92.813202 -8.379417 161.073685 110.570358 84.977394 114.646500 111.543747               2160 
-24.226288 152.501556 90.673790 56.327915 151.649490 92.954941 -8.808190 160.959869 110.328728 84.430336 114.533730 111.585152               2169 
-25.212603 151.570572 90.758362 55.173523 151.880966 92.982925 -10.146619 159.657669 109.158150 83.557152 114.873337 111.400711               2178 
-26.187906 150.615280 90.710640 54.029125 152.039597 93.123894 -11.212621 157.592606 106.819893 82.659645 115.142166 111.379921               2187 
-26.743176 149.861160 90.754463 53.300808 152.140564 93.213600 -11.805848 156.036911 104.990868 82.089203 115.316345 111.368927               2196 
-27.131411 149.703979 91.301285 52.827595 152.442657 93.283981 -11.821206 154.764572 103.424469 81.800217 115.744904 111.402267               2205 
-27.148388 149.660782 91.820503 52.762184 152.575272 93.223145 -11.342206 153.446381 101.915352 81.857582 115.903343 111.196396               2214 
-27.494848 150.281021 92.501495 52.336208 153.412216 93.024689 -11.437871 153.633026 101.287804 81.594017 117.030151 111.320488               2223 
-27.807013 151.287033 93.207008 51.913795 154.533585 92.697327 -11.623665 154.540070 100.993156 81.301941 118.519333 111.504799               2232 
-28.340878 151.678116 93.692352 51.247345 155.121231 92.199898 -12.146942 155.074280 100.994957 80.805473 119.263069 111.039185               2241 
-28.745056 152.390594 94.088585 50.739986 155.703613 91.848679 -12.549112 155.892532 101.078247 80.295906 119.931389 110.854065               2250 
-29.403090 151.974091 94.139961 49.964825 155.949310 91.572861 -13.221627 155.628860 101.045677 79.792595 120.306610 110.396027               2259 
-29.714010 152.643738 94.539284 49.580227 156.307785 91.269142 -13.436174 156.343369 101.395058 79.351845 120.588776 110.036476               2268 
-30.249771 153.700165 94.725403 48.964619 157.149612 90.667419 -13.871345 157.589691 101.562653 78.769012 121.635765 109.769119               2277 
-32.362206 155.017258 92.546394 46.608292 161.674500 88.606308 -16.277073 160.639435 99.272171 77.722878 130.040588 111.964127               2286 
-33.436493 155.841614 91.783852 45.350452 163.847794 87.501030 -17.576912 162.628799 98.700005 76.998932 134.346832 112.848152               2295 
-33.466988 155.865784 91.970985 45.338902 163.260605 87.558281 -17.576582 162.859406 99.455353 76.767128 133.014038 112.293304               2304 
-33.544682 156.043152 92.170456 45.301723 162.506302 87.584084 -17.556538 163.082642 100.174767 76.387199 131.294983 111.541473               2313 
-33.771542 156.339157 92.127792 45.161804 161.108887 87.446548 -17.594109 163.124832 100.635361 75.545319 128.426697 110.318504               2322 
-34.562176 154.368256 92.242439 44.424904 158.286682 88.129936 -18.311567 160.435959 101.567505 74.197586 123.360008 108.332039               2331 
-35.045086 153.072937 92.633667 43.912239 156.977844 88.381920 -18.750467 158.920731 102.324593 73.645218 121.197479 107.093567               2340 
-35.307865 152.610199 92.695168 43.619659 156.665329 88.415276 -19.021324 158.547867 102.568054 73.390129 120.754944 106.815659               2349 
-35.392872 152.532242 92.643295 43.515423 156.594925 88.373314 -18.916618 159.036865 102.790794 73.258011 120.633583 106.719177               2358 
-35.415092 152.524231 92.517258 43.482220 156.591095 88.384010 -18.799067 159.526535 102.912567 73.169563 120.617241 106.794693               2368 
-35.415562 152.680328 92.669754 43.474785 156.662033 88.628723 -18.690985 159.861862 102.987480 73.082497 120.719101 107.227074               2377 
-35.277458 153.683121 93.333504 43.606003 157.251328 89.081367 -18.178230 160.770538 102.926926 73.068466 121.440536 108.159111               2386 
-35.588375 152.958527 93.842644 43.153076 156.286087 88.977264 -18.056740 159.943359 102.470833 72.523140 120.318947 107.902756               2395 
-36.098846 152.442337 94.253113 42.473576 155.884201 88.657265 -18.306889 159.577164 102.010544 71.971115 120.182922 107.885475               2404 
-36.098850 153.380753 95.235886 42.398804 156.193558 88.947685 -17.865358 160.004944 101.897514 71.743011 120.336128 108.119858               2413 
-36.244507 156.178146 97.040970 42.171783 157.208893 89.458931 -17.194012 161.166000 101.478188 71.097076 121.232307 109.040115               2423 
-36.376759 156.779739 96.734314 42.070271 158.424377 89.684494 -17.063095 161.253159 100.204369 71.256119 123.557404 110.824257               2431 
-36.424889 156.729080 96.290642 41.933281 159.537048 88.740524 -16.929882 160.958420 98.631073 71.961929 127.025620 112.313744               2440 
-36.403248 158.539963 92.989311 42.194473 161.689972 88.971230 -16.895241 162.673401 95.443748 71.337379 132.360550 117.341751               2449 
-36.735821 158.532913 92.912659 41.959557 160.856674 90.845848 -17.103468 161.791977 95.600685 70.087029 131.313751 120.008682               2458 
-35.772682 157.709946 93.837364 42.906815 160.451614 91.811592 -16.132647 160.767471 96.521790 71.201599 130.831741 120.733528               2467 
-34.267773 157.550598 95.492912 44.334190 158.847504 91.840652 -14.591379 160.059158 97.808662 72.583244 127.468483 118.891678               2476 
-33.804291 158.219391 96.411972 44.825985 158.463928 92.207077 -14.118669 160.363220 98.910759 72.932312 126.549858 118.776543               2485 
-33.650040 159.584442 96.531853 45.407707 158.437592 92.422844 -13.595689 160.722229 100.105247 73.682243 126.568672 118.867737               2494 
-33.544479 160.957184 96.453926 46.061249 158.282455 92.643951 -12.943969 160.765228 101.156639 74.525612 126.371330 118.833069               2503 
-33.471207 162.495499 96.053375 46.773903 158.358490 92.945984 -12.230025 160.800308 101.957489 75.433914 126.610123 119.119530               2512 
-33.332603 162.665421 95.799683 47.475121 158.773376 93.991379 -11.598166 160.107590 102.766899 76.576309 127.593643 120.360970               2521 
-33.545048 163.333633 94.529900 47.867393 160.172699 94.905434 -11.343740 160.160538 102.891663 77.335617 130.282440 122.339104               2530 
-33.024109 164.192810 94.170662 48.749966 160.874649 95.052940 -10.491846 160.537247 103.279602 78.503708 131.722412 122.968376               2539 
-32.815544 164.773544 93.996819 49.169437 161.333481 95.241531 -10.147467 160.855316 103.616440 79.052704 132.702026 123.554779               2548 
