-6.404783 175.473618 64.938690 3.777224 214.032501 43.675941 -33.683762 163.320969 57.949249 49.193913 222.833862 70.696510                  0 
-6.664208 175.432388 65.010254 3.634264 214.092697 43.795513 -34.219536 163.505981 57.998039 49.077110 222.853302 70.785339                 18 
-6.807808 175.439560 65.076241 3.528515 214.137238 43.883961 -34.570545 163.600525 58.045551 48.990688 222.867706 70.850990                 36 
-6.921051 175.434341 65.132118 3.445404 214.172241 43.953476 -34.756996 163.630005 58.059238 48.922749 222.879044 70.902565                 54 
-6.974259 175.385895 65.156349 3.409739 214.166382 43.987206 -34.891174 163.620819 58.050686 48.924492 222.837799 70.884506                 72 
-7.046730 175.327393 65.171745 3.380335 214.161545 44.015015 -35.073689 163.637863 58.048786 48.925869 222.803848 70.869545                 90 
-7.105788 175.270691 65.191292 3.354537 214.157303 44.039413 -35.443111 163.737213 58.078129 48.927040 222.774094 70.856361                108 
-7.207699 175.172821 65.200714 3.331390 214.153503 44.061306 -35.987106 163.955872 58.209915 48.928059 222.747406 70.844498                126 
-7.328664 175.071060 65.197075 3.310739 214.150116 44.080837 -36.554821 164.243652 58.373737 48.928940 222.723633 70.833878                144 
-7.472566 174.955139 65.181190 3.292000 214.147034 44.098557 -36.741081 164.306183 58.374947 48.929718 222.702072 70.824219                162 
-7.683981 174.780121 65.142380 3.275031 214.144241 44.114605 -36.957275 164.347717 58.386074 48.930405 222.682556 70.815445                180 
-7.843535 174.538132 65.149651 3.259485 214.141693 44.129307 -37.177826 164.384262 58.404736 48.931023 222.664703 70.807388                198 
-7.981658 174.365509 65.149605 3.245354 214.139359 44.142673 -37.283310 164.343185 58.348537 48.931568 222.648468 70.800049                216 
-8.104484 174.197556 65.122940 3.253452 214.131790 44.146198 -37.392841 164.311295 58.317093 48.977482 222.604584 70.750252                234 
-8.304468 173.954514 65.064369 3.261357 214.124390 44.149643 -37.594601 164.284607 58.350281 49.022232 222.561768 70.701553                253 
-8.478415 173.694733 65.022789 3.268752 214.117462 44.152863 -37.922741 164.319824 58.427597 49.064026 222.521759 70.655907                271 
-8.665603 173.440292 64.965889 3.275761 214.110901 44.155918 -38.287907 164.369553 58.554085 49.103588 222.483856 70.612572                289 
-8.714038 173.315033 64.963043 3.282312 214.104767 44.158772 -38.676624 164.486435 58.707218 49.140507 222.448471 70.572014                307 
-8.714376 173.244278 64.975616 3.288558 214.098923 44.161491 -39.066730 164.645645 58.862526 49.175659 222.414749 70.533287                325 
-8.714094 173.179993 64.986656 3.294442 214.093414 44.164051 -39.309685 164.747650 58.939224 49.208740 222.383011 70.496742                343 
-8.796980 173.052322 64.958641 3.299982 214.088226 44.166466 -39.411793 164.765457 58.968891 49.239845 222.353134 70.462303                361 
-8.763474 173.028961 64.992020 3.305293 214.083252 44.168777 -39.725143 164.899796 59.116615 49.269630 222.324524 70.429245                379 
-8.633486 173.028854 65.102386 3.310308 214.078552 44.170963 -39.822556 164.939453 59.154743 49.297726 222.297516 70.397987                397 
-8.572927 172.992874 65.157135 3.315062 214.074097 44.173035 -39.872566 164.964661 59.176197 49.324329 222.271942 70.368332                415 
-8.574871 172.963821 65.153252 3.319628 214.069824 44.175022 -39.901848 164.980347 59.194798 49.349861 222.247375 70.339813                433 
-8.578815 172.933014 65.149750 3.323971 214.065765 44.176914 -39.916370 164.987839 59.204975 49.374119 222.224030 70.312660                452 
-9.408938 173.988861 65.852409 2.371696 215.457306 45.429840 -41.114311 166.775497 60.940765 49.599022 222.162338 69.819855                469 
-9.983646 174.672195 66.332535 1.749611 216.366348 46.248329 -41.836872 167.930054 61.946831 49.698090 222.141373 69.439781                488 
-5.827572 176.950012 67.060860 4.235391 219.793640 48.450603 -38.090637 171.490570 67.083649 55.571598 222.216919 63.582436                506 
-3.953450 177.725632 68.302322 4.950113 221.045395 50.076180 -35.882858 172.525391 70.470779 57.604118 222.220642 59.895824                524 
-4.671922 177.514221 70.385071 3.098022 220.977051 51.887833 -35.961620 171.466049 71.841759 55.958305 223.020279 60.365250                542 
-5.681049 177.729675 72.142235 0.209111 220.778351 52.044754 -36.115063 170.066711 72.481636 53.001785 225.233704 60.003021                560 
-5.770805 177.827072 73.093445 -0.810548 220.619003 52.209614 -35.757076 169.320526 72.568298 51.940102 226.131287 59.774960                578 
-5.804144 177.894440 73.482254 -1.223845 220.558319 52.260193 -35.510094 168.943832 72.111710 51.490475 226.508774 59.746426                596 
-6.116323 178.047760 74.181122 -1.622333 220.332764 52.301376 -35.639179 168.662018 71.944138 50.949051 226.742493 60.389385                614 
-6.637376 177.620590 74.347023 -1.884682 219.817108 52.336399 -35.922749 168.106537 71.240715 50.594379 226.232178 60.999302                632 
-5.932137 178.327057 74.695198 -0.774031 220.339478 52.357773 -35.112778 169.029312 71.348770 51.905048 225.989929 60.309990                650 
-5.758261 178.491074 75.217842 -0.467586 220.503632 52.827625 -34.814491 169.131927 71.589363 52.267258 225.923508 60.567905                668 
-5.721554 178.518311 75.485405 -0.292565 220.583206 53.036137 -34.706879 169.199615 71.739967 52.474842 225.871262 60.644547                686 
-6.332359 177.410492 75.137856 -1.122484 219.631729 52.754494 -34.919922 167.433044 70.439346 51.381950 225.850830 61.406544                704 
-6.663411 177.129562 77.084633 -2.021141 218.911179 53.444344 -35.095081 166.973053 73.289345 50.700661 225.457489 60.358707                722 
-7.729494 176.218948 78.452141 -3.372056 217.721039 53.866814 -35.574196 165.623047 74.782852 49.247761 225.232864 60.573391                741 
-8.340126 174.698654 78.436996 -4.225842 216.390717 53.612198 -35.139835 163.385025 74.202698 48.118866 225.260300 60.796402                759 
-8.455794 173.770004 77.916359 -3.435730 216.183044 53.587471 -33.892776 162.578415 72.608215 49.057396 224.594940 60.217915                777 
-9.527918 172.436661 77.575363 -4.056058 215.316528 53.438572 -33.496040 160.723541 70.751373 48.161530 224.556091 61.067780                795 
-10.866259 170.760620 77.251892 -4.394576 214.189957 53.845562 -33.796490 158.931229 68.868904 47.409122 223.738937 63.615150                813 
-11.839563 169.676437 77.120140 -4.594017 213.497757 54.085850 -34.033474 157.995056 68.156898 46.942444 223.216156 65.031013                831 
-12.326169 169.532410 77.140442 -4.587124 213.519226 54.038620 -33.631405 157.812439 67.524437 46.930103 223.279633 65.036827                849 
-12.811605 169.792679 77.340416 -4.756495 213.692749 53.749352 -33.111004 157.759079 66.890190 46.658131 223.840668 64.876205                867 
-16.578173 169.971344 76.955765 -6.027394 212.407990 51.432968 -36.449131 158.050034 66.207512 45.348858 221.455261 63.634552                885 
-20.839344 173.903061 77.295021 -7.413088 213.223801 48.113171 -41.002941 162.297562 67.599785 44.322926 220.411438 60.028431                903 
-23.231510 176.571350 75.071930 -7.795230 210.875076 40.799042 -44.185200 165.396927 67.697357 44.558735 216.106812 50.895687                921 
-29.480461 179.601425 70.625969 -14.536447 211.425964 33.705250 -49.067963 167.201233 63.823997 37.551735 219.010101 43.682869                939 
-31.755974 172.140579 62.743790 -17.043005 207.959824 29.458078 -50.433876 160.432388 54.488728 35.063477 214.704895 39.930393                958 
-38.134335 180.736008 51.542774 -18.228891 215.031982 19.347155 -56.647171 170.549637 41.906578 33.458679 217.331284 33.252518                976 
-42.504055 185.994858 39.219337 -17.524288 220.140289 10.568712 -60.572525 177.726532 27.950064 33.100185 216.906052 27.801041                994 
-45.928909 190.812958 26.326065 -18.397818 226.456619 2.428237 -63.332134 183.832245 13.331972 30.806393 220.070435 22.637465               1012 
-47.218319 196.146881 13.805295 -17.021852 231.759094 -6.101835 -64.321602 190.499573 -0.569204 30.355761 221.643204 16.773506               1030 
-48.254505 200.749451 1.832232 -14.833452 234.752975 -14.590029 -65.328217 196.848541 -13.894180 29.963646 219.934586 10.784876               1048 
-48.586910 203.869278 -9.409805 -12.726707 236.436005 -22.064434 -65.075211 201.236023 -26.916151 28.810955 218.267090 6.479633               1066 
-47.758465 203.960846 -22.307167 -12.204269 237.817047 -31.044619 -63.568371 201.978928 -40.987476 27.963089 218.477722 -1.332260               1084 
-46.330307 204.955948 -33.620266 -9.591995 237.948761 -40.067558 -61.366520 203.390381 -53.086067 28.282919 217.270172 -8.316370               1102 
-43.894695 202.334167 -44.713848 -7.036050 235.651550 -46.800457 -57.750633 201.778595 -65.226471 28.681013 213.115875 -13.835540               1120 
-42.900749 200.882263 -53.935806 -4.795993 232.758240 -55.421261 -56.160545 200.201828 -74.878075 28.898802 209.592468 -20.805393               1138 
-40.761108 196.249451 -65.187485 -2.533697 227.966354 -64.773109 -53.490501 195.141541 -86.457535 28.907051 205.085785 -27.919216               1156 
-38.342941 189.989822 -73.292107 -1.144520 222.799133 -70.787842 -50.883068 188.385513 -94.678261 29.041677 200.615433 -32.487347               1174 
-35.415745 182.206589 -79.482193 0.525256 216.420013 -77.469849 -48.330868 178.795486 -100.501518 30.069174 197.434891 -37.010326               1192 
-32.983440 166.034073 -84.571793 -3.496740 205.932281 -86.798904 -46.277596 158.610672 -104.353317 29.726177 196.099442 -45.935665               1211 
-26.111086 151.653519 -83.111160 -2.070999 194.946869 -89.859566 -36.098949 141.957825 -102.468407 31.028044 195.759079 -47.740154               1229 
-23.154781 148.531097 -86.186638 -0.541924 192.829651 -93.311905 -32.149483 139.557571 -105.683098 32.273788 196.123978 -51.091915               1247 
-24.158920 148.684052 -89.586357 1.229713 192.105942 -95.782196 -31.567621 140.847305 -109.060684 33.395432 194.284302 -52.993507               1265 
-23.582203 148.353668 -91.546463 2.886930 191.548355 -96.935738 -28.126520 141.085571 -111.725975 34.395153 193.359604 -53.643684               1283 
-23.911077 143.726776 -91.336876 3.126486 186.889374 -98.186310 -26.274378 135.996704 -111.197296 34.410049 191.015091 -54.890026               1301 
-24.437126 139.028290 -89.115875 3.805361 181.428650 -99.773232 -24.403997 129.712296 -107.593475 34.513248 190.672562 -56.856724               1319 
-27.093632 137.299149 -92.373268 3.871475 178.944183 -102.755646 -24.823677 127.998764 -109.479965 33.754787 189.232910 -59.496189               1337 
-28.123363 136.665390 -94.343040 4.066925 178.445984 -103.842247 -24.240183 127.880562 -110.787781 33.717392 188.955170 -60.475700               1355 
-29.385181 137.660660 -96.920937 3.739100 179.567841 -104.743889 -24.275352 129.639557 -113.475494 33.373085 188.768707 -61.069847               1373 
-32.407825 142.899139 -103.000504 1.360249 185.758896 -104.650513 -25.977976 137.653687 -120.232719 31.397764 189.091888 -60.413769               1391 
-35.122810 147.396942 -104.232788 -0.887842 190.360580 -102.699997 -27.861650 143.724319 -121.792648 29.860735 190.461899 -58.827843               1409 
-38.035652 154.944687 -107.048370 -1.630295 196.002518 -98.812973 -28.789854 152.008728 -123.124954 24.803665 192.164169 -52.372005               1428 
-44.591671 163.157059 -108.229691 -4.217019 200.037552 -95.239799 -34.932541 160.524796 -123.002487 20.725023 190.890381 -48.715885               1446 
-53.150433 171.245468 -107.723831 -9.984545 204.749405 -92.550705 -44.437157 169.710648 -122.302238 17.093678 189.968597 -48.749466               1464 
-61.880737 176.672211 -103.640976 -16.630136 207.961090 -89.319237 -54.634140 175.575577 -118.353981 12.434079 190.530716 -47.825809               1482 
-71.221237 181.391602 -98.102486 -24.138472 211.229385 -86.644905 -66.051437 180.956375 -113.129356 8.291487 191.583328 -48.795452               1500 
-76.076927 180.196106 -88.173050 -28.142786 210.463165 -81.300232 -71.697418 178.129944 -102.698418 5.821139 194.572754 -43.035393               1518 
-85.822449 183.307724 -87.538857 -36.620495 211.459137 -79.477074 -82.874023 182.130722 -101.022217 -2.273014 192.456192 -43.016277               1536 
-93.869919 180.924454 -83.534462 -43.964798 208.656067 -75.887695 -92.568199 179.828903 -94.979034 -8.262541 189.396744 -40.892296               1554 
-101.865036 179.131027 -78.910080 -51.828674 207.197968 -71.298782 -102.107277 178.178055 -88.533745 -14.617673 187.586609 -38.117668               1572 
-111.102974 178.487686 -75.616806 -59.264816 203.767761 -68.971664 -112.151848 176.363647 -84.020889 -22.391195 182.686356 -36.319538               1590 
-118.277527 170.305542 -65.717964 -65.793205 195.465042 -65.475464 -119.924904 166.496124 -73.093864 -26.456800 177.640259 -33.770969               1608 
-124.733650 162.796738 -58.885998 -72.454147 188.437531 -62.167183 -126.396454 157.887512 -65.462227 -31.417168 172.876419 -31.441471               1626 
-129.605209 159.294006 -54.349911 -77.295761 184.943527 -58.096939 -129.847809 152.631912 -61.013790 -36.262531 170.535233 -26.809149               1644 
-133.524597 151.786591 -53.152081 -82.185738 179.614395 -55.063656 -132.661621 144.407669 -59.713345 -41.442608 166.703552 -22.759501               1662 
-137.231842 149.855316 -52.088470 -85.777985 177.618484 -53.251610 -135.669144 141.807129 -58.821030 -45.412830 164.718323 -20.472181               1681 
-142.512970 143.869553 -54.210400 -90.883743 171.416122 -52.081242 -140.629532 135.785736 -60.911736 -51.496567 156.812225 -18.830267               1699 
-145.123260 139.249802 -55.472591 -93.204140 166.068649 -51.629623 -143.264053 130.961578 -62.108055 -54.254177 149.933487 -18.571983               1717 
-147.068161 134.473389 -58.080246 -95.858994 162.048279 -51.183937 -145.021805 126.089172 -64.601883 -57.614632 145.297485 -17.612656               1735 
-148.268158 132.968521 -58.502712 -97.063560 160.479385 -50.547119 -146.863983 124.070992 -63.935932 -58.863373 143.511459 -17.034647               1753 
-149.081085 130.846924 -57.868755 -97.531601 158.349442 -50.537292 -148.574280 121.241890 -61.531960 -58.872173 142.265182 -17.115803               1771 
-149.744415 124.768341 -59.051952 -99.182220 154.407715 -51.799042 -149.276627 114.579689 -61.441101 -60.176159 141.088959 -17.573490               1789 
-151.895462 120.672562 -60.469597 -100.752670 149.973297 -53.877769 -151.575012 109.882019 -61.673252 -61.812355 137.782715 -19.160450               1807 
-151.466537 119.426125 -62.249687 -100.129654 148.403900 -54.117859 -152.510590 108.424232 -62.106064 -61.837086 135.940125 -18.782547               1825 
-182.873718 121.558235 -59.038811 -79.566261 101.873009 -33.648075 -87.806763 161.290466 -55.409866 -31.086439 99.120613 -11.012221               1843 
-183.585861 125.912239 -58.850185 -81.908928 99.343376 -33.413219 -86.659737 159.833740 -53.168217 -33.818794 93.106850 -10.638324               1861 
-183.735397 125.930389 -60.556114 -82.830666 98.435936 -33.439610 -86.895622 158.938202 -53.310863 -35.096584 91.889717 -10.011945               1879 
-183.624466 125.988327 -62.807701 -83.864113 97.858406 -32.825569 -87.077827 157.908264 -54.170399 -36.606846 91.489014 -8.403606               1897 
-183.527481 126.430573 -64.596420 -84.758804 97.187950 -32.881016 -87.264053 157.269501 -54.231579 -37.892601 90.483498 -7.803935               1916 
-183.926239 127.161301 -64.647141 -85.590675 96.855324 -32.775921 -87.559120 157.037720 -53.897461 -38.802444 89.648270 -7.692651               1934 
-184.100540 127.192223 -64.671898 -85.966484 96.803688 -32.640656 -88.012413 156.966766 -53.809792 -39.110928 89.636421 -7.671916               1952 
-184.169556 127.225487 -64.871941 -86.299980 96.775230 -32.533955 -88.415848 156.874817 -53.875874 -39.387390 89.699936 -7.646209               1970 
-184.921432 126.830673 -64.679268 -87.292503 96.676056 -31.687683 -89.490730 156.585770 -53.548801 -40.379082 89.887032 -6.721894               1988 
-184.934082 128.471634 -65.419136 -88.148804 97.433670 -31.273090 -89.340492 156.455765 -55.498844 -41.232525 90.752533 -6.283568               2006 
-185.077469 129.343079 -66.098808 -89.020317 97.545227 -31.055109 -89.411377 155.634872 -57.462601 -42.035713 91.008110 -6.156032               2024 
-185.582870 128.372482 -65.891663 -89.489380 97.035034 -30.753942 -90.114922 154.803101 -57.853275 -42.356777 90.864349 -6.041770               2042 
-185.650299 128.191528 -65.918388 -89.705734 96.778824 -30.596388 -90.224091 154.317795 -58.181026 -42.524998 90.667641 -5.961399               2060 
-185.328491 128.574463 -66.191010 -89.864655 96.687195 -30.403240 -90.222099 154.046326 -58.362434 -42.667046 90.568840 -5.802377               2078 
-185.195923 128.861877 -66.190987 -90.111855 96.495773 -30.076960 -90.260696 153.712433 -58.328438 -42.911537 90.304153 -5.499640               2096 
-185.234406 128.471024 -66.307648 -90.314308 96.158630 -29.894411 -90.565170 153.351486 -58.193340 -43.120598 90.090492 -5.273640               2114 
-185.230087 128.242371 -66.491226 -90.438263 95.920433 -29.885511 -90.739708 153.055786 -58.299858 -43.234577 89.938759 -5.262712               2132 
-185.263824 127.855263 -66.732719 -90.518692 95.789398 -29.899857 -90.962555 152.791687 -58.578365 -43.287342 90.025467 -5.278164               2151 
-184.843353 128.363846 -67.330215 -90.612129 95.771805 -30.009378 -90.969498 152.580750 -59.070187 -43.380558 90.091789 -5.368625               2169 
-183.907852 129.739563 -67.996231 -90.699203 95.687927 -30.107635 -90.818504 152.480408 -59.202572 -43.502926 89.837189 -5.439213               2187 
-183.578033 130.082108 -68.998878 -90.979759 95.623833 -30.395189 -91.179764 152.283981 -59.746552 -43.842964 90.027237 -5.554662               2205 
-182.766571 130.988144 -70.197922 -91.413391 95.057495 -30.624857 -91.416008 151.970001 -59.484535 -44.522900 89.326561 -5.352557               2223 
-182.409348 131.029877 -71.433777 -91.802193 94.492790 -31.071363 -91.818420 151.719727 -59.302418 -45.137974 88.728004 -5.391247               2241 
-181.988037 131.583282 -72.376007 -92.022156 94.438454 -31.499374 -91.838715 151.365448 -60.329891 -45.345608 88.746941 -5.825316               2259 
-181.208984 132.791916 -74.079140 -92.268845 94.894012 -32.187172 -91.762665 151.275711 -62.066288 -45.626789 89.415741 -6.404277               2277 
-180.574966 132.795425 -74.509964 -91.972778 94.729012 -32.327343 -91.586601 150.939575 -62.528973 -45.282768 89.457787 -6.588112               2295 
-179.873215 133.138214 -75.261368 -91.813858 94.580261 -32.716118 -91.398224 150.699051 -63.087551 -45.134830 89.371513 -6.944271               2313 
-179.229340 133.148254 -76.089455 -91.626526 94.600365 -32.932053 -91.375771 150.449554 -63.798210 -44.951687 89.778305 -7.077496               2331 
-178.419250 133.373199 -76.620628 -91.282410 94.673439 -33.094360 -91.329803 150.166046 -64.598068 -44.508713 90.313332 -7.336611               2349 
-177.842056 132.726685 -77.519035 -90.929764 94.361931 -33.562057 -91.444244 149.599564 -65.506607 -44.118797 90.598373 -7.777957               2367 
-177.290558 132.224335 -78.178574 -90.648308 94.151932 -33.778076 -91.535370 149.117905 -66.179764 -43.800175 90.903618 -7.991422               2386 
-176.118454 132.692062 -79.016258 -90.268570 94.251663 -33.933014 -91.278267 149.097748 -66.533646 -43.487370 91.285461 -7.991313               2404 
-175.626434 132.956665 -80.449509 -90.317116 94.883003 -34.512840 -91.636490 149.201996 -67.973579 -43.521282 92.591705 -8.529176               2422 
-175.123230 133.142731 -81.385483 -90.137611 95.256630 -34.911247 -91.614403 149.414215 -68.626068 -43.404503 93.301872 -8.787576               2440 
-174.642776 133.619904 -82.647079 -89.836472 96.262810 -35.606754 -91.455147 149.761642 -70.351105 -43.024517 94.843658 -9.589889               2458 
-175.209534 138.005524 -86.889374 -91.581741 101.349907 -37.334591 -92.200233 153.494064 -74.111206 -45.111012 100.448326 -10.690466               2476 
-174.933807 140.334412 -88.062134 -91.098694 103.924416 -38.715660 -92.165382 156.268021 -75.197502 -44.611385 103.259148 -12.093512               2494 
-174.244858 140.546280 -88.579979 -89.864670 105.758255 -39.020088 -91.785278 157.765594 -75.945183 -43.336864 106.034950 -12.461900               2512 
-173.328461 142.019287 -88.730156 -88.919746 107.072472 -39.332962 -90.839584 159.112549 -76.211945 -42.347832 107.272026 -12.851501               2530 
-171.147369 142.794678 -87.446594 -86.283325 107.800995 -38.870327 -88.589966 159.955200 -75.565468 -39.489239 107.984451 -12.783342               2548 
-166.979965 144.995850 -85.535698 -82.838669 107.382080 -37.654652 -83.715042 159.207260 -74.874237 -35.729130 106.109985 -12.172822               2566 
-165.208511 147.879013 -85.601898 -81.632553 109.173576 -37.578243 -81.490479 160.070969 -76.066559 -34.310680 107.238312 -12.535362               2584 
-168.959717 148.829895 -86.083084 -82.761162 118.055473 -40.217918 -97.059250 173.107605 -58.113415 -37.421539 113.428520 -12.054812               2603 
-167.812408 157.584595 -86.326385 -82.304108 124.787048 -40.999840 -101.584412 178.006744 -53.784557 -37.314930 117.933121 -12.728849               2621 
-167.330276 161.238586 -86.215797 -81.748238 128.638794 -40.916771 -102.808533 181.055191 -52.308723 -36.860214 121.304176 -12.605652               2639 
-166.032730 165.317795 -86.637276 -80.514908 132.016785 -41.663837 -102.188202 184.385071 -51.314575 -35.724152 123.795914 -13.442286               2657 
-165.616043 167.172104 -86.939781 -79.748383 134.575119 -42.028717 -102.160370 186.704910 -50.809849 -34.858337 126.261574 -13.992683               2675 
-165.329697 169.023499 -87.236519 -78.719536 138.607956 -42.125706 -99.831909 189.835403 -53.172329 -33.565998 131.093628 -14.287901               2693 
-165.260529 171.026627 -87.618835 -77.921616 145.580856 -40.821148 -98.556526 195.210907 -56.286900 -32.592503 140.733307 -12.678239               2711 
-163.891068 173.084000 -87.075439 -76.217438 154.572769 -37.704803 -97.430153 201.822006 -58.204090 -31.005365 153.576096 -8.979802               2729 
-164.801117 173.047531 -84.582397 -75.913353 158.944168 -35.929344 -97.925217 204.414810 -59.147900 -30.150574 160.400482 -8.110320               2747 
-163.444962 179.130203 -82.499069 -74.859383 164.616043 -33.409130 -95.446976 209.555084 -58.724014 -28.995474 166.004898 -5.753685               2765 
-163.249084 178.796616 -78.009163 -73.313332 168.303604 -30.374176 -94.879295 211.197006 -58.199421 -26.777905 171.965775 -4.081717               2783 
-163.595047 179.220764 -73.257156 -72.640839 171.161911 -27.179108 -94.727211 212.161942 -57.287220 -25.489855 176.421204 -2.291857               2801 
-160.613861 170.600708 -71.002876 -69.560287 182.200302 -25.874063 -90.173309 204.004150 -72.476784 -21.953081 197.004593 -6.261882               2819 
-162.369629 167.941315 -57.242226 -68.938423 184.088867 -19.012825 -92.049698 199.330521 -67.002487 -20.243551 200.969116 -4.380078               2837 
-163.218948 165.541504 -52.599171 -69.641182 187.550354 -17.708904 -91.835358 191.945480 -68.258743 -20.624580 206.097046 -6.589404               2856 
-165.588959 169.195160 -46.182861 -70.682945 189.375916 -13.797428 -93.388374 191.760544 -64.235680 -20.833065 206.585861 -4.360338               2874 
-132.524933 209.517914 -44.764721 -69.447060 187.376465 -3.570237 -98.722427 193.477066 -50.145512 -19.354881 205.826843 0.969322               2892 
-125.295784 220.468063 -34.160725 -65.551407 187.238297 4.168337 -98.361061 196.171341 -39.486397 -15.607792 206.497177 6.400242               2910 
-124.369301 223.675262 -26.233902 -64.213303 188.187439 9.627994 -98.650360 197.972809 -32.550194 -14.158007 207.275192 10.241283               2928 
-123.539612 221.200226 -10.991737 -59.246033 185.671509 16.839140 -96.859619 197.911682 -21.824030 -10.574555 208.061707 16.971308               2946 
-123.391678 219.254303 -0.331250 -57.105663 183.169144 21.501368 -96.489769 197.902557 -14.417480 -9.152068 207.049210 22.169453               2964 
-123.000580 216.203461 5.281018 -55.163128 182.110214 25.516621 -95.189026 196.617538 -9.765285 -8.319580 208.050903 27.252457               2982 
-101.587563 222.723221 19.030899 -52.742435 181.686111 30.611954 -92.958305 199.391602 -2.938436 -6.006129 207.554474 34.710239               3000 
-90.466797 224.607468 30.945198 -50.543777 179.359863 34.991554 -89.962708 202.434143 3.857733 -3.135618 203.117813 42.625465               3018 
-85.847794 226.591034 41.378628 -46.394600 181.920639 41.500088 -84.025291 208.285858 10.781787 -0.655310 205.498367 56.408436               3036 
-83.107262 225.397873 49.571941 -43.442917 181.916946 45.701294 -82.350479 209.133347 17.424862 1.969578 205.741333 61.204651               3054 
-79.065224 225.456543 62.620674 -40.819569 183.359650 48.388100 -82.309692 213.901489 28.408501 6.093124 205.205048 62.252739               3072 
-78.818367 214.390411 62.111927 -34.530941 179.735046 47.587986 -79.782532 203.883728 27.047173 7.570631 208.376144 64.243172               3091 
-74.035179 209.506348 66.306732 -29.252375 177.750778 48.681736 -75.969650 200.952576 30.477879 11.880241 207.280670 66.184433               3109 
-69.025688 196.259918 70.157448 -21.768173 171.873398 48.516838 -73.054482 186.889359 34.520699 15.340213 207.962921 62.328613               3127 
-62.962997 196.525009 74.688301 -18.562075 171.586700 48.295067 -70.154808 189.017273 39.048389 20.841318 205.676270 60.766045               3145 
-62.874039 196.192551 74.443855 -18.514038 171.073776 48.245285 -70.065849 188.500565 38.791409 20.889740 205.199554 60.615589               3163 
-62.708324 196.178177 74.262444 -18.491339 170.863297 48.265430 -69.988197 188.296585 38.552147 20.891254 205.008041 60.650848               3181 
-62.308987 196.301346 74.191444 -18.476782 170.728333 48.278347 -69.934052 188.167831 38.390305 20.892254 204.885284 60.673222               3199 
-61.774895 196.431564 74.389168 -18.577547 170.548904 48.268456 -69.951027 188.259216 38.447224 20.943207 204.483780 60.789856               3217 
-61.330505 196.097839 73.767426 -18.596508 170.041412 47.850842 -69.853851 187.801132 37.543945 20.775892 203.916245 60.987068               3235 
-60.980492 195.135132 72.681824 -18.034557 169.368515 47.588394 -69.475021 185.960815 36.296818 20.428389 204.182922 60.960350               3253 
-60.828201 194.974442 71.925011 -17.865780 169.145386 47.703915 -69.489296 184.515121 35.551403 19.808792 204.963364 60.663464               3271 
-60.946903 195.476120 70.586998 -18.390276 168.783249 47.889069 -69.813843 183.475693 34.155071 18.783276 205.192642 60.645786               3289 
-60.292019 196.489197 70.015648 -18.832661 168.842804 48.150875 -70.095634 183.199097 33.493023 18.160912 205.544220 60.590027               3307 
-49.409752 192.939362 79.029724 -13.414042 168.140488 46.689045 -65.897072 185.369751 43.741184 26.847403 201.446136 58.521255               3326 
-40.733433 185.808426 86.044571 -7.228728 170.483658 46.016949 -61.298954 180.644409 53.267418 31.046925 205.829666 58.502327               3344 
-37.868145 181.852921 87.915260 -5.411429 170.619827 45.487053 -59.505318 177.779419 56.337624 32.476212 205.986847 59.049938               3362 
-37.897198 180.903976 88.064941 -5.149207 170.752472 45.257420 -59.427166 175.312317 57.925934 32.585850 206.142120 59.181854               3380 
-35.816147 176.996445 87.490570 -3.316500 171.215286 43.372051 -57.457504 170.349670 58.923378 33.792381 206.457947 59.219334               3398 
-34.621098 175.845535 86.901871 -2.251535 171.891815 42.287498 -56.143871 166.970612 59.522003 34.307831 207.491516 58.606991               3416 
-33.640667 176.106079 86.656723 -0.805266 172.923447 42.250755 -54.611092 164.981171 60.038887 34.861664 209.279053 58.875751               3434 
-31.805027 176.626007 86.992126 0.487641 173.587601 42.144768 -53.039246 164.671204 61.019615 36.278252 210.009491 58.353683               3452 
-30.941818 176.769714 87.117088 0.977520 173.838257 41.988297 -52.375984 164.244308 61.524937 36.883476 210.233429 58.000912               3470 
-30.512287 176.828552 87.127701 1.167269 173.906708 41.819473 -52.085045 163.912338 61.764194 37.193851 210.235733 57.710922               3488 
-30.343620 177.899109 86.657471 1.823211 174.502121 41.648922 -51.330112 163.496277 61.326618 37.251114 211.610229 57.079498               3506 
-29.265074 178.002563 86.278130 2.355695 174.207794 40.778103 -50.817715 164.181427 61.085850 39.140228 209.986038 56.175056               3524 
-29.726814 184.225937 85.052628 5.394189 178.344376 42.193123 -48.127140 166.108109 60.313816 38.284874 218.420975 55.695705               3542 
-29.495928 183.263611 83.824120 6.918639 177.869949 41.653339 -46.738445 164.858078 58.765858 39.004013 218.453644 55.572521               3561 
-29.005693 181.039536 83.437950 7.956491 177.180283 41.069820 -45.428570 162.899887 58.102135 39.635391 217.836380 55.691029               3579 
-28.935818 180.235992 83.524117 8.685588 177.214218 41.171101 -44.419964 161.859756 58.197678 39.849983 218.245316 55.850376               3597 
-29.088823 179.576248 83.579887 9.112781 177.222733 41.234783 -42.996689 159.520676 58.488148 39.995148 218.452103 55.954487               3615 
-29.273735 178.988602 83.573448 9.155245 177.077667 41.029877 -41.951015 157.485031 58.616756 40.429474 217.921036 55.996296               3633 
-27.800440 179.395508 84.316391 10.249942 177.027954 41.184326 -40.139648 156.553101 60.295963 42.201950 217.615631 55.395626               3651 
-27.634558 179.430542 84.738876 10.410714 177.113846 41.304596 -39.467823 155.846924 61.138248 42.718311 217.490524 55.311504               3669 
-27.836615 179.301132 84.939041 10.482382 177.186401 41.389717 -38.885334 154.993073 61.778049 42.958691 217.448700 55.335609               3687 
-27.621452 179.257324 85.213593 10.707085 176.905380 41.356880 -38.368107 154.597305 62.301235 43.907871 216.632477 55.130627               3705 
-27.361881 179.473953 85.518990 11.141052 176.843903 41.530067 -37.947395 154.847366 62.752090 44.836529 216.228027 55.085732               3723 
-27.743156 181.282608 85.850113 11.516945 178.288025 42.377460 -37.436722 155.985123 63.588940 44.487682 218.474777 55.346874               3741 
