-18.037447 140.979752 88.620743 52.550568 131.269562 75.236443 2.197904 147.289795 95.905487 73.202797 88.757706 70.935318                  0 
-21.418734 128.976730 85.439644 50.277557 129.852188 74.592720 -2.444555 137.951035 93.504150 77.007294 90.906853 70.004181                 18 
-21.540264 130.846573 86.382744 50.051643 129.006927 74.793541 -1.784387 139.184769 92.130379 75.151413 89.145638 69.018494                 36 
-21.463049 131.119720 86.814445 50.163002 128.834885 74.726563 -1.164704 139.587753 89.768425 75.270317 88.948204 69.163490                 54 
-21.562599 132.148987 87.005821 50.117443 128.692657 74.663231 -1.001756 140.082626 89.016647 74.793755 88.550507 69.009933                 72 
-21.380371 132.657822 87.440994 50.278870 128.460693 74.649841 -0.666035 140.245422 88.777252 74.700684 88.161430 69.009239                 90 
-22.442745 128.811630 85.802971 49.581097 125.393127 73.961838 -1.707190 136.115311 87.310257 74.565353 85.612839 67.209938                108 
-22.578070 130.861298 85.390045 49.430561 125.313950 73.644615 -1.500465 137.418503 86.324677 73.356689 84.928658 66.656013                126 
-22.509871 131.959320 85.780220 49.442707 125.535248 73.482971 -1.235501 138.155243 85.967934 73.018791 84.945999 66.486313                144 
-21.755602 133.380219 86.178825 49.938313 125.839394 72.918716 -0.464941 139.122452 86.180702 72.819954 84.926178 65.515236                162 
-21.525333 133.497681 86.188644 50.177322 125.437675 73.005417 -0.202642 138.920624 86.015541 72.831902 84.444839 65.348442                180 
-21.881687 132.465836 85.609550 50.056347 124.971565 73.137413 -0.561917 137.942093 85.288368 73.149345 84.248993 65.349075                198 
-21.741116 133.052567 86.100189 50.264881 125.264511 73.417801 -0.388037 138.197968 85.454132 73.454231 84.530899 65.981476                216 
-22.142181 133.406998 85.968483 50.020721 125.476738 73.413803 -0.758351 138.213409 85.006760 73.438400 84.812256 66.322685                234 
-22.200686 134.283157 86.365334 49.978653 125.961250 73.468277 -0.793966 138.731552 84.845978 73.418060 85.252022 66.713684                253 
-22.240732 134.701569 86.596382 49.987217 125.761093 73.521408 -0.694201 138.685715 84.463715 73.303497 85.001854 66.643333                271 
-22.310257 135.263855 86.744408 49.952091 125.816078 73.491158 -0.628368 138.873154 84.118553 73.210487 85.023491 66.614830                289 
-22.392660 135.716431 86.846657 49.911572 125.826904 73.477249 -0.587488 138.982544 83.849586 73.130844 85.017021 66.571381                307 
-22.668697 135.728531 86.858437 49.854202 125.483559 73.706421 -0.703268 138.424911 83.648773 73.275177 84.807327 66.693924                325 
-22.581541 135.537643 87.179146 49.989166 124.873413 73.971603 -0.525831 137.838516 83.879364 73.360840 84.224014 66.646095                343 
-22.206038 134.602859 87.301788 50.395416 124.428459 73.711601 -0.147482 136.974243 83.835854 74.060539 83.998863 66.116753                361 
-22.184650 134.119644 87.421677 50.430779 123.868256 73.807785 -0.099187 136.372101 83.891296 74.146126 83.471397 66.195389                379 
-22.117531 134.048050 87.516289 50.489822 123.612335 73.834503 -0.005311 136.143311 83.916870 74.201385 83.210747 66.235435                397 
-21.799328 133.814362 87.626053 50.775566 123.375153 73.707222 0.446876 135.953293 84.552559 74.545570 83.010590 66.094002                415 
-21.552740 133.781433 87.661186 50.984871 123.109436 73.635460 0.861028 135.893158 84.926376 74.710915 82.709534 66.072731                433 
-21.513035 133.606903 87.674294 51.034233 122.883102 73.659286 0.985418 135.684647 85.011955 74.800560 82.509216 66.084106                451 
-21.465651 133.482391 87.654068 51.077972 122.772202 73.580536 1.087259 135.570023 85.027649 74.877785 82.422501 65.981674                469 
-21.511213 133.555206 87.623161 51.040272 122.767868 73.614937 1.184021 135.676392 85.210571 74.845337 82.416069 66.043709                487 
-21.590380 133.290344 87.508125 50.992905 122.534256 73.635620 1.239825 135.488831 85.286064 74.844574 82.211372 66.057045                506 
-21.774496 132.533905 87.347687 50.903835 122.126762 73.773346 1.151966 134.896683 85.369690 74.962799 81.939766 66.128487                524 
-22.939695 128.524490 86.874176 50.306679 121.231033 74.268471 -0.024485 131.838120 85.317589 76.263191 82.149788 67.113899                542 
-23.828671 126.197250 86.385277 49.724380 121.074692 74.421890 -0.930220 130.147125 85.166252 76.945732 82.835014 67.422043                560 
-24.275116 124.927116 86.034676 49.428307 120.880127 74.498062 -1.366214 129.130554 85.077423 77.323898 83.117935 67.560837                578 
-24.259132 125.314987 85.941681 49.443455 121.009483 74.541771 -1.293269 129.409927 85.135674 77.259369 83.191483 67.588600                596 
-24.255718 125.409218 85.855728 49.448135 121.009827 74.539749 -1.247533 129.454971 85.166306 77.261353 83.190071 67.585373                614 
-24.203753 125.710258 85.648125 49.488976 121.018433 74.408348 -1.157212 129.578201 85.067055 77.243385 83.155754 67.452591                632 
-24.141031 126.384392 85.457146 49.441566 121.144089 73.797112 -1.052931 129.951843 84.864365 76.942932 83.170540 66.451576                650 
-24.006445 127.353455 84.628189 49.531387 121.553307 73.038925 -0.882886 130.666031 84.137474 76.823105 83.430214 65.686081                668 
-25.793381 123.192566 81.762932 48.262520 121.685135 71.423508 -2.838509 127.300247 81.583336 78.442108 85.541252 65.500275                686 
-27.115726 121.190285 77.225014 47.260353 124.004448 67.914047 -4.285019 125.948433 77.065811 80.543045 90.280533 65.224777                705 
-28.315430 122.608017 71.837418 46.449608 126.535469 63.236477 -5.234335 126.733437 71.704956 81.197487 94.214333 62.787594                723 
-28.782194 132.380203 63.780277 46.580132 128.873550 58.954052 -5.243760 133.287384 64.990028 78.276825 93.577202 57.627419                741 
-29.087214 143.072830 54.598637 45.953407 132.800278 53.216492 -5.587772 141.144989 56.990265 74.694183 95.153008 50.229362                759 
-28.923531 152.384842 44.232327 44.852066 134.958023 46.796978 -5.890842 147.733673 47.865128 70.351578 95.078873 43.376366                777 
-29.582195 161.974655 34.953072 43.474022 141.975830 39.444427 -6.807185 156.461349 39.162319 67.683800 101.204842 37.473289                795 
-27.551477 170.854355 25.706276 44.545334 148.147568 32.370182 -5.081176 164.608582 30.543222 67.085403 106.394058 33.298424                813 
-27.276760 182.576050 19.484955 42.691734 153.603836 24.306190 -5.347866 174.291550 23.710838 61.564846 110.069359 25.215410                831 
-23.749449 190.989517 12.382146 44.166973 157.465439 17.530107 -2.474773 181.105606 16.567366 60.297493 112.925705 20.409361                849 
-22.149105 197.804657 3.474629 43.960526 160.878418 9.748291 -1.581147 186.505936 7.856719 58.113178 115.793098 14.140170                867 
-22.308895 203.583542 -7.047438 43.430557 166.365891 1.641982 -2.079261 191.840988 -2.027437 57.552971 121.370392 6.955645                885 
-23.557011 207.156342 -16.149466 42.141155 170.372192 -4.919219 -3.595988 195.072830 -10.471199 56.799625 125.628181 1.028459                903 
-24.307886 210.135071 -27.630379 41.008865 174.513733 -11.439276 -4.708358 198.174820 -20.505997 56.173820 130.122467 -4.248199                921 
-23.121332 214.448456 -35.640842 40.898766 177.831985 -16.599167 -4.120004 201.947754 -27.697454 55.126022 133.414856 -7.825523                940 
-23.523438 217.342896 -48.616528 38.413078 180.335617 -23.921366 -5.522690 204.219742 -39.086575 51.793308 136.129868 -13.008414                957 
-22.747351 225.057770 -54.413170 37.284420 183.477158 -32.091850 -5.601845 210.052307 -45.681973 48.280762 138.530746 -21.548012                976 
-25.144953 227.471466 -65.273674 35.256107 187.369217 -41.063831 -8.014063 212.545502 -56.011250 47.193836 142.945953 -29.387514                994 
-27.213148 227.611801 -73.984077 33.781597 190.303314 -46.728611 -9.934873 213.188217 -63.879856 47.212933 146.716721 -33.610649               1012 
-26.917307 228.567230 -78.999855 33.462955 190.585907 -51.096077 -9.941002 213.681000 -68.736542 46.335964 147.101593 -37.107780               1030 
-15.667114 241.298798 -96.962395 39.288548 193.019257 -56.864784 -16.008425 212.928680 -61.822632 54.758156 155.119293 -32.853180               1048 
-13.555719 244.419922 -109.645309 38.711235 192.353302 -62.167583 -21.809738 209.984589 -64.387039 55.092556 156.409241 -35.862656               1066 
-16.635433 240.691269 -119.775505 37.343666 192.538910 -67.971222 -26.012001 203.553024 -72.097824 55.944984 158.706345 -40.373741               1084 
-19.564850 234.054153 -128.889465 34.881763 190.291458 -72.912476 -30.216702 195.657211 -79.448669 54.527126 158.716751 -43.427399               1102 
-22.031368 226.119247 -134.247208 34.075886 187.750473 -75.361115 -31.971159 186.579529 -82.924149 55.459614 159.100662 -44.149002               1120 
-23.904982 218.856430 -138.042755 34.104088 186.414474 -76.747368 -31.763163 177.679321 -84.771080 57.658257 161.490631 -43.940735               1138 
-24.360485 214.045822 -140.835968 33.981243 185.401779 -77.437531 -30.977455 171.197266 -86.664711 58.418743 163.065018 -43.435329               1157 
-26.810867 203.389114 -145.410416 33.105057 184.214203 -79.771355 -29.886938 162.723648 -88.771133 59.030544 166.598328 -44.136791               1175 
-27.852835 192.599396 -152.059448 31.887968 182.633377 -84.188553 -28.859138 156.020966 -92.714615 58.097214 169.785934 -46.768101               1192 
-28.065226 181.321365 -156.371109 30.946690 181.987305 -87.097404 -24.761717 146.562088 -96.095123 57.768925 174.244843 -48.719101               1211 
-19.490072 167.987823 -162.971085 32.950802 179.670853 -89.470184 -20.620255 141.548447 -98.684967 56.207699 177.972748 -48.136120               1229 
-17.664341 167.882828 -165.706863 34.494835 179.356583 -91.911125 -20.306768 143.657364 -100.992767 57.020458 177.850189 -50.166676               1247 
-17.948383 167.185272 -165.948517 34.910393 179.127182 -92.691933 -19.923962 144.183792 -101.549004 57.486557 177.780167 -50.969337               1265 
-17.980785 165.546249 -165.870819 35.683052 178.707962 -93.426636 -19.013687 144.438492 -101.999664 58.259995 177.782364 -51.692989               1283 
-18.969547 162.444199 -166.177963 37.298790 175.226074 -95.739037 -19.964382 147.238251 -102.408585 59.889645 174.899078 -54.003937               1301 
-19.891029 160.851791 -165.810776 38.066837 173.570953 -96.838249 -18.777037 148.309494 -103.711761 60.792038 173.515442 -55.174900               1319 
-20.885685 161.580826 -165.562286 38.424904 173.255005 -97.612587 -17.185137 148.909714 -105.396332 61.413162 172.712708 -56.097309               1337 
-22.360466 167.012421 -162.825012 39.225719 174.999222 -97.340179 -13.870841 150.795380 -108.088531 62.941547 170.735184 -56.454372               1355 
-21.826788 178.013031 -158.617096 41.690922 178.080826 -95.053047 -9.424456 156.173203 -109.557274 65.847733 168.297165 -55.391975               1373 
-18.429857 186.724930 -155.152863 45.138344 181.322906 -92.252327 -4.241609 161.066513 -110.198273 68.834747 167.678040 -53.463539               1391 
-13.203855 193.353439 -152.768616 48.925789 185.983414 -89.295799 2.589218 165.431778 -111.758133 71.854965 169.466827 -51.168018               1410 
-7.661907 198.407196 -151.047073 53.160526 189.960388 -87.030113 8.710590 170.159531 -112.386307 74.991707 171.659576 -49.072880               1427 
-3.752271 201.470444 -150.324142 55.999371 192.757416 -85.714775 13.144659 173.216904 -113.231499 77.104958 173.321869 -47.911522               1446 
-1.070600 205.947998 -148.691223 58.170441 194.475052 -84.645485 15.586864 177.393829 -113.728233 78.213722 172.696838 -47.547665               1464 
1.414027 208.866135 -148.356827 59.505138 195.733871 -84.152611 17.617468 180.460083 -115.037811 78.430702 172.052460 -47.638420               1482 
4.147421 210.837280 -150.190460 60.219368 196.574356 -84.802490 19.466787 182.567673 -117.591774 77.622047 171.685837 -48.333591               1500 
4.764302 208.911667 -150.813217 60.802422 196.193405 -85.079712 18.888474 182.330109 -116.835686 78.053215 172.273361 -47.897541               1518 
19.570053 208.593735 -141.495926 71.784111 196.778061 -71.910034 11.141077 180.717072 -94.061829 88.165695 172.919754 -34.297573               1536 
20.687962 208.634033 -141.250092 73.144493 195.812012 -71.771416 4.026338 179.854965 -89.631546 89.329636 171.053635 -34.658939               1554 
19.103121 208.474960 -140.642044 72.501648 194.882065 -71.857124 0.966427 179.718338 -87.851196 88.706406 169.853912 -34.934635               1572 
15.896949 207.848618 -139.701431 70.989777 193.431702 -72.220482 -2.516769 179.896790 -85.236366 87.494812 168.316238 -35.490814               1590 
9.785823 205.745560 -140.002014 66.865059 191.131485 -73.889053 -8.058437 179.166245 -83.684593 83.836090 166.482712 -37.055721               1608 
3.220981 203.251358 -141.219208 61.404598 188.191513 -75.696541 -14.448144 176.856903 -83.570099 78.634956 163.881744 -38.758453               1626 
-2.947158 201.001358 -142.686234 55.764172 184.598755 -77.420502 -20.805964 173.340424 -84.237648 73.125298 160.122482 -40.653999               1645 
-8.805173 198.629028 -144.498367 50.155479 181.936996 -79.045837 -26.915358 169.643417 -85.169884 67.798340 157.597305 -42.322811               1662 
-16.801603 194.858276 -148.324860 42.912720 177.850281 -83.120972 -35.015945 166.106735 -87.001534 60.864365 154.080551 -46.174923               1681 
-25.052099 191.110703 -152.912933 35.476833 174.792908 -87.695686 -43.002228 162.089752 -89.450653 54.113350 152.048431 -50.444622               1699 
-33.146946 186.454865 -155.604797 28.003555 170.041809 -90.414551 -51.004707 157.402740 -90.114784 47.071556 148.169876 -52.860561               1717 
-41.242523 181.731781 -155.874817 21.146574 167.541092 -90.921425 -57.405399 150.635071 -89.465584 41.649975 146.723480 -53.524769               1735 
-48.616455 177.592239 -155.482651 14.968401 162.252258 -91.672844 -63.017143 140.944351 -89.658607 37.053898 140.262070 -55.882690               1753 
-56.799633 171.679520 -157.005707 8.115813 162.414108 -93.048157 -68.452606 135.701630 -88.742599 32.021385 143.450912 -56.699940               1771 
-63.991146 168.802277 -160.031082 -0.365964 158.769089 -94.591370 -76.872978 131.529327 -91.937683 22.872496 139.897583 -57.765938               1789 
-69.880203 163.676743 -163.110077 -5.875887 158.372681 -97.419624 -81.166527 128.140045 -93.894875 18.098644 141.708908 -60.005558               1807 
-74.713974 155.572189 -168.358978 -12.041407 155.146271 -100.932068 -86.556450 123.927422 -98.346230 11.102779 141.194092 -61.919823               1825 
-72.653198 149.221527 -173.349701 -13.425897 153.067169 -102.765244 -88.179756 123.197304 -102.753990 7.191719 141.875259 -61.510826               1843 
-81.695633 153.882767 -176.662933 -20.145885 154.702499 -107.826118 -94.499901 124.798004 -107.668846 1.584314 141.809036 -67.653625               1861 
-88.485046 146.611557 -180.045166 -26.554365 150.835785 -111.556862 -99.451141 120.217354 -111.812904 -4.755635 139.976837 -70.823944               1880 
-95.857285 151.134949 -179.856476 -31.949665 148.671234 -113.029823 -102.876335 116.038704 -116.966484 -8.779250 133.562500 -74.466499               1897 
-97.791191 152.280319 -180.301498 -33.976048 145.786575 -113.582451 -104.267471 114.023781 -120.693657 -11.136681 128.569046 -75.711716               1916 
-96.832474 149.971375 -182.924194 -34.743912 148.642654 -114.241028 -102.496803 113.189034 -123.260834 -12.348342 133.785461 -75.126144               1934 
-98.927666 115.462799 -183.892365 -39.850124 140.470535 -117.068039 -98.656197 91.466133 -118.576622 -16.374395 138.742767 -75.859093               1952 
-99.254967 126.644135 -184.556824 -39.678215 143.745728 -115.671402 -98.739479 95.897774 -122.607483 -16.208334 137.424515 -74.910156               1970 
-98.250679 122.418777 -185.239136 -39.904419 144.005798 -116.522301 -97.290474 94.322281 -122.423355 -16.806765 140.063156 -75.252136               1988 
-97.153694 121.366592 -185.930405 -39.667912 144.607468 -116.994011 -96.251251 94.345444 -123.042595 -17.025475 141.581680 -75.395493               2006 
-97.190956 120.851677 -185.595551 -39.691219 145.172775 -117.014168 -95.168663 94.140945 -123.121300 -16.889868 142.663864 -75.468102               2024 
-79.170227 113.393150 -117.783310 -19.844973 153.191971 -67.871590 -32.500835 131.495773 -130.189560 25.878025 157.913376 -56.065319               2042 
-80.002052 112.887276 -117.288177 -19.430141 152.616089 -68.889084 -33.576084 131.572891 -131.411346 26.576860 157.141052 -58.158169               2060 
-82.734642 114.843170 -121.603058 -21.181747 154.245834 -74.284508 -36.406437 132.887543 -136.459732 25.020344 158.226776 -64.195358               2078 
-82.197601 119.366341 -128.987091 -21.645113 156.925537 -79.037109 -35.221951 136.906021 -142.063004 24.273928 159.865295 -67.415077               2096 
-77.953583 117.389015 -136.256027 -22.900545 160.210068 -84.395058 -30.114708 135.407028 -147.244888 21.725500 164.827194 -68.920219               2114 
-66.298897 180.636017 -170.985611 -18.630409 172.091843 -97.028107 1.510326 153.291122 -153.765198 13.011321 168.615509 -61.828846               2132 
-57.313160 194.876831 -182.666397 -16.225183 175.636353 -102.626816 8.476308 151.117447 -152.751648 8.417907 170.426590 -62.404324               2151 
-48.273552 206.475159 -182.761093 -13.597537 178.259674 -101.486115 12.310384 154.714035 -150.425583 7.233696 169.065063 -59.847298               2169 
-43.765263 212.621704 -183.433395 -11.234200 180.810577 -102.351784 13.671350 156.613968 -151.317886 8.545337 169.827408 -60.633537               2187 
-35.351231 217.045380 -184.071213 -5.951502 183.137650 -102.554962 18.571196 157.845123 -151.083908 12.394266 171.018112 -60.497604               2205 
-30.393591 212.084747 -187.235641 -1.466845 184.133591 -103.250839 21.878908 153.940186 -149.225067 16.666700 175.132507 -60.327339               2223 
-27.056244 207.721024 -189.940964 3.328159 185.105942 -104.813522 24.096235 150.475067 -148.636139 22.304766 178.812332 -61.772251               2241 
-19.457954 205.598648 -191.858841 10.250866 187.863922 -105.304337 28.430914 148.627808 -146.124969 29.129152 183.892197 -61.944126               2259 
19.378338 156.441376 -168.986023 13.212044 186.760025 -104.561600 32.766266 143.814346 -140.525742 32.766308 188.976135 -61.376045               2277 
36.795353 147.166473 -161.560486 19.994524 186.964523 -103.924774 41.190403 143.041718 -137.578903 38.007496 190.900314 -60.194756               2295 
47.643890 148.141464 -159.662186 29.496986 189.734360 -103.395927 49.425358 144.734482 -136.334778 45.500008 192.197159 -58.785278               2313 
60.472942 142.764603 -152.642502 40.665668 188.487961 -100.178551 60.100193 140.767715 -129.322952 53.544506 192.344650 -54.664448               2331 
68.957489 140.069519 -149.662674 47.018860 187.629730 -99.707306 67.555611 138.968231 -126.385002 58.049400 193.030594 -53.865952               2349 
86.709213 136.082413 -137.549774 57.763527 185.863632 -93.679626 83.225159 136.699661 -114.475121 64.336388 195.379654 -47.652298               2367 
94.929733 132.048813 -128.999619 65.219185 184.079163 -88.438171 91.383522 134.086899 -105.799011 71.843956 196.877258 -43.220989               2386 
99.128494 134.748032 -128.966537 68.196548 185.439713 -87.707573 93.637436 135.714218 -103.348885 75.703125 198.934845 -42.832138               2404 
103.548874 138.878220 -133.747452 75.051239 187.466324 -88.467781 96.205650 137.242889 -106.789352 82.847679 196.678116 -42.569733               2422 
113.748581 142.968826 -133.641769 87.701347 188.219986 -83.718758 101.746658 138.266815 -108.195786 90.046463 188.188690 -36.318634               2440 
119.359413 148.878738 -134.461594 95.703262 184.896439 -76.518433 107.952194 139.663544 -109.393890 100.122520 176.859924 -29.954962               2458 
113.285133 200.619064 -128.203476 111.266525 182.203033 -46.511299 113.626114 144.625961 -89.814270 121.671669 161.930313 -4.881717               2476 
118.627510 210.916199 -127.006042 116.575996 180.606613 -42.237381 117.135178 141.757614 -84.065285 125.487671 159.414719 -0.719215               2494 
120.857201 210.574753 -126.156494 119.400963 177.474686 -41.067150 118.281113 137.961853 -82.093124 128.351822 155.822678 0.204440               2512 
126.553932 197.525436 -128.870804 124.127136 170.602554 -41.378876 122.145561 127.613647 -78.323448 132.481979 152.092819 1.514696               2530 
135.060043 190.697784 -127.687050 125.430992 166.227478 -39.929237 129.355865 121.625542 -74.074104 130.569855 149.723633 4.269036               2548 
137.741867 189.375885 -126.592484 126.239624 163.004852 -39.606628 131.350327 118.815071 -73.616592 130.534790 145.810135 4.417975               2566 
134.540314 182.913467 -125.986549 126.847282 157.240738 -38.373161 130.312988 112.592552 -71.650108 133.067078 140.454697 5.579255               2584 
137.342331 178.194031 -121.770851 128.743134 152.540848 -34.235382 130.790024 107.813026 -67.317390 134.376755 135.476227 9.688791               2603 
132.097992 177.751450 -118.920067 125.524513 146.733490 -32.959145 134.425858 104.498009 -68.062859 132.641876 128.376190 10.222163               2621 
128.075531 171.038910 -117.245186 124.000595 141.422562 -30.636961 133.163849 99.380188 -65.280235 132.415344 123.983025 12.691167               2639 
130.566620 168.006821 -118.589157 125.395309 139.813400 -31.564926 131.347000 97.506378 -65.942810 133.033966 122.334862 11.891071               2657 
132.036652 169.676514 -116.660019 123.809326 138.063507 -31.057079 132.621216 97.599953 -66.673622 129.995575 119.153709 12.029139               2675 
130.318222 162.580505 -116.001770 115.683701 126.829597 -32.981239 132.572815 89.299789 -68.673851 118.902855 106.677788 9.865159               2693 
132.353317 159.071960 -116.172272 113.971756 123.978722 -33.757233 130.808975 86.226738 -69.102867 115.264336 103.508804 9.039775               2711 
130.012985 155.201111 -117.044609 112.872688 121.507248 -33.963749 129.841507 83.668930 -68.987083 114.907661 101.534210 9.038676               2729 
122.789780 152.973755 -116.467888 106.761147 115.422768 -34.960941 129.015472 80.927658 -70.206985 109.668930 94.463409 7.518729               2747 
119.235916 156.707901 -116.532074 107.363647 115.103485 -36.309521 130.179291 83.059204 -72.889618 112.516327 92.681839 5.199422               2765 
113.301132 155.811874 -117.595589 103.940140 113.395149 -37.473682 129.945419 83.077957 -72.761215 110.420288 91.693031 4.231211               2783 
109.324028 154.304718 -118.322227 102.965919 112.027557 -37.836338 129.465164 82.144936 -72.635849 110.922928 90.930733 3.923472               2801 
105.394867 152.735367 -116.337265 104.052048 109.421349 -36.165562 129.918625 80.652184 -72.170006 114.508675 88.172768 4.961424               2819 
102.331238 152.175247 -114.728966 105.261185 108.086655 -35.028225 130.743378 80.460640 -72.125618 117.857300 86.801575 5.475543               2837 
101.315628 152.141922 -114.343773 105.412277 107.876457 -34.802982 130.583710 80.401337 -72.172340 118.603226 86.546654 5.487347               2856 
100.376038 151.476913 -114.265396 105.525734 107.570389 -34.613216 130.429459 80.051918 -72.112122 119.285789 86.428139 5.585519               2874 
99.487984 150.633820 -114.196732 105.686623 107.213852 -34.392670 130.358215 79.683342 -72.039543 120.048149 86.308037 5.719244               2892 
98.401695 149.471222 -113.967407 106.059967 106.954132 -33.865841 130.804214 79.633400 -71.652214 121.294830 86.587852 6.201424               2910 
98.303894 149.070709 -114.461006 106.218239 107.167740 -34.186073 130.843277 79.899391 -72.115166 121.865257 86.953194 5.799111               2928 
98.337852 148.912277 -115.006142 106.586014 107.660103 -34.571175 130.723831 80.211571 -72.712753 122.679565 87.521622 5.274919               2946 
99.197678 150.583496 -116.435860 106.985428 109.112846 -36.224823 131.654144 82.243225 -74.475777 123.126961 88.773979 3.499901               2964 
99.904739 153.735641 -116.865082 106.284294 109.869499 -38.080479 132.862045 85.308914 -76.635147 122.176102 88.419823 1.157690               2982 
101.068550 156.177795 -116.683937 106.513359 111.301476 -38.604824 134.011368 87.668091 -77.105644 122.284119 89.298676 0.375074               3000 
112.106346 162.829620 -119.411125 107.083641 116.741898 -42.343468 137.303192 92.633972 -78.465210 118.051422 93.210625 -2.616159               3018 
113.487938 167.454514 -118.925713 107.701584 119.624184 -43.123585 138.673523 96.774849 -79.453217 118.501930 95.192192 -3.897283               3036 
119.264053 172.775452 -122.537254 107.622665 129.490097 -44.987511 132.398758 100.595200 -81.818787 115.621376 104.464615 -5.465139               3054 
120.098839 175.048737 -123.350281 106.341034 138.226563 -43.317158 126.529083 106.907059 -81.002151 113.221466 113.695831 -3.277496               3072 
78.545876 184.630478 -84.914909 111.386116 148.268097 -39.205849 32.825306 157.090942 -52.134434 117.830215 115.619339 -5.370896               3091 
73.288528 182.454651 -77.533813 111.116150 153.568695 -30.334356 32.392494 155.038971 -40.685036 121.770515 125.277847 6.249576               3109 
67.664909 188.567383 -64.615257 110.152214 161.191071 -20.567661 31.857162 161.128540 -25.184490 124.566856 133.977188 15.541829               3127 
63.903240 198.640350 -49.110004 108.446251 167.836441 -9.581905 31.409492 170.824295 -10.269765 124.415886 138.676132 24.284294               3145 
60.079708 208.225952 -33.982891 105.705902 173.382324 0.657435 31.671000 181.806305 3.136533 122.521561 142.012878 32.049541               3163 
56.224056 214.909424 -17.933670 102.843887 177.497314 12.432330 31.956602 189.464157 16.804989 120.507454 144.203369 41.272980               3181 
52.507915 222.343033 -2.755289 99.437637 181.605072 22.336996 31.531738 199.043488 32.294281 117.416939 146.373489 48.562031               3199 
45.233044 225.628525 11.033252 94.146698 184.519348 30.909428 29.469780 204.642334 46.833397 113.957214 148.666977 54.876545               3217 
37.227856 225.195663 24.005634 89.532120 186.450729 38.942093 28.156702 207.237534 60.585064 112.686897 151.478226 61.146885               3235 
31.750648 224.788345 36.765820 85.500526 187.087509 48.221142 26.015326 207.820328 72.285271 109.826744 151.604431 68.257561               3253 
25.942007 223.704773 48.373489 80.883263 187.108398 56.564865 22.871197 207.256210 82.888962 106.036629 150.919189 74.169464               3271 
20.323204 222.239136 58.234619 76.666824 187.725754 63.461864 20.814926 208.491058 92.679153 103.041283 151.785339 79.739044               3289 
15.774608 218.466690 66.675568 72.250114 183.933029 69.035789 18.263868 205.584702 100.287354 97.749382 146.366364 82.849037               3307 
10.100760 214.432953 72.661156 67.471565 181.374084 74.030846 14.014557 202.793625 105.892944 92.638924 143.110825 86.472672               3326 
5.565392 210.242020 78.853905 63.311855 177.726044 77.562775 10.635885 197.432007 111.239792 88.040771 138.224854 86.529831               3344 
-1.961103 202.244675 82.072166 60.498009 178.462357 81.078354 7.216043 195.481125 114.746399 88.678764 141.649002 91.222046               3362 
-6.553426 197.439484 85.691887 57.825451 177.590790 84.007614 4.867826 193.973206 118.153999 86.400536 140.898254 93.462463               3380 
-9.472672 189.636520 88.701454 55.892902 172.001236 85.336143 4.221121 189.351166 120.553871 84.780342 135.524521 94.676277               3398 
-13.050014 183.860260 89.653664 53.758785 171.482498 86.578339 1.017821 184.794357 119.925583 84.752029 136.655594 95.454048               3416 
-12.810679 183.243652 92.093163 54.112774 171.253464 87.480515 1.906227 184.513138 119.266624 85.297180 136.622955 96.454521               3434 
-14.096252 177.100235 92.650421 53.156544 168.891769 87.922874 0.283045 179.654739 117.878304 84.891327 134.577484 96.151199               3452 
-13.239081 171.587097 93.493790 54.357647 167.101822 90.542442 0.134221 177.008514 116.236336 86.973907 134.615158 102.077988               3470 
-11.237925 165.919403 94.955818 55.969971 158.835480 89.272392 2.760068 168.731918 115.618187 86.887215 123.674782 97.026222               3488 
-10.713576 162.514023 96.692909 56.295692 154.828262 89.071968 3.694044 164.551956 116.128044 86.626854 118.799927 94.924515               3506 
-10.673664 161.240982 97.113701 56.304379 153.827179 89.081566 3.648986 163.429001 115.932945 86.485451 117.615128 94.564415               3524 
-10.564708 160.650391 97.162323 56.404865 153.521240 88.862617 3.786434 163.298584 115.681641 86.543739 117.286652 94.428139               3542 
-10.352604 159.701965 97.250900 56.603378 153.384552 88.843544 3.931924 163.077866 115.557228 86.842300 117.248726 94.507645               3561 
-7.409523 157.450485 98.172928 58.856461 148.166855 87.201233 7.713493 159.979233 115.973686 87.283974 110.349174 90.939087               3579 
-7.761929 157.119934 98.243042 58.637733 148.811310 87.203781 7.456910 160.821045 115.869743 87.398148 111.323425 91.650055               3597 
-8.095210 156.564285 97.262405 58.587135 149.032944 87.401947 6.827911 161.264175 114.888474 87.473976 111.804466 93.046730               3615 
-6.862529 156.650040 95.604614 59.547638 145.775269 86.141731 8.284088 160.534378 113.337273 86.384613 107.032379 91.712875               3633 
-5.194625 156.688110 95.396950 60.775475 143.386993 85.038727 10.467373 160.145187 112.966820 86.164597 103.629524 90.235649               3651 
