-16.643232 149.698044 72.221672 -8.726885 209.728500 52.124699 -29.156277 158.996613 51.465977 45.202560 217.147064 57.542114                  0 
-16.244156 149.008270 71.870644 -9.016500 209.212738 52.227108 -29.412457 159.004059 51.041203 44.779484 217.177307 58.170704                  9 
-15.657865 145.450928 69.947395 -9.730653 206.242691 51.923725 -29.667582 156.449051 49.412483 43.835045 215.154663 58.561626                 18 
-15.552840 145.082764 70.172409 -10.108997 205.821014 52.053612 -30.295471 156.485535 49.616589 43.430458 214.949188 58.608883                 27 
-15.063172 145.404587 69.448135 -10.188428 206.338425 52.299515 -30.699083 157.335709 49.279675 43.340027 215.536179 58.847408                 36 
-15.031805 145.069016 69.228333 -10.283234 206.071762 52.300858 -31.159006 157.360321 49.222214 43.236248 215.327042 58.841026                 45 
-14.540613 143.870087 68.655373 -10.502996 205.114471 52.436020 -31.287056 156.355057 49.072552 42.960175 214.821808 58.778381                 54 
-14.345783 143.266174 69.136887 -10.677628 204.416794 52.488735 -31.275049 155.576279 49.379723 42.732231 214.475571 58.731857                 63 
-14.310836 142.166718 69.970535 -10.944016 203.080978 52.427670 -31.494160 154.200256 49.957752 42.425312 213.470169 58.473209                 72 
-13.897373 139.166931 69.370285 -11.330240 200.063843 51.824440 -31.544689 151.015747 49.312511 41.840824 211.183655 58.301823                 81 
-13.695782 137.562286 69.051552 -11.535898 198.457275 51.503231 -32.061729 149.402298 49.483635 41.524254 209.964050 58.210155                 90 
-13.616966 136.899979 68.920967 -11.620122 197.799332 51.371685 -33.061928 148.853287 50.299416 41.393551 209.464142 58.172516                 99 
-13.568858 136.538025 68.850067 -11.666360 197.438126 51.299469 -34.226448 148.599564 51.430050 41.321537 209.189575 58.151829                108 
-13.530990 136.316483 68.807098 -11.694969 197.214630 51.254784 -34.889748 148.456207 51.956299 41.276886 209.019653 58.139019                117 
-13.517089 136.289536 68.839577 -11.632741 197.178055 51.264599 -35.544968 148.569229 52.674549 41.384293 208.880997 57.973106                126 
-13.258822 136.658081 69.313034 -11.528232 197.428146 51.276985 -35.618076 148.867844 53.323215 41.514317 209.226105 57.606674                136 
-13.241023 136.787643 69.642487 -11.555545 197.513382 51.469479 -35.774010 148.992203 53.763908 41.513664 209.299576 57.594280                144 
-13.226236 136.898941 69.922089 -11.578689 197.585602 51.632584 -36.041431 149.090073 54.298073 41.512623 209.361206 57.583744                153 
-13.213066 136.990173 70.148064 -11.597384 197.643936 51.764351 -36.242393 149.162476 54.730991 41.511456 209.410583 57.575211                162 
-13.098707 137.056915 70.496956 -11.509776 197.721832 52.131889 -36.348034 149.267899 55.453697 41.650692 209.423141 57.591984                171 
-13.010687 137.396835 70.945091 -11.535250 197.981720 52.238392 -36.435081 149.554153 56.206390 41.685856 209.680374 57.078243                180 
-12.935634 137.560333 71.341805 -11.554151 198.101715 52.409256 -36.465294 149.696411 56.828075 41.717945 209.783997 56.696053                189 
-12.821999 137.742966 71.754684 -11.596999 198.227341 52.565510 -36.458218 149.817062 57.413197 41.705864 209.945663 56.341026                198 
-12.738599 137.881500 72.084824 -11.631364 198.328094 52.690830 -36.378159 149.878632 57.788689 41.693165 210.072891 56.055836                208 
-12.750494 137.945358 72.329018 -11.657563 198.404907 52.786373 -36.239891 149.909775 57.930019 41.681679 210.168427 55.838192                217 
-12.794914 138.153198 72.897163 -11.784795 198.564133 53.075291 -36.115692 150.046005 58.203751 41.551552 210.409836 55.846951                225 
-12.776898 138.386002 73.362671 -11.714394 198.802704 53.274288 -35.899033 150.308075 58.564205 41.637966 210.662964 55.646786                234 
-12.690069 138.720718 73.702713 -11.402116 199.251083 53.353168 -35.576653 150.848328 59.044460 42.022015 210.936951 54.792305                244 
-12.565752 139.477188 74.354919 -11.238841 200.004379 53.454479 -35.265297 151.655640 59.749386 42.210186 211.653641 53.968967                253 
-12.372426 140.286819 75.014603 -11.811969 200.823914 53.625683 -34.980625 152.125610 60.229816 41.444214 213.332199 53.926071                262 
-12.268185 139.776779 74.532478 -12.084919 200.825211 53.753559 -34.747623 151.856583 60.111881 41.064857 213.779358 53.508656                271 
-12.279147 139.194244 74.306961 -12.258746 200.856491 53.828873 -34.360405 151.642838 59.860592 40.761089 214.319977 53.195961                280 
-12.292890 139.265884 74.532982 -12.479899 201.354218 53.828857 -33.837082 151.873352 59.569298 40.350464 215.540497 53.142696                289 
-12.436887 139.192825 74.855476 -12.589909 201.630493 53.899029 -33.475063 151.953568 59.672363 40.098774 216.336868 53.271191                298 
-12.558079 139.564850 75.589935 -12.767550 202.073517 53.837498 -33.209328 152.265228 60.097675 39.776661 217.289383 53.244385                307 
-11.904177 143.480667 76.290421 -9.127224 206.348907 54.138279 -31.156626 157.301743 60.081257 43.948059 219.519485 52.615463                316 
-10.464357 144.774200 75.769608 -6.380198 207.678452 53.215897 -28.814598 158.721375 58.635883 46.882202 220.067703 51.669403                325 
-10.328866 144.604675 75.631355 -5.777564 207.504639 52.613708 -28.068607 158.420197 57.764984 47.504097 219.821335 51.153503                334 
-10.661003 144.709686 75.925827 -6.194398 207.807007 52.838051 -27.979509 158.376022 57.589825 46.975559 220.635483 51.763710                343 
-10.914987 144.669479 76.127434 -6.414135 208.070847 53.077854 -27.672329 158.259140 57.364868 46.645252 221.366592 52.245033                352 
-11.291117 144.825470 76.146942 -5.594303 208.899292 53.604237 -26.836653 158.909515 57.191677 47.497051 222.068130 52.792816                361 
-11.862062 144.991348 76.156548 -4.812150 209.670242 53.868931 -26.088663 159.564026 57.018414 48.322536 222.666504 53.113285                370 
-12.576653 146.138367 76.608482 -3.178719 211.153976 54.197079 -25.203447 161.285004 57.306305 50.163666 223.273834 53.513447                380 
-13.180461 146.385071 76.650513 -2.974938 211.611298 54.183838 -25.036428 161.703491 57.169769 50.382702 223.678558 53.848801                388 
-13.460931 146.156235 76.632545 -3.163694 211.686722 54.067020 -24.774155 161.543854 57.071156 50.090351 224.206314 53.878674                397 
-13.768904 145.877014 76.618828 -3.289438 211.721664 53.996353 -24.500395 161.345963 56.983898 49.887196 224.567108 53.903854                406 
-13.988000 145.541321 76.608681 -3.483539 211.714264 53.980434 -24.169125 161.065994 56.837627 49.592194 224.970047 54.119286                415 
-14.213369 145.220108 76.590446 -3.583074 211.695694 54.024570 -23.815460 160.814880 56.693775 49.422123 225.229034 54.283054                424 
-14.145433 144.667068 76.548058 -3.906435 211.446945 54.003227 -23.296562 160.219162 56.445930 48.927094 225.626923 54.564453                433 
-13.732314 144.246918 76.359169 -4.182337 211.216675 53.650787 -22.657057 159.656204 56.013721 48.414795 226.227783 54.639385                443 
-13.651201 144.039551 76.493454 -4.478415 211.123444 53.626465 -22.434427 159.386826 56.020679 47.975224 226.611557 54.852345                452 
-13.704313 143.792206 76.578995 -4.740806 211.013977 53.564014 -22.292389 159.165863 55.982708 47.594189 226.878708 55.022484                461 
-13.873790 143.562088 76.702538 -4.890920 210.966675 53.662315 -22.211361 159.098160 55.994556 47.390633 226.996521 55.228264                470 
-14.082106 143.250931 76.880470 -4.728257 210.948196 53.978214 -22.041269 159.131775 56.146046 47.587631 226.878128 55.411385                478 
-14.269182 143.193314 77.016411 -4.896354 210.984573 54.053520 -22.042162 159.176544 56.134186 47.397243 226.984451 55.520725                488 
-14.410250 143.019501 77.167480 -5.120533 210.890015 54.147686 -22.046185 159.077789 56.126396 47.129967 227.026031 55.658569                497 
-14.375049 142.721649 77.407646 -5.415866 210.695892 54.292530 -21.930658 158.824463 56.207863 46.739983 227.138611 55.766731                506 
-14.364861 142.411758 77.757607 -5.792403 210.471939 54.512375 -21.884014 158.568039 56.410240 46.253670 227.261688 55.954388                515 
-14.358120 142.175919 78.055626 -6.095204 210.302246 54.685520 -21.844038 158.395142 56.582291 45.857555 227.379913 56.111252                524 
-14.084523 141.829712 78.273895 -6.152701 210.050888 54.879742 -21.585564 158.166809 56.700069 45.724537 227.368225 56.156754                533 
-13.925679 141.589996 78.549591 -6.247218 209.887436 55.069206 -21.394318 158.130142 56.791286 45.556786 227.428635 56.261116                542 
-12.557802 140.042557 78.327896 -5.900612 208.920135 55.772400 -20.503437 157.172974 56.915524 45.763771 226.907684 55.863224                551 
-11.990726 139.416260 78.195175 -5.863570 208.623093 55.915028 -20.033669 156.957352 56.461548 45.687710 226.923248 55.333347                560 
-11.635232 138.912354 78.122070 -5.692345 208.422989 56.083782 -19.459696 156.918747 55.700176 45.798599 226.869705 55.002174                569 
-11.571562 138.484131 78.067589 -5.624700 208.299408 56.211143 -19.045759 156.879822 55.001266 45.810738 226.880707 54.832741                578 
-11.789315 137.712860 78.131592 -6.074265 207.986313 56.417057 -18.855927 156.514999 54.712608 45.165436 227.079666 54.772148                587 
-12.105604 137.024292 78.230003 -6.356585 207.731354 56.581032 -18.676987 156.228073 54.566105 44.732986 227.195221 54.636173                596 
-12.338346 136.389221 78.273552 -6.670399 207.353622 56.668560 -18.752750 155.853256 54.442043 44.330154 227.000885 54.281578                605 
-12.509626 136.032562 78.341789 -7.130963 207.100647 56.639175 -18.887671 155.566010 54.304016 43.756523 227.019699 54.096840                614 
-12.578694 135.986420 78.455620 -7.105371 207.166779 56.764450 -18.743076 155.644684 54.245174 43.755901 227.156174 54.249733                623 
-13.011797 135.781586 77.572578 -6.669306 207.480988 57.525688 -19.029524 156.207840 53.827431 44.424805 226.830551 54.740898                633 
-13.117416 135.924652 77.180244 -5.585273 207.754898 57.759621 -18.701233 156.700790 53.525349 45.795650 226.338730 55.037350                641 
-13.368095 136.000214 77.252441 -5.916829 207.767029 57.518692 -18.772182 156.632050 53.322422 45.419182 226.520279 55.131573                650 
-13.346755 135.517487 77.431923 -6.304418 207.242386 57.343964 -18.539835 155.942429 53.186127 44.870979 226.500595 55.620884                659 
-13.382010 135.316559 77.427490 -6.525225 207.033722 57.181923 -18.411104 155.645462 52.989399 44.557671 226.565475 55.833782                668 
-13.220204 135.806793 77.290886 -6.283248 207.637253 56.960735 -17.764578 156.103806 52.746586 44.683197 227.495514 56.044544                678 
-13.257363 135.850403 77.145691 -5.786750 207.935226 56.845875 -16.748064 156.216644 52.517590 45.039352 228.164215 56.331520                687 
-13.692203 135.895935 77.326180 -5.456543 208.130005 56.758629 -15.914968 156.212708 52.376793 45.277687 228.594376 56.632584                696 
-14.148621 135.936630 77.618340 -5.445613 208.229919 56.813381 -15.378985 156.094330 52.130196 45.233932 228.829498 56.910519                704 
-14.456299 136.003845 77.853485 -5.312695 208.380066 56.842972 -14.550465 155.930923 51.788673 45.308792 229.121704 56.977085                713 
-15.219115 135.722961 77.699799 -5.160295 208.306992 57.000065 -13.753105 155.568954 51.210590 45.500278 228.950989 57.316933                722 
-15.909733 135.675003 77.607628 -5.150573 208.325287 56.914101 -13.276240 155.353348 50.740479 45.548820 228.871475 57.354790                732 
-16.171280 136.113083 77.874428 -5.100107 208.640427 56.809875 -12.986816 155.527618 50.680683 45.619019 229.132675 57.447865                741 
-15.888082 137.189972 79.334114 -4.759097 209.282623 56.651772 -12.655720 155.982559 51.636292 45.989216 229.711182 56.424957                750 
-15.570403 138.255264 80.349014 -4.309622 209.986282 56.354877 -12.130943 156.580963 52.315941 46.415623 230.466675 55.833485                759 
-15.342734 140.634323 81.023193 -2.696098 211.688690 55.518356 -11.865211 158.378815 52.627541 48.476574 230.944855 53.694496                768 
-15.225796 141.888763 80.764862 -2.268028 212.592621 54.318729 -11.933802 159.297958 52.220028 49.009548 231.483566 51.767109                777 
-16.460556 140.139847 80.630478 -5.354438 210.680862 52.924866 -13.646971 157.144440 51.790207 45.391121 230.933563 50.189018                786 
-19.588524 138.625916 78.354279 -7.964282 209.190720 50.908318 -17.004078 155.834625 49.499920 42.982487 228.856842 47.677315                795 
-23.616072 138.430984 76.865608 -10.486426 208.688950 49.295059 -20.826332 155.700363 47.807930 40.877869 227.202667 45.871586                804 
-27.343555 140.752365 76.164818 -12.401899 209.441391 45.814369 -23.718346 156.739761 46.272705 39.353699 226.925232 42.908825                813 
-29.914520 144.246109 72.985497 -12.878779 211.935059 42.044033 -25.014498 159.503296 42.789021 39.205086 228.667465 41.787434                822 
-34.813915 148.087601 69.256004 -14.670230 214.231552 37.278641 -27.893442 162.149048 38.775356 37.606731 230.050461 40.385105                831 
-40.945698 149.275223 62.043476 -15.536829 214.861801 33.066078 -31.902328 163.720856 32.214836 37.341473 227.386002 39.374683                840 
-45.960262 151.477921 55.913692 -16.557449 216.159103 28.957544 -35.378632 165.972778 26.528692 36.605030 225.940521 37.374393                849 
-51.754135 156.473526 50.731373 -17.768116 218.771805 23.715479 -42.601955 170.527710 26.693970 35.516190 225.627167 34.038059                858 
-56.249001 161.096039 44.189320 -18.444279 221.460693 18.001850 -46.226933 172.387497 24.853079 34.584484 226.054504 30.635767                867 
-60.064323 163.950272 35.859047 -18.723606 223.125977 12.571815 -49.384533 174.137100 19.146214 34.086418 224.681458 26.765137                876 
-49.762527 173.100266 31.445057 -18.389061 224.903702 7.105273 -51.881523 176.825394 12.336325 33.847862 223.541794 23.298418                885 
-44.252560 177.412048 26.199869 -17.519531 226.371521 2.328532 -52.665649 178.798157 5.335260 33.987179 223.067825 20.464487                894 
-42.979668 179.820129 20.314127 -16.713329 228.160889 -2.436745 -52.940044 181.006393 -1.443799 34.035454 223.441483 17.439289                903 
-43.623619 182.201965 13.314602 -15.950926 229.866562 -7.860569 -53.991367 183.809799 -8.777473 33.760262 223.160034 13.970349                913 
-44.437122 184.502563 7.322059 -14.531667 231.459335 -12.499294 -54.289936 186.679214 -14.860028 34.248985 222.772095 10.690113                922 
-45.565552 186.685623 0.807482 -13.581480 233.039841 -17.147421 -54.805130 189.273849 -21.323656 33.909714 222.768600 7.989346                930 
-46.924294 189.133667 -6.381155 -12.262739 234.320602 -22.264694 -55.639042 192.103760 -28.261293 33.548340 221.772171 4.876613                940 
-48.398621 191.081573 -13.850422 -11.829189 235.472198 -27.518188 -57.099762 194.688232 -35.197662 32.659378 220.724579 0.696058                949 
-48.982418 192.395599 -20.051483 -10.949636 235.968719 -32.174263 -57.539436 195.603500 -41.099670 32.086113 220.104141 -2.358023                958 
-49.341488 194.124359 -26.358477 -9.421624 236.225998 -37.444366 -57.698524 196.583008 -47.163322 31.905169 219.183182 -5.910141                967 
-49.870823 194.842209 -32.672997 -8.740803 235.868393 -42.747028 -58.604950 196.910156 -53.114983 31.317423 217.708710 -10.215000                976 
-50.183285 195.406555 -39.021305 -7.937163 235.284714 -48.254250 -59.459465 196.976654 -59.056702 30.989271 215.917755 -15.051504                985 
-49.543606 195.694687 -44.277088 -6.542335 234.409409 -53.113945 -59.471058 196.294449 -64.146126 31.044012 214.545944 -18.683172                994 
-48.658672 195.449341 -49.355392 -5.352848 233.645752 -57.620171 -58.840195 195.233612 -69.260124 31.124739 213.763824 -22.027147               1003 
-47.824574 194.673767 -53.929085 -4.281641 232.507492 -61.654602 -57.964195 193.616028 -73.996178 31.157476 212.848740 -24.907204               1012 
-47.627132 193.391174 -59.249462 -3.065382 230.263382 -65.480751 -57.399487 192.106644 -79.513969 30.795881 209.657501 -27.776888               1021 
-46.933350 191.447144 -63.783630 -1.930925 227.879227 -69.065010 -56.473061 189.790573 -84.172295 30.946259 206.910767 -30.695967               1030 
-44.446648 181.835342 -79.214439 0.515878 218.518906 -82.172874 -52.964825 179.378815 -99.997139 31.103586 198.288345 -41.578720               1057 
-43.672798 179.350494 -81.580078 1.016555 216.364548 -84.181366 -52.019318 176.621994 -102.409096 31.334513 196.511276 -43.200420               1066 
-42.231781 177.332397 -85.080688 2.963897 213.675125 -87.890411 -49.971390 172.895157 -105.732605 30.858051 196.769714 -43.971256               1075 
-41.008408 174.954376 -89.846130 4.843738 211.171585 -89.831047 -48.029335 169.713089 -108.738754 31.055584 195.249466 -44.529903               1084 
-39.744144 172.811569 -93.531090 6.133645 209.561447 -90.903748 -46.623867 167.128983 -110.468170 31.354521 194.574615 -44.729393               1093 
-38.047150 170.325302 -95.173836 6.632442 208.631714 -91.308136 -45.900410 164.628387 -110.994736 31.584116 194.852264 -44.614353               1102 
-37.050877 168.871063 -96.323067 7.041599 207.996582 -91.430023 -45.483715 163.072617 -111.174438 31.727209 194.974030 -44.378960               1111 
-36.275372 167.029068 -98.916412 7.048760 207.131287 -92.282448 -44.771030 160.937500 -112.701645 30.981430 195.040436 -44.597992               1120 
-33.637337 160.266113 -101.306725 6.065958 203.912003 -94.211266 -43.733532 154.100052 -114.119316 30.217426 194.342316 -46.066723               1129 
-31.692005 154.400162 -104.780975 5.021721 200.355042 -96.215202 -43.154766 148.379776 -117.072212 28.882879 191.649002 -47.762970               1138 
-28.426731 145.298965 -102.959732 3.413468 195.306198 -98.293846 -41.352360 137.987732 -113.618759 29.798803 192.123993 -50.476940               1147 
-30.419390 145.150330 -107.188072 3.060334 194.006531 -100.764183 -43.479801 138.516327 -117.363091 30.317316 188.288483 -53.677780               1157 
-31.226448 145.288635 -109.530052 3.320686 193.497177 -102.095642 -43.773331 138.723434 -119.253914 29.496159 187.709900 -54.407902               1166 
-29.149740 143.963837 -108.804085 3.500298 193.803833 -103.260811 -41.542095 136.594193 -117.870049 30.480677 190.825195 -55.763912               1175 
-28.079588 141.670258 -106.912903 3.527484 192.547012 -103.908394 -40.375843 133.677948 -115.093140 31.182755 192.609039 -56.707218               1184 
-27.361223 140.465012 -106.113945 3.918323 191.744568 -104.516380 -39.587330 132.238403 -113.733696 31.679710 193.655197 -57.416241               1192 
-26.964125 139.792130 -105.799194 4.165946 191.290985 -104.851151 -39.192917 131.682388 -113.295509 31.871412 194.253510 -57.772503               1202 
-26.370502 141.126572 -108.177452 3.937510 193.216400 -105.971313 -38.716255 133.335220 -115.496819 33.028034 195.063278 -59.677700               1211 
-25.218956 136.949463 -105.668869 4.116838 189.707382 -107.795532 -37.700821 128.929611 -112.505295 32.813717 196.382187 -61.701012               1220 
-24.604986 134.247849 -103.260406 3.774192 187.313904 -108.794830 -38.097046 127.184250 -110.762405 32.045841 197.641129 -63.112984               1229 
-17.014845 121.546509 -90.069077 2.216003 176.636307 -105.964668 -30.231737 112.034096 -95.882477 31.708357 198.057190 -65.171097               1238 
-13.655993 116.714409 -89.883202 0.883965 173.186371 -106.112206 -26.714621 106.618828 -95.269844 31.666035 195.965836 -67.043945               1247 
-14.353953 114.550095 -90.201912 -1.656797 171.404831 -106.853706 -27.858458 104.573082 -94.924210 32.133556 193.917252 -70.190765               1256 
-15.060371 113.324928 -91.497116 -3.400608 170.434845 -108.165916 -29.054514 103.528297 -95.983994 32.424343 192.385986 -73.130371               1265 
-15.207173 110.928886 -92.726494 -5.113816 167.752136 -110.763031 -29.750919 100.728470 -97.550194 31.086300 190.522858 -76.648308               1274 
-14.814482 109.651421 -93.137215 -5.980310 166.188782 -112.298164 -29.771889 99.085487 -98.261780 30.324970 189.718353 -78.816010               1283 
-14.411359 106.907372 -91.440025 -6.423646 162.213318 -114.096207 -29.241497 95.629547 -96.631393 28.393908 188.614304 -81.179726               1292 
-13.633777 106.439056 -93.214622 -7.071340 161.808289 -116.201004 -28.350704 94.827766 -98.478058 27.301006 189.110184 -83.552628               1301 
-13.436075 105.682022 -97.182404 -7.248229 161.929810 -117.993904 -28.186831 94.175217 -103.182846 26.780533 188.118530 -84.097549               1310 
-15.257620 105.335205 -102.609688 -7.916780 162.507050 -120.117508 -30.398502 94.474541 -109.626801 26.431574 185.868500 -84.519730               1319 
-15.215614 103.690994 -107.857262 -8.489121 161.933441 -122.712204 -30.144154 93.275490 -115.148964 25.740715 184.147232 -86.275482               1329 
-15.219280 103.040100 -111.173706 -8.625827 162.094193 -124.085564 -29.886433 93.148727 -118.500816 25.472401 183.490128 -87.041077               1337 
-17.048903 104.755730 -123.985054 -10.027930 165.301712 -127.896370 -31.780798 96.437325 -132.128799 25.005630 180.813293 -88.847565               1346 
-18.655537 106.310463 -132.868942 -11.363832 167.061111 -130.776932 -33.503475 99.022339 -141.317245 24.597374 178.587204 -91.195251               1355 
-17.198891 105.838303 -136.225067 -10.853982 166.654877 -132.529221 -31.841972 98.598274 -145.006378 24.512453 177.751633 -92.294334               1364 
-14.637218 106.310448 -141.926147 -10.772324 167.100876 -135.359955 -28.964088 98.941154 -151.132645 23.995359 177.722244 -94.480095               1373 
-14.344149 106.419601 -143.157028 -10.498549 167.125732 -135.799850 -28.697714 99.197090 -152.464584 24.322941 177.231033 -94.835045               1383 
-15.830095 107.511673 -145.259674 -10.585301 167.922333 -136.450455 -30.396997 100.873100 -154.700516 24.617159 176.243027 -95.409966               1391 
-17.559956 108.383018 -146.592484 -10.748633 168.524429 -137.020233 -32.380737 102.272331 -156.044632 24.933516 175.405350 -96.127625               1401 
-17.920666 109.189987 -148.106049 -10.641312 169.110382 -137.543106 -32.882523 103.381477 -157.604752 25.346373 175.021820 -96.766762               1409 
-16.340549 109.345230 -149.410767 -9.372012 169.243820 -138.497711 -31.220934 103.559280 -159.086624 26.247381 175.083817 -97.389053               1419 
-15.850231 109.316292 -150.105576 -8.789076 169.182404 -139.059601 -30.750071 103.600815 -159.818237 26.824322 174.875656 -97.925171               1428 
-15.342890 109.042267 -150.488495 -8.273518 168.925919 -139.532974 -30.252457 103.337418 -160.214447 27.329645 174.676987 -98.397728               1437 
-14.411344 104.996506 -146.700256 -7.387217 165.408249 -139.126221 -29.227573 98.772110 -156.268860 27.755619 173.492767 -97.987549               1446 
-11.320888 104.202095 -146.886673 -5.574089 164.775818 -139.506592 -25.892681 97.666161 -156.636017 28.851032 173.731094 -97.943588               1455 
-11.843901 104.124901 -146.894287 -5.575372 164.644714 -139.469269 -26.505316 97.739220 -156.623383 29.039091 173.274994 -97.994873               1464 
-11.463646 103.075356 -145.799240 -4.867500 163.650864 -139.135773 -26.178078 96.663826 -155.447754 29.838448 172.615082 -97.808922               1473 
-13.365780 100.428551 -143.202545 -6.049787 161.035645 -137.654022 -28.530302 94.021255 -152.147385 30.437176 170.278595 -97.954674               1482 
-13.495383 98.641304 -142.171051 -6.354280 159.356735 -137.655090 -28.722872 92.053543 -150.891602 30.446438 169.363419 -98.433388               1491 
-14.096488 94.877914 -137.719330 -6.212098 155.668701 -137.180710 -30.222086 87.784302 -145.291977 30.939449 167.743195 -98.882690               1500 
-14.378838 93.116608 -135.532654 -6.141919 153.848343 -136.946564 -31.205770 85.785591 -142.300858 31.219009 166.910736 -99.180122               1509 
-15.117263 98.969063 -146.734055 -5.327893 159.001221 -139.071274 -32.462357 93.071091 -154.343140 31.832588 165.333649 -99.425743               1518 
-19.315060 106.189987 -158.490402 -6.104779 164.005417 -142.950867 -37.028408 102.367661 -166.997299 30.119476 162.837631 -101.972717               1527 
-16.063395 99.417931 -151.316528 -5.460837 158.923248 -141.043808 -33.406124 94.093964 -160.112259 28.576014 163.110138 -98.420677               1536 
-14.096752 94.976196 -146.326447 -4.627249 155.206833 -139.874298 -31.282410 88.755867 -155.099701 28.115759 162.834839 -96.717873               1545 
-12.729280 94.887146 -148.356781 -4.022156 155.045319 -140.330597 -29.889656 88.661400 -157.390091 28.134335 161.980469 -96.619820               1554 
-12.595766 94.458275 -147.568314 -3.104746 154.595581 -140.297806 -29.721666 88.339577 -156.907257 27.933136 161.748276 -95.820198               1563 
-12.518337 94.178246 -147.019287 -2.481250 154.289932 -140.275513 -29.642561 88.123314 -156.550049 27.790293 161.627075 -95.302536               1572 
-12.477705 94.017014 -146.690659 -2.112641 154.109238 -140.262344 -29.629627 87.994240 -156.318329 27.704609 161.568954 -95.006920               1581 
-13.004281 96.217407 -148.841095 -0.490087 155.627899 -140.249451 -30.165705 91.168488 -159.103149 28.213474 160.529648 -93.936951               1590 
-14.900806 97.805901 -149.910095 0.576156 156.269150 -139.774429 -32.207222 93.893959 -160.512436 28.723583 158.627808 -92.924377               1599 
-15.880757 98.191864 -150.023865 1.276999 156.127518 -139.560562 -33.247635 94.837959 -160.798584 28.951767 157.509583 -92.391022               1608 
-16.661732 100.118790 -151.510773 1.318107 157.535294 -139.650330 -34.219162 97.270508 -162.195984 29.384752 157.308182 -92.693115               1618 
-16.704845 102.240906 -153.692062 2.040063 158.845612 -139.363220 -34.279652 100.097229 -164.577271 29.754524 156.270828 -92.267067               1626 
-17.086401 102.885139 -153.952118 2.096974 159.187073 -139.016907 -34.701313 100.995895 -164.881531 29.654854 155.917038 -91.872040               1636 
-17.270643 103.204453 -154.080215 2.124970 159.355042 -138.846542 -34.923950 101.439751 -165.021744 29.602800 155.744293 -91.679817               1644 
-17.722040 103.764908 -154.616669 1.580249 159.745560 -138.650620 -35.477871 102.104790 -165.460953 29.341391 155.518173 -91.701523               1654 
-18.037054 104.373215 -155.787018 1.240862 159.939697 -138.468246 -36.397854 102.967133 -166.412750 29.077642 154.513519 -91.687492               1663 
-18.308659 112.263268 -165.463013 0.326745 164.162872 -138.699356 -36.807297 112.679962 -176.655792 26.418194 151.018066 -92.447670               1672 
-25.544430 126.187286 -174.906052 -0.334393 170.702728 -141.143356 -44.278130 130.631485 -185.227448 24.381098 147.527832 -98.191780               1681 
-27.536476 133.046722 -180.941605 -0.000248 174.903152 -145.630936 -45.918888 139.113556 -191.444687 22.020945 149.092331 -102.716637               1690 
-28.844828 133.872360 -184.643845 -0.940694 175.599991 -149.470383 -47.075645 140.279266 -195.501114 19.651766 149.939041 -105.764145               1699 
-30.254513 135.583252 -186.331314 -1.943412 176.788910 -150.868881 -48.564331 142.311752 -197.109344 18.299429 150.637177 -107.290405               1708 
-30.792921 136.240463 -186.979828 -2.330415 177.247772 -151.408646 -49.200691 143.116318 -197.701447 17.775684 150.909805 -107.879051               1717 
-31.064747 136.329391 -187.259018 -2.514049 177.329926 -151.750534 -49.578869 143.266708 -197.938019 17.557865 151.006744 -108.196228               1726 
-32.653851 130.281021 -185.418884 -5.504800 173.972565 -152.086731 -51.887463 135.893982 -195.817200 16.919725 150.322769 -108.148178               1735 
-30.944614 120.098206 -179.670441 -5.561905 168.245132 -151.480759 -50.418839 123.830971 -190.634933 17.425016 150.564346 -105.093689               1744 
-29.302790 114.199158 -176.075394 -5.506102 164.910583 -151.192657 -48.823456 116.651016 -187.472794 17.291180 151.250381 -103.375809               1753 
-28.811041 111.073814 -173.806610 -5.305669 162.435852 -150.004623 -48.449806 113.249176 -185.311172 17.266613 149.981262 -101.753784               1762 
-28.225752 108.781578 -171.078888 -5.210906 161.238037 -149.267303 -48.057186 110.368134 -182.561600 17.597672 150.823181 -100.645615               1771 
-27.684511 107.061234 -168.838577 -5.333190 160.381485 -148.479568 -47.661034 108.124619 -180.321167 17.592052 151.589630 -99.592911               1780 
-27.215004 105.927788 -167.392776 -5.341233 159.789810 -147.962021 -47.339024 106.646492 -178.819046 17.755642 152.024841 -98.982346               1790 
-26.818876 105.160652 -166.296158 -5.311274 159.437424 -147.625351 -47.060318 105.609657 -177.674957 17.908054 152.498520 -98.579628               1799 
-26.049753 102.032715 -161.314377 -4.876449 157.383804 -145.658600 -46.682720 101.750771 -172.253098 19.320297 153.062759 -96.785141               1807 
-25.919579 99.771645 -157.384781 -5.443244 155.990921 -144.070114 -47.178318 98.786095 -167.474075 20.492481 153.615967 -95.961212               1817 
-24.672791 98.934647 -156.451874 -5.558985 155.681671 -143.351624 -46.883167 97.429573 -165.590851 21.740789 153.840836 -95.979668               1825 
-22.697174 98.211525 -156.040695 -5.201892 155.480576 -142.950302 -45.576878 96.084251 -164.547089 22.825245 154.303589 -95.983681               1834 
-19.780975 97.664970 -155.928452 -4.466584 155.516678 -142.741852 -43.109642 94.679008 -163.981201 24.151237 155.204803 -96.118980               1843 
-17.729523 97.332741 -155.844818 -3.958795 155.541611 -142.597900 -41.361946 93.722862 -163.588882 25.032135 155.861954 -96.206177               1852 
-16.428995 97.145210 -155.784714 -3.641379 155.557190 -142.507919 -40.285419 93.131729 -163.324402 25.567204 156.285873 -96.257553               1861 
-16.143309 97.015121 -155.422882 -3.678729 155.546967 -142.425980 -40.217598 92.824486 -162.765167 25.730915 156.607483 -96.309647               1871 
-15.765191 96.709160 -154.261230 -3.650153 155.503830 -142.244446 -40.039715 92.242554 -161.343002 26.043150 157.436005 -96.338638               1879 
-15.314343 96.307869 -152.943344 -3.578661 155.374725 -142.063171 -39.774689 91.542076 -159.759995 26.410557 158.293381 -96.402496               1889 
-14.931810 96.000504 -151.875534 -3.520817 155.270248 -141.916504 -39.551338 90.990555 -158.470825 26.701290 158.986282 -96.467804               1898 
-13.719883 93.570465 -147.347702 -3.233149 153.378357 -140.059967 -38.460217 87.869049 -153.356689 27.540077 159.491425 -95.244705               1907 
-13.903648 93.510185 -145.402222 -2.594611 153.270386 -139.200821 -38.770424 88.069656 -151.619125 27.678644 159.795853 -94.104073               1916 
-13.994002 93.553329 -144.428223 -2.216578 153.260208 -138.794571 -38.961765 88.267578 -150.796768 27.721621 159.986984 -93.504135               1925 
-13.401997 93.953491 -144.828125 -1.424401 153.585083 -139.025879 -38.385086 88.796974 -151.619202 27.773201 160.147629 -93.230659               1934 
-12.983159 94.262123 -145.230301 -0.858225 153.829712 -139.265182 -37.997948 89.206367 -152.309753 27.841562 160.229156 -93.133430               1943 
-12.856687 94.411545 -145.389191 -0.602598 153.937302 -139.424149 -37.929386 89.423065 -152.592819 27.879620 160.274628 -93.149216               1952 
-12.430251 94.528435 -145.564148 -0.349111 154.073547 -139.588821 -37.521458 89.482948 -152.932587 27.808659 160.496521 -93.127495               1961 
-12.029655 94.608231 -145.725006 -0.125476 154.175629 -139.746384 -37.142471 89.502022 -153.223587 27.771921 160.683044 -93.139977               1970 
-11.709766 94.639870 -145.871170 -0.016900 154.237518 -139.884720 -36.855061 89.455017 -153.420868 27.765928 160.823608 -93.220963               1979 
-11.452371 94.667297 -146.000336 0.074703 154.287720 -140.003723 -36.630024 89.421104 -153.584503 27.771595 160.931686 -93.297096               1988 
-11.100135 94.745857 -146.009415 0.230376 154.391434 -139.978317 -36.283524 89.431816 -153.710846 27.686279 161.107422 -93.139893               1997 
-11.467604 94.553261 -144.960831 0.208245 154.206589 -139.815598 -36.776402 89.271904 -152.437378 27.979889 161.399109 -93.234787               2006 
-11.515309 93.863533 -142.883270 0.116475 153.623932 -139.168518 -36.910721 88.389099 -150.074463 28.175028 161.887634 -92.938683               2015 
-12.382061 93.379822 -140.834396 0.012879 153.047714 -138.523331 -37.920280 88.069763 -147.815659 28.341730 161.986160 -92.584785               2024 
-12.884058 93.297493 -139.558182 -0.055224 152.886459 -137.955536 -38.488487 88.093689 -146.551743 28.210058 162.168167 -92.045914               2033 
-13.102721 92.814667 -138.337585 -0.214029 152.395477 -137.383713 -38.747581 87.563904 -145.307053 28.004215 162.141800 -91.541504               2042 
-15.219535 92.706085 -137.699341 -0.509791 151.857986 -136.926666 -41.132843 88.244232 -144.365555 28.528143 160.730072 -91.420036               2051 
-17.912233 92.956520 -136.976913 -1.541821 151.666397 -136.598801 -44.100185 89.218742 -143.141785 28.591721 159.771591 -91.665031               2060 
-19.758572 93.174088 -136.446213 -2.371655 151.584030 -136.377365 -46.119980 89.887466 -142.271973 28.465551 159.218933 -91.840370               2069 
-23.792356 96.628029 -144.553268 -3.477002 153.777893 -138.671738 -50.176727 95.292267 -151.127609 26.690229 155.588516 -93.070992               2079 
-28.941322 101.671432 -153.785919 -4.799445 156.063629 -140.721725 -55.003578 103.145424 -161.620285 23.019331 150.553467 -93.940086               2088 
-30.291735 107.523888 -163.121704 -4.610424 159.180984 -143.560776 -55.589176 111.109032 -172.694489 19.188660 148.170242 -95.548943               2096 
-30.724569 110.762802 -168.041962 -4.578333 160.757660 -145.103119 -55.540882 115.467674 -178.436447 16.978891 146.911469 -96.767433               2105 
-31.526123 112.712494 -170.469696 -5.061321 161.806808 -146.027161 -56.216946 117.962822 -180.972946 15.903741 146.472992 -97.880417               2114 
-31.904039 113.692299 -171.660568 -5.301896 162.329391 -146.487427 -56.540279 119.212509 -182.220627 15.363242 146.264252 -98.449600               2124 
-32.091194 114.200729 -172.267532 -5.426558 162.600189 -146.725922 -56.707279 119.861107 -182.861877 15.081974 146.158813 -98.748329               2132 
-32.919537 114.817764 -172.589020 -5.829549 162.962341 -147.047348 -57.546738 120.699013 -183.132797 14.677201 146.260040 -99.159187               2142 
-34.381462 115.935463 -173.549026 -6.166139 163.368195 -147.913086 -58.958630 122.389572 -183.934265 14.252609 145.975967 -100.233383               2151 
-36.489716 116.109344 -173.449554 -7.238916 163.478699 -148.898300 -61.265553 122.718460 -183.313004 14.145479 146.275146 -101.574799               2160 
-36.916527 115.400818 -173.193542 -7.867003 163.276062 -149.413513 -61.879890 121.684181 -182.851761 14.201413 146.714706 -102.175026               2169 
-37.359341 115.009178 -172.826813 -8.342763 163.168747 -149.604630 -62.452972 121.118752 -182.316177 14.211125 147.000870 -102.459206               2178 
-35.878571 115.032402 -173.045197 -8.171160 164.002197 -149.944016 -61.062496 120.501228 -182.768524 14.403334 148.658386 -102.533798               2205 
-35.094955 114.887329 -172.828049 -8.151617 164.418884 -150.024292 -60.375309 119.901390 -182.559128 14.700937 149.699112 -102.549484               2214 
-32.349300 117.777130 -175.566132 -11.246264 169.312225 -151.112381 -58.422970 119.862053 -184.239029 15.087322 155.538651 -105.181999               2223 
-33.939610 121.218956 -176.303848 -14.328097 173.606750 -152.430023 -60.583397 121.896004 -183.340714 15.522860 160.858856 -108.393898               2232 
-32.052528 122.051392 -175.896896 -15.241315 175.417831 -152.057388 -58.789368 121.182884 -182.583298 15.884773 164.292542 -108.466522               2241 
-31.352583 122.266182 -175.146317 -15.742674 176.137787 -151.631134 -58.121910 120.673531 -181.599014 16.031256 165.983444 -108.271301               2250 
-32.255749 123.171494 -173.396454 -16.975643 177.413635 -150.528107 -59.112823 121.178093 -179.389938 15.642148 167.993668 -107.631577               2259 
-34.656578 126.275612 -172.060181 -17.588696 180.299347 -149.954819 -61.672794 124.910179 -177.527496 15.592889 170.408371 -107.600121               2268 
-34.993362 127.628372 -169.414230 -17.969435 181.794586 -147.628754 -62.091866 126.057007 -174.438202 15.968773 172.182800 -105.812721               2277 
-35.912693 129.018402 -166.883118 -18.500647 183.348206 -145.488190 -63.014778 127.503166 -171.423599 15.939381 173.941055 -104.037506               2286 
-36.137463 132.516205 -164.459457 -16.832468 186.374359 -143.189484 -63.152790 132.087631 -169.281448 16.562696 176.022873 -101.113617               2295 
-44.208988 144.569031 -167.313965 -18.398064 194.148895 -142.572784 -70.114510 147.272171 -171.379425 15.833997 176.793503 -103.589134               2304 
-51.786633 153.267883 -165.798569 -19.879644 199.269867 -141.073013 -73.994804 158.874420 -171.165314 14.170405 177.427216 -104.245552               2314 
-51.850864 161.767303 -158.172913 -15.780715 204.807770 -133.688797 -71.730591 170.608719 -164.526413 16.958324 179.969162 -97.578308               2322 
-55.213348 168.882660 -149.523483 -13.847053 208.677887 -127.964371 -71.549507 180.166245 -157.171143 18.476023 181.395081 -93.270912               2331 
-57.706703 174.111252 -143.666397 -13.649968 212.231461 -124.395264 -70.338348 186.181595 -153.573181 18.578917 184.056839 -90.332710               2341 
-58.407238 177.239380 -135.917480 -12.232038 214.042236 -119.067734 -68.864799 189.630569 -147.298553 20.000570 185.464828 -85.345940               2349 
-58.040924 176.214539 -131.111984 -12.650935 214.133667 -114.467857 -68.464745 188.722946 -142.503754 21.122595 185.979462 -81.918541               2358 
-57.975449 177.265549 -123.500679 -11.701029 215.407990 -109.968872 -68.089630 189.444763 -135.570175 22.582792 188.533951 -76.875458               2368 
-58.137989 179.170044 -117.005661 -11.030560 217.120041 -105.883987 -68.237312 191.222778 -129.268127 23.897724 190.780212 -73.035889               2376 
-58.520634 180.403549 -110.645531 -11.118219 218.592285 -101.640610 -68.553299 192.152008 -123.281792 24.440355 193.212418 -68.713127               2386 
-58.785908 182.634872 -105.169449 -11.266715 221.012405 -97.509811 -69.171692 194.402161 -117.504578 25.349522 195.751389 -65.667999               2395 
-58.412327 184.781143 -98.990311 -10.599182 223.169479 -93.271736 -68.988739 196.294159 -111.380432 26.620802 198.559387 -61.620750               2404 
-58.840092 186.247803 -92.400253 -10.953457 224.901978 -89.580269 -69.846794 197.333725 -104.775230 27.421848 201.407547 -58.465702               2413 
-57.984749 186.557129 -85.831955 -11.121255 226.573029 -85.486038 -69.774628 197.081863 -97.995430 28.934017 204.852310 -55.211391               2422 
-57.086067 187.337769 -78.432594 -11.147636 227.539612 -81.138824 -70.284004 197.595886 -90.736710 29.934717 206.891464 -51.496574               2431 
-55.818657 189.529282 -72.462097 -10.313480 229.488922 -76.232704 -70.091118 200.042404 -84.510284 31.240658 208.458313 -47.531906               2440 
-54.756744 190.671112 -64.435173 -9.405806 229.869080 -71.834015 -69.965363 200.975601 -76.359985 33.045864 209.465729 -44.007271               2449 
-53.909878 191.426926 -57.619572 -9.135311 230.523392 -67.180199 -70.274239 201.991486 -68.558769 34.456970 210.064102 -41.220627               2458 
-53.259396 192.038391 -51.132202 -8.861534 230.863174 -62.472012 -70.404488 202.808228 -61.370720 35.468010 210.327103 -37.856354               2467 
-51.572029 192.303070 -44.068981 -7.676000 230.672928 -57.854645 -69.229897 202.566483 -54.546658 36.995483 211.563553 -32.713856               2476 
-49.736359 192.790939 -36.788456 -7.272782 231.487015 -52.659061 -68.470589 202.635071 -46.887032 38.344181 213.532837 -28.379259               2485 
-47.925262 192.817841 -30.387037 -7.659021 232.982498 -47.086498 -68.087967 202.463898 -39.380466 39.231014 215.934464 -24.648640               2494 
-45.182606 191.935959 -21.386562 -7.525192 232.207199 -42.469707 -67.811409 201.997971 -27.204418 40.714714 218.628494 -20.531185               2503 
-42.890594 191.742035 -14.867290 -7.655283 232.516220 -38.509201 -67.435501 202.616013 -17.131647 41.548714 221.796600 -17.135729               2512 
-41.730858 193.661926 -9.643355 -7.668826 233.043152 -36.762768 -67.157242 204.465561 -11.697813 41.784935 225.232346 -14.715424               2521 
-38.695873 190.329773 -4.305747 -6.337302 231.880859 -29.992060 -64.669479 201.754547 -3.678950 44.171707 222.755753 -11.062159               2530 
-37.594135 189.452789 0.134264 -6.454620 231.516998 -26.009163 -63.994209 200.460129 1.116729 44.436405 223.315308 -7.689654               2539 
-36.393257 189.807983 5.964707 -7.000338 231.510864 -22.500380 -63.155396 200.292114 7.272636 44.517292 225.032776 -5.274320               2548 
-34.944298 188.367065 11.680678 -8.302935 229.952682 -19.405365 -62.299217 197.597672 13.073625 43.794205 226.813446 -3.010191               2557 
-34.388340 191.635376 15.236312 -8.446849 230.571701 -19.539667 -62.092976 200.289673 15.463836 43.510056 230.311920 -2.417131               2567 
-30.084822 188.827850 23.920092 -8.571337 226.520813 -14.926523 -58.480587 195.282227 24.517227 43.758125 231.756241 0.139547               2575 
-26.770847 186.816666 28.866404 -7.121823 225.356064 -10.081872 -55.372929 192.461960 29.809721 45.443054 231.599121 3.728515               2584 
-23.557583 185.636703 34.687447 -6.700620 224.511414 -5.235430 -52.178623 190.223648 36.700771 46.064514 232.875549 6.539569               2594 
-20.078224 182.365891 38.379486 -6.428750 222.435852 -1.597580 -49.061775 186.055313 41.866161 46.140079 233.558044 8.677808               2602 
-16.099552 179.871536 41.176762 -5.412488 220.986420 1.349863 -45.412533 181.470047 44.818752 46.089916 236.187012 11.800375               2612 
-14.236197 178.835037 43.691017 -4.299725 220.516937 4.192063 -43.391628 179.803925 47.586304 46.824291 236.906158 14.703826               2621 
-11.883269 177.784103 46.302147 -2.970684 220.327957 7.420143 -40.746307 178.265884 50.789341 48.074162 237.307129 17.364983               2630 
-11.369910 177.133621 49.053032 -2.668335 220.418304 10.726662 -39.495140 177.239746 53.964535 48.362404 237.662445 20.280272               2639 
-11.484299 175.740707 51.263420 -2.083535 220.583878 14.524992 -38.387684 176.028381 56.886066 49.592403 236.277145 23.247780               2648 
-12.593040 174.265701 54.068844 -1.681402 220.137283 18.570292 -38.275944 174.319305 59.257263 50.121235 235.021744 27.935585               2657 
-13.801144 172.129501 56.471275 -2.719198 218.398407 21.402189 -38.651596 171.882172 61.749065 49.475449 232.419159 29.881924               2666 
-13.172626 170.996231 59.211914 -3.498426 217.274414 23.734627 -37.176056 169.568466 64.359863 48.680782 232.033859 30.963566               2675 
-14.090876 170.837753 63.500248 -4.171407 214.883728 25.321892 -37.143707 168.360229 67.406693 47.758137 230.552460 32.433990               2684 
-16.618912 170.694016 67.420753 -5.128772 213.084625 27.832468 -38.980392 168.088898 70.859848 47.288963 227.213242 34.580200               2693 
-16.793646 171.035507 71.121208 -5.506318 211.880692 30.027136 -38.578705 167.879395 74.129852 47.400642 224.879349 34.992748               2702 
-16.307806 171.319885 73.693230 -5.241738 211.256958 31.956371 -35.124081 165.601974 72.897690 48.055141 223.014709 35.693527               2711 
-17.030458 169.491516 75.827240 -6.975537 210.060837 34.759319 -34.991272 162.534363 73.677002 46.451912 221.459122 37.649937               2720 
-17.876776 169.650940 78.196899 -7.433420 208.803574 36.189621 -35.816704 162.395676 75.610916 46.326927 218.712723 38.287827               2729 
-18.698950 169.537857 79.494598 -7.869639 208.059021 37.240505 -36.302792 161.695145 76.038429 46.040749 217.127380 39.290817               2738 
-19.141008 168.190857 80.558784 -8.215597 206.905518 38.681282 -36.016670 159.377670 75.957016 45.868320 214.973480 40.295753               2747 
-18.187468 166.392487 80.612045 -7.255970 206.214890 40.047470 -34.319706 156.545776 74.337151 46.865414 213.940445 42.037495               2756 
-18.424316 164.686981 81.064720 -7.732711 205.477264 41.910206 -34.898380 154.670914 74.309052 46.507050 212.369720 43.729866               2765 
-18.640459 162.349930 81.303535 -8.443929 204.560120 43.976963 -35.418358 152.299881 73.949860 45.909798 210.642059 45.181477               2775 
-19.120348 159.243881 81.721725 -10.993591 203.194977 46.238815 -35.656418 148.555450 73.703201 43.160221 210.904770 47.070930               2783 
-19.384676 159.033249 82.048683 -11.246412 203.383514 47.317238 -36.163303 148.317474 73.419594 43.053883 210.033829 47.458187               2793 
-19.022556 158.755661 82.133675 -10.838335 203.567307 48.264847 -35.774918 147.852051 72.184196 43.568348 209.272339 47.898598               2802 
-18.552343 158.210632 81.578529 -11.058785 203.049255 48.171040 -35.265663 146.536133 70.410927 43.272945 209.421204 48.650566               2810 
-18.327477 157.262161 81.175278 -12.412315 202.719315 48.977879 -34.634113 144.562515 68.581551 41.539509 211.395309 51.565651               2819 
-18.332903 156.522049 79.983810 -13.566603 202.994431 49.728931 -34.562019 143.581909 65.855652 40.052246 212.978668 53.983700               2829 
-17.576162 156.032150 79.528526 -13.507431 202.968445 50.443134 -34.458542 143.280243 64.659523 40.166817 212.748688 54.466892               2837 
-16.369959 155.665375 79.384491 -13.033644 202.917465 51.186375 -34.008762 143.127197 63.979877 40.726124 212.440491 54.645851               2846 
-14.812991 155.024277 78.565056 -11.847232 203.128098 52.063454 -33.530758 143.379410 62.960312 42.174515 211.567261 53.852264               2856 
-14.641971 154.345566 78.643044 -12.809171 202.698120 52.683613 -32.925709 142.325256 62.199379 40.895378 212.712646 55.564468               2865 
-15.123646 152.823807 78.785866 -14.287203 201.292969 53.207039 -33.154434 140.458298 61.644920 39.083595 212.633759 57.171028               2874 
-15.723267 151.315598 78.873215 -15.485965 200.014313 53.852318 -33.787376 138.915207 61.252029 37.656078 212.095886 58.619617               2883 
-15.944531 150.484665 78.916779 -16.137638 199.266403 54.218197 -34.358269 138.134567 60.799812 36.888718 211.699219 59.356220               2892 
-15.915860 150.093552 78.918739 -16.468483 198.857758 54.378849 -34.700405 137.751236 60.372971 36.494881 211.494797 59.666191               2901 
-15.860269 150.314468 79.473961 -16.722311 198.739517 54.554394 -35.233845 137.795746 60.899815 36.284702 211.337341 59.485901               2910 
-15.572514 150.441879 79.904198 -16.779305 198.545227 54.755009 -35.579170 137.741806 61.403732 36.279110 211.061920 59.327324               2919 
-15.300941 150.845123 80.311852 -16.831562 198.573563 54.894371 -36.095257 137.960251 62.032192 36.286652 210.945740 59.155041               2928 
-15.143385 151.088745 80.690750 -16.861000 198.609924 55.037495 -36.590370 138.192627 62.686501 36.300789 210.877701 59.049313               2937 
-14.921661 151.347717 80.912140 -16.901865 198.598450 54.998569 -37.000416 138.378708 63.031372 36.263172 210.856674 58.996529               2946 
-14.813129 151.541779 81.195656 -16.963821 198.550354 55.029507 -37.729958 138.731155 63.648441 36.215694 210.747421 59.021957               2955 
-14.617418 151.776337 81.448471 -17.020144 198.506638 55.057632 -38.357525 139.101273 64.097229 36.172436 210.648117 59.045456               2964 
-14.474689 151.778336 81.833748 -16.756084 198.444504 55.343544 -38.859756 139.560822 64.531425 36.537979 210.202393 59.120258               2973 
-14.398545 151.842560 81.889114 -16.927679 198.522720 55.413994 -39.266537 139.961517 64.537148 36.381348 210.300690 58.906250               2982 
-14.258448 151.909393 82.022675 -17.058651 198.631104 55.468231 -39.452778 140.239334 64.745865 36.235603 210.535950 58.749378               2991 
-14.236661 151.740585 82.074829 -17.135214 198.640839 55.472733 -39.607578 140.373550 64.760925 36.156048 210.576050 58.691570               3000 
-14.204309 151.438614 82.124817 -17.133497 198.659500 55.493885 -39.724091 140.533707 64.798271 36.145710 210.654526 58.689869               3010 
-13.889397 151.200333 82.143913 -16.995449 198.745682 55.632973 -39.684143 140.784515 64.872993 36.274956 210.830658 58.630608               3019 
-13.634820 150.958801 82.129288 -16.920727 198.762054 55.739845 -39.688538 140.985153 64.773827 36.329659 210.967743 58.601032               3028 
-12.941830 151.114960 82.210701 -16.531693 199.210526 56.102489 -39.459698 141.667999 65.016083 36.753159 211.392181 58.360943               3037 
-12.179501 151.263763 82.220711 -16.072927 199.640060 56.441341 -39.145870 142.306946 65.207764 37.233109 211.819351 58.144325               3045 
-12.408907 151.058319 82.037857 -16.315264 199.484711 56.195663 -39.356331 142.217972 64.783554 36.915180 211.918625 58.360432               3054 
-12.484632 150.879761 81.878914 -16.483582 199.391052 55.860413 -39.616116 142.300919 64.783974 36.665577 212.128311 58.247456               3064 
-12.518474 150.623947 81.808548 -16.485992 199.320129 55.852024 -40.304070 142.630325 65.490685 36.656132 212.077911 58.285652               3073 
-12.449235 149.966156 81.547493 -16.261589 198.963150 55.880478 -40.795341 142.686829 65.676003 36.897270 211.619247 58.474232               3081 
-12.251019 149.851181 81.461342 -16.178879 198.988586 55.876095 -41.171455 143.040573 66.162025 36.994339 211.635712 58.205853               3091 
-12.003136 149.478699 81.334541 -16.018549 198.844757 56.040558 -41.295219 143.091629 66.282372 37.157986 211.496231 58.268814               3100 
-12.008438 149.071747 81.264328 -15.920794 198.729660 56.125542 -41.612072 143.329773 66.328682 37.256409 211.376617 58.363365               3109 
-12.023459 148.735382 81.227638 -15.846292 198.633728 56.197609 -41.985939 143.633774 66.397911 37.334171 211.262711 58.459473               3118 
-11.643666 148.906433 81.199898 -15.412371 198.952209 56.130825 -41.905155 144.289703 66.744835 37.824303 211.418625 57.923504               3127 
-11.488133 148.643829 81.142540 -15.169999 198.966141 56.318447 -41.850883 144.463821 66.772705 38.090687 211.347565 57.982288               3136 
-11.687515 148.524200 81.292831 -15.399711 199.174591 56.243271 -41.836308 144.717880 67.072540 37.764553 211.981232 57.766338               3145 
-11.858644 148.397339 81.394493 -15.489879 199.292740 56.226173 -42.050514 145.082169 67.436951 37.628811 212.292587 57.701782               3154 
-11.987371 148.388947 81.490349 -15.549796 199.408752 56.164543 -42.392529 145.567352 67.925735 37.533924 212.551178 57.635674               3163 
-12.092401 148.242386 81.504890 -15.549455 199.423187 56.174522 -42.468811 145.690140 67.993248 37.525204 212.603119 57.637032               3172 
-11.849509 148.486832 81.457138 -15.501960 199.576996 55.957508 -42.316029 145.876236 68.062134 37.544209 212.890015 57.236698               3181 
-11.616389 148.732712 81.443886 -15.533354 199.712219 55.751953 -42.005863 145.859283 67.898239 37.398602 213.447495 57.274853               3190 
-11.431617 148.925949 81.435585 -15.558003 199.818405 55.590553 -42.004539 146.063004 68.000740 37.280930 213.885590 57.302288               3199 
-11.030170 149.268585 81.201469 -15.460063 200.069077 55.235668 -42.005821 146.557831 68.231163 37.329197 214.344482 56.744137               3208 
-10.720155 149.674835 81.061508 -15.392713 200.332916 54.880356 -42.030655 147.055267 68.463646 37.356407 214.773499 56.210236               3218 
-10.762444 150.855774 81.196419 -14.801337 201.215225 54.373508 -42.425240 148.729782 68.838684 38.122124 215.011581 55.613049               3226 
-11.077378 150.863449 81.258072 -14.731907 201.034561 54.174633 -42.928185 148.935028 68.871735 38.283775 214.454865 55.589417               3235 
-10.660378 150.653122 80.830444 -14.615398 200.833923 53.867455 -42.566685 148.576797 68.464035 38.326756 214.538635 55.308857               3244 
-9.934137 151.021576 79.723900 -13.242180 201.567474 53.361179 -42.094883 149.741669 67.895523 39.968124 214.239899 54.278481               3253 
-9.983134 151.025818 79.305847 -13.179312 201.746460 53.268692 -42.159672 149.808121 67.647713 40.030682 214.395340 54.481476               3262 
