-12.231962 108.039978 35.926899 -36.774090 178.603241 61.227791 -37.632793 119.796936 55.644817 8.259380 209.580460 63.500900                  0 
-11.324630 108.574806 36.532356 -36.828697 178.814362 61.813221 -36.593075 120.171936 57.493984 7.823215 210.315735 64.389832                  8 
-10.591022 108.932922 36.936134 -36.866982 178.928726 62.187263 -35.911369 120.313416 58.156979 7.439824 210.905136 64.867844                 17 
-10.031387 109.065697 37.008045 -36.889347 178.845917 62.259861 -35.359684 120.247215 58.424770 7.124116 211.237762 64.780212                 26 
-9.360323 109.156746 36.785465 -37.025745 178.585709 62.292324 -34.650768 120.028419 58.476334 6.535155 211.596619 64.636627                 36 
-9.119314 108.931259 36.531189 -37.134682 178.377884 62.318249 -34.162445 119.867119 58.517368 6.057528 211.879044 64.526009                 44 
-9.203591 108.476593 36.262966 -37.221382 178.212479 62.338882 -33.968098 119.812737 58.802235 5.672919 212.100983 64.440582                 54 
-9.067430 106.230118 35.454926 -35.278873 176.749542 62.153767 -32.956120 118.378090 58.861153 8.039095 210.140335 63.327454                 62 
-10.573939 104.960190 34.265041 -32.497463 176.791702 62.372448 -32.334312 118.440041 59.226170 11.852552 208.800369 61.236610                 72 
-11.600641 104.140099 33.783688 -31.163624 176.811935 62.477318 -32.033752 118.511665 59.542496 13.604100 208.171448 60.196987                 81 
-12.116132 103.722481 33.595451 -30.579470 176.820786 62.523247 -31.928318 118.565765 59.764717 14.354969 207.899612 59.735573                 90 
-12.355622 103.524483 33.503483 -30.255394 176.825699 62.548725 -31.890528 118.609215 59.938343 14.767234 207.749847 59.478168                 99 
-12.493663 103.408661 33.446945 -30.040464 176.828949 62.565624 -31.877007 118.645340 60.080872 15.038952 207.650955 59.306934                108 
-12.584961 103.330505 33.408035 -29.885023 176.831314 62.577847 -31.873884 118.675720 60.199791 15.234616 207.579651 59.182846                117 
-12.661144 103.263855 33.377758 -29.763180 176.833160 62.587425 -31.875879 118.702362 60.303570 15.387492 207.523895 59.085438                126 
-12.726638 103.205269 33.353428 -29.665247 176.834641 62.595123 -31.880653 118.725800 60.394501 15.510051 207.479172 59.007057                135 
-17.430559 105.168205 30.718496 -27.574152 178.967789 62.636620 -34.484791 121.328598 58.874039 19.762825 206.077560 58.508739                144 
-20.218079 106.341026 30.190481 -26.191689 180.477402 62.449276 -35.987179 123.272217 58.733074 22.332926 205.266861 57.589893                153 
-19.949503 106.474792 28.098795 -25.434916 180.212494 61.404922 -35.730038 123.027351 56.582817 23.320492 204.657852 57.150059                162 
-21.015299 107.228249 29.651533 -25.052811 181.671967 61.626991 -36.520943 124.508575 57.596745 24.190538 205.056992 57.044212                171 
-22.875360 108.577423 30.414822 -24.606821 183.296478 62.010532 -37.690441 126.358604 58.230736 25.218241 205.304672 56.924168                180 
-23.939226 109.309265 31.278913 -24.264820 184.289337 62.353222 -38.313885 127.475792 58.927219 25.881332 205.451248 56.848209                189 
-24.526819 109.091141 33.616348 -24.068426 184.798584 62.928150 -38.549965 127.961555 60.852077 26.172934 205.478058 56.530201                198 
-24.676512 108.799438 35.497932 -23.931934 185.074112 63.347576 -38.541744 128.187759 62.353298 26.317888 205.533173 56.336811                207 
-26.456470 109.378838 37.532780 -23.900761 186.126266 63.995308 -39.700317 129.502396 64.073380 26.701176 205.413818 56.236248                216 
-27.834057 109.401939 41.061432 -23.741316 187.045288 64.609970 -40.556313 130.717575 66.841682 27.147749 205.119293 55.869156                225 
-28.738138 109.414291 42.494045 -23.664007 187.372147 64.837463 -41.136921 131.263779 67.946327 27.412083 204.713593 55.711895                234 
-29.403307 109.691734 44.435177 -23.724155 187.990768 65.457321 -41.556057 132.037857 69.540352 27.430866 204.843460 55.869858                243 
-29.987446 109.890129 45.827770 -23.804630 188.416656 65.895416 -41.901958 132.602203 70.715347 27.391607 204.896301 55.888641                252 
-30.496460 109.864235 46.459679 -23.658449 188.403336 66.322456 -42.003040 132.690521 71.432465 27.513275 204.592422 55.732986                262 
-30.811523 109.746666 47.727158 -23.473595 188.492889 66.621964 -41.976978 132.925720 72.616089 27.671385 204.348999 55.417332                271 
-30.757389 109.592400 49.584015 -23.446173 188.733536 66.821587 -41.828445 133.268661 74.053123 27.608255 204.446030 55.017708                279 
-30.978855 109.464119 50.090969 -23.147036 188.621277 67.084282 -41.690315 133.291595 74.747658 27.851980 204.094345 54.737091                288 
-31.145477 109.363914 50.446228 -22.984480 188.540634 67.249794 -41.772793 133.309341 75.092171 27.975527 203.859344 54.554001                298 
-31.134579 109.269928 50.595234 -22.760412 188.412491 67.509743 -42.005207 133.276398 75.108734 28.057632 203.758194 54.288383                307 
-31.049402 109.231293 50.818893 -22.648563 188.412216 67.593170 -42.224007 133.353989 75.120583 28.064644 203.805710 54.029263                316 
-30.984121 109.186455 50.987030 -22.551195 188.389252 67.693085 -42.346882 133.379181 75.166519 28.070276 203.828278 53.841312                325 
-31.006084 109.172554 50.959835 -22.548191 188.378723 67.687378 -42.559643 133.410706 75.032700 28.052614 203.831116 53.775116                334 
-31.097151 109.130089 50.784058 -22.563560 188.298676 67.698372 -42.724560 133.346649 74.868126 27.981264 203.793030 53.630169                343 
-31.234394 108.948753 50.243355 -22.483477 187.932724 67.937965 -42.709007 132.933746 74.651810 27.892256 203.587189 53.446869                352 
-31.515549 108.493591 49.465916 -22.754221 187.269897 68.097420 -42.692074 132.105347 74.388985 27.229099 203.381866 52.772911                361 
-34.152096 108.117401 45.645130 -25.137976 186.091156 67.322960 -45.016907 130.706436 71.646950 24.557081 202.900986 51.811699                370 
-35.709091 108.107658 43.234123 -26.430622 185.571548 66.594986 -46.422382 130.141876 69.782623 23.156561 202.685638 51.071201                379 
-37.278526 108.682236 41.151447 -27.173845 185.565598 66.065331 -47.505451 130.290146 68.527084 22.510014 202.536835 50.694592                388 
-38.406803 109.112190 39.633110 -27.703165 185.552856 65.660034 -47.839737 130.464493 68.290047 22.070509 202.400375 50.444550                397 
-39.607788 109.614655 38.687321 -28.178915 185.685013 65.503593 -47.234638 130.746552 69.380173 21.686649 202.283493 50.315289                406 
-36.705250 110.309296 38.739738 -28.294506 185.527878 65.466499 -45.920155 130.483963 70.855728 21.437511 202.427368 50.172630                415 
-33.777538 110.738228 39.112274 -28.837469 185.112015 65.326897 -44.983009 130.006226 72.283630 20.479208 202.672501 49.444103                424 
-31.632053 111.201874 39.359787 -29.247387 184.798050 65.221497 -44.292175 129.700394 73.309959 19.745686 202.841492 48.884979                433 
-31.027222 111.368744 39.656010 -29.702339 184.648972 65.123238 -44.033787 129.634247 74.147224 19.032673 202.886581 48.239620                442 
-31.050098 111.339165 39.573750 -30.416470 184.405533 64.822922 -48.917030 128.461777 67.087021 18.133017 202.808487 47.587860                451 
-30.990768 111.386513 39.487556 -30.943363 184.225937 64.601349 -52.117912 127.624832 62.612991 17.467815 202.748123 47.106922                460 
-30.588673 111.311653 39.176289 -31.251348 183.973343 64.251099 -54.452259 127.100586 59.243305 16.904799 202.853073 46.437897                470 
-30.612030 111.409401 38.734947 -31.244976 183.820114 64.224442 -56.007114 127.666122 57.595314 16.814434 202.765030 46.220215                478 
-30.599379 111.509689 38.383732 -31.240021 183.700974 64.203712 -57.938351 128.330368 55.614178 16.743290 202.698181 46.052227                487 
-32.249519 112.692314 36.014732 -31.762960 183.893997 64.084702 -60.230095 129.589310 53.384281 16.229504 202.783356 45.845058                496 
-33.075974 113.574409 34.738235 -31.950176 184.035294 64.086967 -61.220234 130.280014 52.670414 16.031782 202.764069 45.655125                505 
-33.440128 114.054573 34.207451 -31.976828 184.044174 64.167442 -61.840714 130.660645 52.397472 16.004770 202.599915 45.560459                514 
-35.610508 115.347160 32.812607 -32.201408 184.594925 64.038063 -63.650475 132.219116 51.741646 15.840359 202.415085 44.875618                524 
-38.715862 117.480965 31.362556 -32.188133 185.680710 64.165390 -66.251091 134.980911 51.054161 15.836518 202.383728 43.980961                533 
-39.774639 118.041275 31.981775 -32.205158 186.324600 64.225327 -68.415405 136.862198 50.222378 15.755608 202.335419 43.340225                541 
-40.380203 118.412628 32.359859 -32.215599 186.719482 64.262085 -70.689392 138.723831 48.574451 15.697309 202.305923 42.950481                551 
-32.137981 138.701355 39.812290 -27.475615 195.127716 59.336117 -71.098343 152.372498 34.866699 25.567543 200.548294 47.096462                560 
-29.684837 148.366730 42.939178 -24.063751 199.115814 56.714832 -68.933159 159.624802 24.941568 30.479858 196.598846 53.334278                569 
-28.673037 152.687698 43.642361 -22.146006 201.357452 55.241451 -65.354172 159.689713 24.541761 32.171398 195.250015 57.497040                578 
-30.302437 157.783524 41.623676 -21.902109 204.157120 56.430145 -65.375908 163.802460 24.823402 31.736992 194.361282 60.863796                587 
-30.954638 161.352356 39.141022 -22.193798 206.146515 55.631359 -65.852280 166.437576 23.868317 30.827728 194.064224 61.589924                596 
-31.438646 164.169281 35.896378 -22.607141 208.041626 53.174793 -66.419342 168.984787 21.171881 29.744162 194.102295 60.777737                605 
-30.761518 166.446106 33.275646 -22.453558 209.944305 50.193172 -66.330391 171.059341 18.021481 29.408449 195.046906 59.202534                614 
-30.187006 168.171997 30.809853 -21.866230 211.803040 46.941387 -65.699356 172.921661 14.695125 29.510487 196.225922 57.455902                623 
-30.325933 169.811066 28.183287 -22.064468 212.665756 46.190033 -65.521866 175.531509 11.457689 28.838507 196.055634 57.404274                632 
-30.259195 172.247147 24.958082 -22.108458 214.920807 43.421822 -64.859398 178.454956 7.121544 28.190180 197.635040 56.228786                641 
-29.780451 174.034851 20.415541 -21.057650 216.485947 39.125854 -63.583469 181.196365 1.411880 28.254519 197.779343 53.656570                650 
-29.110746 175.276642 16.263018 -19.695339 217.648880 34.825092 -62.570484 183.013428 -3.214339 29.016878 197.957367 50.061005                659 
-30.387453 176.155594 10.732849 -19.391876 218.935974 27.394886 -63.619976 184.245224 -9.079756 28.580946 198.145996 43.493141                669 
-31.818539 177.876190 5.854458 -18.418591 219.821701 22.863480 -64.196091 188.141052 -14.536440 27.861954 195.964172 39.647339                677 
-32.665977 179.520615 1.017347 -18.328106 221.237671 17.819416 -63.770576 190.687317 -21.005610 26.256172 195.928604 36.910297                686 
-33.043205 180.672104 -4.849826 -18.911461 221.854858 13.235182 -63.380592 192.873138 -27.888355 24.693552 195.561203 33.235573                695 
-33.659031 180.034454 -13.173593 -20.191206 218.204224 10.955816 -63.252911 195.694565 -35.436611 22.751148 189.152710 28.412422                704 
-32.754459 180.226913 -20.025673 -20.086952 216.213593 7.630897 -61.241001 198.124405 -42.395218 21.972946 185.494202 24.365675                714 
-32.030632 180.806335 -24.988247 -19.789806 215.080200 4.927466 -59.768368 200.516403 -47.363865 21.764353 183.196945 20.722332                722 
-30.366888 181.264481 -30.534681 -18.918089 213.669968 1.684384 -56.960705 203.095825 -53.365974 22.129616 180.772217 16.704113                731 
-29.754557 181.483429 -36.075603 -18.956078 212.868500 -2.645839 -54.888725 205.118637 -60.109875 21.453644 179.245911 12.498299                740 
-29.099125 181.928497 -41.442638 -18.869133 211.945557 -6.605691 -52.689159 207.681534 -66.283821 20.909227 177.432251 8.202495                749 
-27.952528 182.399994 -47.002819 -17.859522 211.129639 -11.054352 -49.912060 210.321365 -72.471230 21.172235 175.565231 3.244699                758 
-26.972015 182.388763 -52.502914 -17.317404 210.716003 -16.091833 -47.446125 211.646606 -79.065773 21.236761 174.766357 -1.464183                768 
-25.804934 182.950012 -57.064159 -16.801037 210.908493 -20.107807 -44.515972 213.336395 -84.594765 21.026205 174.499222 -4.737907                776 
-24.521620 182.836655 -61.976185 -15.965464 210.780838 -24.747656 -41.433228 214.004883 -90.560905 21.141724 174.049469 -8.418797                786 
-23.349756 182.379944 -67.092361 -15.563716 210.425491 -29.709507 -38.288891 214.219604 -96.889488 20.607155 173.361725 -12.082417                795 
-22.676571 181.787735 -73.260948 -15.483823 209.242447 -35.040043 -35.955044 214.557831 -103.232773 20.361134 172.007523 -17.110518                804 
-22.143021 180.814468 -79.140976 -14.652150 208.196167 -40.408970 -33.371319 213.917755 -109.426201 20.594381 170.738815 -21.770353                813 
-21.048901 179.798965 -83.835281 -13.298224 207.168716 -44.569332 -30.267204 213.011887 -114.367928 21.534243 169.727188 -25.137403                822 
-29.518044 196.414093 -110.961975 -7.190350 202.973206 -44.354984 -19.519945 203.126358 -114.466583 29.496244 169.224091 -21.819242                831 
-29.964796 204.780960 -128.782928 -5.273754 201.022705 -47.756596 -11.512100 197.988632 -119.597244 32.277641 170.223465 -22.575876                840 
-22.938084 202.751648 -136.533691 -2.987992 199.199310 -50.790092 -3.356451 193.424286 -123.479408 34.515770 171.307892 -22.359386                849 
-19.394150 201.740204 -141.634628 -1.083126 197.393570 -53.960472 1.608611 188.613190 -126.569763 35.776875 171.171051 -23.195421                858 
-16.808161 197.908752 -146.162048 0.582045 195.277435 -57.388973 4.880079 182.716263 -129.421967 37.071396 170.933441 -24.698521                867 
-14.300807 195.517654 -149.647049 2.203065 193.544250 -60.284340 7.777524 179.132034 -131.866028 38.619160 170.599625 -26.517775                876 
-12.769355 193.928894 -151.681839 3.326484 192.037521 -62.235886 9.395294 177.332275 -133.734711 39.874966 169.670090 -28.225960                885 
-12.543570 192.129944 -154.629135 3.748182 190.416840 -64.972519 10.306541 175.487274 -136.400940 40.658245 168.973755 -30.758337                894 
-12.380206 187.800262 -157.375763 4.633015 188.758362 -67.641251 11.195963 171.858002 -138.648972 42.137756 169.158997 -32.970985                903 
-13.305924 181.572495 -160.644455 4.080460 186.277023 -70.865654 10.825605 166.418869 -141.030090 41.985588 168.961777 -35.423424                912 
-13.802759 170.824387 -165.274139 5.603683 180.582443 -76.118980 12.495975 158.732071 -145.615631 45.802216 168.481857 -41.041603                939 
-14.347494 170.991425 -165.657532 5.391687 179.898499 -76.460472 11.493402 157.962540 -145.836273 45.256184 166.663101 -41.411716                948 
-14.251239 170.820801 -166.236649 5.633500 179.314484 -76.953667 10.045980 155.556595 -144.581375 45.273457 165.759064 -41.772800                957 
-41.742962 201.288239 -174.999573 -0.302019 177.853561 -86.658325 1.664058 147.355255 -143.946793 36.573845 162.994873 -49.079632                966 
-49.418732 209.371155 -183.586258 -3.457624 175.870789 -93.129211 -2.546793 142.298904 -145.644974 31.575813 161.017426 -53.825207                975 
-49.798054 199.568405 -193.563004 -5.848732 171.031952 -97.949150 -4.229880 132.060532 -144.417419 27.215727 159.848358 -55.825073                984 
-53.316051 200.960220 -195.912491 -8.338071 169.547852 -100.730553 -8.246716 130.559738 -146.301102 24.788456 157.711182 -58.834312                993 
-57.061478 197.575882 -197.871185 -10.006165 167.712341 -102.788086 -10.915910 127.588867 -146.927139 23.854635 156.931747 -61.194889               1003 
-59.429852 196.538284 -198.260086 -11.013607 167.065094 -103.559532 -13.316615 126.332191 -146.710587 23.392202 156.452728 -62.372314               1012 
-60.786110 195.926437 -198.154556 -11.389426 166.744614 -103.777534 -14.455449 125.693398 -146.238602 23.411505 156.293640 -62.882050               1021 
-61.880291 194.803909 -198.337891 -11.605186 166.352982 -104.147301 -16.182270 123.917992 -143.612335 23.552900 156.270325 -63.465389               1030 
-62.612114 194.155060 -198.418228 -11.745924 166.097519 -104.388489 -17.111418 123.026443 -142.319061 23.644669 156.252655 -63.850193               1039 
-62.061954 192.517441 -199.201752 -11.215609 165.733475 -104.769714 -17.206249 121.385376 -140.272186 24.109346 156.555161 -64.018341               1048 
-61.168762 194.374542 -199.453705 -10.576244 166.503662 -105.183441 -17.170704 122.206055 -140.549713 24.619232 156.809479 -64.439484               1057 
-61.521030 196.710571 -198.584030 -10.306214 167.993591 -104.893158 -17.666397 123.759338 -140.096298 25.146473 157.883621 -64.474548               1066 
-58.310730 200.268509 -200.335724 -9.082081 170.217712 -105.990829 -16.353655 125.967056 -140.908188 25.492016 159.543137 -64.960915               1075 
-58.979027 200.372559 -201.748169 -9.458282 171.014099 -107.330261 -16.744246 126.265533 -141.476746 25.198149 160.810486 -66.250015               1084 
-26.666540 147.867325 -187.908585 -10.054490 169.513580 -107.831924 -16.402491 122.821220 -139.326050 25.304062 162.378326 -66.702499               1093 
-15.898533 135.341888 -182.735397 -10.038630 169.559311 -107.800659 -17.119287 121.747490 -136.352661 25.410273 162.632843 -66.713333               1102 
-12.587989 132.646957 -181.558502 -9.999140 169.673141 -107.722801 -16.646164 121.502106 -135.301819 25.661497 163.273514 -66.733383               1111 
-11.379663 132.576645 -182.901703 -9.761143 170.319305 -107.883125 -14.634351 121.912407 -135.144638 26.348343 165.338348 -67.090187               1120 
-7.878275 135.901337 -183.659958 -8.507448 172.981827 -108.046867 -11.197806 124.777641 -135.757751 27.696650 169.079239 -67.220383               1129 
-1.641839 141.661743 -184.791946 -5.299783 177.283951 -108.456985 -6.434693 129.589645 -136.926224 29.804853 173.221985 -66.696556               1138 
14.601234 146.413162 -165.286118 -3.443105 179.959503 -108.593040 -3.817405 132.626038 -137.545135 31.096504 175.738663 -66.379669               1147 
20.885380 150.300278 -157.890259 -2.508630 182.770370 -109.057617 -3.036986 135.856339 -138.583603 31.875414 177.896652 -66.787613               1156 
22.836906 152.290833 -154.696457 -3.442603 183.765976 -109.975861 -3.142542 136.754837 -139.249084 31.765377 180.151398 -68.261337               1165 
24.473057 154.482391 -151.871078 -3.454138 185.281616 -110.686104 -3.264841 138.074127 -139.576797 32.104401 182.103821 -69.234200               1174 
27.909678 157.171143 -149.121750 -1.448755 188.128189 -111.335098 -1.285843 140.192307 -138.870102 33.939362 185.939819 -69.673836               1183 
30.324856 160.231552 -147.604324 0.389196 191.068237 -112.131096 -0.316427 142.987106 -139.255844 35.413651 188.314148 -70.196968               1193 
32.514553 163.503372 -146.661026 1.697030 193.437302 -112.809090 1.027048 145.112488 -139.246552 36.571732 190.846222 -70.739983               1201 
35.809235 169.120117 -145.754242 5.144789 198.493622 -112.716331 2.948190 150.076126 -138.583450 39.905651 194.552551 -70.657806               1211 
40.441311 172.888336 -144.562317 9.936382 203.032486 -112.408295 5.962477 154.181976 -136.970169 43.783333 197.895157 -69.737923               1219 
44.643467 175.081802 -143.213333 13.597194 205.612427 -112.263939 9.015173 156.156586 -135.349594 46.526005 200.471237 -68.881569               1229 
47.638821 176.518143 -142.481583 16.594629 207.532150 -112.491905 10.845041 157.857162 -134.807266 48.893505 201.820374 -68.709183               1237 
50.973537 178.182495 -141.698715 19.689363 209.482361 -112.992279 13.019006 159.691391 -134.792114 51.135460 203.168106 -68.674767               1246 
57.692944 182.982620 -140.574005 25.598721 213.860519 -112.864197 18.677433 164.503922 -135.592468 55.399422 206.154083 -67.639229               1256 
64.137947 184.556671 -138.981018 30.961430 215.758652 -113.333221 24.232277 166.197311 -135.694092 58.609730 208.102295 -66.752960               1265 
70.081993 184.787155 -137.122330 35.793095 216.354004 -113.769096 29.623798 166.166458 -134.884872 61.677299 209.868820 -66.012222               1274 
76.060745 185.418259 -134.655762 40.757771 217.059540 -113.230019 35.356518 166.417725 -133.500092 65.084610 211.579666 -64.537674               1283 
80.422623 183.679001 -131.152405 44.906887 216.138580 -111.586983 39.422699 164.630722 -129.558685 68.836716 212.784378 -62.506630               1292 
83.763481 182.317490 -128.944229 48.162247 215.287430 -110.609894 42.633236 163.214691 -126.863495 72.037819 213.520325 -61.420437               1301 
87.825783 180.970367 -126.030327 52.009113 214.805084 -110.002838 46.472698 162.028702 -123.786758 75.026871 215.273560 -60.376919               1310 
90.560722 179.373795 -122.774338 55.548203 215.213547 -109.778633 48.539665 161.849503 -120.241547 77.652100 218.161697 -59.823704               1319 
94.159912 173.352203 -114.281876 61.300652 213.283401 -113.662872 50.806370 159.471924 -111.890495 79.610352 226.972412 -63.962425               1328 
95.295616 169.749481 -106.186829 65.249283 210.670074 -115.849998 51.535397 158.542206 -105.105003 81.244133 232.896149 -68.490364               1337 
95.869026 167.824356 -102.042419 68.081093 208.600586 -117.282326 52.448921 157.779556 -102.031395 83.470192 235.200684 -72.023300               1346 
98.626801 166.137741 -97.270683 72.015564 205.609512 -117.212151 56.139797 155.407761 -99.169205 85.687958 235.868469 -73.735374               1355 
101.137863 164.990616 -94.334526 75.424309 203.517685 -117.037178 59.491215 153.494003 -97.600540 88.064644 235.840302 -74.749596               1364 
106.320168 167.014877 -90.560806 80.744453 204.449173 -115.112854 66.111778 153.495789 -96.115334 90.895195 237.860016 -73.000534               1373 
112.375977 169.824890 -90.213364 84.639313 205.833389 -114.501175 73.323029 153.723373 -95.681213 93.429161 239.701904 -72.448463               1382 
124.803276 180.477722 -94.549110 89.419205 209.899155 -117.698189 88.770988 158.170425 -95.152855 95.449638 246.876358 -77.834808               1392 
131.709335 185.189194 -99.438507 93.083656 211.369873 -121.213951 96.940651 160.539185 -97.156647 96.930870 248.430664 -81.158173               1400 
132.348480 178.930603 -97.931435 96.451057 208.354401 -120.185310 96.053047 155.664780 -99.767288 97.863403 241.298477 -76.533722               1409 
134.292221 176.083664 -95.223244 100.068443 206.793884 -118.319511 97.809303 153.159271 -100.240669 98.532631 237.385437 -72.992180               1418 
137.378799 174.623810 -94.796127 104.989388 207.903732 -116.920921 101.274223 152.572861 -104.907547 99.726646 233.149307 -68.674332               1428 
139.748093 173.434601 -93.251152 108.836235 208.331589 -114.958946 104.420593 152.233261 -107.157242 100.440346 230.017059 -65.441093               1437 
140.390060 171.752090 -92.095581 110.311577 207.253082 -113.961998 104.958435 151.062256 -106.702782 101.257156 228.444427 -64.346344               1445 
142.267365 172.243484 -92.822411 111.913795 208.016693 -113.843269 106.817017 151.521652 -107.819321 102.239670 227.592010 -63.683655               1454 
142.741928 171.254456 -93.219559 112.465240 207.415253 -113.674881 106.860138 150.748581 -108.181038 102.695297 226.109543 -63.198742               1464 
143.544464 169.238708 -92.418022 113.541260 205.170441 -113.659409 107.525635 148.522766 -107.285500 103.110832 224.406143 -63.519981               1472 
144.237488 167.438889 -92.104004 114.350983 203.156723 -113.859062 108.096603 146.544464 -106.731339 103.679214 222.902710 -63.969402               1481 
144.771698 166.199615 -92.402046 114.479156 201.367859 -114.483307 108.482162 144.821442 -106.230934 104.069298 221.833786 -64.829010               1491 
145.043900 165.261322 -92.403549 114.776825 200.394547 -114.570366 108.664932 143.834549 -106.154518 104.266922 220.895020 -64.951408               1500 
145.252914 164.393570 -92.585938 114.849548 199.421188 -114.728447 108.757591 142.827881 -105.915154 104.575256 220.093063 -65.131256               1509 
145.072281 162.270645 -93.495598 114.454277 197.086792 -115.625626 107.976776 140.647369 -105.369225 105.298241 218.656631 -66.192055               1518 
144.888199 160.033386 -92.942001 114.590622 194.666580 -115.742264 107.742409 138.312607 -104.642159 104.957512 216.742310 -66.623695               1527 
144.636063 158.413681 -92.873741 114.504997 192.977234 -115.954758 107.375679 136.678787 -104.163445 104.890892 215.425491 -67.001572               1536 
144.410507 156.766678 -92.200600 113.944176 190.346619 -116.233337 107.086052 134.468674 -101.887146 104.705383 214.521027 -68.035706               1545 
144.139313 156.069931 -91.716286 113.545830 189.117767 -116.280418 106.866325 133.449921 -100.489998 104.308525 214.094238 -68.493210               1554 
143.762833 155.177109 -91.563766 113.068741 187.794174 -116.541397 106.649414 132.357788 -99.291359 104.177628 213.666962 -69.167191               1563 
143.507156 154.491608 -92.522537 112.511101 187.043594 -117.177940 106.535225 131.451920 -99.254608 104.191078 212.988922 -69.739708               1572 
143.315552 153.300720 -93.473526 111.287399 184.989471 -117.901718 106.703880 129.528656 -98.318474 103.873543 211.709854 -70.744278               1581 
142.417679 151.282318 -93.410774 109.877655 182.278900 -118.020149 105.937813 127.309250 -96.327698 103.608002 210.408661 -71.520935               1590 
142.370850 149.918228 -93.521423 109.810196 180.439575 -118.663429 106.357475 125.519241 -96.204132 102.939987 208.912552 -72.458900               1599 
142.285568 149.306335 -93.570633 109.706856 179.598846 -118.939003 106.659790 124.626427 -96.010254 102.581543 208.224594 -72.867691               1608 
141.113846 146.345734 -94.263763 108.749405 176.837143 -119.642685 105.408455 121.974548 -96.008339 102.356163 205.941483 -73.764221               1617 
139.916275 144.247925 -93.740402 107.692322 174.255737 -119.840096 104.319565 119.887283 -94.681732 101.498360 204.522720 -74.692413               1626 
139.890228 143.756729 -93.963493 107.071777 173.007736 -120.159760 104.870453 118.762390 -94.181076 100.808701 203.713120 -75.318680               1635 
139.102463 141.360153 -95.206352 106.282158 170.933929 -121.013748 104.091812 116.456879 -95.170998 100.522179 201.436432 -75.967224               1644 
137.039703 135.441864 -95.481964 105.954758 167.428146 -120.528427 101.126526 111.989159 -96.850594 100.811607 196.330414 -74.365929               1653 
136.175537 132.971039 -96.454819 105.580856 166.030975 -120.676758 100.513908 109.654907 -98.503250 100.788124 193.775070 -73.771919               1662 
135.750549 131.198380 -97.574257 105.112213 164.742081 -121.043526 100.494415 107.632011 -99.838142 100.697441 191.703766 -73.647888               1671 
132.304916 126.989532 -93.949707 104.006981 161.507202 -118.879517 96.016930 105.210716 -95.984962 100.627609 190.180008 -72.412117               1681 
130.247696 124.583740 -92.745659 103.339836 159.828934 -118.173431 94.178032 103.134476 -95.408371 100.671974 189.028473 -71.988609               1690 
128.012161 121.701508 -91.845268 103.215019 157.808487 -118.176521 94.127838 99.528526 -96.896133 100.862038 187.576065 -72.338516               1698 
126.319572 120.299530 -91.631584 102.841095 156.499100 -118.517197 93.764313 97.087517 -98.226814 100.943359 186.562271 -72.851311               1707 
125.429108 119.716484 -91.517426 102.647263 155.789612 -118.716568 95.173470 94.977020 -99.927467 100.992805 185.966705 -73.116417               1717 
124.992958 119.543312 -91.468544 102.543793 155.472305 -118.821541 95.576408 94.041817 -100.983276 100.993500 185.665115 -73.228134               1726 
124.584312 119.153732 -91.445076 102.343216 155.141983 -118.884033 95.383904 93.442253 -101.336739 100.939674 185.423553 -73.344765               1735 
124.065636 118.111900 -92.056541 101.791748 154.079819 -119.491211 94.889099 92.279633 -101.888390 100.832047 184.542282 -74.061203               1744 
123.716576 117.412743 -92.466408 101.420097 153.363998 -119.900406 95.525131 91.034363 -102.871376 100.759270 183.946671 -74.545891               1753 
123.793785 116.339966 -93.120171 100.391937 151.826004 -120.252441 95.934349 89.329712 -102.931664 100.587715 182.757965 -75.130997               1762 
122.823860 113.704483 -93.555771 97.880386 148.243179 -120.726967 94.716003 86.268250 -101.168205 100.461403 180.758362 -76.808060               1771 
119.914833 110.124313 -93.240501 95.279755 144.929398 -120.508713 92.685928 82.707741 -100.997444 100.002373 178.117706 -77.276764               1780 
118.406021 108.104027 -93.561539 92.938499 143.083710 -120.048141 96.784111 79.380013 -103.753464 99.181381 176.162430 -76.925133               1789 
117.961617 107.540527 -93.448112 92.088669 142.556076 -119.930260 96.639351 79.017891 -103.731392 98.711090 175.626556 -76.857574               1798 
116.755165 105.920776 -92.228378 90.247734 140.053940 -119.689766 95.351402 77.414024 -101.421677 97.926674 174.722687 -78.073898               1807 
116.211365 105.466660 -92.017975 89.363617 139.465942 -119.648155 94.918839 77.260063 -101.123589 97.721939 174.518814 -78.487457               1816 
116.209747 104.753082 -91.999245 89.426109 138.731308 -120.000656 95.000282 76.971840 -101.404121 97.791008 173.950577 -78.983574               1825 
116.208878 104.585861 -92.215576 89.186615 138.750137 -120.178772 94.915619 77.337311 -101.845772 97.623978 173.850845 -79.074997               1834 
115.995499 104.210373 -92.077309 88.651535 138.486755 -120.085152 94.668854 77.406166 -101.667679 97.522476 173.738602 -79.202599               1843 
115.826004 103.883293 -92.141510 88.325691 138.319214 -120.186417 94.329163 77.596481 -101.753357 97.485596 173.608429 -79.399956               1852 
115.633148 103.704239 -92.209328 87.995506 138.222290 -120.246712 93.865616 77.854118 -101.767319 97.404831 173.528595 -79.531876               1861 
115.454063 103.695587 -92.683090 87.475998 138.327560 -120.453262 93.334572 78.327118 -102.106606 97.181190 173.533630 -79.721092               1870 
115.437958 103.671440 -93.053558 87.202553 138.399155 -120.610825 93.187828 78.530655 -102.446083 97.065193 173.496918 -79.823021               1879 
115.078300 103.108795 -92.936089 87.068916 137.977203 -120.731644 92.789406 78.197708 -102.466896 96.847908 173.091171 -79.937668               1888 
114.776237 102.533134 -92.789330 86.941162 137.570877 -120.855133 92.882301 78.012985 -102.649658 96.690933 172.770905 -80.128380               1897 
115.245598 102.700424 -92.358688 87.910622 137.810974 -121.005013 93.993378 78.361900 -103.237152 96.598244 172.909195 -79.951294               1906 
114.999550 102.925499 -91.340454 88.617409 138.263153 -120.676003 93.720551 78.865372 -102.855309 96.563614 173.254013 -79.381134               1915 
115.353859 103.526184 -91.304955 90.121414 139.451004 -121.001503 93.457848 80.428818 -103.456528 96.689568 173.723419 -78.870399               1924 
115.570747 103.885201 -91.275986 91.033821 140.171616 -121.198967 93.133141 81.508453 -103.751343 96.739815 174.011536 -78.595322               1933 
115.602577 104.102043 -91.101700 91.540733 140.627884 -121.180359 92.195763 82.440208 -103.465736 96.709526 174.206604 -78.302376               1943 
115.574791 104.103432 -90.940140 91.682411 140.676117 -121.160362 91.945953 82.553246 -103.361023 96.615974 174.223572 -78.230225               1951 
115.467834 104.305885 -90.576385 91.723335 140.729492 -121.067337 90.933434 82.998680 -102.625313 96.538826 174.381134 -78.205391               1960 
115.375107 104.626671 -90.088829 91.949570 140.904785 -120.965126 90.386757 83.354332 -102.221138 96.574028 174.670685 -78.172050               1970 
115.572517 105.559853 -90.489037 92.889198 142.583572 -121.038292 90.058136 84.856110 -103.300858 96.988762 175.452805 -77.500076               1979 
115.976532 107.289268 -89.401863 94.463821 144.865570 -120.109367 89.778236 87.088516 -102.687386 97.268234 176.994339 -75.920616               1988 
116.353073 108.545921 -88.784843 95.510017 146.169479 -119.643562 89.785660 88.409378 -102.082695 97.651009 177.961868 -75.175278               1997 
112.352005 107.869835 -84.477188 97.475067 146.329819 -117.592262 84.629196 89.902573 -99.113907 98.532318 178.813675 -73.587158               2006 
105.050201 106.043465 -77.425392 97.197357 143.261688 -114.165680 76.166534 90.260208 -92.796570 98.306084 178.674622 -72.482788               2015 
103.032837 106.829872 -75.242928 97.901878 142.931915 -113.597832 73.822632 91.684029 -90.815697 98.584633 179.921875 -73.298386               2024 
102.291382 107.070930 -74.533028 98.156273 142.812836 -113.392792 72.717201 92.323372 -90.026794 98.737144 180.366089 -73.616104               2033 
103.843140 109.195648 -74.983597 101.447998 145.796478 -113.226158 75.523842 94.282372 -92.491768 98.867538 182.488327 -72.731483               2042 
102.920387 112.030609 -72.388840 103.288284 147.966644 -111.363708 75.194313 97.279167 -90.961617 99.400673 185.532043 -71.784729               2051 
102.203293 113.503906 -70.965401 104.244377 149.365631 -109.980247 75.097923 98.774353 -90.472740 99.036728 187.085892 -70.701363               2060 
102.815796 117.928146 -70.791725 104.822487 154.430786 -109.242142 76.707909 102.549278 -91.164482 97.311348 191.450516 -69.670792               2087 
104.232224 120.923843 -70.512917 106.151077 158.507736 -107.921501 79.119438 105.325928 -91.947220 96.515144 194.223419 -67.618813               2096 
105.017662 123.573273 -69.848366 106.728477 161.632370 -106.800575 79.885452 107.955002 -91.809105 95.497276 196.675674 -66.320999               2105 
103.657852 126.816162 -68.081825 105.289871 164.775299 -105.156189 78.182159 111.117447 -90.266640 93.219383 199.851440 -64.947533               2114 
101.266144 131.099579 -63.937855 102.886108 167.476013 -102.560059 75.511856 114.458412 -85.620461 90.370590 204.132782 -63.928314               2123 
100.532349 133.825394 -61.927452 101.255096 169.569489 -101.155640 74.181076 116.749901 -82.918297 89.134201 206.772491 -62.922276               2132 
100.449684 136.335754 -59.941326 100.228989 171.475189 -99.711586 73.470917 118.913010 -80.134010 88.746895 209.214966 -61.808548               2141 
95.193367 139.120758 -56.459270 95.622116 172.641647 -97.595383 66.713326 122.295532 -75.303253 86.881599 212.345505 -60.989693               2151 
91.526169 143.012741 -53.628628 91.234161 174.834213 -96.088867 61.463726 126.575508 -70.466331 85.595901 216.255768 -60.800995               2159 
83.953278 149.895569 -46.962070 86.394234 176.831985 -92.608376 49.523987 137.953766 -61.624363 86.067490 222.152817 -61.970425               2169 
81.046555 164.047882 -35.504051 84.033691 182.621368 -85.113625 45.220371 151.232269 -49.201702 83.124496 232.593124 -62.870300               2178 
79.265343 174.535309 -27.212116 82.729149 186.992874 -78.672821 42.973080 160.574173 -40.129787 81.575325 239.291138 -62.662571               2186 
77.381844 180.655396 -21.526743 80.874809 189.835098 -73.676811 40.710255 166.191238 -33.898418 79.769928 243.048843 -61.033817               2195 
76.173424 184.126251 -15.190811 79.074638 191.910522 -67.619514 38.087788 172.163742 -26.748161 82.100090 245.331207 -56.224506               2205 
74.148560 185.594620 -11.112946 75.986137 193.270630 -63.628410 35.289024 174.755234 -22.083969 80.881920 246.587112 -52.396679               2214 
70.853958 185.512329 -6.442326 72.373871 193.803970 -58.907696 31.326347 176.286041 -17.523006 79.542908 246.734421 -47.086468               2223 
68.094330 186.157532 -1.988726 69.764313 193.093643 -54.676640 28.202261 177.305939 -13.370638 77.818108 246.183380 -44.217957               2232 
64.801003 187.695038 4.232137 66.131454 192.316605 -48.746681 24.069883 181.029663 -6.836813 78.022072 245.099869 -40.665283               2241 
62.502254 189.563766 8.065727 62.915154 194.016449 -44.968163 21.362822 182.600449 -2.962024 74.692497 246.883728 -37.279602               2250 
61.424587 191.819687 13.664073 59.810322 193.403076 -39.534016 19.377245 186.073166 4.161179 74.163551 246.020355 -35.270863               2259 
59.978733 190.947815 17.510437 56.229652 193.015442 -35.585800 17.402868 185.275696 9.287389 70.804298 245.581543 -31.444120               2268 
57.722282 191.699112 19.880749 52.945026 193.014816 -33.176506 14.425005 186.877243 11.591672 68.250839 245.448471 -30.141212               2277 
56.420799 192.636444 24.236996 49.382439 192.628494 -28.604296 12.230695 189.444763 17.058136 66.650154 244.531738 -27.799377               2286 
54.793243 192.310486 27.755547 47.160061 192.436371 -25.020535 10.356396 190.335602 20.723488 65.893074 243.832611 -24.502291               2295 
55.358471 191.610107 32.307232 43.853130 193.293823 -19.752235 10.417974 190.397812 28.299648 63.336472 244.410690 -19.268429               2304 
56.048885 191.880768 36.528439 40.928883 194.479065 -14.576971 10.848708 191.128067 35.484482 60.901875 245.408722 -14.712900               2313 
54.267998 191.679245 40.834026 37.874302 193.295349 -9.933091 8.985984 192.132278 40.821842 59.183285 243.637741 -12.016396               2322 
51.878532 190.371216 44.297901 34.277676 192.819489 -6.045067 6.600295 192.591202 45.303288 57.475918 242.300797 -8.537094               2331 
51.005680 191.052841 47.315086 31.531963 192.781342 -2.378431 5.776385 193.982483 49.870090 55.330498 241.845154 -6.753423               2340 
48.609089 193.304977 50.577335 29.138597 192.003296 0.856264 3.313086 196.108139 52.857880 52.648342 240.865112 -6.395198               2349 
46.890968 191.106003 53.496216 26.823057 191.744888 3.987042 1.654897 194.877472 56.317806 51.378426 240.249908 -2.101036               2358 
42.244427 183.515030 53.203270 22.321539 193.591965 4.654062 -2.240121 192.237167 57.296822 52.548737 239.187576 5.008916               2367 
34.878380 179.358459 52.206566 16.182402 195.348328 4.950531 -9.240459 191.586121 56.857929 50.064037 238.037323 9.688897               2376 
30.787992 176.629623 51.080002 12.297835 196.570877 5.428441 -13.043198 191.524643 56.881191 48.202824 237.192673 12.740761               2385 
29.211424 174.984940 50.999527 10.194614 197.041336 6.682499 -14.393458 191.823837 57.997856 46.981449 236.652832 15.074605               2395 
28.522406 173.823318 51.193779 8.674404 196.938110 7.886811 -15.071689 191.396896 59.128063 45.568348 236.346497 16.751616               2403 
27.584948 172.627304 52.352989 6.478562 195.451309 9.572259 -15.625942 191.815750 60.999050 42.924114 235.400513 17.851883               2412 
30.526596 180.034515 57.500755 5.316300 196.343521 14.035660 -12.817625 198.746902 66.760590 40.252407 238.438232 14.557447               2422 
36.168629 184.567017 59.289185 5.822189 196.393661 17.752409 -7.275710 201.205139 71.673340 37.707550 240.516693 12.344072               2430 
36.789207 180.726532 59.266800 3.862262 194.470718 20.424797 -5.759393 196.782669 75.144699 35.445473 238.825378 15.139533               2440 
28.956371 174.136230 57.871342 -1.055509 194.526443 19.638996 -12.623090 191.452133 73.541115 34.407829 236.179764 19.987072               2449 
25.177353 171.326645 58.782345 -3.127122 194.104691 20.638681 -16.421425 188.138412 73.538719 33.681641 234.474487 23.495825               2458 
21.568047 170.744843 62.552570 -6.174047 191.955154 23.151022 -20.546787 186.851685 75.592979 30.490297 232.509750 25.105505               2467 
20.078032 168.637466 63.932972 -7.547716 190.588211 24.889036 -21.824944 184.269806 77.027077 29.908169 230.413589 26.829361               2476 
19.118851 166.827530 65.957291 -9.035480 189.060776 27.484739 -23.237188 181.274979 79.398514 28.399956 228.910522 29.316324               2485 
18.374548 164.806091 65.851028 -10.126596 188.341858 28.451017 -23.513557 179.584106 80.391930 28.025637 227.497955 30.445093               2494 
18.006903 163.361282 67.794418 -12.301763 186.651199 31.695353 -23.169666 178.180252 84.244370 25.926786 225.783188 31.510149               2503 
17.742529 163.014221 68.578522 -14.433329 185.868790 33.854477 -23.283588 176.826172 86.626984 23.542444 225.174286 31.469616               2512 
17.620634 162.924683 69.012253 -15.228166 185.697281 34.880062 -23.296440 176.610489 87.737465 22.710026 224.977463 31.635141               2521 
16.557615 162.591400 69.454224 -16.594261 186.300476 36.276920 -24.015228 176.199356 89.011490 21.705442 225.233612 33.096878               2530 
18.733768 166.742432 72.094055 -17.761238 185.328766 39.192234 -22.027832 177.541290 92.587891 17.032522 226.815460 31.380875               2539 
21.681765 172.995575 73.291046 -18.633268 186.241180 42.385372 -18.511482 180.094070 96.115692 11.255585 230.401917 30.168388               2548 
23.768114 175.936600 72.764725 -19.003040 187.140900 44.598713 -14.932285 181.783020 98.232712 8.511346 231.874649 29.281397               2557 
24.818758 174.868546 72.005692 -19.111109 186.117279 45.889561 -12.342573 180.197571 99.157021 7.997303 230.469955 28.838373               2566 
25.090736 173.109879 70.853043 -19.664743 185.673065 46.958923 -10.617335 179.030869 99.800354 7.712961 229.538391 29.096592               2575 
24.212095 172.209167 71.103874 -20.798004 186.680466 48.967548 -10.126925 179.678284 101.442917 7.741442 229.343491 30.043108               2584 
20.891487 165.400116 71.021645 -21.286114 188.697037 51.030701 -11.790064 175.428085 102.500664 13.591665 227.879745 35.505722               2593 
18.758011 162.392181 70.784698 -21.523567 189.678055 52.034370 -12.870975 173.738998 102.890770 16.255638 226.566452 37.725388               2602 
17.439428 161.424316 71.437469 -21.829346 190.148148 52.738602 -13.925863 173.561890 103.518959 17.140270 225.979538 38.945530               2611 
17.412043 160.835846 71.249252 -21.631477 189.970001 52.772709 -13.864587 172.855911 103.401337 17.512283 225.725647 39.279434               2621 
17.033417 159.716248 70.965233 -21.616941 189.695374 53.088257 -14.418454 170.752350 103.247047 17.886276 225.270340 40.177574               2630 
16.781652 158.541031 70.637337 -21.313141 189.423843 53.158974 -15.011299 168.363190 102.738365 18.621628 224.838959 41.169312               2638 
16.626934 157.895477 71.411324 -20.626715 189.830444 54.082962 -15.716714 165.111176 102.357254 20.023010 224.588867 42.584217               2648 
14.927838 150.265106 69.920555 -17.454351 188.902695 56.964104 -16.656300 156.177643 100.887474 27.487827 219.103317 49.160782               2656 
13.438385 147.900101 69.251976 -16.452875 188.906067 57.366421 -17.716541 154.948349 100.453613 30.155031 216.728897 50.557457               2665 
12.824463 146.964706 68.853508 -16.004631 188.951172 57.637508 -18.200800 154.670807 100.623573 31.284643 215.691681 51.200207               2675 
11.957042 145.914337 67.738983 -15.595664 189.090027 57.877743 -18.406097 154.208221 100.502968 32.470089 214.563919 52.087013               2684 
10.388495 144.001617 65.591904 -14.605464 189.061188 57.320988 -19.869766 152.812607 98.694847 34.844795 212.168945 53.650631               2693 
8.138002 140.346603 62.265148 -11.014436 188.703613 56.942799 -20.670103 151.270645 96.496094 40.902035 205.848160 55.068489               2702 
6.539128 138.992264 60.971939 -8.970992 188.787323 56.837643 -21.572689 151.387543 95.653412 44.053020 202.236145 56.244400               2711 
5.562345 138.740189 60.262684 -7.889327 189.201767 56.516586 -22.083096 152.082840 95.098984 45.613297 200.611954 56.302681               2720 
6.449668 134.671692 56.429970 -7.461240 185.314407 58.914837 -19.763216 143.837387 93.536896 45.836205 197.632034 58.261284               2729 
6.590661 132.558792 54.524269 -7.260471 183.254807 60.247211 -18.596081 139.703156 92.606071 45.917351 196.069046 59.420670               2738 
6.207356 130.598679 53.562122 -8.190444 181.329880 61.285114 -17.889406 136.407425 92.300735 44.640339 195.477264 60.048969               2747 
5.904991 129.614685 52.759441 -8.150379 180.607269 61.656696 -17.041111 135.087326 92.063065 44.580822 195.043839 59.713814               2756 
5.666737 129.063980 52.410160 -8.132354 180.282181 61.823872 -16.651907 134.509781 91.979897 44.548180 194.857773 59.569538               2765 
5.489693 128.694916 52.202564 -8.121446 180.085434 61.925045 -16.411707 134.168884 91.946709 44.526699 194.747772 59.484322               2774 
5.350482 128.415268 52.052856 -8.113521 179.942490 61.998547 -16.234383 133.926071 91.933014 44.510292 194.669067 59.423443               2783 
5.401699 128.259689 51.867867 -7.937713 179.882919 62.046761 -15.800096 133.779861 91.934090 44.650204 194.685303 59.188507               2792 
5.448710 128.124100 51.703423 -7.781688 179.830063 62.089550 -15.413172 133.651306 91.936554 44.772594 194.701263 58.980999               2801 
5.447994 128.761246 50.949936 -7.819257 180.486008 61.594479 -14.795815 134.232086 91.500526 44.609993 195.638458 57.806866               2810 
5.439135 129.250854 50.360188 -7.848562 180.997681 61.208313 -14.311378 134.687576 91.156853 44.475693 196.370682 56.894165               2819 
5.413304 129.542038 49.983936 -7.867353 181.325775 60.960678 -13.996943 134.984497 90.944290 44.386166 196.840729 56.310436               2828 
5.426140 129.818573 49.708340 -7.884810 181.625610 60.794277 -13.691583 135.255630 90.809914 44.294094 197.300812 55.852745               2837 
5.424316 130.006210 49.509682 -7.897478 181.843185 60.673523 -13.467644 135.455582 90.718330 44.225933 197.634750 55.521275               2846 
5.413728 130.130295 49.367973 -7.906604 181.999924 60.586536 -13.304323 135.602341 90.658134 44.176128 197.875336 55.282848               2855 
5.181827 132.067078 50.614887 -7.289600 184.460175 60.481838 -14.608356 138.764542 91.224785 45.265659 199.119781 56.505688               2864 
5.247487 133.609833 51.961628 -6.872580 186.336319 60.613094 -15.553136 141.247025 91.901665 45.932915 200.369598 57.890003               2874 
5.242210 133.903885 51.353012 -6.500272 186.633972 60.675987 -15.608084 141.194336 91.338547 46.412384 200.328644 58.335979               2883 
5.145642 134.064392 50.957378 -6.433468 186.787903 60.684532 -15.796746 141.124252 90.943008 46.530239 200.335876 58.667873               2891 
5.112664 134.097565 50.511311 -6.290096 186.806885 60.672966 -15.861605 140.916672 90.529221 46.720226 200.205688 58.899086               2901 
4.983183 134.135193 50.067924 -6.149700 186.835861 60.700157 -15.973892 140.725571 90.140167 46.926220 199.996719 59.116863               2910 
4.739233 134.296432 49.965385 -6.284878 187.016373 60.737236 -16.409954 140.824326 89.953865 46.835491 200.037018 59.529804               2919 
4.520334 134.435410 49.878445 -6.383649 187.178558 60.773464 -16.786997 140.921860 89.796776 46.778721 200.052887 59.888706               2928 
4.289868 134.820068 49.800720 -6.478510 187.577301 60.865231 -17.103998 141.242645 89.689949 46.722103 200.306549 60.209652               2937 
4.091343 135.517593 50.123001 -6.699072 188.326584 61.018322 -17.567129 142.053131 89.857864 46.513466 201.019775 60.739975               2946 
4.270274 136.482925 50.927448 -6.871541 189.360107 61.212421 -17.628822 143.328979 90.484352 46.265942 202.366470 61.105354               2955 
4.173534 137.004532 51.156628 -6.996294 189.898636 61.420994 -17.744987 143.870010 90.706337 46.131428 202.945129 61.365650               2964 
4.143530 137.775223 51.581612 -7.283053 190.675217 61.616997 -17.823456 144.719193 91.097122 45.778137 203.989700 61.556450               2973 
4.363773 137.825821 51.632801 -7.491857 190.638199 61.719780 -17.832867 144.547058 91.064987 45.467274 204.351059 61.957520               2982 
4.495471 137.866882 51.908764 -7.691038 190.654465 61.813522 -17.899652 144.579880 91.236526 45.186813 204.672333 62.261806               2991 
4.770232 138.056213 52.102077 -7.710801 190.838257 61.744389 -17.833717 144.830170 91.305878 45.093807 205.121506 62.400837               3000 
4.333044 137.089661 51.963493 -7.986012 189.872269 61.883442 -17.749355 143.805466 91.479340 44.828720 204.133148 61.901291               3009 
4.565962 133.032471 51.504490 -8.273535 185.692474 61.982483 -17.107229 139.245255 91.279259 44.333843 200.696121 61.631725               3018 
4.635829 130.878265 51.270473 -8.422347 183.529160 62.033745 -16.773199 136.892044 91.174820 44.071987 198.918335 61.498489               3027 
4.463577 129.809753 51.137218 -8.269514 182.789352 62.048717 -16.350283 136.077957 91.151505 44.188629 198.289581 61.239395               3036 
4.241005 129.169983 51.091877 -8.199057 182.448303 62.055622 -16.153940 135.704910 91.146126 44.241718 198.000122 61.120281               3045 
3.393867 130.307800 52.195873 -8.232414 184.113464 62.357708 -16.407600 137.921509 92.261032 44.341270 199.159195 60.807873               3054 
1.112466 133.059982 51.846874 -8.866281 187.193085 62.781525 -16.857529 140.940399 92.644974 43.904312 201.217712 59.413570               3065 
1.851270 132.901550 51.453045 -9.262224 186.842087 62.704216 -16.195717 140.231781 92.277863 43.171638 202.104752 59.462322               3073 
0.936094 133.332672 51.713444 -10.132020 187.426300 62.747307 -16.791647 140.942337 92.585686 42.245167 202.807083 59.165310               3082 
-0.226774 133.266296 52.637600 -10.395909 187.753571 62.959034 -17.456818 141.792953 93.510979 42.154083 202.379837 58.794975               3090 
-1.012334 133.254562 53.433891 -10.547830 188.046692 63.092564 -17.990549 142.534058 94.222687 42.132408 202.114853 58.659950               3099 
-1.877611 132.877823 55.026146 -11.566620 187.955963 63.107876 -19.358948 143.255630 95.314125 41.145302 202.015976 59.041164               3108 
