-37.623062 172.268219 4.347648 -14.743090 207.400772 54.865742 -33.358414 157.492157 34.691940 36.562469 213.479980 40.687111                  0 
-37.627171 171.908508 5.067423 -14.342728 207.287735 55.221584 -32.891125 157.248917 35.197132 36.701237 213.790833 40.306026                 17 
-38.034248 171.615494 5.700179 -14.431249 207.067337 55.648178 -33.090988 157.025208 35.619171 36.447536 213.766510 40.262436                 36 
-38.259060 171.380890 6.216607 -14.402576 206.875473 56.008205 -33.122093 156.799133 35.969894 36.343719 213.723297 40.254742                 54 
-35.886051 165.879852 6.534204 -15.585627 204.993301 55.172916 -31.648960 153.239044 37.023773 35.456505 213.129868 41.075123                 72 
-36.035275 165.265579 7.198429 -15.502562 204.620331 55.538891 -32.080853 153.105865 37.144760 35.292759 213.181961 40.815289                 90 
-36.101795 164.966049 7.523686 -15.461950 204.437973 55.717823 -32.334751 153.031281 37.176395 35.208817 213.205490 40.689346                108 
-36.300312 165.859283 7.245227 -15.025854 204.929977 55.485451 -32.430706 153.757568 36.729240 35.545109 213.541916 40.036732                126 
-36.335209 168.095673 6.632605 -12.995794 205.420685 55.293705 -32.743801 155.373184 35.766800 37.694046 212.324951 39.383888                144 
-36.340923 169.430954 6.311112 -11.822491 205.704300 55.182880 -32.932632 156.367798 35.203030 38.895199 211.629669 38.970028                162 
-36.259144 170.163040 5.045922 -12.286382 206.064148 54.455929 -32.775085 156.738632 33.784882 38.410282 212.747894 38.473854                180 
-34.262623 172.847351 2.546387 -12.509804 207.625977 53.749741 -32.203125 158.822784 31.145489 38.909836 214.379196 40.308548                198 
-34.021988 174.349197 1.041656 -12.939135 208.670593 52.826588 -32.960136 160.228760 29.807253 38.979328 214.235764 40.836891                216 
-34.427738 175.584625 0.462126 -12.875418 208.856598 52.732658 -33.201450 160.848129 29.206272 39.064117 214.098343 40.688580                234 
-34.591698 176.107407 0.224434 -12.848701 208.934601 52.693272 -32.985302 160.926514 29.167835 39.098442 214.040955 40.623878                252 
-34.500240 176.874069 -0.187954 -12.532018 209.008835 52.611179 -32.726456 161.236618 28.689735 39.402306 214.089340 40.475895                271 
-34.422031 177.506454 -0.520159 -12.272290 209.069717 52.543854 -32.625931 161.569824 28.218391 39.651478 214.130035 40.355076                289 
-34.532536 178.121170 -0.625549 -12.125382 209.173218 52.628414 -32.786640 161.957092 28.015766 39.812218 213.999847 40.403831                307 
-34.266693 178.647034 -0.927136 -11.853589 209.469086 52.454624 -32.783241 162.440872 27.712715 40.175022 213.887177 40.464844                325 
-34.274845 179.055222 -0.893602 -11.943639 209.663483 52.642212 -32.984501 162.752197 27.789314 40.172012 213.766052 40.921349                343 
-34.285839 179.474030 -1.050170 -11.824167 209.603973 52.698978 -32.952705 162.892761 27.568419 40.289532 213.661713 40.953857                361 
-34.363304 179.598999 -1.044579 -11.892043 209.692352 52.718166 -33.087406 163.001511 27.647877 40.256718 213.548569 41.061100                379 
-34.674950 179.989273 -0.934791 -11.953440 209.856674 52.845955 -33.420948 163.305618 27.783669 40.201317 213.416992 41.121765                397 
-35.162369 180.448853 -0.752048 -11.904816 209.870193 53.042667 -33.732925 163.537994 27.947809 40.190441 213.183090 40.986134                415 
-35.736881 180.226547 -0.701075 -12.445252 209.846893 52.966873 -34.227436 163.348846 28.234230 39.669624 212.947968 40.938831                433 
-36.040016 180.226974 -0.958308 -13.069289 209.735809 52.906384 -34.208096 163.065323 28.044014 39.009243 213.471207 40.901215                451 
-36.298157 180.240860 -1.106089 -13.497416 209.562271 52.930351 -34.204388 162.800568 27.966803 38.545574 213.731567 40.913898                469 
-36.743950 180.375809 -1.117187 -13.934397 209.400314 53.073128 -34.437523 162.610703 28.103596 38.104702 213.638962 41.064087                487 
-36.672577 181.011780 -0.763701 -14.051218 210.342209 53.338272 -34.431374 163.394989 28.577782 38.014153 214.588089 41.446236                506 
-36.726093 181.009476 -0.744723 -14.047750 210.321533 53.340981 -34.476280 163.386078 28.612183 37.999973 214.591980 41.380680                524 
-37.093468 181.082092 -0.699541 -14.042364 210.023621 53.425785 -34.642498 163.253052 28.546572 37.911335 214.425339 41.109585                542 
-36.953953 180.649567 -0.880672 -14.081379 209.974640 53.111507 -34.796738 163.068802 28.611067 37.976906 213.940811 41.092552                560 
-36.671936 180.223160 -1.318847 -14.303999 209.923752 52.677273 -34.853550 162.837051 28.433905 37.892021 213.646942 41.189701                578 
-36.678581 180.295242 -1.303146 -14.301335 209.939102 52.718098 -34.872356 162.870621 28.480835 37.897938 213.638382 41.237598                596 
-36.717888 180.349442 -1.318499 -14.292639 209.960556 52.698666 -34.983128 162.937485 28.495949 37.915161 213.553406 41.223122                614 
-36.652225 180.562790 -1.228861 -14.321659 210.187759 52.817841 -35.232525 163.296799 28.580006 37.929493 213.635345 41.496094                632 
-36.189220 181.212570 -1.098983 -13.966652 210.583481 53.128548 -35.307285 164.069824 28.527510 38.343140 213.859756 42.028877                650 
-36.463531 181.718063 -0.988719 -13.938261 210.695969 53.323299 -35.826519 164.588013 28.446829 38.345776 213.821060 42.059898                668 
-36.622887 181.980896 -0.914337 -13.846256 210.739151 53.407635 -36.126602 164.870773 28.447296 38.415440 213.714844 42.000999                686 
-36.495193 181.999100 -0.948894 -13.722349 210.797195 53.351643 -36.291336 165.075226 28.344393 38.539902 213.760040 41.944214                704 
-36.559559 182.130157 -0.994367 -13.723189 210.865234 53.311008 -36.610500 165.307571 28.200089 38.533005 213.789047 41.865829                722 
-36.913841 182.717697 -1.131601 -13.773537 211.041794 53.259106 -37.188744 165.827011 27.939936 38.475941 213.673431 41.712784                741 
-38.192284 184.406845 -1.732741 -14.251255 211.975784 52.697605 -39.058189 167.509323 27.317247 38.061169 213.046967 41.186153                759 
-40.585732 185.727463 -5.359137 -17.457554 213.794296 49.166348 -44.245247 170.184036 24.175079 35.303471 210.704361 40.392677                777 
-43.729542 188.661942 -7.434846 -19.294649 214.558624 47.590576 -48.378571 172.855103 21.570734 33.264923 209.423508 38.569881                795 
-46.562809 185.899551 -9.699559 -22.043638 216.443222 42.842896 -54.479851 175.418228 17.998938 30.492769 210.123001 34.462471                813 
-48.082592 177.480011 -18.613802 -26.410988 214.929581 30.058746 -60.742924 173.573624 5.761045 26.453175 208.345764 24.376795                831 
-48.715771 179.218124 -30.788168 -29.209028 212.624756 20.851612 -65.513481 177.249954 -11.706314 23.784788 206.391800 16.049868                849 
-46.279964 183.275986 -41.615208 -30.563110 215.872482 11.579386 -66.273880 185.061264 -27.884190 22.420530 207.936829 11.478211                867 
-42.814339 186.103836 -52.919380 -31.322292 219.790192 0.597258 -64.454300 192.481628 -44.596447 20.252510 207.316223 7.992572                885 
-39.111275 191.027802 -63.296543 -29.998972 222.540665 -8.110092 -60.867741 199.811234 -57.992702 20.200836 207.249054 2.678638                903 
-33.311417 193.296310 -73.171494 -28.598595 221.843246 -15.931715 -55.193329 202.729599 -70.249672 21.139036 207.167908 -2.476104                921 
-30.251884 195.155640 -82.862694 -27.389866 222.411392 -24.884239 -50.872654 207.016968 -82.298195 20.354692 204.664963 -8.277856                939 
-26.438829 196.400986 -90.342072 -25.834888 223.326813 -32.037224 -45.511078 209.708771 -91.822960 20.275864 204.451447 -12.345336                957 
-22.821863 195.731857 -97.579086 -25.864630 223.538773 -39.632168 -40.312187 209.995209 -101.401756 18.301395 204.694931 -15.872483                976 
-19.647642 194.242340 -105.792915 -24.794472 221.591995 -47.596802 -35.663857 209.044998 -110.694443 18.057968 202.632431 -21.626545                994 
-17.086779 191.781937 -112.982178 -24.442261 219.464478 -54.985611 -31.409914 206.936783 -118.871361 16.316936 199.908401 -26.236717               1012 
-13.346646 189.143631 -118.582993 -22.954453 216.211807 -60.528931 -27.007467 204.101166 -124.844955 16.752203 196.907089 -30.181604               1030 
-64.361397 197.265060 -111.752548 2.588913 199.711029 -54.075226 -50.944271 156.601318 -72.737465 37.186306 188.384842 -14.768881               1048 
-62.871563 197.195175 -112.899681 3.462465 199.790848 -54.600952 -49.677620 157.270874 -73.770203 37.462822 188.557358 -14.750793               1066 
-61.899498 193.984543 -116.691559 3.971656 201.204498 -58.412666 -48.244503 157.439285 -75.450630 37.700809 192.899612 -17.625120               1084 
-62.160942 182.740570 -119.639420 4.730421 204.012894 -66.317299 -45.173737 156.197006 -73.821495 39.690598 205.294510 -25.741510               1102 
-62.354500 177.982269 -122.838661 4.189643 203.977768 -71.089752 -43.928375 155.218399 -76.560165 38.983276 208.658813 -30.620733               1120 
-62.060730 176.330887 -124.448402 4.429558 203.765747 -73.191917 -42.589993 155.123260 -79.423302 39.210312 208.816986 -32.756351               1138 
-60.973755 173.818375 -125.614494 4.728790 203.198578 -74.223343 -41.024265 154.764755 -81.876732 39.040997 208.592728 -33.433311               1156 
-60.160301 173.186310 -128.547821 4.777915 202.593323 -75.995949 -40.350307 154.693649 -85.170250 38.288490 207.976807 -34.543442               1174 
-59.541103 172.559647 -130.531204 5.158790 201.664642 -77.447433 -39.254570 154.087509 -87.901970 38.423790 206.770737 -35.762684               1192 
-58.972088 171.309326 -131.800262 5.690345 200.600235 -78.686676 -38.223114 153.181534 -89.617615 38.910538 205.792038 -36.976788               1211 
-58.640259 170.570251 -132.419128 5.954099 200.072098 -79.301582 -37.453838 152.766190 -90.701225 39.152214 205.306503 -37.579441               1229 
-58.152515 169.496155 -132.479767 6.080384 199.819214 -79.595993 -36.811630 152.655380 -91.494637 39.267963 205.074051 -37.868042               1247 
-57.884048 169.302948 -133.085999 6.121399 199.815384 -80.458313 -36.612270 153.232971 -93.111435 39.359951 204.576492 -38.711681               1265 
-57.413586 169.020050 -134.843689 5.896369 199.671967 -81.621307 -36.072247 153.194138 -95.332527 38.740952 204.300552 -39.549225               1283 
-56.900558 168.591965 -136.315598 5.722705 199.561554 -82.631165 -35.202938 152.995834 -97.248993 38.179119 204.286591 -40.269550               1301 
-56.195484 167.916870 -137.750885 5.542691 199.621414 -83.878387 -34.693188 153.041595 -98.986893 37.537212 204.643570 -41.200764               1319 
-55.251259 166.978638 -138.544952 5.398221 199.747528 -85.005058 -34.537014 153.232300 -100.271950 36.966713 205.099472 -42.051151               1337 
-54.157021 164.611786 -137.426620 6.120727 200.667084 -86.924301 -33.746086 154.412674 -99.945236 37.783058 208.363373 -44.397663               1355 
-52.857388 166.159653 -138.398163 6.550423 202.957123 -88.732277 -33.760662 157.601303 -101.630714 37.621284 211.132767 -45.860245               1373 
-51.303825 166.465851 -137.952988 7.340378 203.987366 -89.504745 -33.248394 159.097824 -102.508247 38.214878 212.096756 -46.478546               1391 
-48.594624 166.895126 -136.892426 8.755507 205.704391 -90.120544 -32.042068 161.117630 -103.209648 39.076424 214.046234 -46.746513               1409 
-45.653126 168.529037 -137.124374 10.463000 208.234940 -90.965988 -30.200266 163.699905 -104.434433 40.092659 216.803741 -47.160625               1427 
-42.682365 171.338501 -137.542130 13.014545 210.794144 -91.592278 -27.927292 166.904282 -105.612000 42.072365 219.120255 -47.359146               1446 
-39.049904 175.614227 -139.133652 15.913000 214.159744 -92.192017 -25.271992 171.231140 -107.412445 43.677048 222.130692 -47.071377               1464 
-33.691830 180.378326 -141.026398 19.867249 218.297775 -92.948875 -21.139845 176.046295 -109.833229 45.970417 225.833771 -46.774376               1482 
-28.959524 184.686722 -142.827789 23.762325 221.110016 -93.580391 -17.925331 180.435684 -111.998901 47.852959 228.144226 -46.247402               1500 
-22.489323 189.063385 -142.713028 28.938885 225.525696 -93.544914 -11.879635 184.839600 -113.317245 51.974834 232.054886 -45.618240               1518 
-16.043564 191.611771 -142.122879 34.448997 228.416733 -93.635635 -6.412199 188.248520 -114.033585 55.846729 235.393768 -45.017647               1536 
-7.579498 197.041382 -144.285889 41.036964 232.017502 -93.650635 0.578063 193.196396 -117.227158 60.004646 237.178726 -43.812500               1554 
-2.703296 204.144440 -144.482239 46.665901 235.648895 -93.191139 5.282296 199.146530 -118.691467 65.013771 238.120239 -42.916901               1572 
-0.239376 208.487656 -144.355011 51.487282 237.388428 -94.295448 9.285594 201.645889 -119.271507 70.922646 238.221771 -44.377289               1590 
5.177178 210.602005 -141.503433 57.696739 238.977112 -92.224213 16.178141 202.426788 -116.708122 77.567886 239.520966 -42.473907               1608 
12.050589 209.093903 -140.017746 63.572517 239.523392 -91.573692 23.514851 201.210510 -115.681206 82.486382 241.540344 -41.489281               1626 
18.449812 207.188217 -139.644058 68.750000 240.310806 -92.711441 30.136812 200.142120 -116.068886 86.556801 244.382767 -42.346889               1644 
24.095688 206.804733 -138.823578 74.233376 239.063873 -92.421768 36.074875 199.041183 -116.598778 91.205666 242.429535 -41.718071               1662 
28.429211 202.573868 -137.580582 76.812126 238.746643 -93.252663 41.125252 195.903854 -116.274765 93.306099 244.407272 -42.595413               1681 
34.942886 199.081482 -137.862259 83.069794 235.574600 -94.023926 46.867046 192.887283 -116.497551 98.033195 242.792053 -43.090088               1699 
43.581059 195.505539 -137.899933 88.849037 235.094772 -94.080330 55.297810 190.308105 -116.619301 102.172913 243.904663 -42.942177               1717 
49.794109 191.308807 -136.645508 92.246101 234.354218 -94.018776 61.090107 187.398987 -115.816132 104.081947 245.310181 -42.929340               1735 
54.426105 188.035965 -135.093307 95.416443 232.893539 -93.828308 65.375450 184.735138 -114.904106 106.220932 245.286484 -42.838806               1753 
61.492596 183.166199 -133.221146 98.783821 232.279083 -94.261154 70.724449 182.263275 -114.459831 108.711746 246.787476 -43.652924               1771 
66.122673 177.584534 -128.394608 101.525009 230.062912 -93.165726 74.343285 178.677368 -111.114754 111.460197 247.279129 -43.414906               1789 
70.414131 173.322906 -125.489288 103.699265 228.532227 -93.384613 78.276413 175.670670 -109.442978 113.394440 247.938400 -44.398346               1807 
75.080826 170.483170 -124.223305 105.819649 227.483856 -93.113312 82.052643 173.508636 -108.729645 115.128677 247.644775 -44.357491               1825 
77.276344 167.553391 -123.212051 106.809395 225.592941 -93.436203 83.371559 170.955505 -108.334862 116.238518 246.427597 -44.987679               1843 
79.658974 162.129837 -122.776985 107.714638 222.284775 -96.695457 85.292938 166.350540 -108.569702 116.480141 245.994934 -49.459400               1861 
81.208641 158.502380 -122.451820 108.254051 220.210342 -99.448029 86.799919 163.332962 -108.639885 116.992310 246.108185 -53.369884               1879 
80.437286 156.799011 -123.974190 108.121864 218.045364 -100.930801 85.927971 161.442368 -110.250641 116.530563 243.960724 -54.801212               1897 
82.984337 153.754120 -124.282822 108.335640 216.455399 -102.847069 84.275581 158.473297 -110.294716 116.529419 243.412216 -57.279072               1916 
82.154846 151.698807 -124.124390 108.400719 214.124359 -103.202919 83.038612 156.250443 -110.052567 116.809280 241.372543 -57.847843               1934 
83.510544 148.796234 -126.045631 108.264862 212.065567 -106.293556 83.833611 153.466568 -112.057564 115.289436 240.558182 -61.470821               1952 
81.211960 136.749420 -127.145828 104.442879 201.577393 -111.718353 81.757072 141.769455 -113.492020 112.509476 232.318619 -68.588799               1970 
83.292519 129.317734 -122.167099 104.754883 196.046341 -115.836235 82.838524 136.082138 -109.536255 109.629517 233.228134 -77.573944               1988 
84.325851 129.047058 -124.009651 104.247543 195.815262 -117.168495 83.833717 135.121765 -111.662918 108.292404 232.462296 -78.298393               2006 
84.949493 128.248291 -122.896843 104.074272 194.890930 -117.387894 84.400246 133.840195 -111.223579 107.652466 231.874298 -78.791542               2024 
78.662582 121.100342 -120.540573 99.828598 186.507568 -120.989319 78.216888 126.283554 -110.356354 105.859718 225.430313 -84.672707               2042 
80.213440 118.277023 -121.247269 100.342186 183.643967 -123.123123 78.433113 123.109940 -111.600578 104.096916 223.515778 -87.536743               2060 
79.881699 115.169571 -117.552269 99.640045 180.276398 -123.562546 76.950951 120.174850 -108.006836 103.754807 222.011002 -90.222740               2078 
75.967918 111.101204 -113.386299 96.960732 175.303986 -123.064674 72.531387 116.267784 -103.370293 103.883621 218.090073 -91.573807               2096 
74.620003 108.598564 -113.826286 95.791748 172.340591 -125.985413 70.617020 113.954384 -103.364975 104.095512 215.850769 -95.849678               2114 
72.834671 103.497993 -123.234306 95.002258 167.324417 -133.653900 68.292206 108.586700 -112.596054 103.567474 209.827667 -102.183891               2133 
74.778740 102.494431 -121.793617 95.469711 166.622101 -133.616776 69.697891 107.603485 -111.413879 102.243019 210.053436 -102.988487               2151 
75.127014 102.168968 -121.093903 95.338867 166.191925 -134.469803 69.812592 107.229225 -110.332771 101.590088 210.281967 -104.683212               2169 
74.509491 100.753082 -117.955940 94.927460 163.940414 -134.759125 69.415474 106.226288 -106.815346 100.925934 209.566193 -107.326363               2187 
76.119484 100.261955 -117.470352 95.029900 163.537476 -135.695023 71.102135 105.650940 -105.046280 100.464760 209.715729 -109.081451               2205 
74.934067 99.749077 -118.235046 95.233292 162.615814 -136.424637 69.934334 105.128059 -104.935585 100.890678 208.794205 -109.857735               2223 
72.938164 98.846413 -116.954025 95.085487 160.921280 -135.773590 68.746902 104.392532 -102.882042 101.190971 207.360260 -109.765984               2241 
72.606438 99.002449 -116.923576 95.097069 160.967133 -135.796417 71.600754 104.443321 -101.373871 101.287216 207.360229 -109.727013               2259 
71.953621 99.289047 -116.707573 94.955826 161.032013 -135.940460 71.816704 104.705841 -100.672745 101.402000 207.461182 -109.997643               2277 
71.752144 99.517426 -116.157310 94.951942 161.029587 -135.944748 71.792488 104.745735 -100.492607 101.437263 207.469742 -110.031342               2296 
70.077202 98.558266 -114.937988 94.258804 159.566010 -134.987244 69.998001 103.497742 -99.784729 100.660492 205.974899 -108.997185               2313 
68.655716 94.780350 -110.592339 93.011292 153.923660 -135.286438 68.276123 100.394150 -96.181244 99.189423 202.035126 -112.540703               2331 
68.625938 94.954536 -111.817055 93.213516 153.493317 -137.463089 68.127586 100.277428 -97.776283 99.599663 201.717102 -115.014603               2349 
68.525925 95.157585 -111.986198 93.224693 153.294220 -138.330017 68.039322 100.252625 -98.193062 99.760048 201.575363 -116.048355               2367 
68.607750 95.520546 -111.810028 93.554787 153.190460 -138.519180 68.006981 100.203415 -98.329025 99.882507 201.513565 -116.268593               2386 
68.405060 95.971054 -111.924400 93.649651 153.259888 -138.792023 67.747002 100.217987 -98.731934 99.934113 201.519836 -116.392624               2404 
68.017029 96.579010 -111.335335 93.608742 153.200623 -138.768143 67.363991 100.336548 -98.552177 99.993561 201.488647 -116.457764               2422 
67.604988 97.052979 -110.867783 93.540314 153.137238 -138.754898 66.950745 100.485756 -98.364532 100.058304 201.460587 -116.559822               2440 
66.850777 97.513283 -110.280693 93.279030 152.963211 -138.695465 66.203819 100.709145 -98.006752 100.089539 201.353760 -116.735901               2458 
66.985847 98.002090 -110.366768 93.498657 153.025986 -138.814163 66.392395 100.518646 -98.422127 100.324448 201.270340 -116.539963               2476 
67.022469 98.722328 -109.370926 93.364426 152.863693 -138.836258 66.548141 100.604347 -97.882431 100.218575 201.279633 -116.946350               2494 
66.616264 99.187782 -108.246010 92.769142 152.379959 -138.645584 66.087234 100.275146 -97.160049 99.854073 200.858887 -116.969589               2512 
66.114990 99.644447 -107.707512 92.824883 152.028976 -138.373474 66.546196 100.031540 -96.998901 99.669746 200.556747 -116.729668               2530 
59.798187 99.463089 -101.399651 89.998268 148.312408 -134.263962 60.328754 100.016098 -90.867851 98.635048 197.590439 -115.098038               2548 
59.937656 98.896538 -102.049461 90.173302 147.881165 -134.646805 60.494308 99.196060 -91.697586 98.376785 197.113968 -115.176674               2566 
58.854336 98.583794 -103.081085 90.017609 146.088989 -136.946274 59.071163 99.230858 -92.876724 96.933960 196.311005 -119.621025               2584 
57.691368 98.881767 -100.602196 89.452515 144.701614 -136.106644 58.110783 99.437523 -90.671768 97.337944 195.202682 -120.053238               2602 
57.737579 98.732201 -102.121864 89.699150 145.534882 -136.141571 58.143852 98.892143 -92.271141 97.298325 195.575607 -118.579437               2621 
57.422871 99.532692 -103.538673 90.125076 146.725220 -136.113907 57.842564 99.086449 -93.863213 98.028206 196.151535 -117.013351               2639 
57.678463 102.209297 -108.631638 91.874687 149.965424 -138.296600 57.821152 100.800217 -99.300552 99.165230 198.538940 -116.902390               2657 
62.060001 102.275780 -101.778900 91.378159 144.480148 -142.722214 63.046234 102.319138 -92.500771 97.433342 196.508453 -131.468735               2675 
63.990406 104.442467 -99.769936 90.184769 143.433105 -145.613739 65.366516 105.137955 -90.616898 94.411095 196.484802 -139.456879               2693 
62.346550 102.630646 -99.398727 89.831017 142.539948 -143.591812 63.475040 102.786469 -90.200111 94.976105 195.241699 -135.448975               2711 
60.109272 104.312714 -104.437172 92.310417 145.992310 -143.444168 60.240349 103.816429 -95.236641 96.806053 198.151688 -132.067001               2729 
60.765572 104.507385 -106.358803 93.124138 148.051956 -143.071304 60.824436 103.460991 -97.232162 96.938835 199.687592 -129.306885               2747 
61.981697 103.421844 -106.806808 93.111389 148.657776 -142.515640 62.167217 102.067810 -97.717949 96.019341 199.925140 -127.236511               2765 
63.098309 102.285889 -106.581558 93.094582 148.325485 -142.227066 63.356201 100.824722 -97.500336 95.263649 199.502426 -126.527771               2783 
63.762012 94.460716 -100.897369 90.724594 141.749771 -137.316818 64.316628 92.872490 -91.848663 92.074547 192.791702 -121.094940               2801 
64.681564 93.658981 -100.749687 90.801025 140.883286 -137.848740 65.113136 92.160286 -91.685776 91.091240 192.175552 -122.380356               2819 
56.525932 104.992241 -97.235481 90.838097 134.270279 -144.825531 55.763905 106.495461 -88.302246 97.794426 187.374527 -146.166962               2838 
51.746590 113.972366 -96.556763 91.002144 131.181198 -146.388290 49.364109 117.398895 -88.577599 102.777512 182.392258 -156.829544               2856 
50.665325 120.871880 -93.727989 91.110916 130.740479 -144.975235 47.058369 125.841888 -86.804596 105.814362 179.790482 -160.728241               2874 
75.193367 170.191574 -64.453842 89.569077 135.263458 -119.544769 73.743073 179.537598 -62.939236 95.283585 158.049820 -167.694290               2892 
84.915726 183.563095 -50.550846 82.002907 136.262360 -98.042282 83.757141 193.662659 -51.106304 81.926292 147.548050 -150.414780               2910 
90.663620 187.730682 -43.065884 83.446014 135.773788 -85.454514 87.639442 198.430466 -44.793053 78.865349 141.575241 -138.516846               2928 
96.403046 189.894363 -35.150974 85.362320 137.761078 -77.047287 91.460007 201.466400 -37.043262 77.076775 143.101715 -129.707306               2946 
95.033791 190.433990 -33.568714 83.395012 138.731796 -76.915344 88.858574 202.937592 -36.683933 75.380722 144.117920 -129.612701               2964 
99.192940 191.222931 -33.649487 84.586746 141.489334 -80.184242 89.106033 204.621460 -37.041737 67.738998 148.288971 -130.584335               2982 
100.924362 199.146347 -34.209812 88.712387 152.226730 -86.215218 84.963631 211.010208 -36.691151 61.573277 158.064621 -132.037033               3000 
102.290138 199.986618 -30.422167 90.060287 155.938446 -86.625244 83.096077 211.697632 -33.748665 60.244671 161.346222 -130.807098               3018 
999.000000 999.000000 999.000000 999.000000 999.000000 999.000000 999.000000 999.000000 999.000000 999.000000 999.000000 999.000000             3036.0 
999.000000 999.000000 999.000000 999.000000 999.000000 999.000000 999.000000 999.000000 999.000000 999.000000 999.000000 999.000000             3054.0 
999.000000 999.000000 999.000000 999.000000 999.000000 999.000000 999.000000 999.000000 999.000000 999.000000 999.000000 999.000000             3072.0 
999.000000 999.000000 999.000000 999.000000 999.000000 999.000000 999.000000 999.000000 999.000000 999.000000 999.000000 999.000000             3090.0 
999.000000 999.000000 999.000000 999.000000 999.000000 999.000000 999.000000 999.000000 999.000000 999.000000 999.000000 999.000000             3109.0 
999.000000 999.000000 999.000000 999.000000 999.000000 999.000000 999.000000 999.000000 999.000000 999.000000 999.000000 999.000000             3127.0 
999.000000 999.000000 999.000000 999.000000 999.000000 999.000000 999.000000 999.000000 999.000000 999.000000 999.000000 999.000000             3145.0 
999.000000 999.000000 999.000000 999.000000 999.000000 999.000000 999.000000 999.000000 999.000000 999.000000 999.000000 999.000000             3163.0 
999.000000 999.000000 999.000000 999.000000 999.000000 999.000000 999.000000 999.000000 999.000000 999.000000 999.000000 999.000000             3181.0 
999.000000 999.000000 999.000000 999.000000 999.000000 999.000000 999.000000 999.000000 999.000000 999.000000 999.000000 999.000000             3199.0 
999.000000 999.000000 999.000000 999.000000 999.000000 999.000000 999.000000 999.000000 999.000000 999.000000 999.000000 999.000000             3217.0 
999.000000 999.000000 999.000000 999.000000 999.000000 999.000000 999.000000 999.000000 999.000000 999.000000 999.000000 999.000000             3235.0 
999.000000 999.000000 999.000000 999.000000 999.000000 999.000000 999.000000 999.000000 999.000000 999.000000 999.000000 999.000000             3253.0 
999.000000 999.000000 999.000000 999.000000 999.000000 999.000000 999.000000 999.000000 999.000000 999.000000 999.000000 999.000000             3271.0 
999.000000 999.000000 999.000000 999.000000 999.000000 999.000000 999.000000 999.000000 999.000000 999.000000 999.000000 999.000000             3289.0 
999.000000 999.000000 999.000000 999.000000 999.000000 999.000000 999.000000 999.000000 999.000000 999.000000 999.000000 999.000000             3307.0 
999.000000 999.000000 999.000000 999.000000 999.000000 999.000000 999.000000 999.000000 999.000000 999.000000 999.000000 999.000000             3325.0 
999.000000 999.000000 999.000000 999.000000 999.000000 999.000000 999.000000 999.000000 999.000000 999.000000 999.000000 999.000000             3344.0 
999.000000 999.000000 999.000000 999.000000 999.000000 999.000000 999.000000 999.000000 999.000000 999.000000 999.000000 999.000000             3362.0 
999.000000 999.000000 999.000000 999.000000 999.000000 999.000000 999.000000 999.000000 999.000000 999.000000 999.000000 999.000000             3380.0 
999.000000 999.000000 999.000000 999.000000 999.000000 999.000000 999.000000 999.000000 999.000000 999.000000 999.000000 999.000000             3398.0 
999.000000 999.000000 999.000000 999.000000 999.000000 999.000000 999.000000 999.000000 999.000000 999.000000 999.000000 999.000000             3416.0 
999.000000 999.000000 999.000000 999.000000 999.000000 999.000000 999.000000 999.000000 999.000000 999.000000 999.000000 999.000000             3434.0 
999.000000 999.000000 999.000000 999.000000 999.000000 999.000000 999.000000 999.000000 999.000000 999.000000 999.000000 999.000000             3452.0 
999.000000 999.000000 999.000000 999.000000 999.000000 999.000000 999.000000 999.000000 999.000000 999.000000 999.000000 999.000000             3470.0 
999.000000 999.000000 999.000000 999.000000 999.000000 999.000000 999.000000 999.000000 999.000000 999.000000 999.000000 999.000000             3488.0 
-39.791542 154.191147 77.776817 -3.525966 211.746429 38.315632 -41.854424 156.284470 60.332367 49.247044 204.445145 43.968216               3506 
-38.485119 154.097382 77.845787 -4.518422 213.910324 39.742035 -40.394135 156.324875 60.397556 48.452972 209.163254 46.203278               3524 
-39.774242 154.443619 77.834381 -7.713760 215.367905 39.851341 -40.866589 156.092850 60.249474 45.005726 214.355484 49.331932               3542 
-39.790497 154.538589 77.711983 -8.596393 215.965805 39.815575 -40.622433 156.048706 60.082874 43.952824 216.361771 50.240246               3561 
-39.695427 154.452164 77.770027 -8.579888 215.915497 39.927834 -40.574512 155.986374 60.080730 43.939804 216.405640 50.496296               3579 
-37.600750 153.640747 76.593277 -5.971864 216.740875 41.944904 -38.990643 156.448822 59.076759 46.868286 215.114929 50.635445               3597 
-37.176609 152.972519 76.472679 -6.678078 216.926102 42.379219 -38.475174 155.841507 58.933418 46.101974 216.471069 51.561264               3615 
-35.497894 150.937805 78.231178 -8.116987 214.781235 41.400196 -36.443996 152.898865 60.389923 44.123768 218.693069 52.618580               3633 
-33.349510 149.514771 81.828033 -12.010263 212.815399 40.347347 -34.390976 150.323273 63.731495 39.070969 223.534760 52.432629               3651 
-32.536137 150.316895 83.325859 -12.867838 213.562088 40.943615 -34.424034 151.382019 65.076210 38.326603 224.985474 51.847118               3669 
-33.942795 150.494003 83.465935 -12.417828 213.895584 42.234470 -36.465523 152.446732 65.129517 39.380657 222.961075 52.480675               3687 
-34.950214 150.620407 83.500191 -12.174181 213.957489 42.844936 -37.927429 153.198776 65.147614 39.951420 221.513184 52.647186               3705 
-35.423874 150.437256 83.303215 -11.993432 213.828873 43.106613 -38.785133 153.554764 64.988434 40.278728 220.587601 52.708275               3723 
-35.423416 150.348648 83.922104 -11.521158 213.423889 43.505379 -39.152390 153.836975 65.530838 40.839035 219.719177 52.940975               3741 
-37.200111 155.570236 86.898636 -4.345738 208.971939 39.440987 -40.859703 157.716522 68.121124 48.560814 207.539764 47.753414               3759 
-35.373180 158.127029 86.078163 0.797995 210.979950 40.452969 -38.609360 160.929260 67.160454 53.421329 206.855560 49.619476               3777 
-34.520741 159.353577 86.063187 2.767499 212.165894 41.297646 -37.605656 162.471130 67.021156 55.269100 207.009262 50.637989               3795 
-32.933563 157.862946 85.836617 2.781864 213.339737 43.054577 -36.252544 161.739792 66.820778 55.471714 208.915207 51.683258               3814 
-33.841503 154.592514 84.990891 -3.224002 215.027252 45.067947 -36.745972 158.555191 65.916206 49.122883 216.906265 56.316219               3832 
-33.542229 152.726883 84.650154 -4.766869 215.622086 47.064487 -36.740185 157.632217 65.906685 47.563854 218.583435 58.153976               3850 
-32.181240 150.533646 83.735336 -5.144413 215.328308 47.970085 -36.825596 157.174042 65.990486 47.592205 218.100616 56.993069               3868 
-32.116295 150.058716 83.200371 -5.414415 215.623245 48.462605 -37.450111 157.956985 66.277382 47.418217 218.261230 56.948185               3886 
-30.415974 151.048203 81.379349 -2.794655 217.624725 49.263432 -36.573105 160.720337 66.007126 50.478008 217.701233 54.943943               3904 
-29.632256 149.070023 80.819473 -4.308626 216.741913 48.989105 -36.273380 158.951202 65.825333 48.920891 218.712906 54.732319               3922 
-29.931229 146.866837 80.617386 -7.361359 215.037476 47.414505 -36.285564 156.175720 65.172523 44.957607 221.637405 56.870602               3940 
-31.213171 146.081497 80.339767 -8.761282 214.301285 46.538227 -37.026226 155.484955 64.833824 42.800987 222.907440 58.265018               3958 
-30.606728 145.450851 82.473656 -9.910710 212.732986 45.176079 -36.509937 154.643875 66.266594 40.819908 224.633514 57.627293               3976 
-30.985851 143.729782 82.364037 -10.034980 211.330902 45.310730 -37.241508 153.982315 66.406898 40.771145 223.185806 57.494732               3994 
-29.553722 144.801590 83.260071 -11.772326 212.052444 43.285133 -35.644688 154.271652 66.891670 38.242928 227.393494 54.834049               4012 
-31.250692 145.487076 83.601212 -11.855605 211.924255 42.745132 -36.643131 154.802216 66.943535 37.999535 227.178024 55.075527               4030 
-31.919689 146.307144 84.554794 -12.259593 211.893921 42.282326 -37.084747 155.367142 67.608421 37.573376 227.429535 54.347599               4049 
-31.910080 146.253082 84.731209 -12.408450 211.705002 42.080116 -36.709293 155.080566 67.236961 37.288300 227.630066 54.199360               4067 
-31.748405 145.019653 84.200203 -11.808785 211.228455 42.775551 -36.471825 154.397614 66.809334 38.459969 225.901291 54.089756               4085 
-29.485260 144.543945 75.431755 -9.469209 216.910828 45.778294 -35.009575 157.479218 60.681499 42.513802 226.921432 54.012703               4103 
-29.991978 144.412781 76.156120 -9.140558 216.429794 45.980480 -34.954273 157.006073 61.641186 42.968525 225.969727 53.973228               4121 
-30.695372 144.375198 76.492874 -9.273560 216.219116 46.041615 -35.156330 156.668289 62.309265 42.863789 225.579819 54.061916               4139 
