-20.719770 197.146011 89.813843 55.475098 149.540741 89.193687 -4.772663 160.448181 98.436890 77.518890 104.840096 92.587219                  0 
-20.359016 197.180420 90.035599 55.675690 149.369965 88.988609 -4.472894 160.475525 98.722214 77.620605 104.618973 92.359261                 17 
-21.075804 198.061646 89.803314 55.360458 150.928833 89.341919 -4.911881 161.584808 98.938583 77.695061 106.409180 93.183632                 35 
-22.122520 198.395401 89.473076 54.913513 152.302124 90.018372 -5.561776 162.148087 99.042580 77.826607 108.154404 94.661766                 53 
-22.902697 197.391846 89.302422 54.401745 151.801743 90.075562 -6.312016 160.842270 97.947563 77.531113 107.704201 94.079552                 72 
-22.670658 197.154465 89.656265 54.553764 151.472107 89.905212 -6.179151 160.434723 97.851456 77.625015 107.301735 93.410599                 90 
-21.989260 197.432281 89.749763 54.678650 150.868713 89.735771 -5.977044 160.458221 97.725853 77.227608 106.405869 92.928337                108 
-21.712761 197.679413 89.672508 54.759995 150.913681 89.654427 -5.899710 160.709000 97.782875 77.141251 106.368599 92.880424                126 
-21.336655 197.847931 89.544098 54.941608 150.921982 89.532646 -5.700382 160.953049 97.862892 77.156319 106.303101 92.887474                144 
-21.262846 198.256500 88.886780 54.988106 151.675949 89.632210 -5.670399 161.891403 97.914452 77.149605 107.094360 93.748260                162 
-21.278101 198.438629 88.388725 55.048466 152.322784 89.698723 -5.643478 162.548355 97.925735 77.258453 107.821884 94.386948                180 
-21.468090 198.433609 87.861389 55.026546 152.776566 89.635490 -5.734864 162.841660 97.859901 77.402733 108.418449 94.856293                198 
-21.447567 198.508698 87.732483 55.101547 153.070633 89.601997 -5.731399 163.059174 98.014999 77.536224 108.765282 95.016273                216 
-21.477573 198.488724 87.510414 55.133907 153.272629 89.665123 -5.789230 163.140167 97.969818 77.618881 109.009644 95.215408                234 
-21.210945 198.295792 87.740623 55.264099 152.936142 89.802185 -5.678691 162.904099 98.070808 77.607864 108.577682 95.157097                252 
-19.956524 197.463287 88.651550 55.445663 150.378311 89.307762 -5.315592 161.437485 97.865990 76.742310 105.355392 93.178352                270 
-20.100317 197.425446 88.466026 55.427467 150.627716 89.306038 -5.394480 161.517242 97.803337 76.839333 105.673874 93.340385                288 
-20.599812 197.436996 88.310387 55.331738 151.378769 89.401215 -5.598626 161.772369 97.959122 77.139862 106.653336 93.832245                307 
-20.976902 197.384644 88.122620 55.205101 151.820160 89.575768 -5.828765 161.877075 97.962288 77.248276 107.236023 94.260368                325 
-20.660727 199.186447 87.296227 55.132092 153.425629 89.101486 -5.697862 164.403793 97.971375 76.756866 108.774117 94.949951                343 
-18.614645 199.858231 87.058678 56.296921 153.032410 88.920723 -4.095017 165.786209 99.113754 77.121605 108.234398 96.341156                361 
-16.720882 198.584198 85.772095 57.850704 153.047943 86.867371 -2.028540 168.374222 101.042946 78.039497 108.196854 95.607185                379 
-13.414694 199.699982 81.116547 59.699383 152.792557 82.820320 0.998665 172.908554 102.637817 78.130440 107.363380 92.416069                397 
-10.373670 205.509689 69.977173 60.304493 155.546524 76.584541 2.262794 180.753845 97.374512 76.023872 109.616791 88.372421                415 
-7.747565 213.240723 53.943878 60.682766 161.695892 67.947372 3.202261 192.035858 88.649651 74.089951 116.127861 83.419731                433 
-3.807210 219.294266 37.470280 59.684151 163.081406 57.609535 2.047821 196.907745 75.181305 69.114632 116.646751 73.436150                451 
-0.826858 226.896088 18.324223 57.653294 167.648376 46.073917 0.245863 205.385986 60.468594 63.882938 121.645699 64.527565                469 
0.682104 230.433212 -2.240319 57.249931 172.735016 33.174133 -2.961406 209.795792 43.600849 62.991348 127.517517 53.619324                487 
2.315523 232.543503 -22.270000 56.391670 176.669418 20.234978 -7.079552 211.919067 26.287680 61.687862 132.003189 41.971386                505 
6.875940 237.876678 -41.401524 54.710644 178.932205 5.739970 -9.935143 215.389801 8.549793 57.395588 134.223419 27.864779                523 
9.086249 237.921631 -61.366192 52.891926 179.343628 -8.607788 -14.459200 214.241043 -10.041986 54.814571 135.501434 15.261800                542 
8.549163 234.945969 -81.111000 51.732121 180.721100 -22.531393 -20.710649 209.926239 -27.241295 55.011749 138.425186 3.848375                560 
8.895327 233.536331 -99.146431 50.193630 180.554932 -36.945515 -25.218035 206.880371 -43.053013 53.816196 139.671127 -8.467737                578 
7.048897 227.905945 -115.809464 47.997086 179.186615 -48.979111 -29.967171 200.465790 -57.585564 52.966934 140.678009 -17.546947                596 
5.330347 222.473541 -128.641602 46.040565 176.642563 -58.573078 -33.877693 191.788361 -69.255264 52.755375 140.186539 -25.084833                614 
2.906418 217.389938 -143.490036 40.261570 171.681366 -70.973236 -39.932274 188.238068 -83.227043 45.265575 136.174850 -36.190479                632 
-3.840140 205.307617 -155.312714 38.298634 169.957336 -79.657959 -43.884029 177.496780 -91.330360 46.991844 138.310989 -41.994587                650 
-7.042539 196.664688 -161.437012 37.795490 168.428818 -84.260941 -45.058453 168.955246 -95.491348 48.977535 139.562515 -45.052643                668 
-13.178709 186.538605 -164.450455 36.164520 165.849045 -87.601364 -46.847256 159.626038 -95.807381 50.768147 140.062927 -47.384422                686 
-13.432449 178.856857 -169.958160 34.828758 163.550415 -91.106323 -47.058071 152.105240 -101.922043 49.683121 140.128448 -49.556931                704 
-13.680838 178.319214 -171.343521 34.313400 162.375977 -92.182808 -46.249214 149.167664 -104.966820 49.285358 139.013596 -50.642078                722 
-24.018242 163.395889 -179.421631 30.222256 159.246689 -102.752014 -47.436893 135.619415 -110.850822 50.228970 141.238037 -60.668617                740 
-17.169813 156.253296 -187.359787 32.187889 157.565720 -107.259384 -45.051296 136.080063 -118.844009 48.739361 143.260071 -62.348476                758 
-16.220112 155.260147 -188.519638 31.948116 157.106293 -107.612221 -44.458668 134.790634 -120.755653 47.921154 143.191833 -62.370182                777 
-22.414234 155.194611 -195.132828 29.218750 153.021164 -116.105858 -49.234104 139.259338 -125.697098 45.566181 138.958328 -71.043777                795 
-27.102406 152.842148 -198.094650 27.464487 155.517746 -120.845787 -50.543346 141.199921 -127.201607 45.498047 144.896072 -75.485420                813 
-25.693413 155.947495 -198.023453 31.931826 159.974365 -122.927528 -46.280014 152.268250 -126.502556 50.739899 151.990387 -77.341293                831 
-24.064878 166.669739 -197.530060 34.821175 168.176819 -125.149353 -41.915611 162.535751 -132.340668 52.684452 155.696014 -80.196869                849 
-18.735266 175.103210 -192.772644 41.425175 176.938721 -122.792343 -34.052284 174.380005 -132.254639 58.379410 162.529968 -78.065018                867 
-15.768515 179.386002 -187.221527 47.016758 184.833954 -120.389259 -27.913918 181.885590 -128.534653 65.295654 171.367340 -75.890671                885 
-7.330684 171.863525 -147.145905 50.824707 196.095505 -117.891220 -20.446339 195.986710 -126.741631 71.118744 178.809799 -75.642563                903 
7.175993 171.371140 -134.186737 58.678749 203.071777 -107.703117 -9.570607 201.716827 -123.183533 77.257652 182.730972 -66.029762                921 
16.599335 175.178635 -131.876999 65.756905 206.066330 -101.315231 -0.564435 206.312408 -121.211174 82.311363 182.003250 -60.787338                939 
27.677158 176.958145 -127.959366 74.164070 208.766174 -94.540337 9.057575 207.709564 -117.651428 89.612923 183.804016 -54.119850                957 
34.377659 170.831436 -118.173637 81.585518 205.440247 -89.041588 16.772276 203.196304 -111.888786 96.850830 184.775696 -46.198402                975 
44.744297 171.380447 -112.978439 90.774963 205.386948 -81.399017 27.192539 203.872330 -106.943810 104.362900 183.730682 -38.480881                993 
54.788109 170.296005 -108.016510 99.444557 203.976196 -74.180946 37.183353 202.833588 -102.358719 111.396912 181.667648 -31.110514               1012 
61.339615 168.484436 -106.141159 105.552750 200.289078 -69.951202 44.814251 201.268509 -100.588585 115.446274 176.701813 -27.040230               1030 
69.373383 166.433487 -105.349983 111.195984 198.589996 -66.670349 51.712341 198.376373 -99.422676 120.550217 173.957581 -24.228216               1048 
78.686401 171.888748 -110.971680 118.362114 195.783600 -60.431496 62.004982 200.335861 -97.893585 123.744751 166.617584 -20.232458               1066 
77.930107 164.690811 -102.292305 118.325073 191.708176 -62.745476 60.947559 193.913467 -97.362671 127.210266 162.726425 -23.037739               1084 
78.954933 157.414536 -93.447365 119.871277 185.863297 -62.876469 63.250309 186.932358 -96.564827 130.105286 157.468979 -23.069172               1102 
75.758934 145.718674 -83.896393 120.933907 174.503555 -63.509674 64.428650 173.364288 -94.150490 132.883148 151.122711 -21.010918               1120 
72.361870 131.095627 -75.232491 117.187851 165.869278 -70.245117 58.890430 153.286026 -90.646637 138.442978 152.476120 -27.066004               1138 
72.898552 123.046684 -72.805786 116.508163 159.363815 -74.035057 58.608341 142.225327 -90.357750 140.709656 150.652847 -31.209841               1156 
74.379776 122.804123 -74.727615 120.217499 156.006134 -76.501816 61.348980 142.589081 -92.400795 144.321442 145.311951 -34.072735               1174 
72.934807 113.020409 -72.145500 117.538162 147.563446 -75.506065 58.949074 131.847870 -90.215256 142.647766 138.495087 -33.282070               1192 
73.991905 105.048622 -68.059502 117.913963 140.251984 -71.923080 59.199100 123.954666 -85.506516 144.220749 130.621765 -30.561214               1210 
72.983116 97.557518 -67.394173 116.191765 133.531815 -71.000603 57.868713 116.107101 -85.025978 142.392578 124.278038 -29.485815               1228 
73.152695 90.613388 -65.840096 114.741173 127.956291 -72.322487 56.761848 107.675354 -83.901688 142.401443 121.510101 -31.225670               1247 
71.388039 98.232658 -64.961327 117.595192 127.550819 -73.435493 59.449100 114.008614 -88.277115 141.595215 120.117241 -30.257566               1265 
71.532494 103.008087 -63.750118 120.232651 125.923813 -73.807175 62.747066 116.113121 -90.861038 141.625702 119.009010 -29.196465               1283 
72.237480 99.629890 -62.279564 120.163788 123.430878 -74.269165 63.672287 110.283394 -91.008408 141.794632 119.115952 -29.446405               1301 
72.907745 95.301254 -61.325031 119.556190 120.984726 -74.969734 63.816601 104.383179 -90.799789 141.719376 119.193916 -30.235197               1319 
72.396065 92.501732 -61.969971 118.623451 119.389786 -75.340073 63.688759 101.022911 -92.009529 139.925583 118.859467 -30.156778               1337 
71.899132 84.160248 -50.740490 111.759468 112.748199 -76.216118 57.517517 86.759438 -79.934494 139.983429 121.695534 -35.980000               1355 
71.476402 84.969795 -53.772594 112.868774 113.063034 -77.667191 58.621555 87.721329 -83.669456 139.669876 121.227898 -36.307446               1373 
71.316551 85.149109 -54.692429 113.233246 113.166473 -78.143944 59.019878 87.910332 -84.831039 139.554398 121.092354 -36.431004               1391 
70.746269 85.569359 -56.229591 113.411461 113.858269 -78.325218 59.266598 88.854065 -86.650078 138.798798 120.859169 -35.874504               1409 
69.318352 88.295303 -58.873196 113.969437 115.522842 -78.817551 58.503601 93.126991 -89.363548 137.804214 120.880226 -35.242397               1427 
71.504517 92.669205 -58.346230 116.799965 118.088776 -79.797943 59.552742 98.311325 -88.328896 141.999619 122.735542 -36.914635               1445 
77.028671 97.810501 -46.988274 118.129181 119.961823 -78.682785 60.458973 98.532936 -75.283859 148.591858 132.537354 -41.139816               1463 
83.476601 108.712471 -41.806206 119.431808 128.714813 -81.340927 63.174828 105.715904 -67.229408 152.795120 148.742706 -50.014179               1481 
82.871056 119.871918 -35.224037 116.421768 137.850830 -78.987228 60.925560 115.834007 -58.337120 151.144379 161.442429 -51.906441               1500 
88.658630 155.531845 -106.940010 116.485481 124.312630 -30.541069 44.232449 126.253510 -50.517960 125.194893 106.306732 15.235846               1518 
94.400673 201.573517 -81.362732 121.127914 132.131561 -18.297073 44.211971 141.388443 -33.416935 130.631058 99.410675 18.235468               1536 
98.397430 206.870651 -72.289627 126.170319 137.364288 -7.979340 49.237659 152.315094 -16.660700 136.765366 105.420639 28.938694               1554 
91.292313 212.975174 -61.814133 124.656052 144.062241 0.684511 48.908199 163.673599 1.730570 138.749161 112.594162 36.833324               1572 
79.632820 224.678864 -32.087021 116.645355 151.352432 14.197618 47.756248 173.931412 17.927517 131.064743 111.716805 40.968685               1590 
68.113762 226.482101 -15.209639 112.544891 154.153641 23.082298 46.607391 175.955856 30.627241 129.526443 112.388580 44.597389               1608 
55.459244 224.133087 -3.144292 109.792534 159.199844 32.862579 45.284824 179.200226 45.650921 130.979980 118.999947 53.614750               1626 
45.172089 218.609039 9.954532 106.438171 159.593216 41.905247 43.249863 178.620941 59.276737 130.285278 120.149597 61.169445               1644 
37.650150 213.298325 23.435755 98.823212 153.535599 49.311146 39.790340 178.699371 71.656898 120.297325 111.832390 66.495361               1662 
27.037748 208.190247 34.051388 93.987549 155.566071 55.764359 35.833492 179.507874 80.961952 117.685081 114.772774 72.193787               1680 
16.635952 200.574982 42.497814 89.515366 158.987335 62.940144 30.894485 180.599182 88.757202 116.677475 121.065445 80.821495               1698 
9.117630 194.648590 52.012146 84.992050 159.259842 68.115120 27.016050 179.292679 96.203835 114.273369 122.481781 85.013969               1716 
4.708377 187.257828 59.091434 81.739578 155.351608 72.690048 23.738453 173.681519 101.602386 111.885689 118.712532 88.322792               1735 
0.260369 181.060043 64.322586 78.746269 153.653931 76.604271 20.446198 169.847015 106.002937 110.461769 118.186310 91.828194               1753 
-4.316496 175.869492 68.804176 74.998650 153.069168 79.831062 15.963236 166.098267 109.176064 107.890465 118.236061 93.986465               1771 
-6.790984 171.798462 73.264008 73.058266 152.833954 81.927452 14.181087 164.010559 112.233894 106.999855 118.610695 95.054901               1789 
-7.999061 168.087219 76.319458 71.505341 151.452118 83.348312 12.637757 161.744095 113.843048 105.473946 116.889854 95.479935               1807 
-8.592358 165.000198 78.517159 70.433441 149.985458 84.656723 11.533219 160.172577 114.678391 104.183800 115.087334 96.430733               1825 
-8.702332 163.626556 80.902420 69.494659 146.525528 86.090088 10.981847 158.178787 115.182083 101.742844 109.958183 96.974762               1843 
-9.131067 162.778152 83.114288 68.846458 145.779861 87.502975 10.327066 156.737900 114.409492 100.747932 108.689079 97.610489               1861 
-9.915149 161.131073 84.680191 68.223351 145.967239 88.065041 9.661703 155.614227 113.065300 100.631584 109.277077 98.021454               1879 
-10.175519 159.713364 85.771027 67.945229 146.003387 88.506111 9.299598 154.544907 111.160614 100.570976 109.506172 98.461304               1897 
-10.320477 158.669678 86.775017 67.707199 145.286270 88.782394 9.183819 153.679825 110.595322 100.218712 108.624840 98.505280               1915 
-10.508496 157.904617 87.260529 67.518715 145.145203 88.732971 9.059530 153.360764 110.434448 100.123177 108.538658 98.350761               1933 
-9.258877 155.396545 88.458450 67.887566 138.797684 88.595825 9.969421 148.809967 110.429161 98.325745 99.835022 95.738647               1951 
-9.111012 155.002670 89.997551 68.076942 139.310791 88.929634 10.404444 149.138214 111.109482 98.758911 100.506439 95.888908               1970 
-9.087099 154.695053 90.542542 68.056740 139.118942 88.929497 10.492826 148.939056 110.979691 98.614532 100.156487 95.543213               1988 
-8.998787 154.743332 91.382423 67.988449 138.716705 88.905632 10.726296 149.071060 111.298698 98.187157 99.418617 95.173874               2006 
-9.528745 155.461197 91.592567 67.377861 138.983429 89.105515 10.212045 149.866974 111.474113 97.337044 99.544395 95.632622               2024 
-10.463279 156.351532 91.763680 66.174896 138.459351 89.376740 9.134272 150.219940 111.600250 95.349411 98.394112 95.639069               2042 
-11.040595 157.077805 91.933571 65.137802 136.877075 88.710258 8.656951 150.158173 111.493668 93.165062 95.921455 94.428871               2060 
-11.560689 157.900757 91.550606 64.399330 136.542816 88.643524 8.074144 150.896118 111.284317 91.811432 95.230415 94.763565               2078 
-11.611076 158.516571 91.655464 63.781445 134.961853 88.238739 7.880126 150.450256 111.274467 89.981834 92.742180 93.399254               2096 
-12.204629 158.774246 90.999466 63.203255 135.175110 88.700203 7.082177 151.160187 110.938362 89.242172 92.979286 94.789467               2114 
-13.568297 158.856110 90.463600 62.166779 136.464859 89.011276 5.703768 152.258957 110.527473 88.587677 94.656059 96.050606               2132 
-14.012002 158.255249 90.647385 61.845188 136.356430 89.185852 5.398738 152.315964 110.622581 88.364655 94.693260 96.701843               2150 
-14.247731 158.449158 90.612160 61.596863 136.432800 89.518936 5.132554 152.717407 110.658455 88.024261 94.803101 97.528511               2169 
-16.032261 159.478561 90.248398 60.211517 138.811661 91.045952 3.050194 154.551102 110.461250 87.159294 97.841606 100.578209               2186 
-17.877850 160.073395 90.337212 58.794800 141.093460 92.440208 1.027006 155.808533 110.137924 86.452705 100.919807 103.243477               2205 
-18.769642 160.849152 90.553825 57.792820 141.415817 92.962128 -0.009627 156.372070 110.194984 85.043839 100.920998 103.599014               2223 
-18.828686 160.839142 90.872101 57.631138 140.947693 93.168182 -0.050347 156.337128 110.210938 84.557732 100.251694 103.863350               2241 
-17.927443 159.397659 92.281120 58.422558 139.944672 93.202148 0.985759 155.313232 110.940529 85.277840 98.990952 103.060104               2259 
-18.381861 158.635452 93.077118 57.962120 140.715714 93.460030 0.512003 155.975052 111.146141 84.942970 99.872688 103.433693               2277 
-18.907192 158.738876 93.691933 57.413910 141.089508 93.952759 0.004217 156.567963 111.365395 84.198624 100.136497 104.003723               2295 
-19.037739 158.544205 94.193604 57.237324 141.262085 94.251938 -0.142508 156.821091 111.643402 83.948906 100.252907 104.268486               2313 
-19.094969 158.406891 94.421974 57.172134 141.273529 94.197853 -0.146438 156.878860 111.746880 83.850563 100.210159 104.079849               2331 
-19.099033 158.113083 94.874565 57.065170 141.026871 94.221077 -0.119202 156.903778 111.998962 83.520187 99.760071 103.853065               2349 
-18.391243 157.235535 95.678055 57.514748 140.078568 94.290184 0.599578 156.463318 112.475578 83.575127 98.472580 103.530907               2367 
-18.408674 156.860184 95.840950 57.492847 140.100525 94.278328 0.585719 156.491333 112.514137 83.577034 98.514839 103.543243               2385 
-18.489666 156.697632 96.162148 57.368504 139.950211 94.345444 0.575059 156.655319 112.727425 83.356621 98.344398 103.788284               2403 
