-5.871290 121.047981 82.291069 42.110340 137.285706 74.851257 -2.425151 159.651932 97.793877 68.656509 96.644897 87.422478                  0 
-6.061573 122.410858 80.618172 42.903492 137.834610 73.584702 -2.537485 162.009399 98.253098 69.145683 97.176971 86.726768                 17 
-6.137189 126.955544 79.566544 43.523251 141.099930 71.992653 -1.018041 165.990189 100.523491 68.985306 99.147987 82.294495                 36 
-8.609126 136.823669 76.976906 40.616035 151.890121 67.452515 -4.697016 177.908707 95.348938 67.727859 111.833473 80.674591                 54 
-12.251567 148.117081 64.428177 38.768032 159.578232 57.575169 -6.489759 188.477615 83.986267 62.704060 117.863342 71.764740                 72 
-13.692323 154.522278 49.096912 38.176743 164.715683 46.795029 -9.130498 193.926010 72.112137 60.038937 121.837265 60.862545                 90 
-14.588413 158.127945 35.697803 37.830784 167.795532 36.031750 -11.867255 196.013275 59.946178 59.144169 124.586975 49.930290                108 
-17.750120 165.630478 18.023388 35.407860 173.575211 21.436417 -17.848331 200.392197 41.431385 55.327389 129.716110 35.364857                126 
-19.634968 168.634766 -0.172145 33.700916 177.122543 6.607913 -23.487427 201.813644 20.532948 53.605206 134.347229 23.593231                144 
-12.799635 211.341537 -30.907228 41.695473 173.555878 2.332583 -21.396040 184.551117 5.898775 66.652130 141.500793 31.727259                162 
-12.263869 215.011124 -54.058754 44.207825 171.418854 -9.190278 -20.962257 174.067627 -10.340016 69.713310 142.233109 22.622808                180 
-12.391028 214.630722 -74.243385 42.635624 169.515152 -23.948427 -23.183435 170.678070 -28.579859 66.651443 140.442184 9.103251                198 
-12.588369 211.570801 -92.711998 39.801193 166.929123 -37.631058 -26.626417 166.445786 -45.992397 62.127323 138.586014 -2.808336                216 
-13.481481 208.780441 -110.614975 35.990772 163.944992 -52.065228 -31.735771 161.915451 -62.967953 56.697128 136.056244 -15.900672                234 
-16.150713 202.241974 -124.516693 33.431622 159.272903 -63.933735 -36.062714 155.242752 -73.788704 54.417046 133.008820 -26.728640                252 
-20.177107 192.410812 -136.149261 30.507000 153.379196 -73.411232 -39.837753 145.948685 -82.788162 52.213928 129.433472 -35.072987                271 
-29.315029 178.214188 -150.411667 25.855385 150.995926 -84.864212 -44.146469 136.041809 -90.873528 50.497055 133.798447 -44.721416                289 
-33.567978 161.931992 -159.948090 24.013645 147.720581 -92.251045 -44.471283 125.807106 -95.364410 50.307312 137.706848 -50.744678                307 
-34.631607 147.636948 -169.038422 22.687710 145.372894 -99.596031 -44.321476 118.840248 -100.573708 48.960846 142.008408 -57.018894                325 
-36.511887 154.132660 -176.799973 18.407948 143.314606 -106.157776 -48.485519 117.130486 -112.730476 43.257198 134.650681 -63.474510                343 
-40.752907 149.914825 -181.486160 15.524799 142.024460 -111.465843 -52.299873 117.924667 -114.950768 41.149517 135.388718 -68.877693                361 
-41.748291 145.398102 -187.852203 13.928282 140.464203 -117.033829 -53.676128 117.964989 -120.776489 39.174915 135.725357 -73.969223                379 
-41.897060 148.136826 -190.225082 13.111617 142.579697 -118.890182 -53.662212 120.845772 -124.675423 37.969215 137.414047 -75.648697                397 
-37.231182 165.583679 -195.840881 16.462008 149.987122 -124.936897 -51.006054 133.779877 -133.685379 40.454731 139.340286 -82.212151                415 
-34.551292 183.481033 -192.970505 18.327959 159.249496 -123.769035 -48.202061 145.692245 -135.618408 41.861794 143.698700 -82.311333                433 
-31.872181 192.030579 -191.687866 21.290245 169.983856 -121.785980 -42.652409 151.789551 -136.406250 45.210102 155.358063 -80.212723                451 
-30.536549 198.956879 -189.613708 22.635206 175.164444 -120.090317 -40.163082 156.099075 -136.162567 46.784267 159.835052 -78.904854                469 
-21.087236 212.483917 -186.554825 28.811010 181.023071 -117.473724 -35.060772 169.282715 -134.075882 51.328148 162.666000 -76.603119                487 
-17.892090 219.179337 -183.098526 32.788517 184.485580 -115.994728 -30.832321 173.474991 -132.254379 56.120464 164.846481 -76.191017                506 
-3.758766 229.778030 -184.841125 42.032169 192.014969 -115.743195 -21.790815 187.619583 -132.586823 62.960510 171.751205 -74.929047                524 
-4.464381 181.826294 -158.606171 48.604095 192.296066 -112.945656 -14.667838 186.007950 -129.222717 70.617195 174.815125 -71.421570                542 
14.064015 160.348099 -129.220291 55.137398 190.453934 -111.360344 -7.605919 187.794083 -129.174438 75.202599 175.029358 -68.072006                560 
22.591238 160.805435 -119.606308 63.039318 190.777130 -108.057770 -0.000888 195.045547 -123.870911 83.030212 173.519379 -65.432144                578 
33.202400 157.669907 -109.540207 72.982506 188.165604 -102.809319 9.911605 192.840714 -118.062729 93.325691 173.388245 -59.425053                596 
47.179264 165.433884 -114.234703 84.073120 193.157166 -94.238701 23.860592 202.054092 -117.118401 98.344528 167.138184 -53.819035                614 
54.553905 169.297867 -116.821854 89.762161 193.581497 -90.525055 30.966625 205.985809 -115.183327 102.037643 161.243164 -54.221420                632 
55.923828 159.411896 -116.380318 89.618301 188.376419 -93.095688 29.501022 193.948471 -116.573959 105.823029 159.695251 -55.290829                650 
59.650249 151.916626 -117.626846 91.722000 183.820007 -96.020073 31.409681 184.410309 -118.894127 110.489967 157.515228 -57.676468                668 
60.716442 129.056046 -109.523674 94.337944 163.292419 -95.094902 34.822201 160.518936 -118.238373 112.615715 144.493973 -52.352051                686 
61.635910 122.900780 -108.245995 98.328110 154.663879 -95.862610 40.515980 152.362961 -120.271576 115.580261 136.247742 -52.531116                704 
61.473221 121.414139 -107.861382 99.976906 151.019958 -95.709877 45.740139 145.362030 -122.122841 117.756920 130.294769 -53.653393                722 
65.812241 117.173050 -109.730453 105.155312 144.112122 -94.515823 55.036530 137.818817 -126.036621 120.130455 120.314964 -52.996548                741 
71.157425 95.661987 -82.954140 107.579613 129.326096 -89.572075 57.090961 102.462578 -104.972626 131.306931 129.502396 -45.397499                759 
75.914116 90.877800 -70.902542 111.073753 123.302094 -85.559555 61.824017 91.721313 -93.034157 137.157333 131.759918 -43.577156                777 
78.092552 82.821854 -63.838684 111.201759 115.635864 -81.956009 63.271996 81.527275 -85.238091 139.216156 126.966751 -41.940830                795 
79.849693 76.502373 -55.397095 112.554146 108.044365 -76.238968 63.665947 75.259010 -75.762642 143.915970 118.471161 -38.527859                813 
79.970703 75.181679 -58.780136 114.134178 106.122749 -78.073853 65.153664 73.632919 -79.970840 143.884506 115.900215 -38.911007                831 
81.064430 74.760643 -59.581024 116.019241 105.563164 -77.676353 67.023613 73.263435 -81.106400 145.027527 114.379196 -37.736309                849 
80.708771 74.822502 -58.957603 116.122902 105.279839 -76.862419 66.726540 73.477013 -80.551079 145.005615 113.734459 -36.753593                867 
75.989136 78.069946 -53.151447 114.721954 102.333267 -73.586105 61.450691 77.096115 -74.414078 145.288025 109.601471 -34.505447                885 
76.368057 79.609100 -53.662472 115.546280 103.189514 -74.138222 61.643894 79.290367 -74.813721 146.639130 109.099968 -35.244640                903 
77.850014 80.377106 -53.851631 116.382309 104.871521 -74.605286 62.680534 80.438698 -74.815796 148.171921 110.093163 -36.179188                921 
80.111267 79.241158 -53.617634 116.981827 106.842293 -73.591827 63.416039 81.202271 -73.341278 150.654633 108.645485 -36.479820                940 
140.080032 125.451233 -155.051163 132.419159 116.493340 -72.398781 45.145977 124.025970 -95.491898 124.115967 107.560875 -23.760544                957 
140.370117 169.492889 -147.114059 130.260971 122.048119 -65.594147 29.625137 122.895287 -82.566055 123.535645 98.075890 -22.068155                976 
130.289688 195.325989 -130.691040 128.886383 131.132126 -58.352604 25.442310 133.200287 -63.362480 126.691521 100.605141 -18.632385                994 
126.114838 205.922852 -122.644096 126.313568 139.488831 -51.957870 23.023531 142.780487 -54.403904 124.864677 107.622482 -13.268779               1012 
120.614304 229.605698 -102.664268 120.879196 152.089630 -44.104805 19.367176 165.665161 -34.535580 119.792809 114.331055 -11.127241               1030 
115.199669 242.139297 -86.454216 114.743965 160.049133 -34.401596 15.483423 178.989029 -16.386541 113.511787 119.772522 -4.557240               1048 
104.649223 248.875366 -72.522957 108.180878 165.944977 -21.842104 11.878547 186.619675 6.588983 109.237144 125.220810 7.395482               1066 
87.594864 253.468521 -63.553867 101.866920 172.596405 -11.402089 8.374326 188.901962 27.128683 108.589966 132.971985 18.583162               1084 
69.822945 256.203247 -54.475731 93.304665 177.821976 -1.796763 6.563297 195.327103 46.468971 105.050056 139.596939 28.457199               1102 
43.309929 201.958817 -12.975828 93.941193 170.726715 16.319050 26.103786 187.779465 29.657398 110.729332 134.002609 46.049644               1120 
35.153214 173.878174 31.420019 91.234306 165.353485 30.487860 24.184954 186.780319 48.002171 109.235107 125.987274 55.799564               1138 
28.258535 165.976135 49.218689 84.391014 160.428055 39.426674 19.921093 184.548904 63.773117 105.479408 122.511002 64.566017               1156 
20.099003 161.534103 59.145077 76.373474 158.450211 47.223373 11.991844 179.829163 74.694244 100.290245 121.454048 71.175041               1174 
12.089699 155.811432 67.669563 68.282036 158.475510 54.693951 2.721177 174.424683 83.714615 96.528847 124.921524 78.997414               1192 
6.659227 151.538422 75.064285 62.878601 157.579819 62.170670 -3.203853 170.634903 92.359650 93.434807 126.203163 86.588562               1211 
-0.651161 150.008255 77.341736 58.246334 156.130310 68.614212 -8.549685 166.923630 99.320480 90.067505 126.072594 93.075539               1229 
-5.147517 146.801834 77.410606 56.322544 148.370361 72.692963 -10.210729 159.674957 104.388489 86.587044 114.745468 94.322487               1247 
-8.675104 146.138062 79.101242 54.016109 147.568787 75.850967 -12.692638 157.412735 107.826866 85.106865 114.563339 97.261604               1265 
-10.961718 146.767487 80.159737 52.744400 147.228531 77.574364 -13.781995 157.783234 109.684296 83.994415 114.697678 99.473915               1283 
-12.268671 145.765717 81.323517 51.928944 147.305176 79.155014 -14.782777 156.971344 110.756340 83.985901 116.004547 101.672379               1301 
-13.179646 144.577271 84.738258 50.910824 149.547653 82.364990 -16.149641 155.735245 111.363525 84.666870 120.993408 106.020737               1319 
-12.381493 144.067825 87.264343 51.917015 146.082703 82.890976 -13.669974 153.354095 110.713310 85.042465 115.519196 104.867950               1337 
-12.649939 144.665817 88.261818 51.801674 146.489639 83.357483 -13.379676 151.960403 107.840111 85.068954 116.061340 105.307793               1355 
-12.456113 145.023010 89.886124 52.341961 145.038361 84.504181 -12.298503 150.834106 107.315125 84.938873 113.372482 105.696724               1373 
-11.709439 145.308289 91.058014 53.795345 142.907745 85.101639 -10.260020 149.828995 107.658775 85.551575 109.673203 105.137047               1392 
-12.230540 146.197739 91.934700 53.916134 143.799454 86.469872 -10.163635 149.968781 107.242744 85.663551 110.814484 106.927223               1409 
-11.491754 146.705429 93.095825 55.422558 142.653091 86.410927 -8.002280 149.592300 108.198021 86.887749 108.616425 105.538300               1427 
-11.489223 147.593582 94.298981 56.002079 143.293884 87.370461 -7.263976 150.691895 109.377403 87.588295 109.642677 106.974472               1446 
-12.235708 148.650986 95.275009 55.814213 146.065720 89.693077 -7.970503 151.959793 109.656693 87.919525 113.842270 110.795380               1464 
-12.348015 149.141663 95.434067 56.357506 145.879700 90.300285 -7.419259 152.102295 109.877640 88.173508 113.386215 111.426704               1482 
-13.079706 149.679489 95.232964 56.227570 146.087555 90.460396 -7.534061 152.316299 109.565643 87.936226 113.568771 111.708916               1500 
-12.778434 150.000488 95.449997 57.426662 144.355377 89.823341 -5.802309 151.336960 110.057648 88.730110 110.449646 109.442345               1518 
-13.089688 151.696899 95.544502 58.580769 142.660843 90.105904 -4.214423 151.017181 110.996056 89.081261 107.499512 108.755592               1536 
-13.936649 153.726929 95.212349 59.238960 141.949829 90.406601 -3.344023 150.957550 111.603928 89.325470 106.186615 108.578140               1554 
-14.520613 154.749207 95.187210 59.462856 141.935211 90.494911 -2.982019 151.155380 111.944321 89.509445 106.067780 108.526535               1572 
-14.875710 155.253128 95.530052 59.735523 141.475189 90.305428 -2.421092 150.673996 112.516670 89.899590 105.386497 107.687767               1590 
-15.351655 156.024612 95.831200 59.907825 141.166122 90.533882 -2.070258 150.467346 113.120964 90.073212 104.924820 107.593422               1608 
-16.118275 157.846359 96.525002 59.629295 142.058243 91.941109 -2.349810 151.903427 114.037682 89.644157 106.045158 109.733681               1626 
-16.650211 160.630966 97.398506 59.387428 142.949203 92.031502 -2.031570 153.651428 114.733185 89.297241 106.823311 109.772232               1644 
-16.931988 162.594070 99.272385 59.277996 144.469559 93.114937 -1.658725 155.887726 116.358604 89.585747 109.082451 111.651474               1662 
-18.535770 161.445480 99.746414 58.653728 146.605225 95.322716 -3.156747 155.250366 116.556160 90.130844 112.933540 115.066536               1681 
-19.142046 161.972641 100.268417 58.163307 147.128754 95.960167 -3.702644 154.946930 116.169411 89.563423 113.259583 115.487625               1699 
-21.121103 162.522827 99.902168 56.587013 148.713654 97.578766 -5.807471 155.014145 115.202690 87.950935 115.352913 118.018326               1717 
-21.108917 163.121674 100.150803 56.654980 148.364914 97.741219 -5.648801 154.858444 115.151451 87.711678 114.498878 117.815651               1735 
-20.872145 162.943726 100.352699 56.965569 148.159973 97.754257 -5.270919 154.710907 115.188004 88.073196 114.418983 117.959984               1753 
-20.135958 162.526337 100.430656 57.600204 146.927994 97.387985 -4.430022 154.395432 115.085030 88.434013 113.057350 117.795486               1771 
-20.048185 162.628006 100.574150 57.652012 146.752914 97.377304 -4.300746 154.500931 115.215714 88.448814 112.904388 117.877151               1789 
-19.773258 162.667969 100.852470 57.921490 146.492249 97.351028 -3.910526 154.563156 115.489479 88.738220 112.696091 117.907265               1807 
-19.961329 162.849350 100.842476 57.855862 146.403290 97.375351 -3.927149 154.630371 115.587708 88.673714 112.660965 118.018166               1825 
-19.236723 161.143417 101.253548 58.665844 143.889984 96.707680 -2.847647 152.046341 115.803238 89.452499 109.352745 116.040833               1843 
-19.564165 161.109268 101.489021 58.623127 143.701630 96.339249 -2.706649 151.568115 116.065590 89.721970 109.178337 115.191689               1861 
-19.911377 161.458115 101.198219 58.571232 143.695877 96.297195 -2.715105 151.605179 116.045929 89.768623 109.356941 115.322693               1879 
-20.782160 161.578156 100.944099 58.043373 143.637344 95.905457 -3.083113 151.439819 115.905968 89.563889 109.658089 115.043823               1897 
-21.452919 162.396652 100.459183 57.779484 143.518921 95.697197 -3.188125 151.518997 115.936584 89.444000 109.757202 114.982285               1916 
-23.885214 162.383270 100.428200 55.833908 143.184433 94.387146 -4.626018 150.859055 116.045387 88.223671 109.704681 112.945702               1934 
-25.548294 165.013214 99.129997 54.568264 143.802582 93.615334 -5.549130 152.255753 115.668152 87.029999 110.569580 112.488945               1952 
-25.762196 164.716736 98.328751 54.635311 142.406265 92.583023 -5.023795 151.500259 115.432983 87.434708 109.583740 111.590691               1970 
-26.185415 164.301468 97.978790 54.683079 142.357056 92.544998 -4.884049 151.292923 115.547569 87.963806 110.151726 111.770500               1988 
-25.841879 162.299011 98.140945 55.405136 140.832413 93.140282 -4.016780 150.175644 116.312607 89.090096 109.323616 112.810791               2006 
-25.637264 161.523926 98.555481 55.995838 140.922379 93.576385 -3.097643 151.125168 117.618477 90.281166 110.294838 113.598373               2024 
-25.411682 160.709976 98.997559 56.384239 140.424622 93.342148 -2.306489 151.140640 118.396965 91.014229 109.862617 112.864883               2042 
-24.656500 159.383713 98.777840 57.099545 138.897491 91.889450 -1.186679 149.524399 117.933044 91.861313 107.808090 110.314392               2060 
-24.174910 158.771790 98.589668 57.463509 137.934479 91.030609 -0.552208 148.782486 117.649147 92.144287 106.375824 108.798683               2078 
-23.064327 159.282532 98.804771 57.685959 135.938416 89.352371 0.363500 147.771576 117.179573 91.112923 101.926147 104.851204               2096 
-22.374973 160.450806 98.698509 57.703320 135.203217 88.322502 0.850661 147.970306 116.780991 90.157135 99.745384 102.601936               2114 
-22.324543 160.762344 98.287155 57.371407 134.664627 87.076584 0.982351 148.115372 116.275276 89.448326 98.620514 100.725853               2133 
-22.157341 160.948761 98.457520 57.400455 134.569672 87.163361 1.063153 148.277786 116.382187 89.200455 98.207802 100.616394               2150 
-22.130074 160.854065 98.559929 57.400314 134.561859 87.159454 1.073300 148.326065 116.378860 89.151054 98.144348 100.578285               2169 
-23.653976 160.853210 97.593811 56.553993 136.143997 87.721573 -0.553816 149.079407 115.762726 88.715424 100.427216 102.017166               2187 
-21.393469 161.830597 99.602325 57.173660 133.749893 86.033386 2.011493 149.011215 116.777664 88.248756 96.426849 98.512886               2205 
-20.934601 161.928925 98.836815 57.829678 134.394928 85.133659 2.825516 149.794006 116.135712 89.407692 97.658249 98.081833               2223 
-20.297451 163.843307 96.806458 58.728565 135.846771 85.703659 2.877093 151.652786 115.016327 89.584206 98.820511 99.538223               2241 
-20.990189 170.158340 90.677345 58.503914 141.921158 84.497948 0.693125 157.107086 110.162689 87.969650 104.062508 99.089134               2259 
-19.386919 178.398727 74.186958 59.792824 150.605484 83.314255 -2.248169 165.008163 97.216835 85.610359 111.753334 101.709244               2277 
-12.226638 182.616898 61.717571 64.533722 150.669678 76.409607 1.946955 167.709229 87.260765 86.873222 109.350441 93.961754               2295 
-5.736257 188.561081 44.107162 68.901169 155.817276 67.254395 4.869222 173.324707 73.697266 89.238449 113.969917 85.952057               2313 
3.461232 195.436798 25.810278 74.198517 158.588608 56.286720 9.806027 179.058411 59.097958 91.256294 116.028107 76.585625               2331 
14.144100 200.860336 5.552375 81.027100 162.239975 44.230309 15.615384 182.579788 41.928997 96.197037 119.922081 66.444672               2349 
26.527243 204.328354 -17.460506 87.097214 164.254608 31.448727 21.135014 183.039780 20.632421 99.735458 122.397034 55.997200               2367 
40.349754 205.690506 -39.305969 94.010841 164.267151 17.959511 26.708500 180.647156 0.227121 104.055885 123.089874 44.753895               2386 
53.969723 204.401810 -58.347767 101.633865 162.503159 5.468961 33.651028 176.087479 -17.909155 109.732529 122.607887 34.746742               2404 
52.256771 202.676987 -69.396965 104.305077 161.076538 -7.829948 35.220119 167.118546 -31.398180 117.311775 120.703415 18.914137               2422 
59.064602 195.430588 -81.281868 109.914268 155.613083 -17.093935 41.747780 159.190475 -43.506756 122.762733 116.282623 11.233479               2440 
65.429138 182.843521 -91.037254 115.685059 148.787018 -22.914080 49.866322 148.300369 -52.545048 127.883598 112.547295 9.524905               2458 
74.461174 171.826950 -101.720497 122.291794 143.942291 -29.015781 58.650734 139.150269 -62.055531 133.193146 110.972488 7.158281               2476 
75.333382 156.040405 -108.509903 125.423927 137.456680 -34.234207 62.983971 126.124763 -66.227982 137.586685 109.378113 5.490732               2494 
72.941444 125.226067 -111.241608 125.681000 131.604065 -36.638355 68.371735 101.096466 -64.238571 143.035233 114.922272 7.349803               2512 
70.262543 115.652122 -112.550079 129.055618 129.704056 -43.646660 69.549843 98.053467 -62.688854 148.887054 118.868256 1.116153               2530 
67.021294 112.922859 -110.109215 129.556717 128.221603 -44.770004 70.770355 96.439011 -60.480923 150.713333 119.485283 -0.155155               2548 
65.483818 114.973343 -108.905159 132.975479 129.497055 -47.644009 76.211067 98.459747 -57.998989 155.554932 125.081169 -3.089786               2566 
64.657402 118.758080 -109.558128 134.419022 130.066772 -49.029629 77.388786 100.590775 -55.479759 158.422852 127.554466 -5.076075               2584 
65.754532 118.191505 -111.265007 134.469391 129.291504 -48.766590 78.559723 98.242813 -55.178684 158.650208 127.253944 -4.885548               2603 
66.566666 117.095642 -112.544769 134.524109 128.709091 -48.994301 79.140266 96.916862 -55.214996 158.645096 127.267578 -5.056733               2620 
67.189362 116.537415 -113.220192 134.501831 128.709732 -49.027184 80.075836 95.824242 -55.404575 158.578476 127.529282 -5.057514               2639 
69.589012 116.310646 -116.171135 134.219147 133.754898 -50.455349 82.936157 97.075485 -57.545570 157.277695 134.950333 -5.943735               2657 
73.927620 124.852592 -122.109604 134.398590 140.924026 -52.300922 84.821152 103.398460 -63.648998 155.116562 140.709229 -6.637707               2675 
74.959290 135.843231 -127.095924 133.197571 147.901627 -54.690964 83.400627 111.916733 -69.162514 152.428009 145.385559 -8.449539               2693 
78.809204 155.561737 -132.585510 133.641357 157.001312 -56.658760 83.581451 124.763397 -77.545113 150.558701 148.329865 -10.258120               2711 
87.594658 173.220688 -136.417145 137.664276 164.326752 -58.030514 83.929367 142.011719 -82.424988 150.157120 151.934784 -11.075454               2729 
90.291267 188.239990 -138.494781 137.245941 174.838318 -59.320305 83.400856 156.773911 -86.927849 147.204819 159.751541 -12.548309               2747 
91.396904 200.008133 -137.837479 136.212265 180.396591 -59.264374 81.558754 168.795654 -89.028770 143.863220 162.120422 -13.200787               2765 
90.385826 211.181992 -138.188705 132.844803 187.129547 -59.772888 78.225906 179.843903 -91.392097 138.590591 166.520905 -14.422258               2783 
84.573570 221.981018 -135.998764 128.289291 192.373108 -60.549187 72.525597 189.991058 -91.333923 133.999084 168.835007 -16.642853               2801 
79.873627 227.647125 -134.368835 124.044342 196.103912 -60.160686 67.819504 195.480286 -90.798973 129.685883 171.198318 -17.006380               2820 
64.309853 228.284378 -130.353821 115.473778 201.936539 -60.291656 58.939686 196.201218 -90.841141 124.766495 175.180893 -18.913029               2837 
50.725079 222.578568 -128.715210 107.583939 206.168823 -61.738476 50.653400 194.367493 -91.399658 120.875786 179.913269 -21.138205               2856 
40.697617 214.481064 -129.889236 98.894699 205.664093 -63.521042 41.743729 189.899200 -92.754967 114.046829 180.660751 -22.782166               2874 
31.731846 208.913284 -131.812866 91.373055 203.545441 -66.700287 32.978210 186.208328 -94.228050 108.046127 179.204407 -26.154842               2892 
20.524675 198.711868 -134.043884 83.239853 200.505661 -71.958420 23.528219 179.170639 -95.143654 103.077766 179.000656 -31.234938               2910 
10.120111 186.221313 -135.307373 75.101768 196.667831 -77.297493 14.789825 171.140610 -96.001045 97.867760 178.494385 -36.482727               2928 
0.871536 170.186401 -136.644226 67.305496 192.131470 -84.430344 6.783582 162.490707 -96.595184 92.387108 180.395462 -42.626171               2946 
-5.844953 161.075562 -138.605392 60.456039 187.497665 -88.870842 0.344661 155.648422 -99.008583 86.805931 177.441910 -47.410320               2964 
-8.532615 162.435226 -141.664490 57.724762 185.315674 -90.199905 -2.937574 154.843307 -102.314415 83.836449 172.445053 -49.371769               2982 
-12.111616 153.972488 -144.043655 52.392891 180.564682 -92.184029 -6.457050 146.615753 -104.667442 79.110527 168.955872 -51.369656               3000 
-16.557369 154.424820 -148.586166 48.298195 176.921097 -95.507103 -11.942493 146.057541 -109.728928 73.914139 162.832886 -54.767006               3018 
-18.994001 146.878571 -148.480591 45.102425 174.364014 -99.184120 -14.745390 142.225281 -112.606712 71.064560 161.449829 -58.274445               3036 
-20.418978 142.325699 -147.192398 43.654255 172.408997 -100.835251 -16.668001 140.505386 -113.232765 69.541313 160.349838 -59.618187               3054 
-23.901937 136.385071 -147.593567 39.619057 171.317001 -105.266380 -20.547941 137.059586 -114.602982 67.110443 161.143814 -64.582970               3072 
-24.673599 127.480019 -146.783890 37.470356 165.604065 -105.877480 -23.297945 131.430374 -114.311081 63.483128 158.194168 -63.653801               3090 
-25.741613 128.010391 -147.963745 35.969460 166.214127 -106.864365 -25.087515 131.899841 -115.501671 62.041023 158.197144 -64.788109               3109 
