-36.710686 186.101639 92.395676 30.192816 114.538902 81.896225 10.221828 134.011200 111.593254 64.560089 78.286446 82.388069                  0 
-36.630154 186.163589 92.459442 30.206688 114.530579 81.890747 10.312070 134.091812 111.668503 64.631088 78.332695 82.406136                 18 
-36.527245 186.229935 92.506622 30.222618 114.517113 81.892006 10.391180 134.134842 111.704773 64.707443 78.377144 82.432365                 36 
-36.382023 186.353867 92.543900 30.214144 114.503784 81.906548 10.387997 134.191406 111.769379 64.758354 78.421242 82.489670                 54 
-36.445747 186.200302 92.475327 30.318077 114.493950 82.062874 10.308910 134.164917 111.896507 65.113846 78.657043 82.813126                 72 
-36.682842 185.959793 92.269348 30.375381 114.488586 82.317039 10.110595 134.146774 112.058243 65.435966 78.917229 83.330276                 90 
-36.658737 185.915726 92.148872 30.374445 114.429436 82.366989 10.154360 134.198349 112.167648 65.548286 78.973152 83.483154                108 
-36.581139 185.922760 92.076599 30.370409 114.371933 82.410461 10.170057 134.166122 112.188774 65.641800 79.015541 83.613480                126 
-36.402031 186.017181 92.042702 30.366911 114.322067 82.448158 10.198355 134.152817 112.225502 65.722420 79.052452 83.726875                144 
-36.144875 186.211533 92.015465 30.338104 114.299294 82.413200 10.349799 134.178391 112.226036 65.775246 79.113770 83.747513                162 
-36.041878 186.469055 91.987167 30.260193 114.419434 82.434357 10.286225 134.282318 112.223564 65.842316 79.385414 83.891220                180 
-36.106770 186.556839 91.833237 29.884182 114.265488 82.286537 9.926676 134.083755 112.123611 65.527061 79.297821 83.848656                198 
-36.413479 187.195206 91.214600 29.566101 114.828400 82.812553 9.293352 134.835251 112.318047 65.542587 80.245850 85.121765                216 
-36.021957 187.489456 91.186836 29.395622 114.659805 82.784966 9.472838 134.879669 112.386086 65.405014 80.121040 85.232315                234 
-35.555683 187.698288 91.179733 29.390551 114.521049 82.578995 9.602749 134.814316 112.226372 65.493095 80.081688 85.054634                253 
-35.384857 187.738983 91.258659 29.393757 114.440048 82.512627 9.718185 134.788589 112.212891 65.600243 80.112572 85.024040                271 
-35.421509 187.511795 91.264473 29.396721 114.268074 82.418999 9.802101 134.635178 112.210678 65.727875 80.073486 84.942787                289 
-35.395306 187.393051 91.302841 29.380667 114.132851 82.361526 9.814183 134.519806 112.227913 65.795471 80.027878 84.892456                307 
-35.430031 187.304047 91.345276 29.387407 114.092323 82.363625 9.842592 134.501801 112.310074 65.861382 80.050194 84.888405                325 
-35.491314 187.077148 91.458328 29.406164 113.966408 82.315697 9.897056 134.384933 112.389076 65.960899 80.005981 84.771912                343 
-35.442562 187.105453 91.579819 29.341484 113.922852 82.284943 9.951840 134.469376 112.525772 65.905212 79.968285 84.687820                361 
-35.212498 187.077515 91.814629 29.737993 114.042778 82.564651 10.462833 134.888947 113.053139 66.436256 80.233360 84.963196                379 
-34.594177 187.495758 92.128723 29.776539 113.975441 82.692863 10.715258 135.415222 113.811287 66.257690 79.923126 84.963966                397 
-32.184406 191.378632 92.215080 31.370844 116.869186 85.396835 12.658951 140.227280 116.099556 67.588943 82.628265 88.773392                415 
-30.013500 193.119217 90.967911 32.979286 118.046532 85.271881 14.422725 142.372055 115.873558 68.996681 83.643829 89.118118                433 
-27.489225 198.907990 87.507622 34.894566 123.139374 85.727074 16.309750 149.375885 115.329285 70.617157 88.680405 91.389984                451 
-27.033066 204.352417 78.718948 33.144985 126.858231 78.020920 14.281225 153.493271 107.963852 67.497742 91.151199 84.383972                469 
-19.572077 210.483826 76.637917 38.600002 131.506226 77.262062 21.457769 160.116165 107.118744 72.177032 95.135559 83.996315                488 
-14.236663 213.292038 76.743668 42.692425 133.440002 73.721954 26.916599 161.811295 105.027122 75.790611 96.349991 78.664993                506 
-14.215981 220.014755 65.508270 41.576294 139.354645 62.324493 22.176931 166.180786 92.970428 73.640480 101.409378 67.581573                524 
-16.495705 221.155975 57.082619 43.187702 142.730316 51.746506 19.555401 167.439743 81.231178 75.764755 105.294006 57.478043                542 
-4.359926 227.483475 22.230278 51.003357 159.313950 36.917580 4.737037 181.733307 58.159359 75.122536 117.954399 51.173992                560 
-4.588073 229.238159 -0.963238 50.822399 165.350235 23.210348 -4.446172 187.876144 37.346462 71.495125 123.891953 41.903725                578 
-1.337346 236.274109 -20.318401 49.632160 168.235504 10.350317 -8.220804 191.104980 17.710279 67.609543 126.887207 31.861334                596 
0.944828 241.329010 -40.322384 48.309978 169.827423 -3.401757 -11.195831 192.486816 -1.906085 64.197258 128.916321 20.461788                614 
1.692514 242.287018 -59.964413 47.030426 170.886520 -17.155388 -14.145151 192.415253 -20.320946 61.733543 131.023132 9.118581                632 
1.095999 240.475861 -80.119087 46.379677 172.328247 -30.667572 -17.186897 190.796600 -37.402157 61.162636 134.830490 -1.155280                650 
1.162411 236.672119 -98.602928 46.501495 172.845505 -42.335629 -19.213427 187.799606 -51.637646 61.671135 138.572571 -9.307762                668 
2.412103 232.893280 -115.186745 46.945225 172.816330 -53.077343 -20.558428 184.931061 -63.869568 62.257076 141.856384 -16.985500                686 
3.137722 226.134155 -128.151962 47.704117 170.065552 -61.592037 -21.607903 179.038635 -72.788940 63.578793 142.247726 -23.254644                704 
1.511614 223.107010 -146.039276 44.760643 170.436401 -75.677872 -26.307657 177.595322 -87.697723 59.969162 144.726624 -35.636631                723 
-1.866955 215.275070 -154.483521 45.305180 169.324295 -81.891029 -27.951977 170.792130 -92.053299 62.537235 146.916611 -40.701897                741 
-3.749623 209.060059 -159.293121 45.498253 168.406357 -84.829567 -28.639112 165.778946 -94.102219 63.826801 148.705505 -42.739975                759 
-10.523882 194.929581 -167.490677 43.775772 167.975754 -90.259109 -30.238678 156.818237 -96.712570 64.753502 155.167801 -46.767914                777 
-9.788548 196.666580 -169.442062 43.680775 168.421936 -91.984558 -30.322489 156.528046 -99.615150 64.194687 154.711121 -48.547413                795 
-14.669463 189.933960 -175.119965 39.282967 164.220352 -97.053917 -34.352200 149.933334 -104.791031 60.056751 151.651978 -53.395267                813 
-15.277787 196.208755 -175.544418 37.641739 163.103714 -99.441124 -36.065128 150.876419 -108.486252 58.094406 146.987579 -56.808376                831 
-22.179260 181.875366 -183.623016 35.623295 162.959549 -106.105751 -36.481091 143.277740 -110.889587 58.799244 154.348312 -62.697060                849 
-20.769615 134.051407 -195.464645 32.735542 158.648453 -116.440475 -29.621668 117.857193 -114.289650 53.379116 171.560959 -72.820503                867 
-14.453087 120.766205 -196.391464 33.414997 159.945175 -119.623558 -29.835234 121.224327 -114.944046 51.012554 180.956421 -77.856995                885 
-14.112028 128.941956 -196.966629 35.716824 163.605225 -119.238884 -26.660530 123.702759 -115.466866 54.436016 181.932755 -76.703178                903 
-8.994115 127.369545 -197.389587 37.511154 164.762299 -118.838562 -26.689489 127.983917 -117.003891 54.430649 184.789688 -76.315308                921 
-6.796259 125.616386 -198.591064 37.646091 165.277084 -119.942024 -28.088413 131.534332 -119.694534 53.466854 186.664551 -77.658783                939 
-4.109135 131.366089 -203.295731 38.494057 166.902802 -121.729172 -29.242455 137.931961 -126.056946 53.349911 186.310181 -78.160263                957 
-4.210469 138.544830 -209.218781 38.372707 168.321808 -125.439682 -30.690315 145.402710 -133.801682 53.215984 184.843933 -80.692734                976 
-7.587991 150.934311 -215.970917 37.321045 172.054916 -130.836075 -30.289951 152.070068 -141.940781 53.374477 183.848541 -85.023514                994 
-8.186245 175.888947 -221.695679 36.589127 178.131149 -134.022675 -30.398453 165.715363 -150.263901 52.622311 180.037689 -86.748009               1012 
-1.133145 192.425232 -224.460342 33.730110 177.969818 -134.438293 -29.720594 167.061203 -160.246109 45.611820 169.080444 -86.737183               1030 
2.844417 208.189331 -223.247864 30.091448 178.765869 -134.823013 -29.080303 170.145828 -168.501312 38.975254 160.731781 -89.090714               1048 
3.535851 215.054260 -221.313385 28.247227 178.959015 -135.129303 -28.899750 173.544739 -171.327637 36.378773 156.506927 -91.250221               1066 
2.373019 214.340912 -222.471237 27.571621 176.661850 -137.391510 -30.596317 176.226868 -171.342957 35.940483 153.173691 -94.103386               1084 
1.385174 210.634842 -223.850342 27.264948 175.595062 -138.550064 -30.961370 177.265808 -171.694229 35.614643 151.831406 -95.408867               1102 
-0.175557 204.741333 -226.005859 27.030241 174.705078 -139.602264 -31.231789 175.596146 -172.191818 35.884659 152.315887 -95.831100               1120 
-5.339971 204.370575 -225.235458 23.388411 172.049728 -140.627441 -33.820766 172.901566 -174.004837 32.915482 146.849335 -98.558830               1138 
-7.952140 203.739700 -224.937500 21.683626 170.806717 -141.107346 -34.162182 171.338501 -175.310242 31.622810 144.363983 -99.905556               1156 
-12.816048 200.500092 -225.630554 19.357918 169.912689 -141.946609 -34.720627 168.289124 -176.291031 30.468336 144.190826 -100.587982               1174 
-17.203438 199.194702 -226.463516 16.853775 169.396332 -143.295044 -34.835468 165.658417 -178.441467 28.881449 143.795532 -102.118271               1192 
-18.536524 199.085922 -226.855255 15.903133 169.451233 -143.821899 -34.311966 164.614075 -179.871124 28.146006 143.725357 -102.786743               1211 
-21.157764 193.138733 -229.219070 14.856340 169.071320 -145.087570 -34.111164 159.296570 -181.426056 28.588423 145.675110 -103.139511               1229 
-22.822908 188.086670 -231.317795 13.751361 168.409042 -146.312103 -34.164127 155.224396 -182.751862 28.241589 146.920181 -103.605484               1247 
-24.371536 187.633179 -231.511337 12.660830 169.006897 -146.511932 -33.829903 154.089722 -183.959351 27.743975 147.352066 -104.095436               1265 
-25.149897 184.152115 -232.901886 12.093091 168.292297 -147.459991 -33.504398 151.665070 -185.168045 27.423908 147.513092 -104.695709               1283 
-25.837914 181.103058 -233.719452 11.722985 167.826462 -148.078018 -33.219883 150.083847 -185.968384 27.191912 147.624298 -105.087578               1301 
-26.372623 179.085632 -234.097809 11.524590 167.576736 -148.409302 -32.998787 149.219421 -186.423203 27.059891 147.685532 -105.297981               1319 
-27.019922 178.493378 -233.604080 11.352645 167.117310 -148.232285 -33.453995 149.795288 -186.332245 26.591030 146.665070 -105.277771               1337 
-27.476278 178.148834 -233.254791 11.223804 166.773041 -148.099640 -34.380856 150.530823 -186.035431 26.227852 145.908081 -105.261292               1355 
-27.699823 177.736832 -233.145767 11.178459 166.756729 -148.056595 -37.934452 153.452362 -184.070221 25.954332 145.857239 -105.155815               1373 
-32.204441 182.751190 -230.354218 11.641881 168.283463 -148.276962 -43.293449 161.921371 -178.850327 27.681742 145.844055 -106.626175               1391 
-33.705807 199.638535 -225.086655 12.401837 173.011169 -147.427246 -45.298443 177.837509 -173.852066 27.151405 145.470322 -108.445915               1409 
-36.014900 225.079819 -212.345886 10.912824 183.668091 -141.997437 -48.945160 198.212082 -162.413116 24.334927 149.914032 -107.703072               1428 
-36.054012 234.846863 -200.271729 12.017036 190.574142 -132.403778 -50.427555 208.338013 -147.850006 25.347738 156.016342 -98.882996               1446 
-42.880760 237.390137 -185.356750 12.263741 194.669434 -121.710648 -52.047146 215.866058 -127.400780 28.788574 162.208420 -87.522850               1464 
-52.490211 242.134323 -169.328232 8.995400 198.309067 -111.657539 -55.779087 221.825714 -106.819748 30.101870 167.679810 -78.311501               1482 
-61.396732 238.309479 -149.042526 8.055957 198.501495 -97.007957 -56.851059 220.912964 -82.564995 35.061119 171.077194 -65.161118               1500 
-72.245415 234.697983 -126.385635 5.824907 200.516800 -82.733513 -57.137356 221.521057 -57.933559 39.423950 177.133606 -54.099205               1518 
-76.460281 242.790558 -104.781303 2.871537 204.212341 -67.379623 -55.818390 229.595779 -36.877102 37.452015 178.632919 -41.973396               1536 
-75.150894 246.156754 -80.981743 4.010619 202.733810 -49.111641 -49.418919 232.727509 -13.068674 38.398869 174.110352 -26.891420               1554 
-75.186676 243.270721 -56.576466 5.764602 199.084305 -31.108934 -42.661800 231.546295 9.985326 41.250340 169.580994 -11.980178               1572 
-74.015022 246.934723 -30.452871 6.949800 198.881348 -14.047120 -35.927940 231.406647 32.970181 42.434292 166.800034 0.348446               1590 
-79.346306 238.622192 -8.691678 5.811481 196.378357 -0.050985 -33.138702 228.401077 50.696449 44.386250 166.670654 11.130806               1608 
-72.662903 237.889374 11.974203 9.681108 190.105698 16.524429 -25.877550 222.030075 69.792320 46.124302 157.067535 25.240274               1626 
-65.798744 235.647354 27.579292 14.873711 185.309006 29.690605 -20.173420 215.842438 84.062737 49.471657 150.036392 37.067375               1644 
-57.099602 239.370117 45.636181 19.441450 183.058777 42.210403 -11.356129 214.158707 98.456100 51.113571 144.718872 46.956017               1662 
-51.200424 240.436646 62.578072 23.288877 181.801727 55.144844 -7.353898 211.113373 111.151176 53.623196 142.210571 57.966698               1681 
-44.327377 239.716568 73.419495 26.954477 177.602249 63.184624 -5.271467 204.267227 118.536133 54.936127 136.227936 64.070877               1699 
-42.048653 238.083649 82.130234 29.057177 176.098206 69.755356 -4.577082 200.728638 124.633423 56.795986 134.551849 69.528900               1717 
-43.404873 232.385956 87.858383 31.900784 175.417877 75.965149 -6.221131 196.986343 127.520256 62.606682 136.022385 76.823135               1735 
-32.266357 231.953033 95.971924 36.567070 168.321686 79.365967 1.362876 191.447708 131.965866 63.256973 126.110939 78.143181               1753 
-27.202620 229.880386 98.998390 39.572197 163.854553 83.237785 0.249603 184.547073 133.838043 63.982140 120.333954 80.849388               1771 
-17.651455 223.099060 108.886620 45.995766 155.995682 86.167343 5.564467 172.719101 136.202209 68.315834 111.823952 79.365486               1789 
-19.207420 222.637650 108.483612 46.034039 156.045990 88.941788 1.040660 172.022476 133.444122 69.087822 112.045563 83.642883               1807 
-17.829571 222.079346 106.597496 47.083748 154.398544 89.841003 -0.892471 170.789383 129.333588 69.732666 110.033279 86.053940               1825 
-18.346197 219.818710 105.973335 47.799664 153.068039 90.275650 -2.821043 167.768372 126.256065 70.967728 108.970154 86.506187               1843 
-15.453152 217.526733 106.846413 49.344852 149.934402 89.190865 -1.889715 164.186478 124.160332 71.496056 105.473198 83.888222               1861 
-12.165146 216.848450 105.676163 51.030224 147.622940 88.497543 -0.296786 163.139084 122.738686 72.035858 102.592247 83.340736               1879 
-17.922174 233.824158 89.358849 49.283012 164.944626 86.102318 -11.435339 175.309402 105.919128 72.240242 120.710701 89.554558               1897 
-12.290230 234.646179 90.921387 50.563030 160.769943 87.147141 -12.497014 171.284851 102.106216 70.600914 115.208847 91.420555               1916 
-7.623153 236.033142 91.885376 51.403603 158.633820 87.814125 -11.825292 171.618881 102.105476 69.095306 112.157242 92.560066               1934 
-23.871178 184.937866 90.989059 45.494373 167.013901 84.227814 -18.702547 174.345245 100.463036 67.200569 122.567162 91.222145               1952 
-27.225021 173.841019 94.681824 43.106220 169.726517 85.435471 -21.670662 174.483063 101.812080 65.919159 125.812790 92.272659               1970 
-22.338428 170.249466 97.913040 46.868580 162.827194 83.374969 -16.332424 171.569412 104.322945 66.318222 116.913589 86.415527               1988 
-19.560156 168.569977 99.737923 48.384205 159.035782 80.987770 -13.170640 169.841354 105.790474 65.953300 112.279709 81.875977               2006 
-14.989638 163.309998 99.922020 52.003773 154.169098 80.092064 -9.212247 165.929153 105.938446 68.984612 107.201546 81.228821               2024 
-12.276610 159.132065 98.101906 54.470890 152.858200 80.683601 -7.995954 164.140442 105.349113 71.855431 106.064888 82.621750               2042 
-13.242463 159.635834 95.764252 54.992802 155.482834 84.651352 -9.727364 165.612549 102.882477 73.991241 109.920334 92.313629               2060 
-13.209216 159.311539 93.842880 55.484364 155.653183 85.822716 -9.962284 165.425858 100.780960 74.581406 110.635956 96.037682               2078 
-12.725948 158.405182 93.297729 56.057526 154.701797 86.124809 -9.438791 164.318542 100.173439 74.945671 109.669746 96.657822               2096 
-12.479476 158.710114 93.466965 56.506756 155.155823 87.179840 -9.047088 164.378052 100.184578 75.427711 110.372192 98.669693               2115 
-12.361119 158.387161 93.325607 56.872444 155.648880 87.480225 -8.653603 163.484177 99.543159 76.324234 111.298874 99.739792               2132 
-12.346461 157.773407 93.100632 57.055038 155.060699 87.477837 -8.303162 162.123337 98.636856 76.524033 110.820709 100.102173               2151 
-12.501382 157.536835 93.019844 57.022129 154.810364 87.439995 -8.148562 161.173904 97.852455 76.478752 110.551933 100.018715               2169 
-12.612413 157.237442 92.924850 57.020367 154.503876 87.489761 -8.021604 160.304001 97.075966 76.461342 110.272652 100.187767               2187 
-12.846134 157.087387 92.225517 57.715176 151.173584 85.923523 -6.935103 158.650330 96.893585 76.365860 106.623253 98.691139          609496745 
