-24.013258 155.612991 102.601746 54.923748 141.364960 81.538803 0.778536 153.417053 104.220673 85.361244 102.119431 88.449478                  0 
-23.845072 155.881546 102.697464 55.233089 141.521606 81.878326 1.041081 153.575226 104.329758 85.760933 102.387917 89.020767                 18 
-23.847086 156.615646 102.629097 55.436287 141.611023 82.090813 1.319598 153.874908 104.536369 85.987503 102.520493 89.368416                 36 
-23.640535 157.120895 102.792397 55.713669 141.795105 82.262756 1.667858 154.126480 104.745964 86.282784 102.711662 89.503174                 54 
-23.551180 157.200699 102.904839 55.824356 141.843246 82.346840 1.783757 154.126648 104.819351 86.406128 102.756996 89.518311                 72 
-23.646696 157.211884 102.970795 55.777126 141.817139 82.573448 1.772235 154.186752 104.949219 86.293251 102.668556 89.684334                 90 
-23.362158 156.939804 103.186249 56.038143 141.713577 82.522942 2.220120 154.175903 105.259392 86.643867 102.609131 89.490128                108 
-23.526905 156.969177 103.372757 55.852802 141.849884 82.500809 2.133049 154.295975 105.391830 86.516808 102.765549 89.323059                126 
-23.749546 156.975250 103.505104 55.638142 141.896439 82.553825 1.974012 154.325272 105.432892 86.307228 102.795715 89.258369                144 
-23.915394 157.037872 103.604294 55.483379 141.915909 82.590141 1.875520 154.375488 105.497131 86.143616 102.793961 89.210823                162 
-23.983158 157.226089 103.617661 55.388916 141.816971 82.652100 1.873885 154.564514 105.535187 85.942871 102.631111 89.385101                180 
-25.666937 158.106415 103.736603 53.609989 142.445923 82.445694 0.248259 155.516113 105.482712 84.373596 103.536087 89.796570                198 
-27.858402 159.712845 103.099380 51.442303 142.679764 82.654892 -1.986221 156.362183 105.172859 81.293495 102.996246 89.621574                216 
-29.473164 160.391495 102.350098 50.058403 143.121536 82.717499 -3.634010 156.631195 104.698593 79.553810 103.097778 89.238991                235 
-29.635317 161.708313 102.220840 49.894920 143.130737 82.367393 -3.685656 156.694260 104.624817 79.166077 102.861229 88.365433                252 
-28.935789 162.645294 102.133438 50.477341 142.897736 81.740166 -2.907336 156.601425 104.614929 79.690384 102.548607 87.480881                271 
-28.378603 163.650635 101.615463 50.946911 143.220078 81.069000 -2.381749 157.132004 104.581856 80.028633 102.759171 86.688454                289 
-27.868589 164.584991 100.812881 51.306194 143.188354 80.320580 -1.932185 157.573273 104.494606 79.992218 102.419052 85.741524                307 
-24.687344 167.303650 99.233116 53.959724 143.989700 78.712357 1.173022 159.941315 103.629135 81.968758 102.842194 84.777580                325 
-25.949228 174.465347 90.636597 53.657314 150.075256 76.168732 0.076810 169.219238 99.802505 81.797157 110.343262 88.165741                343 
-30.243935 178.727020 78.301193 50.455986 156.106506 68.524384 -3.995761 176.837463 93.134193 78.996071 117.691246 83.495720                361 
-28.858053 187.040634 62.609768 51.222343 160.720062 59.751099 -3.065915 187.313690 83.641182 77.016350 122.176971 78.816994                379 
-27.951757 193.533646 43.232574 50.850613 163.760574 49.606834 -4.518242 193.824020 70.434952 73.104309 124.547729 71.550743                397 
-28.775484 201.171814 18.973528 48.129833 169.182480 36.889347 -9.934984 199.611176 53.538319 67.672119 129.783203 60.976833                415 
-26.132460 209.059341 -5.933109 46.604858 172.089294 23.820013 -14.173750 202.232239 37.212452 63.736359 132.350388 49.152622                433 
-21.053921 218.207535 -31.148499 44.700008 173.902954 9.411263 -18.769472 203.614105 18.351892 58.938026 133.667252 35.731930                451 
-15.878576 223.639603 -52.354656 43.934433 174.794937 -4.459486 -23.064674 202.037659 0.468332 56.562897 134.665924 22.827751                470 
-12.133294 228.107483 -72.089241 42.348602 175.290741 -19.292089 -29.090425 199.121597 -16.888571 53.736698 135.578705 9.127548                488 
-11.653574 227.363129 -89.695297 41.527206 175.260986 -32.825863 -33.813263 193.836105 -31.986441 53.807255 137.340683 -2.401187                506 
-12.146248 225.644043 -106.993553 40.071793 175.138596 -46.105736 -37.413013 188.582520 -47.602119 53.459381 139.591705 -13.370409                524 
-13.268540 220.734985 -122.274033 38.319290 173.767136 -56.653854 -40.471935 180.003189 -61.515972 53.181168 141.513000 -21.253220                542 
-16.286564 211.782059 -131.524078 36.686455 169.069504 -63.103561 -42.160519 166.503021 -70.391724 53.732338 140.031143 -25.946846                560 
-25.810997 190.789810 -149.291794 32.773453 168.150558 -75.639458 -44.006855 149.916672 -81.748657 54.151974 148.915894 -34.561531                578 
-35.346542 170.584595 -162.001770 28.098476 168.027527 -88.869385 -45.587330 141.100723 -88.506355 52.842548 158.937103 -46.213730                596 
-33.774784 156.528046 -171.684219 28.041893 169.188461 -98.174057 -41.326839 134.701447 -97.086502 52.482967 167.512909 -54.422073                614 
-35.681019 158.684555 -174.075912 27.734589 171.620712 -101.959984 -39.657654 136.645920 -101.529617 52.875332 170.086655 -58.601025                632 
-37.235699 156.869675 -174.685287 26.148663 172.309555 -103.139977 -38.665295 135.296570 -105.612358 50.653320 170.900070 -59.414181                650 
-37.447903 167.485977 -176.555069 24.429390 173.355515 -102.059509 -39.128159 137.489670 -111.776054 47.442909 166.817535 -57.990894                668 
-39.022068 172.318176 -176.541473 20.832531 175.607468 -100.083427 -41.786594 140.875565 -113.230537 42.152344 168.151428 -55.314205                686 
-43.029297 178.918884 -177.367004 16.910486 179.523560 -100.852623 -48.213974 150.659256 -113.425674 37.195656 172.005035 -55.615540                705 
-54.615643 184.844543 -174.666382 8.330952 184.236160 -100.936867 -59.756443 163.391327 -110.567978 28.908230 177.120941 -55.766533                722 
-69.377182 188.558228 -162.211075 0.231347 185.099670 -95.019341 -69.632133 171.296219 -98.501564 23.913868 177.640244 -51.454384                741 
-82.924522 196.550583 -150.316940 -9.171681 186.791672 -88.388016 -79.127045 177.201675 -88.624809 16.729477 176.362366 -46.737453                759 
-94.665062 204.132416 -141.446442 -20.830585 189.075424 -80.696259 -90.514114 180.819641 -81.970840 4.924724 175.415619 -39.898178                777 
-108.405159 205.128479 -132.501633 -33.778229 189.362473 -72.938728 -102.769188 177.799911 -75.483635 -7.414008 173.844009 -33.208199                795 
-119.670166 199.079636 -120.440285 -41.421135 186.979218 -65.137230 -109.545593 171.628571 -65.649719 -12.658712 171.803436 -26.968805                813 
-132.088074 191.077515 -112.617729 -52.659695 183.788422 -58.450722 -119.263474 163.362183 -59.967083 -22.782478 169.280334 -20.883745                831 
-147.079330 182.734329 -107.500877 -66.220161 179.158752 -55.230770 -131.088013 153.995270 -57.116856 -34.725971 164.952728 -18.889128                849 
-157.876205 173.311218 -101.581085 -75.774490 173.957993 -51.656662 -139.057571 145.188248 -53.425064 -42.780277 160.300949 -16.453300                867 
-164.475174 168.565659 -95.702454 -79.617973 172.489761 -50.842609 -141.742432 141.579346 -49.175484 -44.210487 160.056915 -17.583862                885 
-169.291397 164.366882 -92.751869 -84.554474 168.537720 -47.703392 -145.471054 135.451096 -48.245880 -48.712189 155.265732 -15.244272                903 
-180.032623 157.184937 -96.905418 -95.837921 162.902069 -51.011562 -157.723740 131.850098 -49.712856 -60.939632 151.575211 -16.832306                921 
-189.707291 156.355774 -102.417404 -107.428452 158.532181 -52.894817 -169.875839 129.286453 -55.489342 -74.444023 145.362152 -17.497248                940 
-196.304260 148.223740 -100.891556 -114.272400 154.773483 -53.182159 -175.164642 123.558273 -57.810654 -80.909462 141.178085 -18.303946                958 
-201.359329 144.578384 -100.634346 -118.882957 151.151855 -54.787441 -180.831604 122.489441 -58.887897 -86.006721 136.839996 -19.734144                976 
-204.709106 139.910461 -103.179344 -123.153587 148.897034 -56.514839 -185.491104 121.077919 -60.433731 -91.342712 136.102783 -19.925426                994 
-204.949875 134.023224 -105.055000 -124.749741 146.405853 -57.032795 -186.292801 117.013458 -61.826782 -93.507843 135.104645 -19.474356               1012 
-205.552597 129.884644 -106.066666 -126.087357 143.481171 -57.235893 -187.105118 113.176575 -62.838757 -95.106163 132.511917 -19.364391               1030 
-207.005630 129.757843 -105.787979 -127.373978 142.300903 -56.948837 -188.454178 112.271606 -62.897072 -96.438232 130.743637 -19.215313               1048 
-210.604050 122.928833 -103.585274 -129.292725 138.115906 -58.649986 -189.914139 106.768791 -61.640827 -96.584511 127.682434 -22.102407               1066 
-212.284714 124.566902 -103.139503 -130.147003 137.406769 -59.130516 -191.979935 108.502632 -61.247681 -97.703384 126.311501 -22.542038               1084 
-212.212616 125.344574 -103.241562 -129.993317 137.276474 -59.141003 -191.906082 108.748131 -61.532352 -97.741531 125.839546 -22.488184               1102 
-210.793564 125.522827 -104.416695 -128.878983 136.884262 -59.622139 -190.854172 108.504097 -62.664665 -96.981926 125.122475 -22.762297               1120 
-205.012161 125.391739 -105.526924 -124.020508 137.374405 -59.224575 -186.629639 110.127327 -62.213860 -93.366714 126.972931 -20.928829               1138 
-205.076126 131.587311 -101.945625 -121.757889 138.938019 -58.875710 -185.638611 113.622658 -59.676800 -89.732956 125.781982 -22.602686               1156 
-201.465622 155.503754 -109.690849 -120.916138 142.224808 -59.074535 -178.316910 126.523285 -66.232300 -87.760689 121.136726 -27.922993               1175 
-204.785202 165.345520 -110.392685 -124.192039 146.122009 -58.718071 -180.060822 131.932999 -66.717384 -90.352325 123.612991 -29.347553               1193 
-206.347672 175.730759 -108.862999 -125.217896 154.548904 -58.096313 -180.810120 140.812012 -66.053955 -90.893257 131.120102 -30.037085               1211 
-208.179413 182.697739 -105.999474 -125.129791 164.202438 -57.010914 -181.941818 151.869324 -59.713520 -89.798904 142.537521 -28.783808               1229 
-213.900375 195.476089 -95.044693 -126.458771 171.917206 -56.259235 -184.415054 167.944885 -45.189045 -89.067329 149.042023 -31.907324               1247 
-214.319077 205.983368 -83.678192 -125.740616 175.587845 -52.108494 -182.994858 176.031906 -34.104614 -87.835899 150.411148 -31.042492               1265 
-216.045166 212.132126 -66.386230 -124.486908 179.263840 -47.515587 -173.600388 189.569382 -15.501520 -84.114006 154.413010 -31.179272               1283 
-213.476990 218.541611 -53.520493 -121.523064 183.090149 -41.077457 -166.219437 196.877335 -3.557741 -80.125435 158.348129 -27.348690               1301 
-210.250931 223.538467 -46.056953 -118.441177 186.513489 -35.923096 -161.616837 201.357376 3.278454 -76.743431 161.792374 -23.094460               1319 
-195.137650 245.492630 -24.672390 -108.059303 197.243912 -21.282200 -140.755219 223.462875 23.616804 -68.335831 168.465912 -10.876306               1337 
-190.222214 252.092728 -19.011768 -105.060295 200.343613 -17.052896 -133.066269 230.748413 29.718050 -66.085373 170.396545 -7.126254               1355 
-188.774582 250.746124 0.732962 -102.321365 201.171494 -2.664674 -133.772308 220.296509 48.207573 -63.091686 170.496765 3.209257               1373 
-181.626663 252.860840 11.106214 -94.620056 204.325867 6.123562 -126.900063 220.048599 57.863892 -55.130089 173.777100 10.784678               1391 
-133.659256 290.025879 46.775928 -76.350273 213.061005 19.411940 -84.044754 236.211533 77.558945 -51.522770 169.831345 14.008160               1409 
-93.204346 305.327576 58.858368 -60.048145 215.962936 29.314074 -58.363476 239.629913 87.659279 -48.186886 167.664093 22.915499               1427 
-72.921539 308.643311 65.949196 -48.631390 216.478394 36.368294 -45.030994 239.346466 94.794609 -41.787403 167.243195 29.775530               1446 
-64.268105 308.271332 72.489571 -42.268082 215.549042 42.846855 -36.145576 238.024948 100.766159 -36.822411 166.153595 36.150215               1464 
-50.350853 307.581696 86.239159 -34.469791 213.517319 56.905159 -36.536613 232.972076 116.311752 -34.127468 164.033829 48.800949               1482 
-30.660591 304.362305 92.770660 -26.584436 208.158279 66.538315 -44.136982 229.149582 122.876625 -34.389179 159.601822 56.752285               1500 
-5.948257 294.423462 105.942383 -14.812790 198.757156 78.946297 -54.947697 228.957825 116.459061 -28.834871 153.595932 62.265347               1518 
3.427720 286.361786 121.981277 -6.334239 193.223740 87.498810 -52.165382 225.495422 115.671989 -19.365074 150.431625 64.839561               1536 
13.033481 247.139038 106.835556 11.831962 172.773560 95.361885 -39.716797 187.611267 127.962036 6.090605 140.389160 57.510902               1554 
-23.242180 163.075943 91.910225 7.475564 169.675507 69.818077 -36.359581 220.738297 120.831963 43.410473 153.179245 100.655807               1572 
-9.523483 155.975082 97.472366 7.745144 164.907166 66.758408 -20.124783 212.483505 141.712036 49.603420 144.679810 85.550659               1590 
-3.383026 153.435486 99.643417 8.936098 163.964478 67.128494 -11.882311 210.676193 146.972061 53.010551 144.855286 81.505249               1608 
-2.236559 151.471771 100.963875 8.526915 162.919907 68.198677 -12.912621 207.802048 148.916702 53.651371 145.529266 81.456093               1626 
-0.990724 150.567047 103.125130 9.151649 162.436829 70.210182 -11.003252 206.339493 151.791641 54.533741 144.954102 82.426155               1645 
0.784565 149.126099 105.870102 10.515684 161.479675 72.951355 -9.611722 203.764450 154.924240 56.050724 143.875870 84.400192               1662 
1.223860 147.465347 105.294853 13.170218 159.113541 72.794693 -21.467791 202.390533 148.546341 58.786060 147.541916 90.106613               1681 
2.817736 145.190170 105.095848 16.348248 158.384567 73.810402 -25.928015 197.080750 147.255478 61.197437 148.138763 93.759926               1699 
3.276997 145.763245 103.825882 19.647312 160.092758 74.423347 -32.880707 194.321259 141.669342 62.413689 150.861725 98.923042               1717 
4.247085 145.218399 103.049744 21.535118 160.703659 74.731567 -35.757446 190.687332 138.509262 63.393673 151.933853 100.910980               1735 
4.243767 144.118912 102.663750 21.620131 160.097702 74.616455 -37.690277 188.192642 136.403061 63.237431 152.066635 101.410339               1753 
5.961420 144.111740 102.235886 24.288431 160.336746 74.892570 -38.165096 187.321259 133.185486 64.847481 152.809402 103.400688               1771 
7.042542 143.054596 101.330017 25.924328 160.399017 75.028328 -38.653816 184.105148 131.145111 65.795403 152.234482 104.320778               1789 
8.302735 143.525330 100.826958 28.729557 160.712082 75.553856 -36.556095 185.742096 129.707870 67.278221 150.044907 105.796585               1807 
8.266381 143.449371 100.985909 28.476402 160.664139 75.531075 -36.449558 186.912628 129.454208 67.191322 150.605164 105.769821               1825 
8.024091 142.269897 100.706383 28.341539 160.294220 75.862709 -37.303429 185.628754 129.071762 66.794563 150.157455 106.408096               1843 
7.802084 141.511688 100.425873 28.195921 160.150665 76.007523 -37.888374 184.471573 128.888062 66.522957 149.771164 106.629639               1861 
7.283636 140.332077 100.072235 27.318499 159.789444 75.796204 -38.098511 182.693954 129.802094 66.155174 148.963974 105.611160               1880 
7.012140 138.991547 99.520691 26.884968 159.428574 75.668266 -38.452282 180.496643 129.499832 65.993423 148.171829 104.963730               1897 
6.184330 138.447937 99.060989 26.089523 159.787888 75.731636 -39.212082 178.451157 128.351974 65.415092 147.652054 104.378304               1916 
5.286341 138.283707 98.279503 25.499090 160.331161 75.503601 -40.429657 176.684753 125.873901 64.766846 147.732315 104.029419               1934 
4.183726 138.311539 97.517845 25.197760 160.942581 75.482986 -41.424007 175.609329 123.610626 64.132095 147.581253 104.118668               1952 
3.317217 138.267365 96.859627 25.039045 161.131744 75.269104 -42.211975 174.741791 121.038788 63.631954 147.372284 104.177132               1970 
