-13.115888 122.762115 54.454014 31.427538 127.375488 85.446419 -35.199883 136.340485 70.131302 52.546112 84.663383 63.281708                  0 
-15.813511 125.920380 56.593498 31.131340 127.487000 84.085884 -35.498867 141.142456 74.097450 46.612503 82.239670 62.300449                 17 
-15.060116 131.146179 58.359814 32.769215 128.501694 84.167618 -33.120667 146.010101 78.054092 44.580578 83.409058 59.903683                 36 
-14.874206 139.500427 61.721870 33.294544 135.772705 86.815529 -32.573895 153.529663 82.230415 44.631321 91.383644 61.072929                 54 
-14.844673 141.618011 62.472954 33.788818 138.505707 86.818947 -32.241955 156.258286 82.531387 45.272335 94.163513 61.060638                 72 
-12.113511 141.749786 60.702137 36.177982 139.122543 86.139015 -29.862041 156.649979 79.677307 48.868111 94.878983 60.780384                 90 
-5.559831 150.583725 53.468864 39.941452 144.555954 83.475410 -20.546671 173.781631 62.909969 53.022213 100.451347 58.073246                108 
-3.112790 162.954605 46.774689 41.921505 152.612000 76.752388 -14.025660 190.921844 52.081535 51.985439 108.297783 50.359955                126 
-3.089246 171.045746 38.312054 42.071697 161.166809 68.583794 -12.827885 200.433212 40.957783 51.819675 115.900040 43.734478                144 
-2.060987 174.329208 28.866583 42.995182 168.840057 60.430470 -12.768250 204.133621 28.246431 55.450115 122.544205 38.909298                162 
-1.754297 177.352524 16.270981 42.626614 174.756989 49.243805 -11.914325 207.638565 11.686528 55.807114 126.900848 31.991072                180 
-0.965906 180.477417 -0.172028 40.859028 181.720734 36.307682 -11.014211 210.537338 -8.749456 57.382446 133.590134 23.192213                198 
1.168152 182.936890 -16.572193 38.213940 186.518539 25.103662 -7.668695 212.348663 -28.191620 58.262844 138.826599 15.877938                216 
0.117318 184.917206 -34.409630 34.371117 189.995758 9.946982 -7.916967 213.650894 -47.575653 57.057793 143.112717 2.955019                234 
4.599127 194.984222 -67.704414 40.319759 184.466232 -0.565091 25.561356 191.089874 -71.853325 68.435020 142.332306 13.429782                252 
10.061036 196.568069 -91.870964 36.572441 185.409698 -11.411833 37.053371 189.001846 -83.696304 65.866280 147.754059 10.622614                271 
-19.909735 230.413422 -92.235611 41.354385 177.610916 -30.079288 -30.240620 170.771072 -40.582283 66.442413 145.339157 2.946712                289 
-19.507435 224.966599 -100.834282 41.436916 177.103226 -34.710484 -29.507172 167.308090 -47.203228 66.522736 147.013260 0.316477                307 
-21.791645 215.032104 -113.829498 40.096039 175.634338 -43.257584 -29.673893 160.097397 -57.140335 66.048676 149.444656 -5.812235                325 
-25.663090 199.249405 -123.546295 41.364079 175.610474 -50.756500 -26.832308 151.581711 -59.838207 70.740982 157.375168 -11.182978                343 
-26.963408 189.390518 -135.270615 38.560570 174.058197 -59.665539 -28.794043 147.614685 -68.923264 67.210327 159.368484 -18.132462                361 
-27.435015 179.128723 -142.906281 37.777836 173.533417 -66.603775 -28.694174 144.287369 -74.437660 66.421394 162.861069 -23.857546                379 
-29.234455 169.084778 -148.562592 36.151176 171.955856 -73.103745 -30.042252 141.482239 -78.734650 64.842941 164.879532 -29.649160                397 
-28.864159 162.333939 -152.870651 36.110832 170.332611 -78.399414 -29.086519 138.283951 -84.616859 64.277184 164.653793 -34.399410                415 
-35.169193 147.637939 -159.302078 31.974796 169.105148 -90.099609 -30.275608 131.835815 -90.701096 61.954403 170.082550 -46.950333                433 
-34.171124 140.277832 -163.710510 30.696424 168.897598 -95.165611 -28.882610 128.033356 -95.429604 59.770878 173.431732 -51.625858                451 
-35.706451 136.873260 -163.897202 30.346855 168.186752 -97.914642 -28.238283 126.781975 -96.450134 60.041447 174.218887 -54.979370                470 
-32.881100 143.986847 -169.598969 30.907135 170.776123 -100.108505 -28.200867 130.588593 -104.024361 58.758465 173.437775 -55.624668                487 
-29.946091 149.178268 -170.575989 33.703686 171.716476 -100.306740 -27.879829 136.175797 -107.048065 60.167667 171.525177 -54.906151                506 
-25.332191 161.919876 -173.571030 37.124657 175.914200 -100.586021 -26.099798 145.064835 -112.381592 61.743435 170.421249 -54.484657                524 
-18.727182 166.523285 -178.316727 40.025818 178.284378 -101.962517 -23.281792 149.817551 -117.547508 61.703762 171.993408 -54.506401                542 
-11.886767 181.036865 -183.024994 43.735470 181.915939 -103.503761 -21.087109 161.230347 -123.931969 62.163570 170.506897 -55.630684                560 
-3.347364 195.970932 -186.521530 49.863029 188.293915 -105.780029 -15.592073 174.302536 -129.116623 65.898720 172.932892 -58.151382                578 
-5.655297 212.458389 -188.511444 50.828682 200.837753 -110.564766 -12.357992 181.066788 -135.400940 70.655418 180.893204 -66.172104                596 
6.122294 177.352661 -156.211838 54.868828 204.575958 -110.682770 -2.874498 176.327377 -139.835846 76.484924 185.063019 -66.938263                614 
9.436022 173.482025 -147.120438 56.856232 209.748474 -110.730965 -1.002217 180.020752 -137.910324 82.721291 188.820236 -70.054199                632 
31.822720 178.967239 -131.305084 66.010391 217.448471 -107.143608 10.776587 188.481293 -139.876511 90.860611 193.694977 -67.396523                650 
43.521111 170.213791 -125.439766 70.197006 214.059586 -107.792999 18.876070 177.484436 -139.148590 97.387337 195.280090 -66.932152                668 
58.682850 161.804611 -122.839622 77.399750 209.432266 -106.418610 33.129124 165.245483 -138.621735 105.527550 195.617264 -64.233719                686 
72.933983 138.023880 -105.478409 84.036026 190.248718 -100.945969 47.382530 134.061508 -122.141960 111.966225 190.826813 -56.435722                704 
79.227295 131.438568 -100.495697 88.711159 184.075897 -98.842026 53.819691 125.909111 -117.535889 115.661423 187.935669 -53.893417                722 
84.502563 129.638870 -101.153542 95.662392 181.763153 -97.106621 59.725918 125.741379 -119.929611 120.021812 183.040619 -50.560097                741 
90.421425 126.177116 -98.480125 100.324829 178.403976 -93.211670 65.855164 122.216507 -117.829445 123.889801 179.188461 -46.247112                759 
91.360657 122.485512 -97.864182 100.410301 174.830185 -92.580887 65.763390 118.254814 -116.043015 126.324409 175.622879 -46.870674                777 
91.506302 122.244797 -97.314888 100.341812 174.110153 -93.119698 64.669769 117.912338 -115.874229 127.570251 174.558578 -48.175247                795 
75.077789 155.337585 -151.638580 120.332466 165.176407 -76.282806 73.016602 128.165955 -109.727737 135.514008 154.027878 -27.223417                813 
83.439346 152.339447 -163.278259 123.372383 157.573883 -72.732925 78.465317 121.897247 -108.284676 133.102341 147.794739 -22.025047                831 
84.007668 141.766205 -164.011276 123.215675 151.366318 -71.763077 79.593010 113.563675 -105.064804 132.580917 144.615265 -20.496054                849 
85.913116 132.439804 -163.615021 122.109314 143.616562 -69.978851 81.189468 104.009491 -103.764450 130.549683 137.547821 -18.466492                867 
86.997063 125.349861 -162.804932 123.936874 142.275055 -70.366936 81.046600 102.425774 -100.746361 132.171631 139.854507 -18.521761                885 
86.444290 118.419243 -161.621155 124.717606 139.903564 -70.725685 80.904442 98.139641 -97.697258 133.566940 140.105835 -18.925673                903 
84.700264 110.843269 -160.762482 125.108490 134.816895 -71.480377 78.189140 93.992905 -95.066986 134.270935 137.376755 -19.797798                921 
84.571632 106.474182 -159.289444 125.023781 130.715973 -70.128113 77.218948 89.232231 -92.088287 133.710434 134.012314 -18.405117                939 
83.370346 102.424881 -159.366440 124.621201 128.227692 -71.029892 76.654266 85.188644 -91.040009 133.785217 132.367386 -19.450090                957 
84.138458 99.050209 -158.299408 124.779289 126.225464 -70.111084 76.819138 82.241608 -89.399277 133.589676 131.112137 -18.535023                976 
83.861252 97.375755 -156.716980 125.438293 124.297646 -68.896790 76.158585 80.693359 -87.359726 134.591309 129.299957 -17.391531                994 
82.511887 98.143410 -155.132843 125.126076 123.143250 -67.246529 74.075920 80.502930 -85.621758 134.654846 127.343903 -15.737800               1012 
84.948509 104.084122 -156.703110 124.854095 122.718117 -65.990059 71.731010 81.489700 -88.525040 133.098312 122.997208 -14.090659               1030 
86.682747 106.605499 -158.083084 124.919418 122.774170 -66.127937 68.363976 83.358154 -89.814583 132.416367 121.936859 -14.121332               1048 
107.117569 122.350098 -168.772339 124.880630 126.424927 -69.580635 73.901718 89.569580 -109.591621 122.097816 118.055084 -17.775282               1066 
107.964523 161.798859 -163.048431 123.170937 137.369186 -66.355453 70.022247 112.730293 -116.137054 120.159737 114.000618 -19.382744               1084 
106.668434 188.985184 -148.771454 120.085846 145.192017 -58.797142 60.843262 133.632263 -110.732368 116.575577 112.938950 -17.456963               1102 
108.596252 197.840347 -142.060486 116.132469 149.441193 -53.767593 55.224979 147.077805 -105.860077 109.998337 115.322563 -14.272232               1120 
99.806725 228.942001 -127.321342 110.161110 164.222946 -50.491440 44.142593 176.423599 -95.212448 104.745552 123.797379 -17.354784               1138 
86.452148 247.193390 -106.204163 103.858093 173.145752 -39.680298 34.292297 194.524765 -71.291885 101.385117 129.371536 -10.709718               1156 
69.420975 255.009399 -91.626190 96.117004 180.656403 -28.396542 25.507360 203.285202 -48.999050 98.656403 137.487045 1.462287               1174 
59.172718 263.497253 -65.501442 87.423508 181.373596 -13.197433 17.644175 208.177795 -26.011829 91.204491 135.510086 12.176482               1193 
43.580566 264.857452 -48.297619 79.488594 183.439789 0.671279 8.347869 208.013992 -4.415948 87.912056 138.435120 26.463076               1211 
32.709610 212.776962 -4.372186 88.000923 177.635437 27.963280 26.283978 196.688614 20.840815 99.524719 130.592667 48.353802               1229 
20.529850 195.711395 16.554441 83.771187 175.048615 41.429665 20.480415 191.522842 37.781460 98.712059 128.264221 60.126827               1247 
12.216437 190.905075 34.213734 77.706467 173.916077 51.545654 13.823707 188.865067 54.674778 95.662621 127.171448 67.486458               1265 
7.474619 184.630844 47.907234 73.696953 167.979370 61.261253 9.780584 182.399719 68.593315 92.808350 120.646370 73.748619               1283 
1.917512 179.914124 57.841393 68.831703 165.230194 69.352913 4.578129 178.489716 79.760620 89.612442 118.200401 80.213509               1301 
-0.924637 176.748352 66.378380 66.186493 162.097565 76.827240 1.868309 174.971298 88.997879 87.388374 114.792732 85.448486               1319 
-2.811251 170.789597 74.616653 64.956581 157.337753 82.405098 0.955691 169.112778 97.133293 87.361183 110.428284 90.094566               1337 
-4.340146 167.101440 79.500023 63.908405 155.302856 86.033302 -0.070687 165.433701 101.941422 87.638504 108.911270 92.837418               1355 
-5.141145 161.806885 84.813416 63.662239 150.296814 88.829254 0.277328 160.062424 107.069702 87.999763 104.083725 94.628181               1374 
-6.811244 159.359985 86.789497 62.720024 148.883011 90.698929 -0.822933 157.393875 108.929962 88.110680 103.236832 96.472427               1391 
-7.986131 157.967789 87.882187 62.111874 147.218475 91.598671 -1.467578 155.376617 109.684677 87.755463 101.627312 96.642937               1409 
-9.256240 157.290863 88.376785 61.317505 146.225433 92.209206 -2.321966 154.449936 109.708702 87.033760 100.650040 97.020737               1427 
-9.972243 156.986343 88.541222 61.071606 146.009476 92.437218 -2.608093 154.190628 109.552094 87.043976 100.594574 97.388550               1446 
-10.101422 156.126495 88.881683 61.236706 144.980621 92.295502 -2.328120 153.729340 109.392624 87.189980 99.615211 97.772789               1464 
-10.297282 155.785751 88.941910 61.294121 144.807770 92.284134 -2.293056 153.555786 108.895180 87.413498 99.551872 97.876503               1482 
-10.582374 155.489426 88.970383 61.284504 144.674515 92.219727 -2.268146 153.406845 108.331566 87.592896 99.548294 97.971733               1500 
-10.422712 154.859695 89.524490 61.716385 143.427521 92.052788 -1.623304 152.708069 108.379318 87.867302 98.215019 97.845222               1518 
-9.435288 154.913681 89.735954 62.654507 140.670227 92.225060 -0.351268 152.152298 108.395363 87.353561 94.676033 98.231972               1536 
-9.605130 155.005875 89.898743 62.801796 140.625381 92.059830 -0.232421 151.956863 108.111061 87.681427 94.720299 98.002922               1554 
-9.803288 155.372894 90.015450 62.890881 140.508316 91.940727 -0.179019 151.824509 107.855080 87.807823 94.608604 97.767853               1572 
-9.583437 156.695541 90.136368 63.225803 138.942947 91.230652 0.486390 151.370926 107.615868 87.170418 92.407700 95.997047               1590 
-10.114664 157.856720 90.107368 63.210018 139.249146 91.063011 0.360369 151.313721 107.311668 87.454918 92.870354 95.836441               1608 
-10.760401 159.194183 90.168785 63.027496 139.806519 91.072929 0.032248 151.515274 107.038269 87.539253 93.574402 95.905937               1626 
-10.901947 159.560181 90.172905 63.023006 139.656570 91.150230 -0.031329 151.444153 106.884758 87.485794 93.406082 96.054924               1644 
-10.858480 159.949127 90.370300 63.117599 139.126419 91.403313 0.080278 151.211258 107.043045 87.357788 92.759949 96.318207               1662 
-10.891984 160.508316 90.556808 63.177898 138.577728 91.641556 0.130920 150.875427 107.190086 87.221931 92.099281 96.461449               1681 
-11.058927 161.087280 91.011314 63.254101 138.503677 91.720924 0.158997 150.532013 107.458649 87.435753 92.063210 96.206757               1699 
-11.261472 161.011292 91.457985 63.183514 138.432983 91.841621 0.066978 150.195297 107.788498 87.501434 92.031654 95.982712               1717 
-10.965467 159.904800 93.252831 63.348534 136.618805 92.327156 0.441007 148.358887 109.125732 87.338638 89.930664 94.834320               1735 
-10.992652 159.035004 94.523125 63.596703 136.345612 92.360275 0.776567 147.233627 110.081360 88.096046 89.882919 93.970490               1753 
-11.261374 158.248016 95.011185 63.496998 136.080612 92.562286 0.649682 146.493500 110.481277 88.337578 89.792931 93.972542               1771 
-11.433113 157.258362 95.390671 63.498039 135.681137 92.516228 0.647083 145.546387 110.734680 88.711266 89.586723 93.607224               1789 
-11.629381 156.514633 95.661171 63.410885 135.247711 92.695946 0.531920 144.840714 110.951866 88.832718 89.265930 93.695450               1807 
-11.802199 156.167648 95.905762 63.317600 135.115341 92.734764 0.453699 144.494720 111.106697 88.888771 89.212753 93.547600               1825 
-11.829525 155.448212 95.900345 63.465679 134.955078 92.770462 0.559539 143.992096 111.126106 89.403267 89.264137 93.853050               1843 
-11.743562 154.986328 96.013748 63.606712 134.563782 92.722046 0.751514 143.614441 111.203392 89.608154 88.910713 93.868752               1861 
-11.587579 154.476624 96.231651 63.828568 134.258347 92.544327 1.055266 143.147186 111.309280 89.976089 88.684700 93.515388               1879 
-11.783337 154.336365 96.173462 63.720253 134.185547 92.568619 0.987531 143.133636 111.282883 89.966324 88.673065 93.730560               1897 
-12.084125 154.438980 96.202370 63.561127 134.091614 92.506119 0.947846 143.165558 111.320396 89.863068 88.612221 93.699982               1916 
-12.266334 154.372482 96.165932 63.516632 133.967606 92.425514 1.003188 143.098526 111.342346 89.924675 88.549873 93.624184               1934 
-12.507276 155.006149 96.252663 63.106064 133.571838 92.506866 0.753179 143.541504 111.433189 89.010330 87.868958 93.851318               1952 
-13.103574 156.155502 96.759735 62.015469 133.141800 91.717545 0.225436 144.402313 111.693428 87.017342 86.929054 92.656639               1970 
-13.620260 157.043961 96.984138 61.214149 133.085388 91.893448 -0.361655 145.297852 111.944122 85.684166 86.599457 93.260544               1988 
-14.264382 157.352676 97.074478 60.626137 133.572296 91.843231 -0.959432 145.650681 111.967781 85.226295 87.156143 93.245285               2006 
-16.348848 156.873535 96.819832 58.875484 134.287094 91.003105 -2.641962 145.721542 111.755936 84.317001 88.351128 93.054535               2024 
-17.587355 156.781815 96.803490 57.694077 134.567673 89.969810 -3.647801 145.625763 111.594040 83.418129 88.773308 91.625496               2042 
-18.659285 157.366348 96.601425 56.547421 134.807755 89.271385 -4.782219 145.798569 111.396339 82.140350 88.922592 90.342178               2060 
-20.446157 157.354736 96.071404 55.020027 135.172424 88.588303 -6.467295 145.586182 111.080727 81.151581 89.598160 89.900063               2078 
-21.429960 157.692795 96.014725 54.020622 135.202698 88.230652 -7.508944 145.588211 111.214119 80.192825 89.652176 89.556519               2096 
-22.467443 157.733978 95.992584 52.861099 134.707993 87.532036 -8.488892 145.398346 111.312172 79.011475 89.153900 89.136604               2114 
-22.859972 157.433060 96.415642 52.459267 134.260574 87.161163 -8.734434 144.847015 111.745094 78.880119 88.871346 88.991142               2132 
-23.225788 157.152176 96.956345 52.029816 133.357590 86.473259 -8.806872 143.991348 112.228813 78.821495 88.208923 88.796318               2151 
-22.660334 156.564651 97.026573 52.572212 131.933411 86.709969 -8.319473 142.916245 112.398766 79.504753 86.937904 90.120949               2169 
