-1.005599 132.043533 92.404213 37.048897 165.151718 85.940735 -22.987003 167.799057 88.709564 69.781555 133.424026 109.499725                  0 
-1.182776 132.483414 92.596611 37.192490 165.299210 85.966026 -22.987719 167.636429 88.759033 69.924026 133.307266 109.166496                  8 
-1.283913 133.012527 92.835442 37.483261 165.459412 85.927032 -22.808754 167.752274 89.040237 70.224258 133.205795 108.748756                 17 
-2.005558 134.259613 92.519615 37.476490 165.971741 85.655235 -22.820713 169.213440 89.801994 69.946823 132.588196 107.203224                 26 
-2.231613 134.694656 92.617493 37.533035 166.253967 85.451096 -22.814426 169.144653 90.388672 70.292206 132.536667 106.019997                 35 
-2.466340 135.142899 92.817650 37.578804 166.562576 85.310661 -22.791340 168.880219 90.731522 70.617126 132.636597 105.074181                 44 
-2.587899 135.852264 93.411972 36.988590 167.873535 84.831543 -23.228472 168.394928 91.786293 71.268547 134.281372 102.985069                 53 
-3.773070 135.804398 92.432281 35.891445 168.037140 83.469727 -24.175390 167.850571 91.741386 70.836006 134.466309 100.350983                 62 
-4.310243 135.589951 92.244781 35.668602 167.773605 83.282112 -24.286453 167.448013 92.243698 70.810555 134.002945 99.334686                 71 
-4.701540 135.369781 92.096146 35.540874 167.501068 83.228714 -24.312628 167.054398 92.491249 70.769928 133.559875 98.720917                 80 
-5.004073 135.211365 91.986679 35.445816 167.298233 83.188972 -24.279972 166.730515 92.587570 70.736633 133.233063 98.262863                 90 
-5.220692 135.217987 91.939575 35.393692 167.267609 83.198486 -24.283430 166.635056 92.544411 70.708786 133.203217 98.217178                 99 
-5.579900 134.935577 91.819290 35.243237 166.948502 83.450119 -24.370502 166.272125 92.587135 70.493156 132.691208 98.180374                108 
-5.874082 134.720490 91.798714 35.136581 166.695892 83.787437 -24.384346 165.967773 92.589142 70.313522 132.275177 98.309731                117 
-6.138231 134.489761 91.721329 35.069527 166.399475 84.090569 -24.358444 165.690262 92.547798 70.140221 131.777634 98.389977                126 
-6.304170 134.669785 91.700829 34.991005 166.544907 84.328499 -24.354397 165.806854 92.340538 69.967789 131.809311 98.581993                135 
-6.734574 135.684509 91.593636 34.758446 167.411194 84.640968 -24.567608 166.824158 91.983192 69.484383 132.467606 98.999023                144 
-6.903723 135.644150 91.120544 34.858116 167.145966 84.709457 -24.397238 166.863510 91.782570 69.291740 131.696091 98.520027                153 
-6.879519 135.660965 91.108536 34.886261 167.139175 84.710754 -24.263342 166.810516 91.528526 69.281807 131.583908 98.344124                162 
-6.838783 135.662048 91.103745 34.892292 167.139130 84.698555 -24.209812 166.758591 91.288277 69.262672 131.521317 98.231758                171 
-6.634396 135.588684 91.061615 34.957424 167.085953 84.610023 -24.105669 166.722733 91.238350 69.312050 131.314514 97.772987                180 
-6.465832 135.363800 91.026031 34.980419 166.935959 84.646721 -24.026478 166.437607 91.132210 69.347031 131.001404 97.325157                189 
-6.290695 135.272491 91.097176 34.977615 166.943924 84.643593 -23.993753 166.254944 90.776382 69.380569 131.020981 97.256203                198 
-6.071774 135.097519 91.206062 34.935810 166.940460 84.670059 -23.960232 165.951416 90.441696 69.426361 131.036072 97.094910                207 
-5.788098 134.881332 91.296577 34.910854 166.913422 84.662323 -23.923218 165.693558 90.185890 69.483498 131.032684 96.926292                216 
-5.517565 134.656235 91.396019 34.879169 166.877655 84.672424 -23.907471 165.485031 90.074974 69.533852 131.026779 96.791267                225 
-5.459590 135.136719 92.229935 34.553974 167.487411 84.543877 -24.178331 165.939972 90.378998 69.459206 132.023010 97.073845                234 
-5.460375 135.443649 92.672241 34.372952 167.755768 84.408501 -24.321281 166.327148 90.574150 69.311386 132.364944 97.053459                243 
-5.335515 135.464371 92.889748 34.338287 167.823166 84.347404 -24.324085 166.392380 90.683014 69.333313 132.491287 97.000687                253 
-5.415959 135.876831 93.400002 34.155132 168.171570 84.307930 -24.446745 166.835251 91.067581 69.210228 132.892075 96.941109                261 
-5.318237 136.161758 93.950478 34.079788 168.474548 84.308929 -24.449158 167.115234 91.575272 69.280106 133.299316 96.828506                270 
-5.184175 136.219543 94.451721 33.999992 168.633987 84.383774 -24.459826 167.127853 91.981422 69.380821 133.629578 96.873283                279 
-4.936569 136.084351 94.834824 33.919273 168.713699 84.250313 -24.453350 166.864853 92.137009 69.610336 134.076035 96.878845                288 
-4.715160 135.957962 95.262756 33.775364 168.837738 84.153397 -24.491325 166.582733 92.291389 69.818314 134.645294 96.994026                297 
-4.405111 136.043411 95.906815 33.519611 169.253418 83.889221 -24.612291 166.356064 92.427307 70.116447 135.827026 97.172569                306 
-4.177400 136.098785 96.236893 33.379986 169.491165 83.599434 -24.639910 166.213882 92.402672 70.317589 136.562592 97.179649                315 
-4.118399 136.098389 96.382637 33.277611 169.573792 83.476555 -24.670748 166.100510 92.360008 70.371864 136.884842 97.207870                325 
-4.084208 136.095856 96.484619 33.205975 169.631607 83.390579 -24.681883 166.015747 92.326653 70.409637 137.111298 97.225914                334 
-4.097435 136.131729 96.586166 33.142830 169.700317 83.367035 -24.684349 165.994980 92.307014 70.411545 137.299454 97.307137                343 
-4.117124 136.165039 96.671967 33.089718 169.758133 83.347237 -24.671432 165.982773 92.292694 70.413078 137.458115 97.374901                352 
-4.189098 136.244370 96.702682 33.014606 169.830688 83.290733 -24.689407 166.021973 92.192780 70.359543 137.606659 97.435249                361 
-4.408153 136.316330 96.405655 32.956478 169.799942 83.210014 -24.741310 166.205582 91.920868 70.130035 137.381683 97.362129                370 
-4.658487 136.415649 96.000946 32.906597 169.760574 83.076591 -24.810921 166.433624 91.554298 69.858162 137.085419 97.219284                379 
-5.009063 136.517761 95.459290 32.822388 169.691116 82.942970 -24.935904 166.708618 91.111786 69.476578 136.658096 97.028038                388 
-5.109779 136.642441 95.030548 32.841755 169.691071 82.640190 -24.943211 166.917480 90.644440 69.330994 136.500977 96.784187                397 
-5.185192 136.670624 94.827942 32.840202 169.663055 82.539238 -24.960068 166.985016 90.431786 69.240593 136.384644 96.704620                406 
-5.198745 136.720078 94.782555 32.823647 169.685059 82.465599 -24.976095 167.044601 90.318970 69.197456 136.409836 96.706551                415 
-5.306511 137.024612 94.764923 32.774178 169.862457 82.345001 -25.035208 167.391373 90.135712 69.056458 136.582626 96.806969                424 
-5.582191 137.435272 94.885841 32.502472 170.232544 82.397987 -25.288500 167.813980 90.255409 68.767700 136.915680 96.817413                433 
-5.739866 137.436447 94.842064 32.235229 170.238831 82.362495 -25.528362 167.855209 90.186729 68.448036 136.824188 96.687080                442 
-5.884912 137.395126 94.665161 31.945547 170.192474 82.167900 -25.785299 167.867249 89.985291 68.095749 136.657516 96.368919                451 
-5.918441 137.393997 94.823212 31.742088 170.170395 82.005531 -25.896248 167.785797 89.983536 67.945541 136.669174 96.150391                460 
-6.011261 137.715836 95.195084 31.492805 170.426056 81.822182 -26.032358 167.929871 90.067787 67.827950 137.105133 96.054977                470 
-5.466956 138.015747 96.382339 30.904497 171.276764 81.342445 -26.248638 167.484558 90.961609 68.366585 139.141617 95.378929                478 
-5.477747 137.997940 96.313759 30.456419 171.432083 80.786865 -26.511940 167.241455 90.858345 68.244621 139.587601 94.610046                487 
-5.307408 137.766998 96.396080 30.312187 171.284866 80.584373 -26.493633 166.757828 90.719658 68.274582 139.639832 94.388245                496 
-5.364154 137.749146 96.305847 30.190248 171.169678 80.304657 -26.520676 166.699753 90.564400 68.133430 139.461777 94.016808                505 
-5.726994 138.322067 96.221085 29.460762 171.686462 79.350533 -27.017464 166.890686 90.150406 67.722069 140.369415 93.076935                514 
-5.827806 138.535095 96.368568 29.182091 171.681290 78.808624 -27.109642 166.741791 89.710632 67.525093 140.559418 92.749306                523 
-6.339452 137.854568 95.132370 29.250650 170.879608 78.633362 -27.157978 166.520630 88.923111 66.988365 138.826492 92.107826                532 
-6.824201 136.693192 93.481514 29.786192 169.583908 79.214020 -26.768017 166.210876 88.668541 66.455338 135.720322 91.119087                542 
-6.975105 136.944305 92.808121 30.264856 169.444519 79.333885 -26.163237 166.615204 88.391060 66.239769 134.493439 90.165657                569 
-7.791747 135.091476 92.388145 29.527451 166.916992 77.597908 -26.606087 164.739975 87.809189 65.279839 131.563370 87.844238                578 
-7.293196 132.392395 90.747833 30.149300 164.318527 76.732925 -26.092550 162.105942 86.126137 65.706673 128.795731 87.072342                587 
-6.901217 132.698486 90.919670 30.376211 164.287979 76.239693 -25.910810 162.251221 85.366844 65.910675 129.083527 87.687286                596 
-6.862446 132.768585 90.981148 30.382746 164.278458 76.251175 -25.916153 162.322220 85.359886 65.881050 129.071259 87.802048                605 
-6.950917 132.868698 91.001724 30.322186 164.286987 76.254738 -26.011387 162.424713 85.268127 65.760101 129.080002 87.990204                614 
-6.838482 132.947708 91.232559 30.227547 164.487244 76.342987 -26.103655 162.351791 85.352821 65.852669 129.528214 88.251640                623 
-6.865867 133.087936 91.268036 30.029356 164.742065 76.298599 -26.321938 162.320389 85.139252 65.818428 130.060791 88.523590                632 
-7.349272 132.770248 91.157143 29.958071 164.368408 77.225365 -26.467567 162.359116 85.681480 65.276794 128.965759 88.729263                641 
-7.535585 132.533783 91.263458 29.980982 164.123245 77.987358 -26.459808 162.348419 86.369293 65.030365 128.232788 88.781525                650 
-7.504537 132.574142 91.317093 29.884090 164.186142 77.830574 -26.560537 162.289673 86.232819 65.047874 128.491486 88.898506                659 
-7.813788 131.612198 91.110435 29.598621 163.441269 78.303070 -26.930004 161.345108 86.161041 64.743919 127.734245 89.389816                668 
-8.079813 132.218811 91.424393 29.696638 163.727188 79.017456 -26.819542 162.295715 87.096016 64.370316 127.320930 89.284882                677 
-8.415989 132.834824 91.645592 29.642851 164.059265 79.529541 -26.830618 163.058624 87.625862 63.922348 127.120590 89.201660                686 
-9.597593 134.869232 92.108490 28.797373 165.671341 80.041351 -27.603722 165.230484 88.427002 62.632252 128.151917 89.018700                695 
-8.923097 136.604660 94.427803 26.753929 168.790421 78.353874 -29.195465 164.517944 87.960098 63.546295 134.900986 89.796188                704 
-8.141476 137.112808 95.288033 26.187107 170.225815 78.257294 -29.413612 163.683243 88.145325 64.279167 137.849289 89.826889                713 
-7.706390 137.174667 95.670929 25.988964 170.470047 77.688637 -29.350300 162.536133 87.596619 64.792152 139.150635 89.792610                722 
-7.546742 137.061676 95.828720 25.965164 170.396271 77.584488 -29.250864 161.845459 87.379936 64.994293 139.373779 89.726616                731 
-8.122277 136.300507 96.158386 25.709732 169.676880 78.613861 -29.546181 161.206589 87.955971 64.479698 138.144730 90.263397                741 
-8.973079 135.490204 96.152245 25.245134 168.975006 79.612694 -30.111784 160.647369 88.285370 63.680801 136.853180 90.747650                749 
-8.958532 136.238663 96.012169 25.180246 169.389679 78.675034 -30.110826 161.117401 87.625969 63.671692 137.486069 90.236496                758 
-9.809228 139.167847 96.850464 24.967304 171.712112 79.776550 -30.271276 163.701553 87.375282 62.784374 139.047592 91.438377                767 
-9.934099 140.735825 95.366402 26.132488 172.651352 80.038284 -29.125011 165.799805 86.076851 62.498047 137.767181 89.720200                776 
-9.457619 146.331238 94.457161 26.791634 175.291946 74.592491 -28.029205 170.324890 82.852943 62.255585 139.729446 85.114647                786 
-8.804518 149.651718 93.845329 27.279980 176.838165 71.477501 -27.142494 172.014801 79.954041 62.363689 141.108185 82.684685                794 
-8.354163 156.417068 91.872742 27.759655 180.518539 66.313629 -26.455559 176.943130 75.536377 62.229565 144.994232 79.839462                804 
-10.839493 156.833130 89.433296 26.535513 181.403687 66.274292 -27.818129 179.231186 74.601494 59.123924 143.067413 76.345306                813 
-14.275294 149.488663 77.337685 23.510332 179.078583 62.282829 -31.099388 172.940384 64.020439 57.225380 141.108032 69.674232                822 
-13.381201 151.406845 72.040451 24.054848 181.258026 57.224064 -30.430157 174.142853 57.407753 58.114681 143.981674 66.361900                831 
-13.554680 153.481903 65.903633 24.063948 183.234070 51.932205 -30.274862 175.576965 49.634457 57.901142 146.460052 63.586208                840 
-15.301230 156.547836 52.901051 25.243334 185.138428 49.621841 -28.391008 182.314987 38.467579 54.914467 144.015793 57.473721                849 
-16.423149 160.725052 40.337318 25.306160 186.818085 45.323624 -26.592602 188.547989 27.653700 52.024559 143.093979 48.049236                858 
-18.446127 167.166855 28.476519 25.175861 187.124405 39.615597 -24.567686 197.297882 18.757355 46.836559 140.758484 35.858593                867 
-18.848450 173.266556 20.989491 25.469015 188.711288 35.845394 -22.269983 204.086761 15.152892 45.366058 143.243546 22.811195                876 
-20.067064 178.112701 11.961293 24.499926 189.162888 29.596586 -20.417486 209.315536 8.281246 43.025517 145.857712 9.235757                885 
-21.437315 208.253693 -40.247654 45.070099 173.806625 23.151625 40.887211 181.956070 -27.484493 77.145142 147.187088 53.079727                894 
-27.613636 209.681992 -21.533392 47.929165 188.048447 9.292254 -23.320475 194.150970 15.269881 75.029099 160.122574 42.741299                903 
-26.447792 210.745972 -28.382408 46.582230 187.738586 7.260616 -24.949398 194.363388 8.737985 71.207840 159.062164 41.964237                912 
-26.090090 209.746170 -37.097340 45.425797 187.889313 2.380069 -26.420002 192.692062 0.500164 68.999397 159.482437 38.023220                921 
-25.744740 208.492950 -47.236279 43.950821 187.176483 -3.919432 -28.135416 190.008087 -9.043033 66.493729 158.729462 32.352924                930 
-25.229387 207.394058 -58.179943 42.292183 186.182846 -10.974422 -30.126116 187.824905 -18.832235 63.581898 157.789047 26.088213                939 
-24.973871 206.454010 -69.870476 40.131485 184.614685 -18.850580 -32.812580 185.726852 -28.703743 60.106949 156.307129 19.001265                949 
-24.365831 205.378937 -80.018936 38.651207 182.444916 -25.975868 -35.299507 182.827805 -36.824268 57.601677 154.076324 12.354296                957 
-24.016840 203.264877 -89.872406 37.979588 180.885956 -33.438633 -37.094063 178.920456 -44.368298 56.917721 153.214584 5.403897                966 
-23.466705 200.671585 -99.375381 37.367847 178.590607 -40.383766 -38.638248 174.475555 -51.611637 56.067390 151.860092 -0.774341                975 
-23.941988 197.700150 -108.640060 36.407406 176.744766 -47.864082 -40.705296 170.716339 -58.378117 55.184746 151.082321 -7.590642                985 
-24.004400 193.663284 -117.713615 34.750378 172.143463 -54.733631 -43.326397 163.669724 -66.067444 53.173752 146.172806 -14.494299                993 
-24.882223 187.064819 -125.077530 33.729870 169.475403 -59.725174 -44.239147 155.859802 -70.839966 53.128586 146.292511 -18.260220               1002 
-26.062763 180.600571 -129.686066 32.824535 164.509140 -63.378860 -45.591835 151.243683 -72.554573 52.502365 143.517807 -20.890669               1011 
-23.427509 167.163055 -134.300735 34.988499 164.498184 -65.162437 -42.142456 146.377411 -72.580833 54.943012 152.668701 -19.391487               1020 
-23.141788 159.982391 -136.389420 35.847210 164.006134 -67.266594 -39.232952 143.979080 -73.296539 56.215069 157.973602 -20.556232               1030 
-30.233383 160.847183 -139.089111 33.494743 162.947006 -73.896591 -39.685696 143.156540 -76.790276 56.832012 156.932419 -28.594318               1039 
-33.777119 154.065384 -142.651627 31.918783 163.860092 -79.855339 -38.769348 140.418762 -79.947945 56.868279 163.086685 -35.022053               1048 
-28.525305 134.975418 -112.640053 30.499565 164.228592 -84.438187 -37.640629 136.313446 -83.006233 56.713726 165.790848 -40.353306               1057 
-22.769707 126.381096 -101.126060 30.720198 163.982758 -87.096512 -35.440464 132.533203 -85.792030 56.849655 167.342300 -43.061703               1066 
-18.441889 121.285385 -98.274910 32.039192 162.592514 -88.856911 -33.161308 129.363586 -88.891487 55.746365 169.613617 -43.892776               1075 
-16.945978 118.976479 -99.940315 32.493938 161.224213 -90.931931 -32.221489 127.455231 -93.098640 54.476200 169.052109 -45.230686               1084 
-16.184742 118.300407 -102.670685 33.001377 160.528839 -92.883308 -31.470720 126.957642 -97.296448 53.572048 168.333694 -46.525669               1093 
-15.662249 117.965195 -105.763374 32.565697 160.861359 -95.485649 -31.097292 126.124977 -100.693375 53.452667 167.347672 -49.066242               1102 
-14.364841 118.222466 -106.187088 32.600849 161.474808 -96.446396 -30.421717 125.873512 -102.342781 53.883877 166.679092 -50.045452               1111 
-14.611979 120.280197 -108.015137 31.537958 163.251358 -97.960098 -30.802488 127.129684 -104.557648 54.848404 164.698059 -52.269512               1120 
-13.219710 120.336723 -106.989296 31.703087 163.845383 -98.611801 -29.814598 127.078239 -105.221291 55.634342 165.182220 -53.239922               1129 
-13.679139 122.309013 -107.942413 31.730824 164.949127 -99.551224 -29.598900 129.431381 -107.182190 56.177235 164.912262 -54.435032               1138 
-10.264098 116.744438 -102.296104 31.156755 163.364090 -95.423172 -26.280565 122.313957 -100.397446 60.020367 163.104095 -52.997665               1147 
-6.423570 114.424232 -101.379433 31.464874 163.478668 -92.846161 -22.555189 118.631004 -98.615219 63.255222 161.675781 -52.606598               1156 
-33.013161 155.795639 -148.938324 33.431549 172.587601 -99.959793 -21.506775 134.427246 -114.408363 60.303684 162.751022 -57.366020               1165 
-37.062141 172.891388 -163.792419 35.635048 176.277771 -102.649971 -20.548887 141.033203 -117.805588 60.711483 164.863998 -59.360279               1174 
-33.873146 182.392151 -169.306641 38.036831 179.894150 -102.228401 -18.237356 146.077881 -120.667130 61.225105 166.460861 -58.468258               1183 
-31.007708 185.959702 -171.525604 40.013233 182.366104 -102.037560 -16.468779 149.022110 -121.498016 62.266438 168.804489 -57.833752               1192 
-27.473854 194.915619 -171.078522 42.995934 185.580902 -101.088966 -14.633375 155.233170 -122.651070 64.422104 169.053055 -57.490242               1201 
-20.792105 205.328522 -172.157410 47.466881 190.501144 -100.718071 -11.358472 163.736435 -124.806602 67.093338 171.377350 -57.333946               1211 
-16.016773 209.253494 -170.868774 50.562473 192.804413 -98.109543 -8.297885 166.940384 -124.279526 69.257851 172.479416 -54.860527               1219 
-11.565833 213.002594 -169.615707 53.563610 194.587570 -95.962402 -5.735903 170.523071 -123.680359 71.392021 173.094025 -52.912724               1228 
-5.348623 218.934418 -167.127869 57.654686 196.588257 -92.680374 -1.444383 174.917694 -122.955261 74.164825 172.972504 -50.220856               1237 
1.649149 224.280121 -163.861023 62.316891 197.598190 -88.905159 3.769354 178.674622 -121.535187 77.289223 171.894348 -47.093185               1247 
8.468657 228.736877 -161.727219 66.659706 198.839111 -86.026558 8.705876 182.265945 -120.687920 80.064575 171.680069 -44.604389               1255 
17.939692 235.025711 -159.607941 71.666901 200.628784 -82.532021 15.396297 186.916840 -120.919930 82.530640 171.265350 -41.876560               1265 
21.238195 228.869293 -159.140457 75.900253 199.658203 -80.599457 18.901323 184.278946 -116.981911 87.151184 173.238785 -38.072643               1275 
26.994028 231.421707 -159.409348 79.964127 201.372253 -80.032623 23.754736 186.938889 -117.819481 90.351982 174.411819 -37.625942               1283 
33.784973 232.676117 -158.583206 84.571602 202.116425 -77.986618 29.632923 188.118820 -117.714943 93.984459 174.591324 -35.715275               1292 
40.407021 235.626740 -156.264389 89.176132 201.740829 -75.698006 34.798679 189.816452 -116.822525 97.445580 172.825653 -34.121231               1301 
45.138092 232.807419 -156.378952 92.953239 201.462830 -74.181572 39.639523 187.592407 -116.046967 101.018211 173.612015 -31.844976               1310 
49.032246 230.344727 -155.188843 96.772003 200.742661 -72.270401 43.778526 185.785416 -114.035751 104.922012 173.739227 -29.404427               1319 
53.579033 227.119705 -155.340027 100.629509 199.698120 -71.258949 51.170776 182.378555 -111.978706 108.469131 173.855072 -27.626665               1328 
57.925552 223.120758 -155.557114 104.416260 198.755722 -70.211960 57.226143 179.131088 -110.117958 112.103661 174.380676 -25.716337               1337 
62.433529 219.127090 -156.542175 107.848740 197.573502 -69.870918 62.148033 176.245880 -109.425224 115.070259 174.560699 -24.578978               1346 
66.115417 214.980698 -156.734024 110.897026 195.988892 -69.144745 66.151871 173.173340 -108.374535 117.932129 174.156708 -23.243082               1355 
68.720032 212.014954 -156.134521 113.747490 194.424240 -68.387329 69.656250 170.658966 -107.077225 121.013809 173.201431 -22.236574               1364 
72.287834 208.901428 -156.283997 116.495041 193.173508 -67.801041 73.596931 168.107986 -106.645348 123.590874 172.581726 -21.338934               1373 
75.060883 202.640518 -156.993561 119.117516 190.741928 -67.869949 76.797203 163.798019 -105.854919 126.316856 171.932831 -20.673687               1382 
79.212761 196.070328 -158.561737 121.737747 188.568344 -68.308060 80.802376 159.417831 -105.998474 128.470276 171.618393 -20.344828               1391 
82.581902 192.356720 -156.420853 123.931740 184.748550 -65.761406 84.132462 155.642365 -104.184174 130.312561 167.333313 -17.916927               1400 
83.493271 184.631699 -154.303665 125.750755 182.312363 -64.122009 87.115379 150.835205 -101.102127 133.270218 166.588120 -15.859135               1409 
85.162132 178.968399 -152.500992 127.565231 180.735168 -63.160812 89.600349 148.483551 -99.276001 135.426682 165.964249 -14.651875               1418 
86.701820 171.169662 -150.302307 129.165604 178.157166 -61.957542 91.615311 144.632690 -96.857353 137.262238 165.026749 -13.017414               1427 
87.825531 163.961655 -148.030609 130.754288 175.650589 -61.142391 93.445976 141.091690 -94.889465 139.319458 163.848419 -11.944363               1436 
86.599510 157.294754 -145.017166 131.487152 172.834366 -60.584721 93.776672 137.853348 -92.899857 141.231506 161.857254 -11.415117               1445 
88.537178 151.900940 -144.732178 132.864990 169.135025 -61.069355 93.892120 135.961411 -93.326286 141.077591 158.909286 -11.460014               1455 
94.449081 149.351883 -146.121628 134.889023 166.185928 -60.787254 96.308517 135.248810 -95.566399 139.936508 155.802551 -10.789183               1463 
96.041527 142.840912 -144.928619 135.005417 162.416550 -59.768822 96.769852 131.514801 -95.299759 139.163925 153.094238 -9.480643               1472 
99.196724 139.900696 -144.665756 136.274506 159.335526 -58.868393 97.719513 130.396744 -96.267654 138.814316 149.904678 -8.492724               1481 
103.052261 136.055511 -145.609558 136.619370 155.687042 -58.651146 98.766678 128.263351 -98.457062 136.818222 146.157120 -8.230511               1490 
103.456177 131.216141 -145.255630 136.143051 152.329666 -58.486778 98.886322 124.509827 -98.962990 136.471924 142.722153 -8.081552               1499 
102.089432 124.052391 -144.261948 136.338531 148.676895 -59.386589 98.538673 119.616432 -98.677605 137.792801 140.345581 -8.774599               1509 
102.308189 117.104202 -143.579956 136.494507 144.659485 -59.843998 98.454918 115.017227 -98.634949 137.526642 137.946915 -8.981678               1518 
101.116005 112.281799 -144.535645 136.976273 142.914536 -62.842453 98.419472 111.941086 -100.141891 139.292969 137.470642 -11.870929               1527 
102.072670 107.988312 -144.376526 138.045670 139.154480 -63.115616 98.802200 109.060883 -100.602715 139.597305 134.445877 -12.041937               1536 
106.309982 101.872208 -146.516220 139.635193 137.068359 -65.870590 100.642120 106.712029 -103.537697 138.005203 136.139496 -14.591166               1545 
109.172813 98.520302 -146.873001 140.525635 133.674072 -65.493950 101.701202 104.636757 -104.642143 136.683105 133.576019 -14.324386               1554 
110.391045 96.487495 -146.979126 140.761948 131.928604 -65.410301 101.956970 103.444626 -105.342995 136.001587 132.229095 -14.318737               1563 
109.524261 93.148224 -146.835022 140.944687 129.180786 -65.978523 101.058136 101.602791 -105.752373 136.121140 130.563828 -14.910725               1572 
109.421097 92.567207 -147.536057 140.883743 127.834824 -66.402122 100.632462 101.454002 -106.834274 135.772705 129.020203 -15.357321               1581 
109.118835 90.499130 -148.025742 141.875290 127.666252 -68.305267 100.523308 101.432419 -107.977341 137.151276 130.498611 -17.288012               1590 
109.303986 90.913933 -148.364868 141.875427 126.560066 -67.910835 100.327545 101.829651 -108.530006 136.784195 128.666519 -16.893763               1599 
109.601601 90.317352 -148.700912 142.218018 126.532524 -68.552254 100.285812 102.403709 -109.391953 136.934372 129.214020 -17.581755               1608 
108.200699 86.831810 -147.434708 143.141525 124.487495 -68.976128 99.488785 102.315536 -109.291145 137.638062 130.416702 -18.304089               1617 
102.482079 80.722054 -144.794891 142.744186 121.445534 -70.559265 96.184547 101.470764 -108.809273 138.824051 132.613907 -20.629318               1626 
102.272194 81.421181 -146.249222 143.147873 121.210007 -71.868706 96.592712 104.369339 -111.543800 138.649673 133.737122 -22.311291               1635 
104.566498 84.730087 -148.963943 142.443954 119.740028 -70.716522 97.919601 108.338875 -114.659996 135.220093 131.075333 -21.194550               1644 
106.429504 88.264793 -147.692871 142.629395 118.867073 -67.519218 99.943054 112.890793 -114.877937 133.181564 128.575409 -18.025927               1653 
106.973022 89.777000 -144.022278 143.440582 118.355194 -63.897339 101.320160 119.521324 -113.565132 133.264130 126.876877 -14.330012               1662 
114.024017 98.638390 -142.366302 147.132614 122.080284 -60.150787 105.296989 129.715210 -111.449402 134.907120 123.464684 -10.333919               1671 
117.975960 102.396873 -140.880280 147.592026 127.191956 -58.418472 106.211540 135.543228 -111.392365 133.494110 126.467049 -9.084683               1680 
108.870850 119.594276 -119.464333 142.682205 129.376099 -35.653374 86.841400 131.024063 -76.624794 141.275467 120.035378 14.783432               1689 
98.875877 140.162521 -103.870789 139.969025 143.339722 -21.161118 77.170929 131.102936 -52.554741 149.068466 131.310883 27.885864               1716 
91.733406 182.740204 -88.309692 130.194809 157.501694 -7.393740 63.429375 164.557220 -37.121742 135.967911 134.694412 38.208874               1762 
46.688969 207.722488 -49.593933 102.790535 177.549072 18.334421 30.503401 186.504639 6.209377 118.887848 152.039291 59.846188               1816 
23.054211 223.394226 -30.662981 85.605843 189.567535 29.468508 12.390481 199.587128 25.614939 105.668335 161.946960 67.779076               1852 
16.819408 234.160812 -2.671131 81.277893 188.235229 46.421131 8.674047 202.851059 50.489864 102.244888 154.083374 78.470078               1870 
12.200947 244.614304 28.323931 76.936249 184.773666 58.430950 7.910691 205.815750 77.552483 97.917625 143.673630 80.873497               1888 
0.875466 241.371689 39.017342 69.791290 184.251556 64.893250 3.391237 206.798981 93.019997 93.980209 144.866989 87.183403               1906 
-14.226980 229.310028 45.342598 61.529011 181.129608 70.334068 -6.130879 197.308334 101.480728 90.685936 145.299881 92.676926               1924 
-23.203524 220.809372 52.221111 55.671921 177.609360 76.718781 -13.445132 187.820740 108.394348 87.145645 143.203995 98.137810               1942 
-17.819988 224.380173 62.085571 54.556992 169.484421 83.041176 -13.881769 184.659775 115.118858 80.926292 129.249741 100.899780               1960 
-18.917118 224.457825 63.954823 51.421185 167.650177 86.798035 -18.671255 182.551422 115.435867 76.107231 126.261711 104.424507               1979 
-30.675354 211.986969 65.548439 48.432030 167.714188 87.518181 -21.889692 173.491074 118.738541 79.816345 131.472809 105.812637               1997 
-32.251022 209.549713 66.624496 48.162956 167.171234 87.647568 -21.771086 171.670868 118.845131 80.578850 131.766281 105.780380               2015 
-31.655659 208.028961 68.361778 48.053753 164.353500 89.432510 -21.785593 169.595825 117.989067 79.817291 128.428802 107.697029               2033 
-28.323530 207.496521 68.663780 48.640057 159.267685 90.028130 -20.761066 167.670227 114.652550 78.140671 121.576767 108.526993               2051 
-28.434803 207.762207 68.824043 48.344589 159.364182 90.481438 -20.854445 168.037445 113.433548 77.661674 121.751366 109.425674               2069 
-28.289536 207.829529 69.543427 48.395859 159.099030 90.797363 -20.666271 167.675858 112.918404 77.606895 121.332779 109.599632               2087 
7.103755 147.178040 91.229713 41.420719 163.827255 87.187683 -27.676123 163.629044 101.307602 73.001366 128.808365 107.422295               2105 
14.101830 136.619019 99.232422 40.869347 159.971390 84.405518 -25.669827 163.597260 103.629013 73.301590 126.447906 105.793007               2123 
16.473728 133.608063 101.219040 41.731339 156.627304 82.869286 -23.238787 162.558456 105.821793 74.878403 123.618523 103.959366               2141 
19.393700 128.162521 100.395889 44.672527 151.545975 82.387161 -18.853729 158.667969 108.292587 77.194862 115.953735 99.953888               2159 
20.625647 126.020393 99.232880 46.221985 149.484192 81.736336 -16.140375 157.823105 109.548286 77.910187 112.069344 96.871941               2177 
20.091875 126.281380 99.320061 46.155483 149.573273 81.794739 -15.821416 158.406906 109.968323 77.907028 112.222366 96.955490               2195 
17.605047 128.746964 100.746017 42.781628 151.965363 81.392258 -18.932178 159.731888 109.926498 76.558517 117.246323 98.327713               2214 
15.227904 129.158691 100.264427 42.997261 151.711258 81.475662 -19.045570 159.507919 108.926552 76.625076 117.217339 99.151604               2232 
12.724527 129.329056 99.110954 43.348759 151.151291 81.330452 -19.232927 159.201782 107.190155 76.470352 116.649071 99.922279               2250 
11.139696 129.801926 98.844032 43.317764 151.209366 81.331139 -19.309135 159.308884 106.788582 76.436867 116.905472 100.290764               2268 
9.863111 130.608231 98.562828 42.996174 151.625061 81.267746 -19.957590 160.070892 105.457474 75.975380 117.950401 101.552940               2286 
9.314177 130.932526 98.419182 43.234226 151.525528 81.315788 -19.668028 160.833237 104.987793 75.918198 117.950676 102.234367               2304 
9.630339 130.152817 97.934082 44.574280 149.875076 80.896431 -18.005922 160.987411 104.406700 76.674225 116.104919 102.396889               2322 
8.949435 129.864197 97.240173 44.705673 149.094742 80.212807 -17.306492 161.399612 104.252785 76.633385 115.029121 101.502563               2340 
6.593455 131.121552 97.425163 42.616730 150.584320 80.064423 -19.207315 162.889465 103.651382 75.416885 118.026421 102.363113               2358 
5.468368 130.764267 97.167999 42.384472 149.848434 80.062477 -18.923674 163.372559 102.995354 75.086540 117.550056 102.876709               2376 
3.100977 131.487061 97.024208 39.978664 151.387100 80.036842 -21.134644 164.209915 102.101997 73.522102 120.348503 103.372269               2394 
-9.710573 147.755066 97.283028 50.678017 154.187469 89.669411 -8.472312 162.692383 104.545631 79.442032 114.986053 106.069992               2412 
-13.782167 152.709961 99.603996 53.252342 152.076035 91.459999 -5.117304 158.327621 101.654221 80.600456 111.538361 107.012398               2430 
-16.840389 156.769836 99.589752 53.507130 151.336700 92.094490 -4.658951 157.334656 100.560577 80.060646 110.441872 108.082718               2449 
-17.710747 158.554276 99.977745 53.997753 150.091980 92.709747 -4.038514 156.566620 100.721306 79.939323 108.893990 108.922684               2467 
-17.789597 159.446899 100.341370 54.342590 149.655304 92.899590 -3.594070 156.392654 100.910194 80.079208 108.351479 109.169807               2485 
-18.240950 160.087189 100.512413 54.362507 149.645432 92.997475 -3.548910 156.284332 101.031944 80.174080 108.314369 109.078674               2503 
-18.509504 161.407898 101.178436 54.385334 148.920029 92.441963 -3.240649 156.291138 101.596519 79.850922 106.913887 107.277298               2521 
-18.185701 161.523392 104.064682 54.588078 147.429199 91.640114 -2.381671 155.245392 103.795135 80.387550 105.020813 104.640709               2539 
-17.837029 158.896408 105.070274 55.019520 145.372757 90.059715 -1.613816 152.155533 104.090561 81.600212 102.779182 100.659378               2557 
-18.050949 158.280121 104.512108 54.938602 144.589691 88.836197 -1.563875 151.236679 103.293030 81.706192 101.982552 98.897377               2575 
-17.889296 158.744171 104.117210 55.118805 143.788025 87.866539 -1.076002 151.369751 103.014328 81.663063 101.010353 97.794891               2593 
-17.225653 158.668610 103.480301 55.877689 142.092834 87.133583 0.141084 151.552612 103.370193 82.140648 99.169006 97.178543               2611 
-17.460438 158.302811 102.712341 56.028503 141.141083 86.268120 0.804297 151.853607 103.723511 82.869591 98.756165 97.046501               2629 
-18.064173 158.592499 102.176178 55.855831 141.073593 86.098953 0.661609 151.803223 103.397255 83.020462 99.020721 97.356735               2647 
-18.580605 158.781479 101.757088 55.680389 141.129868 86.020370 0.453527 151.857559 103.148575 83.080093 99.340065 97.680931               2665 
-18.939928 159.062241 101.505142 55.554321 141.094055 86.059120 0.341534 151.997604 103.040199 82.993690 99.373817 97.874458               2684 
-19.222361 159.269516 101.301468 55.451950 141.064972 86.090584 0.266778 152.145462 102.933815 82.923187 99.401505 98.031517               2702 
-19.572079 159.239243 101.075066 55.337677 140.898087 86.095772 0.195863 152.043869 102.793495 82.966423 99.391556 98.218445               2720 
