-14.373748 139.096100 100.416359 16.562645 156.575439 81.768219 -41.039898 173.686737 100.798973 44.714207 115.375244 93.732056                  0 
-13.639837 139.497894 101.195137 17.050735 156.794907 81.990059 -40.472099 173.916626 100.701004 45.545444 116.034721 94.629585                  8 
-13.092165 139.841415 101.811150 17.487499 156.886993 82.218826 -39.918507 174.206375 100.599152 46.072548 116.345337 95.347717                 17 
-12.763234 139.130936 101.925041 18.143387 155.905334 82.624138 -38.786896 174.003448 100.577316 45.939732 114.631897 95.152733                 27 
-12.715562 139.081268 102.025047 18.228975 155.737869 82.692047 -38.498856 174.136597 100.638596 45.823109 114.282616 95.066399                 35 
-12.440314 139.116959 102.285736 18.373655 155.742859 82.728355 -38.296078 174.109131 100.618744 46.124233 114.438934 95.257988                 44 
-12.383376 138.922974 102.426552 18.473083 155.533310 82.932007 -38.164375 173.933762 100.439789 46.162571 114.205879 95.519104                 53 
-12.292476 138.639465 102.504715 18.588392 155.290680 83.092392 -38.022667 173.644028 100.262032 46.248207 113.933273 95.646217                 63 
-12.410860 138.131195 102.278938 18.670280 154.768784 83.185280 -37.671860 173.451996 100.277023 45.837433 112.882698 95.042816                 72 
-12.394729 138.253876 102.349068 18.660120 154.846817 83.181976 -37.582920 173.541809 99.866089 45.832539 112.987701 95.122375                 80 
-12.357321 138.529816 102.506699 18.629753 155.068542 83.191513 -37.508694 173.699722 99.307335 45.881615 113.313721 95.314644                 90 
-12.504055 138.542740 102.538269 18.515329 155.075500 83.277290 -37.558739 173.693893 98.902603 45.722801 113.303337 95.440315                 99 
-12.703157 138.534775 102.590965 18.371300 155.066406 83.425278 -37.668762 173.697662 98.662094 45.507927 113.255753 95.614265                108 
-12.868073 138.545502 102.615952 18.259912 155.079269 83.546280 -37.734222 173.739090 98.449898 45.320305 113.218369 95.732285                117 
-13.035734 138.559113 102.620605 18.173065 155.093430 83.690948 -37.771351 173.818268 98.290909 45.109741 113.138306 95.826920                126 
-13.148873 138.565155 102.622696 18.114990 155.102829 83.793480 -37.794533 173.877228 98.188965 44.965084 113.081734 95.893036                135 
-13.246105 138.569427 102.625153 18.064054 155.111069 83.883408 -37.807842 173.934387 98.091522 44.838299 113.032288 95.950523                144 
-13.316501 138.571793 102.627426 18.026436 155.117157 83.949821 -37.799702 173.975357 97.959587 44.744717 112.995872 95.992676                153 
-13.347229 138.564346 102.627289 18.009230 155.120422 83.988380 -37.780514 173.988678 97.824860 44.702820 112.981308 96.023598                162 
-13.408387 138.517548 102.636017 17.980293 155.085693 84.068062 -37.801056 173.967270 97.753708 44.633331 112.921059 96.103790                171 
-13.463758 138.474045 102.644264 17.953686 155.053757 84.141327 -37.830498 173.947617 97.723778 44.569454 112.865662 96.177345                180 
-13.512995 138.411560 102.648918 17.933914 155.015488 84.223541 -37.863430 173.908081 97.718086 44.517975 112.804153 96.248116                189 
-13.472187 137.965302 102.431969 17.958588 154.824570 84.217789 -37.932629 173.460220 97.769905 44.653996 112.610115 95.981918                198 
-13.647273 137.341125 101.951385 17.870577 154.387161 84.070107 -38.058304 173.048615 98.048073 44.431084 111.946739 95.315071                207 
-13.568444 136.977066 101.698509 17.922989 154.201279 83.947296 -38.073524 172.754745 98.318436 44.545071 111.725281 94.908752                216 
-13.435076 136.729599 101.557861 18.010986 154.081131 83.855659 -38.040619 172.524490 98.510452 44.710766 111.608536 94.639923                225 
-13.260623 136.464920 101.398766 18.148104 153.930161 83.747414 -37.953396 172.271622 98.620193 44.918686 111.466911 94.392052                234 
-13.237666 136.594391 101.425446 18.210310 153.914597 83.706291 -37.845135 172.484543 98.622368 44.853100 111.399139 94.462547                243 
-13.130301 136.733429 101.529129 18.313576 153.945953 83.703079 -37.737701 172.652725 98.652847 44.931503 111.465805 94.658524                252 
-12.999921 136.874207 101.664528 18.418530 154.010345 83.725220 -37.649288 172.775589 98.651299 45.065781 111.605850 94.900284                261 
-12.871335 137.098495 101.830780 18.479630 154.186462 83.732964 -37.636871 172.915634 98.593857 45.248821 111.938202 95.204376                271 
-12.735126 137.367020 102.042664 18.546318 154.396378 83.774429 -37.609371 173.136292 98.732933 45.417027 112.279312 95.488434                279 
-12.566267 137.680740 102.224022 18.612049 154.671738 83.749367 -37.608349 173.324738 98.668488 45.668400 112.769310 95.800919                288 
-12.412852 138.021927 102.410645 18.645464 155.020981 83.746521 -37.689903 173.481339 98.557220 45.957973 113.398598 96.184509                297 
-12.338777 138.168304 102.537323 18.646675 155.210999 83.796196 -37.785469 173.500259 98.538704 46.127983 113.760376 96.434334                307 
-12.311632 138.214966 102.603828 18.635506 155.311417 83.852272 -37.867760 173.459198 98.509552 46.220272 113.959183 96.586960                316 
-12.289182 138.251007 102.656509 18.626762 155.390030 83.896172 -37.935951 173.400467 98.430374 46.292198 114.115097 96.706413                325 
-12.268809 138.281799 102.702568 18.619196 155.458069 83.934166 -37.998035 173.353882 98.390518 46.354218 114.250229 96.809784                334 
-12.251329 138.306686 102.740700 18.612993 155.513840 83.965309 -38.043442 173.331757 98.381737 46.404888 114.361122 96.894501                343 
-12.235427 138.327972 102.774162 18.607605 155.562302 83.992371 -38.084778 173.312531 98.380302 46.448803 114.457588 96.968102                352 
-12.220969 138.346161 102.803543 18.602917 155.604431 84.015900 -38.117210 173.298660 98.376457 46.486900 114.541542 97.032104                361 
-12.207586 138.361984 102.829826 18.598766 155.641769 84.036743 -38.147472 173.286774 98.377579 46.520584 114.615967 97.088791                370 
-12.207246 138.306000 102.851067 18.581621 155.615417 84.059914 -38.178360 173.215973 98.404655 46.533863 114.608109 97.104912                379 
-12.206045 138.228592 102.876335 18.560461 155.574539 84.085640 -38.216637 173.118393 98.436096 46.553463 114.593018 97.124268                388 
-12.204550 138.161041 102.898460 18.542063 155.539001 84.108009 -38.248653 173.034439 98.462105 46.570480 114.579933 97.141121                397 
-12.202665 138.099319 102.918755 18.525335 155.506683 84.128349 -38.278946 172.956131 98.484985 46.585938 114.568069 97.156456                406 
-12.200538 138.044861 102.936745 18.510649 155.478317 84.146210 -38.305119 172.888641 98.506554 46.599495 114.557678 97.169937                415 
-12.198261 137.997284 102.952538 18.497879 155.453659 84.161736 -38.326645 172.835724 98.532913 46.611271 114.548660 97.181664                424 
-12.188787 137.923813 102.971039 18.485071 155.411469 84.176033 -38.351486 172.745743 98.557411 46.635998 114.530228 97.189415                433 
-12.177398 137.845306 102.989120 18.471466 155.364792 84.186012 -38.378742 172.645859 98.578461 46.664295 114.511131 97.195351                443 
-12.171415 137.790878 102.986343 18.475580 155.328384 84.199814 -38.376839 172.596786 98.591461 46.668179 114.466492 97.183754                451 
-12.141140 137.735107 102.956604 18.449884 155.349899 84.155487 -38.457863 172.551178 98.730057 46.764797 114.589302 97.191559                478 
-12.258081 137.441925 102.629860 18.369669 155.189636 84.015892 -38.610928 172.276733 98.567757 46.693523 114.400139 96.941673                487 
-12.426311 137.075012 102.172821 18.229174 155.033936 83.811653 -38.876678 171.929749 98.387802 46.619614 114.254929 96.623962                497 
-12.307509 136.940536 101.960892 18.235474 155.206635 83.703697 -39.028362 171.658905 98.413170 46.932556 114.612999 96.421150                506 
-12.971259 137.184311 100.588493 17.938202 156.083023 83.377335 -39.661980 171.726257 97.486725 46.734634 115.375313 95.491241                515 
-12.161931 143.699341 98.407669 20.322166 159.128311 80.421227 -36.005108 179.791504 92.999100 45.967396 117.208244 95.190422                523 
-10.124733 148.358917 97.508377 23.125906 161.723236 78.084793 -32.645226 183.433914 91.388321 49.031151 120.482452 94.246956                532 
-5.936906 154.318298 97.476585 27.025576 165.138184 75.242569 -27.900007 188.830963 91.387520 53.945854 125.443100 93.482574                541 
-3.353452 159.534653 95.003036 29.563808 167.699341 71.102745 -23.574205 196.394150 92.314735 56.473312 128.968445 91.323921                551 
-2.258181 162.926254 91.016449 30.246939 169.845795 65.894585 -21.841206 201.916855 90.686752 58.450539 133.153519 88.060616                559 
-1.603293 163.571564 86.900154 31.771656 170.432739 62.569584 -17.906570 207.002106 92.065117 59.482780 133.490280 84.940277                569 
-1.767012 163.932541 80.276299 33.210865 170.861008 57.971794 -13.072742 212.630188 91.369179 59.581726 133.308258 80.938461                578 
-2.599146 165.548080 74.011185 34.423035 171.648026 53.913616 -10.526115 216.405930 88.524452 59.406101 133.666489 77.711708                587 
-2.829617 166.581711 67.891617 35.743294 172.482269 50.063850 -7.489260 219.026596 85.936287 59.234604 133.429626 73.646660                596 
-2.741949 169.454163 61.075157 37.573421 174.631256 45.393963 -6.736750 222.143250 79.695465 60.378853 136.099579 70.460312                605 
-2.421475 171.271484 53.557842 39.228554 176.621750 40.584198 -8.099545 223.577759 71.521133 61.341240 138.956665 67.518738                614 
-3.205735 172.689102 46.596737 39.759674 178.316422 36.448235 -11.592398 223.107620 63.683380 61.355186 141.383484 64.780037                623 
-3.100326 174.934845 38.054626 41.403278 180.309418 31.300798 -13.274126 222.723557 55.645573 62.002666 143.211792 60.154404                632 
-3.849272 177.350220 29.541380 42.357281 181.277512 27.086664 -14.630365 222.279358 48.176918 60.992008 143.367279 56.218430                641 
-4.063877 180.125519 20.959585 43.184929 182.310287 22.271919 -16.358959 221.657837 39.881252 59.876961 143.784500 51.771729                650 
-4.385863 182.597687 12.229942 43.403046 185.081909 16.114906 -19.060331 221.499832 31.323593 60.171238 147.011139 46.157257                659 
-5.259496 184.176117 3.124119 43.024136 187.340759 9.031639 -21.966059 220.819916 22.521915 60.447651 150.172943 39.822449                668 
-6.221429 185.868301 -6.333733 42.341408 189.752655 2.144433 -25.130747 220.020355 13.366460 60.010811 153.228897 33.559502                677 
-7.108364 187.601791 -14.345865 41.523994 191.499054 -4.516072 -28.388935 218.465073 5.092145 59.162304 155.173920 27.145784                686 
-8.173309 189.197464 -22.386740 40.665138 193.151642 -11.721475 -31.582151 216.971146 -2.991884 58.575962 157.494308 20.540829                695 
-9.105716 190.551056 -30.686892 39.939404 194.512543 -18.642822 -34.060036 215.766418 -11.358397 57.893475 159.622467 14.424285                704 
-10.125966 191.116333 -38.397099 38.896206 195.197952 -25.363235 -37.191143 213.268753 -18.812969 56.893902 160.882416 8.276418                713 
-11.117345 191.716660 -45.890934 37.989925 195.681961 -31.731752 -39.532761 211.637207 -26.049990 55.894810 162.159378 2.746526                722 
-12.544603 191.731827 -53.828743 36.707584 196.000900 -38.355793 -41.938675 209.560333 -33.507858 54.914719 163.574570 -2.998588                731 
-13.733984 191.158066 -61.020607 35.379372 195.842865 -44.337376 -44.130932 207.306976 -40.456898 53.729946 164.325378 -8.240232                740 
-15.418585 190.539948 -68.735054 33.783768 195.361481 -50.769524 -46.506496 205.053787 -47.316891 52.365170 164.963043 -13.840330                749 
-16.991014 188.886124 -76.591339 32.073158 194.253189 -56.613995 -49.028690 200.950623 -54.313206 50.944473 164.931137 -18.968414                758 
-17.436571 186.745117 -81.861298 31.798738 191.433624 -59.944950 -49.598511 197.172256 -58.777084 50.406837 163.290558 -21.282232                767 
-18.883116 185.355591 -89.515404 30.131861 190.849457 -65.664261 -51.685432 193.472183 -65.706451 49.062420 164.082596 -26.189352                776 
-20.183044 183.358551 -96.001030 28.845823 189.459839 -70.450249 -53.261238 189.028656 -70.884407 48.387558 164.127457 -30.331787                785 
-21.725069 181.882889 -103.228088 27.368015 188.240524 -75.825981 -54.997856 185.092926 -76.472702 47.383957 164.181320 -35.161308                795 
-21.964767 180.932922 -108.514191 26.879112 187.295242 -78.908249 -55.615250 181.700699 -80.574280 46.894035 163.981110 -37.811375                804 
-22.083637 178.931870 -111.222923 26.748421 185.570099 -80.412079 -55.679302 177.814865 -82.227547 47.165787 163.244156 -38.965942                813 
-22.181177 177.989548 -114.053375 26.810934 183.990997 -81.820625 -55.523674 174.556778 -83.613518 47.554157 162.664337 -40.011639                822 
-22.337448 174.341675 -115.525848 26.828020 181.510269 -82.773941 -54.985489 169.265137 -84.073502 48.363174 162.486954 -40.259827                831 
-22.333101 172.311874 -116.424347 26.895027 180.229080 -83.363846 -53.567795 165.197098 -85.749809 48.855194 162.552750 -40.487309                840 
-22.144348 169.863678 -116.987381 27.014851 179.091248 -83.854782 -51.291138 160.500031 -88.018585 49.380383 163.003586 -40.564255                849 
-24.477310 160.114716 -117.889923 25.043482 176.501816 -87.992538 -49.267498 151.311218 -89.589493 49.505375 168.362762 -43.625088                858 
-24.794874 155.870941 -118.985207 24.432465 175.875793 -90.544899 -45.903412 145.904526 -92.276749 49.592136 171.862152 -46.002995                867 
-24.482712 153.661819 -119.961258 23.932961 175.998489 -91.719292 -42.550732 142.197342 -95.333290 48.617790 174.582336 -46.755386                876 
-24.734835 154.210922 -121.377777 23.445417 177.939957 -93.831833 -39.685352 140.742996 -98.244347 48.866180 177.211487 -49.263309                885 
-24.998489 154.582458 -122.694199 23.041340 179.727509 -96.113426 -37.819096 140.163025 -100.198433 49.165298 180.096497 -51.948936                894 
-25.371864 154.036392 -122.938576 22.549664 180.331146 -97.208084 -36.084915 138.745438 -101.055786 49.152863 181.768402 -53.352600                903 
-26.416571 155.296051 -123.906006 21.902193 181.160629 -98.392731 -36.160248 139.889297 -102.638237 48.468037 182.788528 -54.521267                912 
-28.050852 155.870407 -125.391411 20.995058 181.321930 -100.684029 -37.039494 141.052765 -104.316086 47.731983 183.743744 -56.953365                921 
-29.493401 157.310303 -126.945808 20.080740 182.007309 -102.354294 -37.671146 142.330902 -106.407402 47.063454 184.092209 -58.757439                930 
-30.647261 159.414688 -129.332336 19.476526 182.701370 -104.292793 -38.455219 144.300095 -109.422974 46.367065 183.885712 -60.605316                939 
-31.780306 161.721710 -132.083893 18.361151 184.418228 -106.378281 -38.888126 145.945007 -112.965187 45.286392 184.579224 -62.696423                948 
-32.478264 164.299515 -134.357315 17.631784 185.994476 -107.607262 -39.100422 147.815430 -116.182892 44.381744 184.677765 -63.837353                958 
-32.829227 165.987701 -137.031570 16.960869 187.859695 -109.719574 -38.479252 148.892517 -119.713768 43.798840 185.952560 -66.025345                966 
-33.096169 169.329697 -140.508224 16.624931 190.453674 -112.392281 -38.168091 151.774902 -124.133453 43.370937 187.358673 -68.709656                975 
-34.081150 168.212128 -141.070358 16.268351 189.261688 -113.905777 -38.325153 152.327347 -125.272026 42.996269 187.398804 -70.142242                984 
-34.326412 167.975891 -142.586304 16.711256 188.395050 -116.019226 -37.802639 153.317307 -127.501671 43.277500 187.214935 -72.133682                993 
-35.327374 169.271042 -147.878113 16.019753 189.051727 -120.955109 -38.206383 154.998672 -133.190002 41.468613 189.029465 -76.396667               1002 
-35.931374 171.174164 -152.621429 15.711757 189.885864 -125.029861 -38.503628 156.951416 -138.361969 40.186291 190.014191 -79.929085               1012 
-36.243984 173.093887 -156.327759 15.454184 190.863388 -127.968452 -38.717297 158.980133 -142.499161 38.896721 191.050949 -82.322960               1020 
-35.446995 178.950027 -161.873856 16.001064 192.761093 -130.787842 -38.857620 164.520432 -148.979385 37.247746 190.293365 -84.144630               1029 
-35.225616 182.210068 -163.373322 16.583956 194.051483 -131.873856 -38.717438 167.672409 -150.930267 37.383926 190.510086 -85.098656               1039 
-33.115753 179.255371 -155.944336 16.534683 194.669968 -132.479492 -38.285164 169.052597 -152.252869 37.281113 190.780762 -85.708145               1048 
-30.572334 175.063049 -147.312546 16.516558 195.112411 -132.849442 -37.474957 169.922836 -153.392929 37.342083 190.819473 -86.148605               1057 
-30.309912 174.156845 -145.086700 14.736207 198.499527 -134.824234 -37.366566 172.448730 -157.200012 35.399982 193.201462 -88.154778               1066 
-29.711105 174.025665 -145.358322 13.993474 200.763046 -136.237045 -36.921631 174.397614 -160.024170 35.116699 193.653305 -90.016266               1075 
-27.872549 170.529373 -145.792603 13.703305 200.984741 -137.888611 -35.380249 171.665161 -161.601486 34.856743 196.123077 -91.391350               1084 
-26.113739 165.256729 -146.455597 12.947301 199.279495 -139.982269 -34.388538 166.585083 -162.883759 33.341064 198.366104 -92.904045               1093 
-24.178308 160.571228 -148.412277 12.488329 197.287354 -142.346954 -35.466084 163.759369 -164.541168 31.490534 199.159882 -94.718086               1102 
-22.943893 158.163361 -149.689072 12.687313 195.980164 -144.004501 -36.784931 162.916855 -165.506805 31.187130 198.987000 -96.236153               1111 
-22.243912 155.952484 -149.417603 12.926635 194.391449 -144.985825 -37.255157 161.564255 -165.406433 31.813246 198.602844 -97.460472               1120 
-21.892744 155.219910 -149.567017 12.890644 194.063293 -145.422745 -37.485481 161.360245 -165.513092 32.369740 198.112213 -98.122948               1129 
-22.388205 147.555695 -139.072662 10.172330 187.999374 -144.214951 -39.953838 151.250214 -154.605331 34.541405 198.755249 -100.356552               1138 
-19.490915 142.736877 -133.696609 9.425387 184.743210 -143.529678 -38.576069 144.818726 -148.966660 36.409912 198.795532 -102.208160               1147 
-17.085619 137.862045 -127.954338 8.431483 180.037735 -142.911469 -37.601635 137.905289 -143.262924 37.085247 197.958038 -104.298988               1156 
-10.926128 133.691071 -122.678688 8.533465 176.544449 -142.097580 -33.426685 130.561783 -137.242096 37.951256 198.896652 -106.487587               1166 
-7.902077 132.030289 -122.559952 8.640376 175.573593 -141.728531 -33.523621 128.926559 -135.804398 39.082611 197.335495 -106.617424               1174 
-5.596809 131.429779 -121.554375 8.898645 174.815536 -141.506973 -33.609467 127.832451 -133.784454 39.812565 197.035248 -107.101830               1183 
-2.834369 130.414627 -117.628212 9.154286 172.980606 -140.162704 -31.545626 125.010223 -129.101120 40.293407 197.681686 -107.707947               1192 
-0.118454 129.635361 -112.457123 9.627932 170.981644 -137.693497 -29.233423 122.539436 -123.069260 41.194683 197.997742 -107.580872               1201 
1.947349 131.738876 -105.977768 10.312613 169.866852 -135.998367 -24.941441 121.555992 -117.514870 41.225937 200.906937 -109.277977               1211 
2.008799 131.927750 -106.779747 10.396104 170.202637 -136.347672 -24.262350 121.432205 -119.428299 41.641216 200.410660 -109.065491               1219 
2.128396 131.914505 -107.318024 10.421932 170.307861 -136.574554 -23.837090 121.236694 -120.863365 41.901592 199.861404 -108.848793               1228 
2.493880 131.900131 -107.053123 10.453790 170.118835 -136.548874 -23.184305 120.719116 -121.016281 41.951893 199.678940 -108.851067               1237 
2.572984 131.901505 -107.038300 10.457021 170.128235 -136.560974 -23.260612 120.708435 -121.186195 42.007133 199.519577 -108.743011               1247 
2.507405 131.770844 -107.272018 10.434123 170.173630 -136.593231 -24.362099 121.077248 -120.871437 42.094398 199.181107 -108.498871               1255 
2.599355 131.369965 -107.844337 10.628683 170.340591 -136.432693 -25.151550 121.348877 -121.157646 42.443253 198.532578 -107.689980               1265 
2.460029 130.777267 -108.639771 10.561810 170.432144 -136.333542 -27.405380 121.830391 -120.138634 42.516899 197.757294 -106.917419               1274 
2.275939 129.675095 -109.287247 10.361702 169.987198 -136.111404 -28.719540 121.282448 -119.849190 42.333672 196.588318 -106.056915               1283 
1.532671 128.318726 -104.643890 9.514666 167.295929 -133.635834 -29.595409 119.556091 -114.620087 41.735481 195.302704 -105.165871               1292 
1.444750 128.327927 -101.096313 7.839904 166.347321 -132.243347 -30.052124 119.333168 -109.177231 41.322311 195.625290 -106.653740               1301 
-0.232681 125.095703 -95.021675 6.098468 161.352097 -129.217773 -31.338018 115.930962 -102.517975 39.683746 192.487686 -106.072502               1310 
0.662098 125.445366 -90.813957 4.504725 159.791962 -127.660934 -30.195171 115.031013 -96.531998 38.229851 193.127625 -108.053566               1319 
-2.897041 131.251404 -87.842606 5.741228 164.917496 -124.952728 -33.393814 122.775589 -95.689529 40.511379 196.060120 -103.639053               1328 
-9.129083 136.232315 -108.818443 1.958440 179.353638 -133.671494 -39.312775 131.481216 -120.340363 35.893852 201.633072 -102.284973               1337 
-10.288535 134.242157 -111.785965 1.515102 179.614258 -132.143692 -40.805782 131.093674 -123.562988 35.374344 198.216843 -98.371002               1346 
-39.975536 157.422668 -135.374298 14.141913 187.592361 -118.283463 -46.677322 157.931152 -119.862015 48.361023 178.484192 -81.145973               1355 
-42.679897 183.307144 -148.741623 18.672873 193.823715 -114.083038 -48.830227 177.321259 -123.764000 44.304188 174.172318 -74.208771               1364 
-40.622398 197.267456 -154.095642 19.112251 197.957642 -110.325073 -50.719196 188.854706 -125.232872 38.748783 173.753448 -69.561569               1373 
-40.829269 201.809387 -149.733521 19.308016 199.945969 -104.288818 -51.675747 191.865463 -119.220222 38.416840 174.129242 -64.270714               1382 
-40.711128 204.903091 -140.789932 20.899790 201.143234 -96.587074 -51.327900 194.935089 -109.168900 40.489433 174.417313 -57.407101               1391 
-42.084000 206.242905 -130.615234 21.467403 201.285690 -89.213913 -51.384800 197.791473 -98.383812 42.135445 174.132172 -50.891365               1400 
-43.009331 207.841843 -120.495361 21.712933 200.817596 -81.281769 -51.411854 201.623825 -87.303131 42.713142 172.946213 -43.661613               1409 
-42.828514 210.036713 -109.290070 23.020142 200.012558 -72.745697 -49.538330 205.435196 -75.839851 44.365948 170.664948 -36.466583               1418 
-43.866550 209.556213 -98.016907 23.524370 199.512115 -64.504074 -47.568062 208.748001 -64.038795 46.415070 170.024033 -29.296570               1427 
-43.954319 208.106186 -85.995995 24.711571 199.341644 -54.906242 -45.397049 210.274033 -51.604446 49.243713 170.306702 -20.435305               1436 
-44.865383 207.510895 -75.213509 25.415844 199.668808 -47.875546 -43.614464 211.932419 -40.783947 51.953785 171.010345 -14.595976               1445 
-44.621960 205.815369 -64.078529 26.751596 199.330872 -39.599133 -41.387184 212.598129 -29.980825 54.819069 171.648102 -6.751299               1454 
-44.257591 206.025909 -53.149361 28.033068 198.071854 -32.129375 -38.573364 214.382721 -19.499689 56.934734 170.127106 -0.240746               1463 
-44.554089 206.018433 -43.573910 28.265238 197.479416 -24.819042 -37.193180 215.632309 -10.088062 57.853367 169.381210 6.295793               1472 
-43.922482 203.465469 -32.793472 29.563684 196.158020 -16.926641 -35.076107 214.420349 0.155587 60.562416 168.417084 13.116960               1481 
-43.206730 201.611893 -22.351339 30.616997 194.603424 -9.637504 -32.900803 214.133240 9.620057 62.454239 166.811050 19.467014               1490 
-43.216122 200.565674 -12.715003 30.809727 193.351563 -2.380487 -31.796152 213.347305 18.972906 63.222446 164.725220 25.242815               1500 
-42.398602 200.344620 -2.315224 31.918201 192.449570 4.729422 -29.351250 213.436447 28.628145 65.185783 163.561737 31.032654               1509 
-42.213692 198.532806 6.693122 32.214077 190.337082 11.271648 -28.043777 211.686432 37.221397 66.108055 161.019653 36.267357               1518 
-41.654827 196.959839 14.864374 32.683716 188.774246 17.406681 -26.611326 210.856125 44.917328 66.945366 159.091064 41.451370               1527 
-41.008865 195.656494 21.590626 33.093262 186.844238 23.133711 -25.254995 209.828140 52.267910 67.104996 155.936935 45.960018               1536 
-40.036205 194.035614 28.354891 33.668415 184.279358 28.478884 -23.522568 208.393616 59.326424 67.225082 151.987579 50.026276               1545 
-39.526218 193.156815 34.954105 33.900501 183.607239 33.720142 -21.526861 211.337173 65.917618 67.657211 152.089920 56.086239               1554 
-38.340275 190.287674 41.357811 34.781914 181.266129 39.266605 -19.969252 209.033844 73.381752 68.431595 148.836884 60.459572               1563 
-35.780968 180.275803 51.411652 37.374195 177.488983 45.404217 -17.567709 199.568115 83.292076 74.278435 146.757858 63.481125               1572 
-35.369900 179.540634 55.790348 37.573528 176.939041 49.214157 -17.145033 199.681900 87.053520 74.537842 146.444916 67.567566               1581 
-34.677631 181.900162 60.856895 37.897961 175.983871 52.604027 -14.629377 201.881348 91.806122 73.887039 144.019669 70.385338               1590 
-35.213066 182.076752 63.850422 37.192837 173.983505 56.017853 -14.114318 201.709641 96.277290 71.956657 140.442978 73.327072               1599 
-34.331593 179.664871 73.267136 37.974464 171.586105 64.617912 -12.042419 199.195374 107.526955 72.680260 137.214752 80.341064               1626 
-34.506962 176.680267 75.227982 38.066231 170.554016 67.261864 -12.930364 195.722977 110.728760 73.347397 136.420990 82.204277               1635 
-34.225704 174.602768 76.969521 38.401371 170.122452 69.596741 -13.310441 194.400925 112.964119 74.125946 136.532104 84.714340               1644 
-34.058685 171.552750 78.701164 38.565193 168.904297 71.932755 -14.093933 191.132675 115.283844 74.732903 135.602936 86.630226               1653 
-33.055405 164.070831 82.436119 39.325008 165.269943 74.498055 -13.630184 183.344757 119.427559 77.110672 133.005173 87.317070               1662 
-32.797592 162.596832 84.463470 39.298565 165.158585 76.859039 -14.033019 180.244141 122.474220 77.162285 132.347565 87.943970               1672 
-32.000252 160.918747 86.283089 39.748337 165.534058 78.038589 -13.883566 179.295685 123.512100 78.460640 133.672012 88.959549               1681 
-31.525108 159.931808 87.459610 39.892426 165.716660 78.915909 -14.851501 177.596680 122.117500 78.981705 134.311218 89.816643               1689 
-30.765337 161.123703 89.939178 40.214443 168.121689 80.427086 -15.488614 177.943924 121.058006 79.850693 137.433685 91.395859               1698 
-30.513470 161.188736 90.260345 40.346115 167.902512 80.984756 -16.523424 175.616638 118.724716 79.639694 136.653992 91.598160               1707 
-30.268650 162.274353 90.753014 40.505371 167.982132 81.749306 -17.278831 174.714828 116.981812 79.128494 135.861023 92.217751               1716 
-29.505255 162.349014 91.857437 41.262871 164.466476 83.164925 -16.712082 172.192413 117.289223 77.798851 129.580017 92.173576               1725 
-28.861904 162.151672 92.640968 41.669079 162.309082 83.967773 -16.369497 170.790680 117.511208 76.859306 125.845825 92.041031               1734 
-28.233959 161.966110 93.593445 42.125576 161.534958 84.537170 -15.730542 170.506729 118.254539 76.920601 124.638832 92.352631               1744 
-27.939236 161.208893 93.972740 42.273712 161.228500 84.948631 -15.846885 169.736008 118.083893 77.178040 124.446228 92.813232               1753 
-27.797190 159.336777 93.700073 42.485012 159.588058 85.542107 -16.314856 166.684250 117.099373 77.255211 122.535110 92.698364               1762 
-27.827946 157.143005 93.760284 42.469944 158.756989 86.216644 -16.989128 163.663147 115.458870 77.790192 122.150146 92.963356               1771 
-27.429022 155.321762 94.200966 42.593803 161.063263 86.421761 -17.277481 162.776611 113.172691 80.150574 127.104607 94.752289               1780 
-26.528612 153.833405 96.276283 42.705025 164.186096 86.692223 -16.763756 162.740860 113.598816 82.781830 133.553864 96.105812               1789 
-27.081842 155.025513 95.952660 42.094082 165.740067 86.489380 -17.494953 163.921051 112.477936 82.328613 135.439194 96.294472               1798 
-26.953785 155.022888 95.992966 42.148884 165.916901 86.447250 -17.430300 163.854767 112.114212 82.482124 135.746887 96.250298               1807 
-26.777441 155.056442 96.115997 42.148022 165.998413 86.487076 -17.431374 163.907074 111.411064 82.416031 135.745148 96.301704               1816 
-26.585501 155.093521 96.248558 42.167557 166.072098 86.506218 -17.386574 163.973251 110.723122 82.373123 135.732498 96.310341               1825 
-26.534863 155.605057 96.375229 42.200787 166.304062 86.506477 -17.332884 164.511688 110.584671 82.288216 135.825912 96.364471               1834 
-26.172361 156.480316 98.044296 41.968597 168.158493 86.009506 -16.929155 166.231339 111.455978 82.894295 138.920486 96.174385               1843 
-25.977007 157.508743 99.162590 41.711224 169.570007 85.502602 -16.693253 167.795074 111.963509 83.118439 141.053772 95.767387               1853 
-25.820316 157.489456 99.299133 41.721008 169.533203 85.555275 -16.673979 167.774323 111.726135 83.060715 140.884460 95.722725               1861 
-25.710186 157.751190 99.374855 41.703888 169.714569 85.667747 -16.751301 168.071701 111.416870 82.938797 140.951401 95.937210               1870 
-25.185837 157.399582 99.616241 41.830250 169.650528 85.745270 -16.608595 168.040726 111.523972 83.049118 140.847427 95.967079               1879 
-25.157722 157.775528 99.644493 41.790462 169.870392 85.725380 -16.657547 168.499298 111.486885 82.943787 141.020676 96.078979               1888 
-25.123796 157.838196 99.707550 41.783947 169.894241 85.737755 -16.652397 168.588867 111.521797 82.925232 141.031403 96.102646               1897 
-25.128031 157.881409 99.786095 41.758968 169.851059 85.779518 -16.677238 168.660583 111.601303 82.859550 140.922211 96.121841               1906 
-24.631794 157.751022 99.729355 41.971893 169.671448 85.850639 -16.551781 168.911209 111.557655 82.814003 140.374542 96.180809               1915 
-24.712860 158.126984 99.585152 41.996151 169.565674 85.915489 -16.600552 169.307922 111.483528 82.570274 139.920486 96.307945               1924 
-24.416134 158.069366 99.240982 42.340130 168.742172 86.171623 -16.461756 169.299377 111.267502 82.312210 138.302185 96.599457               1933 
-23.929905 157.689041 99.402855 42.485039 168.354645 86.396729 -16.373226 169.276779 111.308823 82.223892 137.622711 96.859573               1942 
-24.387077 158.265778 98.508179 42.391727 167.694824 86.449181 -16.737392 169.636856 110.631020 81.365662 136.074356 97.139244               1951 
-24.377293 158.272980 98.511047 42.441525 167.430786 86.472649 -16.680901 169.676498 110.609451 81.299873 135.708710 97.281822               1960 
-24.530325 158.279541 98.511581 42.340351 167.020584 86.458549 -16.753895 169.683609 110.570610 81.016922 135.104874 97.349312               1969 
-24.892149 157.963425 98.060577 42.218536 165.481827 86.534637 -16.920462 168.999802 110.380226 80.139648 132.543442 97.029945               1979 
-25.070210 158.147034 97.867081 42.165558 164.705826 86.490807 -16.933750 169.047974 110.248436 79.573692 131.166885 96.924896               1988 
-25.081064 157.777267 98.030220 42.068588 164.679321 86.357384 -16.949635 168.884354 110.280830 79.739952 131.493835 96.972984               1997 
-25.135553 157.510071 98.115829 41.938236 164.711288 86.194702 -17.020380 168.823029 110.217209 79.847977 131.879593 97.058876               2005 
-25.245020 157.376785 97.946922 41.802326 164.753815 85.988602 -17.166313 168.895935 109.911087 79.858749 132.227676 97.251740               2015 
-25.501516 157.472427 97.996727 41.505680 164.514557 85.622307 -17.309126 169.145401 109.720573 79.534607 132.044037 97.136009               2024 
-25.398516 157.051926 97.919151 41.409061 164.011765 85.398605 -17.353354 168.998917 109.456970 79.335266 131.480011 97.077110               2033 
-24.875834 156.409882 98.063812 41.334595 163.624252 85.226189 -17.376524 168.899033 109.244690 79.181900 131.046661 97.032158               2042 
-24.429344 155.726196 98.165878 41.274857 163.236649 85.115723 -17.411598 168.757187 109.078911 79.080231 130.681320 97.115829               2051 
-24.014423 155.170929 98.292305 41.289955 162.865112 85.043785 -17.377878 168.576965 108.905373 79.086525 130.386581 97.277504               2060 
-23.547991 154.148529 98.068634 41.274643 161.949112 83.754440 -17.191864 168.367355 107.896584 79.490471 130.462631 97.217400               2069 
-23.165133 153.478195 97.982483 41.264309 161.330826 82.884155 -17.031750 168.274384 107.290039 79.785179 130.564789 97.121147               2078 
-22.943224 153.148346 97.952240 41.258900 161.007309 82.428757 -16.914137 168.313797 107.083359 79.945801 130.632843 97.051193               2087 
-22.972351 153.193115 96.935127 41.403824 160.149277 82.140091 -16.877668 168.263199 106.271477 79.454285 129.080765 96.972801               2096 
-22.984180 153.407806 96.659698 41.432026 160.223907 82.422684 -16.997313 168.385406 106.149597 79.230484 128.865860 97.290405               2105 
-23.717310 155.337921 96.503700 40.903297 161.892944 83.565826 -17.745577 169.700577 105.996010 78.146324 129.805252 98.277611               2114 
-23.788261 155.728912 96.267303 40.862392 161.828827 83.585426 -17.714430 169.761383 105.331154 77.862495 129.585587 98.567581               2123 
-24.029484 155.393387 96.421532 40.418209 161.616104 83.125168 -18.040588 169.532715 104.777634 77.879456 130.372452 99.049644               2132 
-23.184528 154.615433 97.087090 40.754082 162.439316 82.585808 -17.601576 169.023514 104.494591 79.572998 133.410614 99.424019               2141 
-23.143538 154.322098 96.974388 40.596161 162.705887 82.237679 -17.774443 168.585098 104.058395 79.964859 134.744141 99.596992               2150 
-22.809025 153.407578 97.885773 40.275429 163.447296 81.699898 -17.908735 167.796494 104.253387 81.172859 138.278122 99.783371               2160 
-22.997868 153.084961 97.456955 39.990349 163.207382 81.250595 -18.120428 167.088531 104.019394 81.082039 138.172806 99.078712               2168 
-23.974283 151.074234 96.116455 38.878704 162.017685 80.081932 -19.156071 164.466064 103.042404 80.410820 137.365082 97.414917               2177 
-25.244064 151.526093 95.220154 37.831280 162.045700 79.654999 -19.957413 163.245270 102.022942 79.517723 137.720764 97.080208               2186 
-26.428703 154.832138 96.331879 36.674133 163.143036 79.415573 -20.151791 164.474625 102.838577 78.251801 137.809982 95.621552               2196 
-27.104782 158.027939 97.742882 35.672188 163.858261 78.407318 -19.864822 165.508606 103.312317 77.514885 138.556229 93.966743               2205 
-27.548437 156.674210 98.420403 34.982761 162.025970 77.953636 -19.683836 162.223434 103.308678 77.263359 137.062073 92.861839               2214 
-27.893686 160.949692 99.466698 34.253208 163.377213 77.015167 -19.206875 164.124802 103.726311 76.471863 137.911270 91.233818               2223 
-28.396269 164.930344 99.869843 33.527107 164.559357 76.155228 -18.960114 165.358719 103.675179 75.621315 138.643875 89.923477               2232 
-29.018709 167.422928 99.280853 32.971607 165.166290 75.222618 -18.989798 165.349808 102.673058 75.137497 139.494492 89.226067               2241 
-28.897982 169.081558 98.934456 33.064663 165.617065 74.472137 -18.393845 164.673187 101.792366 75.575134 140.752640 88.884605               2250 
-29.013571 170.555878 98.519112 33.049294 165.993057 73.995323 -18.129721 163.036148 100.994255 75.686241 141.516830 88.695808               2259 
-29.329473 171.014282 97.891212 33.098045 165.825073 73.838554 -18.107840 161.126907 100.437996 75.703255 141.381470 88.684624               2268 
-29.716269 169.614365 96.509171 33.583328 164.781296 73.995766 -17.953375 158.117126 99.429955 76.211159 140.718292 89.388603               2277 
-29.992071 169.423080 95.489960 33.905338 164.408325 74.006493 -17.788750 156.663818 98.733223 76.471947 140.421600 89.685135               2286 
-30.479641 169.171249 94.590584 33.864315 164.122772 73.913887 -17.889450 155.478897 98.153114 76.446854 140.337021 89.853294               2295 
-30.716997 167.214020 92.667137 34.189960 163.345200 73.271645 -17.697502 153.382629 96.720581 77.052956 140.734100 90.141762               2304 
-30.818829 167.208649 92.132980 34.407490 163.297485 73.436111 -17.598042 152.852982 96.426674 77.156143 140.594177 90.471718               2313 
-30.899273 167.558273 91.589890 34.591518 163.413162 73.474007 -17.490202 152.641144 96.041748 77.198685 140.515640 90.603867               2322 
-31.232397 167.236877 90.383896 34.867008 162.805557 74.338432 -17.981422 151.494141 94.655060 76.542725 138.294815 91.527328               2331 
-31.133717 167.712189 89.586739 35.431522 162.326172 75.577072 -18.183836 151.010529 93.568550 75.850746 135.595428 92.454651               2340 
-31.015017 168.666580 88.923401 35.675640 162.493118 75.564270 -18.006115 151.474899 93.179550 75.664581 135.268829 92.676315               2349 
-30.891121 169.283417 88.332642 35.945583 162.484283 75.706055 -17.796656 151.585464 92.773064 75.527359 134.773849 92.983620               2358 
-30.693291 169.983887 87.769745 36.257385 162.518799 75.850594 -17.561834 151.784897 92.297043 75.379837 134.210037 93.204163               2367 
-30.689550 170.457031 87.430206 36.346661 162.731247 76.088196 -17.467020 152.016602 92.117210 75.199921 134.171524 93.634300               2376 
-30.554277 171.626358 86.682510 36.664547 163.373367 76.686356 -17.356800 152.596909 91.207672 74.803978 133.896301 94.281403               2385 
-30.439545 173.492218 85.199089 37.372173 165.981750 79.273178 -16.969244 154.155151 90.289490 74.696449 136.739212 98.891335               2395 
-30.477777 173.800613 83.722580 37.533188 166.213882 80.546806 -16.947222 154.044754 89.038101 73.969231 136.570145 101.205032               2403 
-30.463036 174.006821 83.112480 37.601849 166.312881 81.089897 -16.793690 153.999146 88.603828 73.643867 136.481827 102.165489               2413 
-30.157701 174.022034 83.168411 37.873642 165.711121 82.039589 -16.523382 153.614777 88.500214 73.305168 134.979233 102.854431               2422 
-29.731997 174.749435 82.863815 38.186054 165.372894 82.490219 -16.252972 153.912735 88.136360 72.861397 133.686737 103.147118               2431 
-29.446651 175.214294 82.725426 38.409863 165.289459 82.681252 -15.963141 154.128586 88.044685 72.725281 133.173233 103.274910               2440 
-29.105890 175.423355 82.809456 38.675312 164.909164 83.037552 -15.642699 154.056580 88.039780 72.609756 132.258774 103.421486               2448 
-28.669355 175.449036 82.901001 39.062431 164.540482 83.193802 -15.156561 153.854050 88.008514 72.775345 131.508499 103.329018               2458 
-28.514153 175.415436 82.976128 39.223713 164.470245 83.227287 -14.853962 153.748077 88.145988 72.948891 131.435349 103.337181               2467 
-28.312319 175.360352 83.378456 39.439621 164.431030 83.322647 -14.505025 153.636154 88.535461 73.284462 131.446823 103.314346               2476 
-28.578878 174.917404 83.712311 39.285870 164.513504 83.404236 -14.469026 153.283295 89.007561 73.504509 131.968857 103.479828               2485 
-28.541203 174.716217 83.752090 39.451515 164.948013 83.135490 -14.088262 153.327789 89.605293 74.177536 133.338333 103.824394               2494 
-28.483828 174.543076 83.828133 39.587811 165.305557 82.914352 -13.771782 153.370590 90.107307 74.738510 134.484451 104.070610               2503 
-28.649769 174.742477 84.390442 39.487743 165.406448 83.103912 -13.786222 153.437439 90.706367 74.785942 134.700272 104.181549               2512 
-28.937660 175.050278 85.065941 39.327995 165.536789 83.043663 -13.831215 153.498001 91.205147 74.850883 134.755341 103.628273               2521 
-29.467991 174.111603 85.116447 39.104893 166.028320 82.073074 -13.541351 153.009384 91.847878 75.800110 136.979568 103.114235               2530 
-30.085224 173.470932 85.320648 38.807384 166.611084 81.716316 -13.338231 152.543381 92.460770 76.403473 138.985672 103.081474               2539 
-31.135077 172.218185 84.595146 37.906090 166.735214 80.530563 -13.748056 152.065170 92.745422 76.398834 141.291626 102.981224               2548 
-31.035776 171.711014 84.173347 38.106796 166.715500 80.519592 -13.473251 151.773666 92.720306 76.697769 141.936356 103.537621               2557 
