-25.339405 152.556961 97.397911 39.642254 124.557686 91.832321 -5.771985 144.018158 108.552696 55.831318 78.458878 72.482742                  0 
-25.587183 152.839050 97.976952 39.501949 123.957680 91.924492 -5.846010 143.564590 108.852936 55.558487 77.816841 72.564651                 17 
-25.851242 153.437759 98.460800 39.445972 123.925499 91.801682 -5.953602 143.474136 108.823494 55.537731 77.843613 72.330994                 36 
-26.084333 153.911438 98.749229 39.421093 123.873100 91.698059 -6.062554 143.393814 108.760323 55.571552 77.811165 72.228760                 54 
-26.374447 154.303162 99.086777 39.404873 123.849281 91.613052 -6.187059 143.342514 108.689682 55.605919 77.808876 72.134880                 72 
-26.716640 154.837326 99.447525 39.376179 123.877869 91.521187 -6.339830 143.349762 108.632065 55.631668 77.847488 72.064674                 90 
-27.030277 155.337463 99.732574 39.358952 123.931793 91.435265 -6.536828 143.394135 108.577026 55.673073 77.905174 72.018967                108 
-27.428482 155.541946 99.750359 39.333317 124.116959 91.386833 -6.848908 143.451553 108.524872 55.892784 78.080376 72.203255                126 
-28.362997 157.355255 98.764740 38.483437 125.494293 91.247658 -8.020896 145.095596 108.135246 55.101730 79.320358 72.448921                144 
-28.539640 160.031754 97.512917 37.725266 126.467346 90.985985 -8.661637 147.382614 108.033279 53.469719 79.588326 73.207840                162 
-27.567377 164.304276 95.938461 38.773819 130.399368 90.372719 -7.692417 152.587875 107.956825 54.285027 82.159454 76.447701                180 
-27.064878 166.047928 95.717216 38.275539 130.089767 89.577934 -7.518720 154.005829 108.817551 52.146568 81.112328 76.524300                198 
-27.437876 166.814255 95.082207 37.986649 130.542664 89.503136 -8.126630 154.842712 109.109787 51.795467 81.329704 77.296814                216 
-27.482174 167.857208 94.760506 37.981731 131.042068 89.432777 -8.372384 155.701721 109.363434 51.630199 81.640541 77.822388                235 
-27.454653 168.470581 94.546043 38.049191 131.360107 89.407051 -8.630730 156.251785 109.862495 51.567627 81.828697 78.205116                252 
-27.604776 168.841980 94.202827 38.063583 131.624374 89.298004 -9.091854 156.592728 110.186691 51.581406 82.010635 78.465714                271 
-27.595301 168.892670 93.929657 38.611454 132.163635 89.415573 -9.142910 157.035629 110.552292 52.593666 82.452301 79.675255                289 
-26.663622 169.041031 94.593857 39.183517 131.275528 89.432800 -8.281369 156.993820 111.655144 52.407246 81.248260 80.267776                307 
-25.522697 169.253189 95.573318 40.518921 131.322968 89.535057 -7.030858 157.056778 113.461823 53.711605 81.245369 80.603134                325 
-23.277264 169.473633 95.417847 41.892776 129.678314 88.113358 -4.786319 156.542938 114.621971 53.707874 79.277046 79.074089                343 
-22.060698 171.533295 94.857788 42.697174 130.196075 88.459206 -3.576514 158.315857 116.624969 53.761242 79.437241 80.539581                361 
-18.948515 175.011017 93.722260 45.438988 131.994400 90.045914 -0.128873 162.985992 118.155190 55.840794 80.630241 86.157623                379 
-14.419639 181.048889 86.166969 49.875813 136.502914 86.477509 4.078374 169.648926 113.064415 59.957031 84.930252 86.005386                397 
-10.521660 186.845871 79.988602 50.636932 136.491333 85.628357 6.928114 174.472794 110.740074 57.093510 84.403069 88.220215                415 
-7.095640 195.808151 70.810341 52.210136 141.048477 78.888672 10.738585 182.406418 103.716194 56.949875 89.033501 84.682640                433 
3.477762 209.165451 60.518745 65.860703 152.668121 69.595703 15.603917 193.130188 94.907532 69.704124 100.835915 77.357315                451 
10.320401 213.818436 47.384506 68.847870 151.515945 64.169342 15.099108 195.975708 85.263496 67.723053 99.786247 73.354469                469 
9.530362 224.107071 -9.657179 60.077141 192.333557 53.608250 21.692183 212.551544 -5.551226 76.405571 142.428131 55.711239                487 
9.753012 227.287933 -16.803175 59.217667 195.656082 47.379532 17.053293 212.416824 -7.854259 75.926689 145.882401 49.611626                506 
11.714203 230.654465 -27.750130 57.065090 192.969940 36.202343 17.917740 215.087616 -19.507317 69.677284 141.960968 36.983967                524 
10.416906 230.506790 -44.415882 53.370571 194.115463 21.896746 19.436087 216.272705 -38.332169 66.148323 143.186722 24.038042                542 
5.896931 231.478088 -59.549511 50.035316 194.795395 5.819767 17.538649 218.176300 -55.847408 63.206501 143.943909 7.315850                560 
12.469141 215.328781 -84.603951 45.971149 196.233780 -6.111143 28.194780 203.547379 -76.611877 70.972031 151.996384 7.290378                578 
13.319959 213.940643 -99.233429 42.303703 198.167114 -17.358252 31.773523 201.329224 -88.937706 70.485909 157.616592 0.614267                596 
12.167324 208.398712 -111.857986 40.253250 196.799316 -28.506401 32.028301 195.867294 -100.089348 69.797432 158.719864 -7.561491                614 
12.462440 203.401123 -124.000648 37.151264 195.538422 -38.852695 32.736732 191.288651 -110.310295 67.310265 159.830978 -14.831758                632 
14.716574 194.743759 -134.053589 35.055378 193.530640 -47.237003 35.139244 184.193573 -118.138474 65.771011 161.456741 -19.140606                650 
13.915413 182.971848 -141.409775 34.923428 191.815674 -55.089954 34.904861 174.487823 -124.236366 67.043282 164.283203 -23.915113                668 
-24.218332 178.837265 -124.382942 38.249973 188.129288 -81.309807 -40.288326 170.143692 -91.397392 60.844303 161.126572 -42.297729                686 
-25.228136 164.368469 -126.437386 36.221924 186.215378 -86.616295 -40.653934 160.953049 -92.367012 60.580093 168.915924 -43.384357                704 
-22.672195 156.077927 -126.797226 36.802971 187.097473 -90.765427 -37.350441 154.242691 -92.542854 63.418121 175.943756 -46.847084                722 
-21.895468 149.550919 -129.939514 36.199856 186.935242 -98.223915 -35.868374 149.775299 -95.389229 64.278519 181.215912 -54.173141                741 
-20.520405 145.416122 -133.467865 36.096016 185.272766 -102.491615 -34.881222 145.994781 -99.103317 64.092171 181.477554 -58.181293                759 
-19.598490 143.499191 -135.956757 35.341702 184.627762 -104.064781 -34.750629 143.680267 -102.018028 62.534710 181.561493 -59.201317                777 
-17.420904 139.916534 -134.300583 34.893837 183.464310 -105.482674 -34.117008 140.916855 -103.211807 61.635471 182.331711 -60.258846                795 
-14.380865 133.857239 -133.017258 33.956532 181.166565 -107.844116 -32.502636 135.112839 -104.750786 60.558262 182.799103 -62.553116                813 
-12.247409 132.203079 -132.763809 33.840088 180.653137 -108.857079 -30.206507 132.872574 -107.899498 59.779209 182.915634 -63.210220                831 
-12.580232 132.515259 -133.230179 33.288284 180.612000 -109.353683 -28.440474 132.068375 -110.759560 59.197121 182.354858 -63.666847                849 
-13.465264 132.418320 -132.780823 32.614754 180.808929 -110.506889 -27.038193 131.613129 -112.034447 58.989548 183.310013 -65.122894                867 
-14.250518 132.379990 -131.845612 32.250397 181.026520 -111.516670 -26.116299 132.022339 -112.640427 58.946922 184.666061 -66.398582                885 
-15.164318 131.017563 -127.835609 31.374090 181.470459 -115.194046 -23.837101 133.962234 -113.519653 59.360229 189.956909 -71.532295                903 
-15.397488 134.343399 -126.175186 31.492762 183.630997 -115.462433 -22.400562 138.109253 -116.488747 60.070801 191.306061 -72.034538                921 
-15.236791 136.297058 -124.424118 31.661810 184.607254 -116.251938 -22.082943 140.812515 -118.431236 60.762699 191.661072 -73.066589                939 
-19.307178 143.580246 -137.887070 27.830513 189.536896 -124.296150 -25.907440 147.822845 -133.433594 57.401814 189.485382 -80.855064                957 
-20.909437 148.054611 -143.450531 27.646338 191.251953 -127.526367 -27.281128 152.754669 -140.160522 56.087563 187.979187 -83.458488                976 
-22.530025 149.920120 -145.683319 26.766117 191.975647 -129.760452 -28.135847 155.017090 -143.653671 54.761162 187.957581 -85.469093                994 
-12.727787 150.140198 -144.304520 14.838434 183.921951 -141.791351 -39.973606 150.956985 -161.469223 41.230061 170.614700 -98.340324               1012 
-7.622693 145.317184 -143.929062 7.178179 183.049576 -147.094894 -42.902882 141.218201 -160.725540 40.683697 172.511292 -108.006310               1030 
-3.385463 142.101349 -145.167816 4.847048 181.786987 -148.180313 -39.592827 133.529831 -159.693878 41.593014 175.035599 -111.224319               1048 
-1.427590 140.193481 -144.578186 4.323875 180.347229 -148.143173 -37.445362 129.407150 -157.864822 41.982048 176.216537 -111.723503               1066 
1.448539 136.287857 -145.815475 3.754320 176.824921 -149.072647 -33.590221 122.585175 -158.898575 41.600410 175.638824 -112.632843               1084 
10.772491 129.933243 -141.063110 2.544816 169.466705 -146.498215 -20.614515 107.145226 -149.996399 42.097275 180.200485 -113.604721               1102 
9.552935 127.568367 -136.259872 1.450284 166.589691 -144.787857 -22.252958 104.430557 -142.217667 41.949478 179.680130 -113.964996               1120 
9.274527 127.233910 -135.757370 0.839369 166.044754 -144.950165 -22.589705 103.899353 -140.367081 41.939369 179.927414 -115.291191               1138 
9.032532 126.936485 -135.752533 1.211370 165.894852 -144.911087 -23.164104 104.106224 -140.458099 42.337593 179.110916 -114.985153               1156 
7.816334 126.780777 -135.019547 2.686727 166.157166 -144.337921 -25.576323 105.994850 -140.673935 43.574574 176.816055 -113.094299               1174 
7.720543 126.292755 -133.209656 6.112768 165.917892 -142.817627 -26.851458 108.129219 -140.473068 46.018848 173.567398 -109.492233               1192 
7.604186 126.071976 -132.464539 7.493882 165.716660 -142.196915 -27.426296 109.073418 -140.258469 46.981644 172.140549 -108.122833               1211 
7.572808 125.996086 -132.209885 7.976626 165.646317 -141.979950 -27.614168 109.418716 -140.144150 47.300468 171.654877 -107.641563               1229 
8.087379 125.860855 -131.410278 8.846729 165.461060 -141.383163 -27.144882 109.489700 -139.531921 47.868660 171.392517 -106.688805               1247 
8.383781 125.682266 -130.966019 9.433216 165.251984 -141.075500 -26.917736 109.514961 -139.173355 48.287113 171.070419 -106.174034               1265 
8.671379 125.447479 -130.842239 10.570950 165.060623 -140.729309 -26.764788 109.955299 -139.686569 48.898048 170.045074 -105.123390               1283 
10.870009 122.201897 -128.766983 10.311280 161.757248 -139.076492 -23.514593 104.443031 -137.478043 48.138973 169.509369 -103.431541               1301 
6.667983 123.621834 -129.343903 8.892355 163.124252 -139.677094 -28.632296 108.145851 -138.693527 46.418526 168.454117 -103.276939               1319 
4.219037 122.960190 -129.369965 7.203942 163.123276 -138.206741 -30.481785 108.287796 -140.346039 43.146641 167.280182 -100.095909               1337 
-37.796471 217.593750 -201.127777 15.516422 185.591232 -136.513535 -44.463726 166.768753 -159.777832 36.775200 158.021210 -97.149193               1355 
-25.741737 254.914902 -198.925446 16.354227 193.796280 -130.336990 -44.872643 192.018204 -158.851425 28.300943 157.063339 -94.706116               1373 
-25.348476 260.159607 -189.481949 12.533277 195.384811 -119.712105 -51.337669 201.245071 -146.138306 21.382778 157.771088 -84.096291               1391 
-35.804218 256.293701 -176.768600 11.023895 197.473953 -106.599564 -56.961617 201.414169 -125.746674 24.751593 162.493973 -69.863426               1409 
-46.379543 252.463150 -162.349899 9.139856 198.715454 -94.299522 -59.474419 207.200699 -103.225830 27.745518 166.161850 -57.479904               1427 
-57.343853 243.966660 -144.519287 8.865293 199.495605 -79.148514 -60.137306 207.543686 -78.534851 33.983894 172.326370 -41.832542               1446 
-67.264809 237.000992 -127.213287 6.674792 201.013550 -64.631332 -62.074169 205.005722 -58.236584 37.170319 179.526382 -27.618938               1464 
-70.416161 184.703247 -87.582123 0.904198 201.371719 -55.999996 -67.496056 208.284943 -45.111549 33.450298 182.245132 -19.441584               1482 
-52.094387 169.663498 -47.795170 -2.046195 201.460480 -44.821289 -68.904274 217.224701 -32.201828 29.566814 181.617233 -7.828644               1500 
-40.174122 163.179764 -19.148178 -0.533659 195.851013 -26.390335 -65.783958 217.199295 -11.011553 31.907784 177.778549 10.792072               1518 
-34.760651 159.837601 0.007698 0.776548 191.779831 -11.104544 -61.183876 220.336166 9.134314 34.157948 173.324036 25.043180               1536 
-30.956259 155.446564 11.821194 -1.111349 189.769073 -0.221925 -63.510468 217.266815 20.817755 33.095055 173.790009 36.331924               1554 
-27.510460 152.343460 17.099716 -1.334609 188.191132 5.268416 -65.505638 213.209015 25.183926 32.561691 174.487961 43.015686               1572 
-26.781607 151.083099 20.790478 -1.261387 187.089554 10.184691 -66.401703 212.170898 29.634933 31.380228 172.956833 48.867809               1590 
-27.469034 147.299561 32.518166 -2.276034 183.173904 22.232170 -67.713486 209.193771 41.340134 29.506260 169.127213 61.655121               1608 
-27.273790 144.996506 44.454552 -1.696482 179.781540 32.933990 -65.817871 208.826477 53.449486 30.292324 165.475388 72.095741               1626 
-28.211473 142.891449 50.705650 -2.148631 176.885864 39.085091 -66.024452 207.681320 58.015629 28.674044 162.578659 79.170738               1644 
-28.309063 141.023865 56.879353 -1.365541 174.010834 45.468948 -64.477570 206.872925 63.536423 28.368221 158.743744 86.020294               1662 
-23.387938 134.962830 58.792839 3.583157 168.117722 48.687088 -62.086353 199.607971 55.018875 27.712166 157.065887 94.043900               1681 
-21.797092 132.899216 63.211617 6.751297 163.984222 51.520802 -57.180687 198.447647 52.899117 29.008757 155.402252 98.345451               1699 
-16.318195 128.075790 61.493618 16.106735 157.238342 58.304047 -43.379520 197.414154 55.336487 30.421429 140.326263 105.955528               1717 
-16.033091 128.059830 63.997128 17.838263 155.400513 60.359692 -39.397022 197.381302 53.639240 30.278225 139.785599 108.970535               1735 
-14.952351 126.963837 63.977169 19.272202 154.044952 63.091927 -37.986443 193.510590 55.805660 30.480244 134.677200 110.640465               1753 
25.430321 115.247406 48.936035 48.607380 133.616211 82.685707 48.766598 113.610710 18.023462 4.546983 153.501297 103.297768               1771 
39.674747 101.695457 51.560371 52.548931 132.336502 84.557396 60.265896 88.355415 27.703396 4.894717 152.958542 92.644402               1789 
43.728233 97.146286 52.046036 52.548096 132.447678 85.046242 60.504395 84.763359 30.282284 4.617439 152.845901 91.985825               1807 
44.800591 93.310638 52.557232 51.984024 130.875443 85.533463 59.455849 81.623726 31.818634 4.241261 151.890656 91.903847               1825 
45.877594 91.821884 51.700878 51.620914 130.018570 85.545113 59.704914 80.959389 31.642229 4.010348 151.602188 90.927841               1843 
47.054661 90.849579 50.819309 51.334549 129.611465 86.076485 59.167294 81.314545 31.391598 4.087111 152.037460 91.209412               1861 
48.345722 89.903290 50.227867 51.422958 129.411224 86.449806 58.857014 81.471977 31.348091 4.455572 152.423279 91.558876               1879 
999.000000 999.000000 999.000000 999.000000 999.000000 999.000000 999.000000 999.000000 999.000000 999.000000 999.000000 999.000000             1897.0 
999.000000 999.000000 999.000000 999.000000 999.000000 999.000000 999.000000 999.000000 999.000000 999.000000 999.000000 999.000000             1915.0 
999.000000 999.000000 999.000000 999.000000 999.000000 999.000000 999.000000 999.000000 999.000000 999.000000 999.000000 999.000000             1934.0 
999.000000 999.000000 999.000000 999.000000 999.000000 999.000000 999.000000 999.000000 999.000000 999.000000 999.000000 999.000000             1952.0 
999.000000 999.000000 999.000000 999.000000 999.000000 999.000000 999.000000 999.000000 999.000000 999.000000 999.000000 999.000000             1970.0 
999.000000 999.000000 999.000000 999.000000 999.000000 999.000000 999.000000 999.000000 999.000000 999.000000 999.000000 999.000000             1988.0 
999.000000 999.000000 999.000000 999.000000 999.000000 999.000000 999.000000 999.000000 999.000000 999.000000 999.000000 999.000000             2006.0 
999.000000 999.000000 999.000000 999.000000 999.000000 999.000000 999.000000 999.000000 999.000000 999.000000 999.000000 999.000000             2024.0 
999.000000 999.000000 999.000000 999.000000 999.000000 999.000000 999.000000 999.000000 999.000000 999.000000 999.000000 999.000000             2042.0 
999.000000 999.000000 999.000000 999.000000 999.000000 999.000000 999.000000 999.000000 999.000000 999.000000 999.000000 999.000000             2060.0 
999.000000 999.000000 999.000000 999.000000 999.000000 999.000000 999.000000 999.000000 999.000000 999.000000 999.000000 999.000000             2078.0 
999.000000 999.000000 999.000000 999.000000 999.000000 999.000000 999.000000 999.000000 999.000000 999.000000 999.000000 999.000000             2096.0 
999.000000 999.000000 999.000000 999.000000 999.000000 999.000000 999.000000 999.000000 999.000000 999.000000 999.000000 999.000000             2114.0 
999.000000 999.000000 999.000000 999.000000 999.000000 999.000000 999.000000 999.000000 999.000000 999.000000 999.000000 999.000000             2132.0 
999.000000 999.000000 999.000000 999.000000 999.000000 999.000000 999.000000 999.000000 999.000000 999.000000 999.000000 999.000000             2151.0 
999.000000 999.000000 999.000000 999.000000 999.000000 999.000000 999.000000 999.000000 999.000000 999.000000 999.000000 999.000000             2169.0 
999.000000 999.000000 999.000000 999.000000 999.000000 999.000000 999.000000 999.000000 999.000000 999.000000 999.000000 999.000000             2187.0 
999.000000 999.000000 999.000000 999.000000 999.000000 999.000000 999.000000 999.000000 999.000000 999.000000 999.000000 999.000000             2205.0 
999.000000 999.000000 999.000000 999.000000 999.000000 999.000000 999.000000 999.000000 999.000000 999.000000 999.000000 999.000000             2223.0 
999.000000 999.000000 999.000000 999.000000 999.000000 999.000000 999.000000 999.000000 999.000000 999.000000 999.000000 999.000000             2241.0 
999.000000 999.000000 999.000000 999.000000 999.000000 999.000000 999.000000 999.000000 999.000000 999.000000 999.000000 999.000000             2259.0 
999.000000 999.000000 999.000000 999.000000 999.000000 999.000000 999.000000 999.000000 999.000000 999.000000 999.000000 999.000000             2277.0 
