-6.857390 158.578415 40.656624 43.440964 139.520767 83.399178 6.892534 154.833145 54.641930 67.203041 96.381187 75.036591                  0 
-8.543327 158.385437 41.749191 42.712765 140.611954 83.902824 5.246223 154.391205 55.394970 67.551453 98.157425 75.170937                 18 
-6.224345 164.971649 39.758461 41.891037 146.914978 86.429459 0.032673 159.099960 49.841717 66.997665 104.353432 79.097015                 36 
-6.394925 167.790039 43.162922 42.819149 145.180679 87.530853 -3.077332 160.789124 50.473972 66.358795 102.624283 76.110252                 54 
-10.252669 158.683640 78.758896 50.735760 144.308884 69.920151 -9.345665 154.064789 97.179298 79.556580 104.482162 78.796249                 72 
-10.363447 157.933304 83.922310 49.999100 138.804016 74.306572 -9.564741 150.693512 100.720627 75.783592 96.446060 80.352699                 90 
-10.325957 158.309158 85.626480 49.738506 137.295166 75.457733 -9.417331 150.208817 101.540070 74.334152 94.100456 80.444046                108 
-18.152611 159.810974 85.462700 46.486008 147.109131 74.852188 -16.261774 155.688858 95.241814 68.480019 102.363640 77.966164                126 
-18.423029 157.458954 86.190361 48.231342 145.992279 75.649757 -15.753992 156.490662 94.177666 66.766083 99.667488 78.113602                144 
-15.864242 158.581970 87.590744 51.270386 144.029327 76.436195 -12.313931 157.830399 95.637825 66.898598 96.611153 78.129684                162 
-14.450163 158.956314 87.710762 52.824711 142.344055 77.212883 -10.824057 157.862320 96.050064 67.016533 94.486725 79.177727                180 
-14.203245 159.489700 87.665024 53.438438 141.726715 77.918167 -10.474756 158.140472 96.564255 67.089256 93.765617 80.914864                198 
-2.626280 136.557846 78.996185 44.929970 150.028519 74.047279 -16.213135 158.284439 94.419685 69.015862 106.462891 78.230476                216 
-2.860886 134.459229 80.847801 38.261169 152.235611 73.073326 -20.995274 163.656189 94.703758 63.699673 110.149719 81.862694                235 
-4.770822 132.329819 79.312386 35.624802 148.537125 69.233444 -21.055449 164.940781 93.330917 59.422829 105.717003 79.015244                253 
-4.200090 130.850098 78.893410 36.258392 146.438660 68.783913 -19.103453 164.238312 94.570068 59.071415 102.783043 77.111267                271 
-4.036026 130.307617 79.817535 35.713512 146.088547 67.535995 -18.348873 164.498856 95.360168 59.481632 103.045250 76.364563                289 
-2.814950 126.207726 78.353859 37.134960 141.170883 65.577316 -15.211750 160.635971 95.605141 59.870441 97.228958 72.490891                307 
-3.415782 126.930191 78.517441 36.492111 142.092941 65.605957 -15.701255 161.660645 95.472672 59.762783 98.529030 73.106277                325 
-3.897163 126.651436 78.402870 36.218018 141.593506 65.282242 -15.420197 161.459213 95.528603 59.656097 98.114197 72.752113                343 
-4.571211 130.065536 78.215759 36.128616 147.387543 70.610519 -18.301445 162.576019 97.300659 60.535397 104.105316 75.763199                361 
-1.825225 125.928429 76.072205 39.846367 142.927292 72.271667 -15.309231 156.685486 97.184425 63.642612 99.078308 74.840195                379 
-3.151845 128.016083 77.443222 38.646072 145.366943 73.133522 -16.579033 159.135666 96.893265 63.434502 102.244453 77.778709                397 
-3.569150 129.734467 80.098335 38.680653 146.299942 74.487480 -16.044849 161.529388 97.482712 63.371601 103.390305 81.174240                415 
-4.210224 130.333252 79.512665 38.770031 145.900604 75.231415 -16.261080 162.337372 96.233490 62.515945 102.659233 83.099594                433 
-4.338563 130.897903 78.841690 39.098156 146.045685 75.293106 -15.952486 162.819946 95.475266 62.606483 102.740990 83.518303                451 
-0.046272 143.788651 83.709785 42.493229 153.306778 67.537125 -15.031991 168.777878 90.131958 63.162666 109.254700 78.841164                469 
-3.146099 144.756317 81.538887 39.951385 156.290375 67.646179 -23.399580 163.677933 85.868340 61.397503 112.216705 77.298576                487 
-2.108166 151.648209 82.039131 40.605568 161.173645 64.760674 -21.025404 171.884720 88.949089 60.691620 116.263458 73.433510                506 
-4.204935 155.591232 76.645439 36.986675 167.151871 56.367550 -22.605692 175.426270 87.034653 58.468102 122.282845 60.940392                524 
-3.047612 161.974030 68.451729 36.742188 173.319687 44.961639 -20.707628 182.731934 80.355515 58.970234 128.855118 49.902103                542 
-3.576601 168.147858 55.496441 39.783974 177.149887 37.767014 -20.837713 190.387924 66.862068 57.544312 130.790848 43.335011                560 
-3.858756 172.120132 43.478786 40.377617 179.853378 27.096272 -20.679964 195.187592 54.376736 56.446995 132.964981 33.328899                578 
-5.565773 176.514557 29.503479 39.659679 182.738831 15.034051 -22.287104 200.523438 38.641342 54.247757 135.778915 23.840128                596 
-7.632145 182.753601 13.300446 38.885700 187.500168 2.674288 -24.553137 207.424210 19.589329 51.514511 140.693420 14.725599                614 
-8.623389 184.576797 -3.021583 38.391533 191.265167 -9.915966 -27.036863 208.338120 1.218785 51.935463 145.068314 3.425912                632 
-9.290000 186.533157 -19.110279 38.106590 193.107040 -23.086746 -27.968166 210.137665 -17.801456 50.725727 147.622757 -6.730414                650 
1.864959 235.116760 -52.509193 48.126335 172.236511 -20.005751 -17.179970 175.053131 -21.404043 73.487473 137.576843 5.511163                668 
-1.001623 234.617096 -74.566757 50.192520 170.607285 -24.854046 -14.597397 171.449707 -30.434784 76.757835 142.671844 6.918388                686 
-5.715372 227.331161 -91.703262 48.919708 171.426193 -34.967712 -15.866290 168.797379 -41.870213 76.332314 147.993561 -0.398159                705 
-8.358573 216.778503 -107.135406 48.837898 172.163773 -43.373390 -15.682532 163.676697 -51.283245 76.823456 154.964386 -5.735880                723 
-10.972324 205.905365 -117.220894 48.107292 172.367340 -50.746742 -15.988976 158.328888 -56.186180 77.236496 161.596634 -11.650139                741 
-12.723718 200.303787 -123.382614 45.980633 170.525620 -55.939484 -17.766981 154.307526 -60.986443 74.986420 162.060135 -16.189484                759 
-18.105373 191.467957 -131.023972 42.028946 167.846497 -63.027733 -21.439575 150.028778 -65.659851 71.804993 162.831055 -23.294041                777 
-20.827562 186.655518 -137.763077 38.448093 166.045334 -68.490974 -25.000767 148.294342 -70.591782 67.915779 162.930252 -28.335207                795 
-25.437887 182.690186 -140.050461 35.265396 162.620850 -72.249626 -28.006969 145.207291 -72.468208 65.756035 159.861908 -32.870499                813 
-29.232561 172.067856 -146.670090 31.955362 162.078735 -77.567108 -29.285400 139.157928 -77.265251 62.029102 164.429153 -37.842396                831 
-23.250944 145.424637 -124.999969 30.043379 169.399170 -91.828949 -33.402729 143.493973 -93.033569 58.450768 163.704681 -51.257114                849 
-23.235466 136.596542 -128.403961 26.321316 170.581955 -97.170471 -35.097919 137.475601 -101.583824 53.180733 163.790070 -55.722633                867 
-24.231024 131.441681 -127.378510 24.312464 168.757599 -98.868057 -36.073120 132.895645 -101.554367 51.160557 164.346024 -57.122704                885 
-26.824532 126.916603 -120.551521 23.080761 166.785019 -99.992180 -36.061169 130.357559 -96.643204 51.369804 167.404510 -58.976299                903 
-28.657621 128.073074 -122.617210 22.067661 166.674057 -102.420273 -37.425697 131.102905 -99.799080 49.765991 167.092804 -61.031143                921 
-29.173708 130.136673 -124.131821 22.020113 167.190903 -102.943459 -37.442604 132.026443 -102.265656 49.276470 166.072220 -61.274857                939 
-29.824007 133.888840 -127.284470 22.004393 168.386475 -103.644524 -37.549740 133.822510 -106.019363 48.653030 164.348755 -61.794106                957 
-29.858660 136.966522 -129.804581 22.561346 169.133484 -104.372849 -37.058346 135.544312 -109.353508 48.292484 163.108215 -62.188545                976 
-29.138086 143.829895 -138.957169 22.690350 173.169754 -109.332939 -36.672977 140.543747 -119.384293 46.514805 163.806580 -66.670120                994 
-28.624960 150.170074 -145.427383 24.143644 175.665619 -114.089233 -35.845684 145.918381 -126.789803 46.462673 163.875580 -71.214470               1012 
-25.320061 157.019745 -151.570053 26.533649 179.180283 -116.498413 -32.836052 151.197983 -134.064194 46.670544 164.175385 -73.577217               1030 
-23.400562 159.328079 -153.369629 27.956812 179.964920 -116.752975 -30.964964 152.898392 -136.526627 46.825092 163.857529 -73.655296               1048 
-23.502058 164.563904 -159.642227 28.060867 177.480789 -119.971390 -31.364937 156.785492 -144.265533 43.943283 156.224854 -77.944191               1066 
-21.628565 167.529587 -163.278397 29.002388 176.245468 -122.325912 -29.778292 159.521576 -149.991394 42.427246 151.982132 -81.077690               1084 
-16.636192 169.654648 -174.632568 30.021521 174.873230 -129.370621 -26.329914 162.251038 -163.285431 37.794056 148.969147 -87.700485               1102 
-13.856562 170.159805 -182.537109 30.542391 171.204727 -135.089233 -24.507967 163.283920 -172.363022 34.558113 143.341553 -94.158157               1120 
-13.506507 169.172958 -184.792145 30.554800 169.672791 -137.232544 -24.377258 163.080429 -174.866562 33.197521 142.481049 -95.772400               1138 
-13.915645 167.904282 -185.767868 30.245668 168.696365 -138.472839 -24.739519 162.202271 -175.983337 32.647720 142.020554 -96.664345               1156 
-11.584874 175.137375 -190.256058 31.457439 168.270889 -142.559372 -20.991371 167.869583 -182.230347 30.374535 138.506409 -102.864189               1174 
-11.847932 176.272461 -191.547928 31.319960 168.561234 -144.210861 -20.055628 167.536072 -184.410934 30.146330 138.251984 -104.932655               1193 
-11.679951 176.782852 -191.923172 31.223032 167.976135 -144.634933 -19.173466 166.975311 -185.515427 29.334600 137.432785 -105.598671               1211 
-15.347888 176.433182 -193.343170 28.930342 165.972488 -147.776352 -21.766718 165.210953 -187.470795 27.210260 135.630005 -108.576019               1229 
-18.707968 173.971786 -192.933228 28.510212 166.274307 -149.916519 -23.720285 161.667618 -186.901703 29.997135 137.225174 -109.770317               1247 
-19.083685 172.802231 -192.750870 28.962013 166.412491 -150.515717 -23.744394 160.372269 -186.667786 31.636065 137.726959 -110.170090               1265 
-19.106453 171.970337 -192.667648 29.293732 166.411957 -150.785629 -23.692350 159.555313 -186.520859 32.509159 138.079941 -110.261230               1283 
-18.520897 171.936615 -192.614120 29.930475 166.061356 -150.893417 -23.675070 159.900696 -186.293259 32.953697 137.820847 -110.290428               1301 
-17.455812 173.040375 -192.282867 30.864321 165.647263 -150.703262 -23.218716 161.257538 -185.981110 33.182945 137.046280 -110.337845               1319 
-17.895824 172.208878 -191.908981 30.753923 165.601303 -150.629517 -23.732466 160.556030 -185.435669 33.563484 137.359955 -110.042671               1337 
-10.112494 174.858475 -183.641815 32.250668 163.082672 -136.976273 -16.923016 162.718643 -179.411926 29.411995 130.414993 -99.895042               1355 
-16.666813 177.695389 -177.723236 30.673077 167.977051 -135.547104 -23.958290 166.605286 -171.873413 33.316483 134.953247 -98.768135               1373 
-18.683723 180.387390 -174.290176 30.871592 170.870117 -134.560104 -29.534071 172.895615 -164.499725 35.774078 137.769409 -98.117638               1391 
-19.876659 186.332336 -173.261826 30.157236 175.853317 -133.792419 -34.524727 182.027481 -158.660812 35.636890 142.774734 -97.412109               1409 
-21.603956 190.031448 -171.574387 28.335196 179.547379 -131.611725 -41.617329 191.052673 -149.040665 34.185188 146.724579 -95.092117               1427 
-22.002674 192.211807 -163.711655 27.517719 182.792007 -122.706612 -45.504410 197.484314 -135.564957 33.614971 150.527451 -85.732819               1446 
-18.013140 193.985535 -149.403351 31.149645 185.899368 -107.587654 -43.039509 201.126694 -118.782021 37.807140 153.651352 -70.730103               1464 
-15.044077 198.797806 -133.898331 34.719166 188.244431 -93.296890 -40.247536 205.987350 -100.172493 41.918240 153.863708 -58.528008               1482 
-14.208257 201.048630 -116.339851 37.409348 187.390381 -79.047180 -36.963913 209.665771 -79.145248 45.355419 151.577820 -45.963146               1500 
-16.349224 200.738617 -99.262589 38.300117 188.450058 -65.898499 -35.331047 211.711548 -59.357891 49.341694 153.444931 -32.838596               1518 
-18.493935 200.779877 -80.171349 39.184273 188.164764 -52.298355 -31.847788 215.331772 -38.142334 52.794712 154.088959 -19.263117               1536 
-19.037552 199.884384 -62.162006 40.332603 187.675858 -37.567299 -29.142736 214.977127 -19.169470 56.095108 153.266052 -5.861783               1554 
-21.722073 198.810532 -43.502342 39.551804 186.338013 -23.842751 -26.963276 214.878418 -0.441673 57.575851 151.574921 6.188765               1572 
-22.889271 196.936707 -25.807983 39.565235 184.234329 -9.902825 -23.333380 214.714218 17.004938 59.081272 149.004791 18.614452               1590 
-23.655561 196.328537 -8.916149 39.717888 183.146729 2.967682 -20.260567 213.103455 34.303047 60.561779 146.181213 28.103603               1608 
-24.081129 196.217667 7.758200 39.805691 181.987457 15.670754 -17.490963 211.053497 51.425632 61.342113 143.207306 37.234936               1626 
-25.152931 194.179779 23.040617 39.322327 180.387207 26.813929 -15.581342 208.416763 66.054001 62.253422 141.168472 45.952621               1644 
-24.945509 191.776611 35.130371 39.679714 177.976486 37.573906 -14.748127 203.251602 78.407196 62.460533 137.205643 53.353851               1663 
-24.811209 188.352249 47.130917 40.244225 175.831497 46.621830 -12.803811 198.302429 89.977165 63.970222 134.506760 59.155010               1681 
-25.210321 186.297012 57.805313 40.100792 175.082047 54.471954 -11.369010 195.497116 100.018181 64.557861 133.459961 64.330521               1699 
-25.273050 185.746262 65.729660 39.563026 171.993500 61.122261 -10.024027 192.586548 108.100464 61.829205 128.615082 68.034088               1717 
-25.401257 184.900177 73.952789 39.328861 171.066040 67.781670 -8.300348 193.686813 115.436188 61.349445 127.625359 75.078499               1735 
-29.248341 181.208557 74.327377 36.434837 172.372910 73.714615 -15.703979 194.108200 116.586205 60.033058 130.479340 84.240807               1753 
-27.549337 174.520889 77.484413 37.837002 167.494888 76.218193 -14.397820 183.447144 121.051926 61.049229 124.324120 80.715508               1771 
-25.967823 170.359222 81.441032 39.085491 165.768234 79.110214 -12.586296 179.605988 124.825218 62.730637 122.692314 81.482674               1789 
-25.246380 165.104584 84.470497 39.630257 162.551178 81.499550 -12.373554 172.894760 126.446625 63.901146 119.763306 80.884285               1807 
-25.265326 163.775269 86.745628 39.546165 163.299240 82.979828 -12.774187 171.913651 126.566124 64.875732 121.181358 81.475807               1825 
-19.866726 158.365463 92.655617 44.259193 155.727646 82.661453 -3.652024 164.032028 130.498810 67.506935 112.843597 76.475494               1843 
-20.364904 158.077103 95.681084 43.363892 155.608368 83.494308 -3.830505 164.233307 131.056534 66.420380 112.728401 76.787491               1861 
-20.569372 156.959290 95.582161 43.328232 155.015472 84.108727 -6.591422 162.903275 126.683258 66.717682 112.305832 77.468353               1879 
-20.291353 156.034790 95.848465 43.735332 154.141724 84.657036 -7.577909 161.797760 124.436668 67.162804 111.482384 78.014778               1898 
-19.889362 155.108887 95.666702 44.246048 151.981094 84.939087 -8.040498 160.612106 122.305862 66.918877 108.875671 78.563301               1915 
-16.704151 152.520416 96.668449 47.197201 145.969345 84.371078 -4.113024 156.227737 122.344566 67.320755 101.956566 76.111771               1934 
-17.255470 153.126556 96.354912 46.955730 146.565598 84.312080 -4.821728 156.886887 121.352882 67.349564 102.597977 76.486603               1952 
-17.245405 153.339584 95.864632 47.210938 146.327286 84.034645 -4.917786 156.950607 120.205154 67.517456 102.304108 76.457275               1970 
-16.657375 152.716873 94.616501 48.057060 145.238815 83.445862 -4.566797 156.544388 118.389908 68.300484 101.056755 76.666420               1988 
-15.493867 149.857330 93.805809 49.552372 142.572876 82.905388 -3.468881 153.141769 117.251732 69.930351 98.594475 75.424393               2006 
-15.684098 148.809265 93.458130 49.697643 141.602814 82.650810 -3.520020 151.889908 116.629448 70.267250 97.732216 75.062126               2024 
-16.145678 147.685150 93.168015 49.904644 141.464767 82.131783 -3.515450 151.057983 115.894974 71.675224 98.054153 75.468216               2042 
