-40.784504 151.315598 88.865204 -3.674917 186.049805 43.664368 -33.959534 145.171829 61.513687 48.343819 178.918396 45.852222                  0 
-41.043571 151.136261 88.593582 -3.853104 186.082916 43.624134 -34.129482 145.245560 61.185303 48.161846 178.946533 45.884602                  9 
-41.239391 150.952499 88.354279 -3.999895 186.113510 43.593487 -34.257938 145.317703 60.914715 48.014843 178.992661 45.907139                 18 
-41.429390 150.763123 88.154175 -4.126927 186.074738 43.565208 -34.385277 145.332855 60.680080 47.883926 178.943344 45.933132                 27 
-41.726917 150.676041 87.955536 -4.271261 186.042267 43.539074 -34.590111 145.386398 60.455486 47.724583 178.842590 46.026909                 36 
-41.928448 150.669052 87.803551 -4.339358 186.015213 43.484390 -34.752872 145.542816 60.330776 47.640648 178.734787 46.066425                 45 
-42.344421 150.615662 87.568604 -4.499835 185.775162 43.318897 -35.123478 145.639328 60.153378 47.443390 178.288483 46.047134                 54 
-42.791706 150.676453 87.428101 -4.651034 185.400742 43.089447 -35.500923 145.681442 60.078552 47.245857 177.667786 46.006054                 63 
-42.972008 149.581635 86.766373 -4.572053 184.733124 42.992111 -35.586403 145.064880 59.401165 47.292446 176.826050 46.016098                 72 
-43.098293 148.801468 86.290138 -4.515465 184.254791 42.922371 -35.644451 144.658493 58.903233 47.325283 176.221451 46.019966                 81 
-43.222862 148.304169 85.961243 -4.509927 183.926544 42.849083 -35.709984 144.415512 58.552650 47.313210 175.802917 46.005287                 90 
-43.303627 147.976303 85.744247 -4.506272 183.709915 42.800716 -35.753567 144.288666 58.307495 47.305111 175.526398 45.994961                 99 
-44.161312 147.034134 84.972443 -5.007822 182.871429 42.440865 -36.240761 143.448975 57.618351 46.799835 174.961227 46.312294                108 
-46.423473 146.819107 83.996056 -6.309752 181.945450 41.740364 -37.612934 142.735657 56.968987 45.427635 174.640457 47.350422                117 
-48.443115 146.801178 83.612160 -7.197403 180.719543 41.423363 -38.775887 141.997910 56.912376 44.377739 173.755676 48.710464                126 
-49.490990 146.312576 83.079895 -7.544353 179.671799 41.039074 -39.238213 141.202484 56.534992 43.921711 172.931961 49.249512                136 
-50.067562 146.050812 82.796814 -7.724230 179.128601 40.839844 -39.452175 140.817078 56.312214 43.680214 172.514694 49.525005                144 
-50.455769 145.880539 82.616547 -7.838076 178.784805 40.713745 -39.548847 140.607910 56.123199 43.525604 172.254013 49.697815                153 
-50.712402 145.594574 82.470345 -7.929795 178.523834 40.685192 -39.579700 140.419754 55.888924 43.411366 171.993393 49.797329                162 
-51.039265 145.135773 82.288460 -8.070409 178.135269 40.670589 -39.659981 140.096985 55.607727 43.245548 171.562012 49.893238                171 
-51.354336 144.528885 82.164757 -8.249656 177.648972 40.705185 -39.751602 139.642288 55.361214 43.051147 171.029999 49.979301                180 
-51.928345 143.646011 82.061493 -8.638750 177.070694 40.914829 -39.911957 138.986893 55.034962 42.646458 170.453613 50.276154                190 
-52.569008 143.090515 81.776779 -9.055964 176.593018 40.823341 -40.139111 138.477722 54.725780 42.196552 170.169998 50.493744                198 
-53.519009 142.643692 81.778275 -9.562964 175.301529 40.522282 -40.757938 137.578049 54.779606 41.610771 168.828217 50.569046                207 
-53.923054 142.099747 81.905869 -10.092348 174.692047 40.400661 -40.777969 136.838562 54.904087 41.103916 168.954529 50.774483                216 
-54.216911 141.962158 81.984909 -10.399255 174.403198 40.292027 -40.755283 136.531296 54.939583 40.796387 169.087189 50.891026                226 
-55.073154 142.302032 82.490211 -11.106445 173.385483 39.880692 -41.242405 135.947769 55.590580 40.049507 168.671219 50.945812                235 
-55.651424 142.671829 82.918716 -11.638742 172.630188 39.514297 -41.560184 135.570435 56.091709 39.507896 168.350113 50.796791                244 
-55.877178 142.958374 83.211067 -11.892142 172.455093 39.424480 -41.569855 135.533386 56.357033 39.263531 168.430206 50.759827                253 
-56.208111 143.081039 83.619690 -12.193110 172.408325 39.713978 -41.458076 135.392014 56.526630 38.952755 168.606827 51.170059                262 
-56.430557 143.170609 83.555367 -12.183899 172.005737 39.524204 -41.267891 135.096420 56.574409 38.890411 168.611374 51.418968                271 
-56.768124 143.167419 83.158417 -12.111302 171.319809 39.069088 -41.200054 134.636902 56.440594 38.843792 168.299240 51.560970                280 
-57.020840 142.084839 81.498314 -11.672773 169.434570 37.580563 -40.818558 133.003113 55.317429 39.043793 167.136124 51.150375                289 
-57.036457 141.533218 80.346077 -11.017029 168.097778 36.620396 -40.311714 131.998306 54.671680 39.462345 166.343155 51.123734                298 
-57.099144 141.103561 79.839584 -10.800914 167.544464 36.308781 -40.180199 131.622833 54.399685 39.574188 165.996872 51.193230                307 
-57.221416 140.917694 79.508041 -10.727436 167.407257 36.191967 -40.173824 131.575073 54.195374 39.576977 165.936523 51.321255                316 
-57.377209 140.693588 79.270302 -10.723395 167.326660 36.193779 -40.204659 131.515274 54.065388 39.514133 165.950821 51.552498                325 
-57.400158 140.472168 79.055565 -10.614574 167.343689 36.249767 -40.158310 131.579514 53.998062 39.554188 166.109482 51.843502                334 
-57.347496 140.277847 78.930260 -10.512362 167.377991 36.303398 -40.159187 131.805298 54.157238 39.604504 166.369064 52.079151                343 
-57.474972 140.170349 78.707138 -10.597598 167.587784 36.310902 -40.276642 132.098373 54.164524 39.463993 166.796280 52.273457                352 
-57.835175 140.096466 78.110817 -10.539178 167.742584 36.315411 -40.305286 132.155075 53.775745 39.334301 167.085541 52.862225                361 
-58.249561 140.261444 76.884720 -10.323704 168.732498 36.361931 -40.134182 132.750458 52.880039 39.198219 168.340805 53.940838                370 
-58.748863 140.616699 75.986053 -10.260165 169.369125 36.324539 -40.092541 133.207687 52.373135 38.914307 169.411331 54.857269                379 
-58.958473 140.899033 74.914871 -9.941937 169.544800 35.811920 -39.862785 133.463654 51.916321 38.870899 170.220810 55.265522                388 
-58.907085 141.166840 74.553230 -9.962888 169.775558 35.317261 -40.102882 134.073914 51.991711 38.880573 170.527206 54.691051                397 
-58.715492 141.107483 73.604813 -9.533704 170.034485 34.887043 -40.057709 134.733246 51.818298 39.117184 171.007599 54.729843                407 
-58.835621 141.409256 72.900253 -9.245337 170.387955 34.732178 -40.297436 135.603729 51.889503 39.167763 171.471771 55.142704                415 
-58.338921 141.525192 71.544662 -8.389464 170.913086 34.151054 -40.170418 136.716125 51.446056 39.779594 172.011002 55.130302                424 
-57.374588 141.224701 69.699860 -7.296921 170.904129 32.703793 -39.823444 137.373672 50.283630 40.800159 171.843353 53.855179                434 
-56.172989 141.466507 69.985718 -7.285689 171.151093 31.428894 -40.133011 138.498322 50.383923 41.653427 171.143600 50.574528                442 
-55.376335 141.144272 69.855766 -6.854692 170.952438 30.909273 -40.418285 139.173279 50.534298 42.407539 170.172546 49.190868                451 
-54.418896 141.369843 69.990471 -6.212463 170.888779 30.386457 -40.447208 140.141800 51.000774 43.334476 169.541077 47.847187                460 
-52.922981 143.854614 70.520149 -5.158253 172.206146 29.503817 -40.209297 143.293076 52.025684 44.750809 170.287399 45.843842                470 
-51.008537 145.462051 70.361763 -4.169972 173.722214 28.189962 -39.741665 146.187286 52.361805 46.204124 170.963501 42.901600                478 
-48.503407 147.521530 71.222221 -2.692745 174.380249 27.015203 -39.555565 150.591904 54.691292 48.152599 170.442383 39.697350                488 
-47.177467 148.872681 71.258842 -2.091009 175.030899 25.869621 -40.276463 155.274765 56.596012 48.990837 170.590271 37.381279                497 
-46.339279 153.298477 71.383377 -2.225928 177.167343 23.798981 -41.210373 162.900192 58.135674 49.094551 173.267136 34.409790                506 
-45.884369 155.694870 69.577621 -1.794392 178.506210 21.429045 -41.650192 167.992844 57.521965 49.549953 173.828049 31.600851                515 
-45.345131 156.675262 66.191147 -1.166568 178.904022 17.826944 -41.168163 169.816147 54.627132 50.156300 173.296570 27.630623                524 
-46.603634 157.774094 62.403046 -1.373266 179.753891 14.881463 -42.181259 171.676483 51.423931 49.706352 173.103470 25.285173                533 
-48.599995 161.697067 55.999126 -0.122931 183.043304 11.461150 -43.340454 176.296600 45.821674 50.084145 175.032349 24.752745                542 
-51.009716 164.031403 49.646362 0.443862 184.926865 8.327710 -44.998363 179.091049 40.466465 49.607624 175.514038 24.325075                551 
-52.263802 164.543030 42.931450 1.626345 186.027298 5.149940 -45.550911 179.737366 34.902805 49.724026 174.669327 23.016165                560 
-53.807930 168.161758 36.234062 2.065400 188.239685 1.331218 -47.113976 182.689545 28.513170 48.676514 174.719727 21.485809                569 
-55.545204 172.355225 27.510172 3.169420 191.837753 -2.205460 -48.395920 185.247040 20.728571 47.521046 175.902924 21.045490                578 
-56.494175 175.185837 19.755697 4.098743 193.842636 -5.882459 -49.119129 186.576431 13.753798 46.459740 175.424393 19.175608                587 
-58.199745 176.648483 11.225467 3.648510 196.185608 -9.810431 -50.742149 187.260330 6.249470 44.323475 175.388809 16.163271                596 
-58.977127 178.810684 2.629399 4.151598 198.354156 -13.702685 -51.286400 188.760849 -1.417936 42.883667 175.406876 13.405279                605 
-60.725712 181.492340 -5.163988 3.176424 199.566132 -19.461308 -52.814125 190.376999 -8.971162 40.478386 174.723465 7.979506                614 
-61.723991 184.487732 -12.861126 2.826882 201.280670 -24.418835 -53.548759 191.749176 -16.313492 38.401279 174.291229 3.287197                623 
-61.568192 186.589554 -20.386158 2.922853 203.260010 -28.945406 -53.806568 192.830444 -23.610077 36.955353 174.674545 -0.905202                632 
-62.214230 187.957794 -29.607275 2.367145 205.222748 -33.626030 -54.804825 193.553299 -31.943754 34.904125 174.888855 -5.647595                641 
-57.550114 219.084000 -62.242130 8.501322 206.236633 -34.395802 -54.428837 191.021332 -29.086725 43.657280 183.170242 -2.874497                650 
-57.018948 222.311737 -77.625381 11.070168 205.728378 -35.993042 -54.257965 187.174255 -32.897404 46.555931 186.821976 -2.156660                659 
-54.727879 222.343384 -85.296623 12.595531 205.802109 -37.964359 -54.475658 186.900665 -36.958595 47.106899 188.265594 -2.425246                668 
-51.916264 221.971359 -91.529457 13.853562 205.801788 -40.659626 -54.178810 186.114380 -42.334763 47.104603 188.611969 -3.775060                678 
-49.251019 222.081818 -97.700607 14.699460 205.513931 -44.149765 -53.782215 185.275192 -48.817444 46.577190 187.938446 -6.248509                686 
-47.003212 222.814224 -104.014420 15.112951 204.947983 -48.326218 -53.931286 184.926727 -55.430523 45.599575 186.576996 -9.665317                696 
-44.793072 223.839035 -110.007614 15.317949 204.219604 -52.450203 -54.420067 185.139832 -61.740669 44.259617 184.756943 -13.141465                705 
-42.648575 223.113800 -115.641258 15.697640 203.305557 -56.104401 -54.408932 184.204147 -67.120041 43.358940 183.772522 -15.918509                713 
-40.878151 222.433105 -120.662186 16.305517 202.305237 -59.886459 -54.276039 183.262833 -71.775009 43.073818 182.699982 -19.134958                723 
-39.383644 221.021286 -125.751488 16.995291 201.757751 -63.623886 -53.812176 182.146149 -75.907845 43.145321 182.974380 -22.091322                732 
-38.357971 219.656174 -131.218399 16.987095 201.003372 -67.734390 -54.080513 180.951553 -80.690903 42.356277 182.755051 -25.485176                741 
-37.598236 217.171600 -136.157471 17.081408 199.849991 -71.422737 -54.235397 178.930725 -84.459412 41.942799 182.669739 -28.430384                750 
-36.974545 214.504211 -140.391525 17.210629 198.449234 -74.706367 -54.320583 176.432129 -87.735458 41.728710 182.156601 -31.174700                759 
-36.512264 211.451294 -143.554092 17.718815 197.502151 -77.244461 -54.013481 174.276031 -89.422066 42.279484 182.624344 -33.232910                768 
-37.761021 207.845551 -149.092377 17.014484 196.434174 -82.422447 -55.147507 171.988708 -92.658661 41.957214 183.486130 -38.017487                777 
-38.587891 202.259430 -152.847702 16.672825 194.800034 -85.787018 -55.329300 168.316147 -94.221458 42.012642 184.471085 -40.922791                786 
-38.784473 198.272202 -155.055435 16.878345 193.461960 -87.750366 -54.809570 165.455032 -94.902695 42.528385 185.061646 -42.660423                795 
-39.289040 194.746964 -156.787521 16.990967 192.255661 -89.624451 -54.273308 162.739639 -95.540520 43.101166 185.363480 -44.542885                804 
-39.460461 191.324478 -158.363281 17.071791 191.152695 -91.059341 -53.821842 160.416687 -95.977394 43.345352 185.839890 -45.859043                813 
-40.424393 185.991287 -160.770981 16.721346 189.300262 -93.634628 -53.684097 157.091904 -96.612946 43.356968 186.484299 -48.421726                822 
-41.247570 183.464050 -162.364639 16.584297 188.148148 -95.369057 -53.552494 155.133118 -97.018394 43.561497 186.629623 -50.296696                831 
-41.859425 183.388870 -163.329880 16.474730 187.507736 -96.180000 -53.680119 154.478775 -97.319626 43.629959 186.207062 -51.207851                840 
-45.785469 170.992767 -163.262939 14.697024 183.238632 -98.404510 -52.360054 146.509399 -94.812996 43.217266 187.730774 -54.495411                867 
-46.011616 167.767487 -163.805801 14.265582 182.439545 -99.029816 -51.328430 144.717041 -95.048210 42.600876 188.904251 -55.247276                876 
-45.862450 164.706070 -166.396484 13.631478 181.862991 -101.076912 -50.182411 143.231064 -97.078918 41.329853 190.836899 -57.329208                885 
-47.971874 162.427017 -167.893478 12.386909 179.916611 -103.118248 -49.524399 140.911209 -98.822906 40.558559 189.938736 -59.903576                894 
-49.368301 162.274445 -169.537598 11.468769 178.547424 -104.723251 -49.006313 139.509918 -101.364548 39.924240 188.349228 -61.644211                903 
-49.261158 161.080399 -169.401901 11.379877 178.327774 -104.804665 -47.316635 138.400620 -102.492096 39.760357 188.569931 -61.778641                913 
-45.509129 157.962936 -169.868210 13.380069 173.695877 -103.697395 -47.128986 138.220612 -103.680801 40.530285 183.393448 -59.760902                921 
-45.679939 156.835342 -167.893311 13.925454 171.565628 -103.019455 -46.805309 138.757324 -103.943947 41.381241 180.354813 -59.081745                930 
-44.576263 157.397263 -168.668518 14.163137 171.208649 -103.339233 -45.548607 138.946045 -106.667091 40.876163 179.145599 -58.785770                940 
-44.294647 157.703674 -168.811005 14.119637 171.133606 -103.398056 -44.352951 138.391220 -107.870300 40.614975 178.755646 -58.659992                949 
-50.084782 170.053101 -171.723770 9.920653 173.934402 -106.651207 -47.577740 141.707886 -114.854881 37.492821 175.112289 -61.930065                958 
-53.480324 176.967072 -172.686783 7.427284 175.538788 -108.486168 -49.755569 143.999298 -118.651070 35.612228 173.119431 -64.199059                967 
-53.044060 182.404785 -174.579987 5.976194 177.639771 -108.892677 -50.579338 146.576187 -122.493912 32.866833 172.885315 -63.994114                976 
-54.915005 183.115631 -173.177094 4.730666 178.713867 -108.146477 -51.358402 147.014099 -121.373260 32.146641 174.104248 -63.551540                985 
-58.064095 184.818726 -172.069443 2.588331 180.287567 -108.093697 -53.215008 148.436417 -120.648506 30.770477 175.635391 -63.983425                994 
-60.780327 187.118118 -170.853775 0.636126 181.823990 -107.881180 -55.070778 150.154465 -120.170158 29.482611 176.625504 -64.264107               1003 
-62.690945 189.876083 -170.004028 -1.392914 183.855789 -107.307449 -56.984947 152.293411 -120.099861 27.579346 177.951843 -63.863876               1012 
-64.357285 193.646835 -167.544891 -3.241868 186.479126 -105.242233 -58.451714 154.806396 -119.092796 25.948523 179.372879 -62.125938               1021 
-66.426628 196.010361 -165.233032 -5.312110 188.532532 -103.620964 -60.327370 156.898849 -117.914192 24.295704 180.718231 -60.913742               1030 
-69.719719 198.001572 -161.276276 -7.568686 190.373627 -101.372787 -62.630184 158.939133 -115.043564 23.158192 182.066589 -59.558380               1039 
-73.250221 203.347839 -158.138962 -10.698191 192.135345 -100.226677 -66.526939 162.694046 -114.328758 20.783936 181.256134 -59.580505               1048 
-77.009422 207.482956 -154.172562 -14.164728 193.245102 -98.948326 -71.021980 166.440628 -112.738617 18.084534 180.003922 -59.625957               1057 
-81.824623 213.344101 -152.717087 -19.328104 194.298065 -99.790359 -77.499954 171.134308 -113.776520 12.986009 177.749420 -61.796497               1066 
-86.884384 214.187012 -148.939331 -23.764071 194.616959 -98.462036 -82.226181 172.286911 -111.615692 9.412911 177.140411 -61.645599               1075 
-90.833733 216.238815 -144.134521 -27.699535 194.632797 -96.236267 -86.952766 174.505524 -108.667938 5.826963 175.284546 -60.694576               1084 
-94.129036 218.376419 -138.419052 -31.287760 193.258743 -93.942940 -91.783546 176.708466 -105.190102 2.250319 171.029999 -60.139496               1094 
-97.733971 220.350052 -132.963684 -34.824818 193.462509 -91.506294 -95.924850 178.865417 -101.996719 -1.125941 169.172470 -59.319771               1102 
-102.284920 217.218964 -127.841919 -38.320332 192.225632 -88.205696 -99.642357 177.349487 -96.573738 -3.596594 168.655807 -56.577892               1111 
-105.969284 215.934509 -122.817772 -41.340378 191.849838 -84.864075 -102.841484 177.032501 -91.755081 -5.939688 168.434479 -53.878521               1121 
-109.367676 213.954132 -118.678978 -44.482479 190.833359 -81.931664 -106.199203 176.442856 -87.645821 -8.790073 167.569519 -51.167423               1129 
-114.244400 212.332901 -114.378510 -48.592381 190.058884 -79.684654 -110.589439 176.253448 -83.102272 -12.173281 167.078796 -49.565601               1139 
-118.637505 210.228836 -111.036308 -52.462914 189.364563 -77.166565 -114.388962 175.033875 -79.518036 -15.473787 167.122528 -47.188423               1147 
-117.850853 206.818146 -106.141991 -51.747299 186.035156 -73.131783 -114.040390 173.020386 -74.094421 -14.817489 163.831757 -43.052036               1156 
-118.842163 204.541275 -102.088120 -52.916019 183.252304 -69.791573 -115.494843 171.479660 -69.793488 -16.117142 160.792419 -39.741806               1165 
-124.309212 200.754105 -99.539101 -57.347317 182.563553 -68.015877 -119.522453 168.901138 -66.699989 -19.439890 162.043304 -37.956955               1175 
-127.306252 196.749985 -96.164879 -59.774345 181.658005 -64.810776 -121.423882 165.842773 -62.998569 -21.082615 163.060974 -34.500828               1184 
-129.760956 198.736465 -91.012337 -62.400574 179.470825 -62.401398 -124.622536 166.372925 -59.512184 -23.861179 157.984390 -33.859478               1193 
-130.056870 199.574615 -87.200020 -63.838360 177.149872 -59.948837 -126.457359 166.575424 -56.493824 -25.977470 153.855286 -31.921921               1202 
-133.120300 198.907578 -84.980255 -67.542885 175.744308 -59.052319 -130.087067 165.400406 -54.767262 -29.490463 152.292145 -31.418968               1211 
-134.834045 196.180374 -81.471771 -69.097092 174.054062 -57.561588 -130.590256 162.407898 -51.255009 -29.891205 152.224915 -30.212374               1220 
-136.275940 194.803665 -79.056610 -70.953781 172.662079 -55.538982 -132.142700 160.604004 -48.750454 -31.539286 151.367920 -28.068110               1229 
-138.379669 194.068542 -78.126785 -74.228104 170.252594 -53.626198 -135.766571 159.577286 -47.861370 -35.805191 148.064575 -25.466583               1238 
-140.467834 193.695480 -78.058983 -77.485420 168.899811 -52.483620 -139.332870 160.486069 -46.328510 -39.810661 146.900879 -23.187683               1247 
-141.929901 191.859894 -76.090950 -78.582298 166.839447 -52.467194 -140.124908 159.896378 -43.050041 -39.958179 145.525894 -23.910187               1256 
-146.333160 190.889313 -77.019760 -83.641365 162.978241 -55.954601 -145.130768 157.538574 -45.338776 -45.060852 139.493698 -29.091745               1265 
-153.928024 188.182877 -73.402214 -90.179718 160.666412 -56.283077 -151.153351 151.717026 -45.297840 -50.214046 136.247559 -32.449139               1274 
-158.855591 184.316879 -72.399338 -94.067955 158.943542 -56.844517 -154.385452 147.540726 -44.759190 -52.739399 135.901566 -33.983849               1283 
-160.416351 185.458786 -71.555252 -96.043114 159.415192 -56.175228 -156.454391 147.698883 -45.044075 -54.969952 135.674271 -33.570877               1292 
-161.145554 186.845444 -75.978958 -98.240326 160.036407 -56.988632 -159.217285 147.513275 -51.257336 -58.883450 135.308136 -32.470455               1301 
-161.960663 187.192627 -76.432709 -99.681938 159.915131 -56.573235 -160.667191 146.655319 -53.354237 -60.908951 134.509628 -31.818270               1310 
-162.731689 186.538757 -75.912361 -100.492218 159.389282 -56.150673 -161.283539 145.119293 -54.158665 -61.660732 133.786423 -31.692513               1319 
-162.664032 182.650955 -71.250275 -100.306648 155.478439 -52.218067 -160.632446 139.327530 -53.340977 -61.373032 128.886093 -29.010021               1328 
-162.645004 180.509384 -68.650749 -100.206902 153.376328 -50.104259 -160.199036 136.266907 -52.908123 -61.139706 126.340340 -27.645353               1337 
-163.352173 174.991440 -67.956970 -100.966652 148.763855 -48.207458 -159.582825 129.264175 -57.266178 -62.039829 121.168274 -26.189775               1346 
-163.708908 172.118332 -67.494377 -101.365067 146.345047 -47.212761 -159.022064 125.841270 -59.545189 -62.421028 118.512093 -25.526800               1355 
-163.408539 171.237305 -67.976135 -101.119293 145.746262 -47.335003 -158.516388 124.880432 -60.211872 -62.163277 118.104774 -25.426804               1364 
-165.722839 168.536972 -67.058167 -103.269066 143.343384 -46.671913 -159.771011 121.725731 -61.992027 -64.016251 115.528145 -25.526676               1374 
-166.660019 167.092514 -67.129005 -104.195259 142.092346 -46.642113 -160.117661 120.056244 -63.393211 -64.828346 114.290817 -25.691847               1383 
-166.978806 169.954117 -68.849556 -106.282951 141.469894 -47.685417 -161.273499 122.538063 -70.273895 -68.648659 110.723274 -27.687950               1391 
-167.206467 171.063065 -71.633537 -107.598045 140.925186 -49.749920 -161.480423 123.702026 -76.051636 -70.933151 108.799530 -30.122900               1401 
-166.831573 172.785385 -71.299881 -107.962036 141.057312 -49.719109 -161.206284 125.616745 -78.312538 -71.947487 107.686333 -30.986170               1410 
-166.315994 174.069565 -70.824379 -108.172508 140.876938 -49.526649 -160.768616 127.191544 -80.129967 -72.790604 106.398979 -31.610626               1419 
-168.872101 172.207184 -74.478317 -110.800591 139.521118 -52.261051 -162.584412 125.381935 -84.010681 -75.380836 105.363457 -33.814159               1428 
-171.613037 169.054367 -76.125282 -112.759415 138.331482 -53.209572 -165.051437 121.703094 -82.839287 -76.598541 105.754707 -33.391960               1437 
-172.739975 167.536743 -76.694183 -113.346092 138.065842 -53.558571 -166.158905 119.864021 -81.267288 -76.679062 106.593773 -32.903549               1446 
-173.271408 166.742203 -76.839905 -113.572258 137.911652 -53.708744 -166.631821 118.928642 -80.392822 -76.605034 107.025291 -32.707573               1455 
-173.611099 166.245819 -76.900230 -113.716805 137.813110 -53.804722 -166.922668 118.338318 -79.824715 -76.550484 107.307533 -32.599373               1464 
-173.856171 165.894073 -76.927406 -113.821373 137.741821 -53.874157 -167.126617 117.914871 -79.410637 -76.507721 107.514442 -32.529610               1473 
-174.421722 164.701904 -76.343643 -114.327049 136.577682 -53.432159 -166.848526 116.929733 -80.665192 -76.872360 106.123924 -32.664211               1482 
-174.823105 163.867203 -75.926300 -114.671883 135.783829 -53.130753 -166.640732 116.280685 -81.496414 -77.096901 105.206749 -32.765202               1491 
-174.530457 163.880753 -76.299004 -114.626976 135.468491 -53.276573 -166.470520 116.251984 -82.056389 -77.283127 104.682549 -32.800838               1500 
-174.426605 163.776062 -76.456886 -114.682060 135.158844 -53.290684 -166.379959 116.134468 -82.450600 -77.477486 104.233772 -32.771133               1509 
-173.734802 160.949341 -81.413818 -114.586166 133.278580 -55.720314 -165.040054 113.263176 -86.351997 -77.842140 103.064766 -33.391087               1518 
-173.258835 159.253159 -84.382813 -114.528091 132.139755 -57.191868 -164.205658 111.536385 -88.684341 -78.106789 102.354836 -33.783760               1527 
-173.037354 158.532364 -85.652084 -114.502899 131.645798 -57.830154 -163.832153 110.789055 -89.695557 -78.231544 102.046173 -33.958748               1536 
-173.209702 157.335846 -87.028725 -114.839920 130.844421 -58.500179 -163.588425 109.638405 -91.016815 -78.655914 101.500313 -34.184879               1545 
-173.310364 156.586060 -87.897232 -115.054321 130.334595 -58.926430 -163.423660 108.910774 -91.858841 -78.931671 101.150436 -34.329044               1554 
-173.365204 156.157104 -88.397408 -115.179680 130.036514 -59.175652 -163.320221 108.486259 -92.355164 -79.094971 100.944901 -34.413502               1563 
999.000000 999.000000 999.000000 999.000000 999.000000 999.000000 999.000000 999.000000 999.000000 999.000000 999.000000 999.000000             1572.0 
999.000000 999.000000 999.000000 999.000000 999.000000 999.000000 999.000000 999.000000 999.000000 999.000000 999.000000 999.000000             1581.0 
999.000000 999.000000 999.000000 999.000000 999.000000 999.000000 999.000000 999.000000 999.000000 999.000000 999.000000 999.000000             1590.0 
999.000000 999.000000 999.000000 999.000000 999.000000 999.000000 999.000000 999.000000 999.000000 999.000000 999.000000 999.000000             1599.0 
999.000000 999.000000 999.000000 999.000000 999.000000 999.000000 999.000000 999.000000 999.000000 999.000000 999.000000 999.000000             1608.0 
999.000000 999.000000 999.000000 999.000000 999.000000 999.000000 999.000000 999.000000 999.000000 999.000000 999.000000 999.000000             1617.0 
999.000000 999.000000 999.000000 999.000000 999.000000 999.000000 999.000000 999.000000 999.000000 999.000000 999.000000 999.000000             1626.0 
999.000000 999.000000 999.000000 999.000000 999.000000 999.000000 999.000000 999.000000 999.000000 999.000000 999.000000 999.000000             1635.0 
999.000000 999.000000 999.000000 999.000000 999.000000 999.000000 999.000000 999.000000 999.000000 999.000000 999.000000 999.000000             1645.0 
999.000000 999.000000 999.000000 999.000000 999.000000 999.000000 999.000000 999.000000 999.000000 999.000000 999.000000 999.000000             1654.0 
999.000000 999.000000 999.000000 999.000000 999.000000 999.000000 999.000000 999.000000 999.000000 999.000000 999.000000 999.000000             1663.0 
999.000000 999.000000 999.000000 999.000000 999.000000 999.000000 999.000000 999.000000 999.000000 999.000000 999.000000 999.000000             1672.0 
999.000000 999.000000 999.000000 999.000000 999.000000 999.000000 999.000000 999.000000 999.000000 999.000000 999.000000 999.000000             1681.0 
999.000000 999.000000 999.000000 999.000000 999.000000 999.000000 999.000000 999.000000 999.000000 999.000000 999.000000 999.000000             1690.0 
999.000000 999.000000 999.000000 999.000000 999.000000 999.000000 999.000000 999.000000 999.000000 999.000000 999.000000 999.000000             1699.0 
999.000000 999.000000 999.000000 999.000000 999.000000 999.000000 999.000000 999.000000 999.000000 999.000000 999.000000 999.000000             1708.0 
999.000000 999.000000 999.000000 999.000000 999.000000 999.000000 999.000000 999.000000 999.000000 999.000000 999.000000 999.000000             1717.0 
999.000000 999.000000 999.000000 999.000000 999.000000 999.000000 999.000000 999.000000 999.000000 999.000000 999.000000 999.000000             1726.0 
999.000000 999.000000 999.000000 999.000000 999.000000 999.000000 999.000000 999.000000 999.000000 999.000000 999.000000 999.000000             1735.0 
999.000000 999.000000 999.000000 999.000000 999.000000 999.000000 999.000000 999.000000 999.000000 999.000000 999.000000 999.000000             1744.0 
999.000000 999.000000 999.000000 999.000000 999.000000 999.000000 999.000000 999.000000 999.000000 999.000000 999.000000 999.000000             1753.0 
999.000000 999.000000 999.000000 999.000000 999.000000 999.000000 999.000000 999.000000 999.000000 999.000000 999.000000 999.000000             1762.0 
999.000000 999.000000 999.000000 999.000000 999.000000 999.000000 999.000000 999.000000 999.000000 999.000000 999.000000 999.000000             1771.0 
999.000000 999.000000 999.000000 999.000000 999.000000 999.000000 999.000000 999.000000 999.000000 999.000000 999.000000 999.000000             1780.0 
999.000000 999.000000 999.000000 999.000000 999.000000 999.000000 999.000000 999.000000 999.000000 999.000000 999.000000 999.000000             1789.0 
999.000000 999.000000 999.000000 999.000000 999.000000 999.000000 999.000000 999.000000 999.000000 999.000000 999.000000 999.000000             1798.0 
999.000000 999.000000 999.000000 999.000000 999.000000 999.000000 999.000000 999.000000 999.000000 999.000000 999.000000 999.000000             1807.0 
999.000000 999.000000 999.000000 999.000000 999.000000 999.000000 999.000000 999.000000 999.000000 999.000000 999.000000 999.000000             1816.0 
999.000000 999.000000 999.000000 999.000000 999.000000 999.000000 999.000000 999.000000 999.000000 999.000000 999.000000 999.000000             1825.0 
999.000000 999.000000 999.000000 999.000000 999.000000 999.000000 999.000000 999.000000 999.000000 999.000000 999.000000 999.000000             1834.0 
999.000000 999.000000 999.000000 999.000000 999.000000 999.000000 999.000000 999.000000 999.000000 999.000000 999.000000 999.000000             1844.0 
999.000000 999.000000 999.000000 999.000000 999.000000 999.000000 999.000000 999.000000 999.000000 999.000000 999.000000 999.000000             1852.0 
999.000000 999.000000 999.000000 999.000000 999.000000 999.000000 999.000000 999.000000 999.000000 999.000000 999.000000 999.000000             1861.0 
999.000000 999.000000 999.000000 999.000000 999.000000 999.000000 999.000000 999.000000 999.000000 999.000000 999.000000 999.000000             1870.0 
999.000000 999.000000 999.000000 999.000000 999.000000 999.000000 999.000000 999.000000 999.000000 999.000000 999.000000 999.000000             1880.0 
999.000000 999.000000 999.000000 999.000000 999.000000 999.000000 999.000000 999.000000 999.000000 999.000000 999.000000 999.000000             1889.0 
999.000000 999.000000 999.000000 999.000000 999.000000 999.000000 999.000000 999.000000 999.000000 999.000000 999.000000 999.000000             1898.0 
999.000000 999.000000 999.000000 999.000000 999.000000 999.000000 999.000000 999.000000 999.000000 999.000000 999.000000 999.000000             1907.0 
999.000000 999.000000 999.000000 999.000000 999.000000 999.000000 999.000000 999.000000 999.000000 999.000000 999.000000 999.000000             1916.0 
999.000000 999.000000 999.000000 999.000000 999.000000 999.000000 999.000000 999.000000 999.000000 999.000000 999.000000 999.000000             1925.0 
999.000000 999.000000 999.000000 999.000000 999.000000 999.000000 999.000000 999.000000 999.000000 999.000000 999.000000 999.000000             1934.0 
999.000000 999.000000 999.000000 999.000000 999.000000 999.000000 999.000000 999.000000 999.000000 999.000000 999.000000 999.000000             1943.0 
999.000000 999.000000 999.000000 999.000000 999.000000 999.000000 999.000000 999.000000 999.000000 999.000000 999.000000 999.000000             1952.0 
999.000000 999.000000 999.000000 999.000000 999.000000 999.000000 999.000000 999.000000 999.000000 999.000000 999.000000 999.000000             1961.0 
999.000000 999.000000 999.000000 999.000000 999.000000 999.000000 999.000000 999.000000 999.000000 999.000000 999.000000 999.000000             1970.0 
999.000000 999.000000 999.000000 999.000000 999.000000 999.000000 999.000000 999.000000 999.000000 999.000000 999.000000 999.000000             1979.0 
999.000000 999.000000 999.000000 999.000000 999.000000 999.000000 999.000000 999.000000 999.000000 999.000000 999.000000 999.000000             1988.0 
999.000000 999.000000 999.000000 999.000000 999.000000 999.000000 999.000000 999.000000 999.000000 999.000000 999.000000 999.000000             2015.0 
999.000000 999.000000 999.000000 999.000000 999.000000 999.000000 999.000000 999.000000 999.000000 999.000000 999.000000 999.000000             2024.0 
999.000000 999.000000 999.000000 999.000000 999.000000 999.000000 999.000000 999.000000 999.000000 999.000000 999.000000 999.000000             2033.0 
999.000000 999.000000 999.000000 999.000000 999.000000 999.000000 999.000000 999.000000 999.000000 999.000000 999.000000 999.000000             2042.0 
999.000000 999.000000 999.000000 999.000000 999.000000 999.000000 999.000000 999.000000 999.000000 999.000000 999.000000 999.000000             2051.0 
999.000000 999.000000 999.000000 999.000000 999.000000 999.000000 999.000000 999.000000 999.000000 999.000000 999.000000 999.000000             2060.0 
999.000000 999.000000 999.000000 999.000000 999.000000 999.000000 999.000000 999.000000 999.000000 999.000000 999.000000 999.000000             2069.0 
999.000000 999.000000 999.000000 999.000000 999.000000 999.000000 999.000000 999.000000 999.000000 999.000000 999.000000 999.000000             2078.0 
999.000000 999.000000 999.000000 999.000000 999.000000 999.000000 999.000000 999.000000 999.000000 999.000000 999.000000 999.000000             2087.0 
999.000000 999.000000 999.000000 999.000000 999.000000 999.000000 999.000000 999.000000 999.000000 999.000000 999.000000 999.000000             2096.0 
999.000000 999.000000 999.000000 999.000000 999.000000 999.000000 999.000000 999.000000 999.000000 999.000000 999.000000 999.000000             2105.0 
999.000000 999.000000 999.000000 999.000000 999.000000 999.000000 999.000000 999.000000 999.000000 999.000000 999.000000 999.000000             2115.0 
999.000000 999.000000 999.000000 999.000000 999.000000 999.000000 999.000000 999.000000 999.000000 999.000000 999.000000 999.000000             2124.0 
999.000000 999.000000 999.000000 999.000000 999.000000 999.000000 999.000000 999.000000 999.000000 999.000000 999.000000 999.000000             2133.0 
999.000000 999.000000 999.000000 999.000000 999.000000 999.000000 999.000000 999.000000 999.000000 999.000000 999.000000 999.000000             2142.0 
999.000000 999.000000 999.000000 999.000000 999.000000 999.000000 999.000000 999.000000 999.000000 999.000000 999.000000 999.000000             2151.0 
999.000000 999.000000 999.000000 999.000000 999.000000 999.000000 999.000000 999.000000 999.000000 999.000000 999.000000 999.000000             2160.0 
999.000000 999.000000 999.000000 999.000000 999.000000 999.000000 999.000000 999.000000 999.000000 999.000000 999.000000 999.000000             2169.0 
999.000000 999.000000 999.000000 999.000000 999.000000 999.000000 999.000000 999.000000 999.000000 999.000000 999.000000 999.000000             2178.0 
999.000000 999.000000 999.000000 999.000000 999.000000 999.000000 999.000000 999.000000 999.000000 999.000000 999.000000 999.000000             2187.0 
999.000000 999.000000 999.000000 999.000000 999.000000 999.000000 999.000000 999.000000 999.000000 999.000000 999.000000 999.000000             2196.0 
999.000000 999.000000 999.000000 999.000000 999.000000 999.000000 999.000000 999.000000 999.000000 999.000000 999.000000 999.000000             2205.0 
999.000000 999.000000 999.000000 999.000000 999.000000 999.000000 999.000000 999.000000 999.000000 999.000000 999.000000 999.000000             2214.0 
999.000000 999.000000 999.000000 999.000000 999.000000 999.000000 999.000000 999.000000 999.000000 999.000000 999.000000 999.000000             2223.0 
999.000000 999.000000 999.000000 999.000000 999.000000 999.000000 999.000000 999.000000 999.000000 999.000000 999.000000 999.000000             2232.0 
999.000000 999.000000 999.000000 999.000000 999.000000 999.000000 999.000000 999.000000 999.000000 999.000000 999.000000 999.000000             2241.0 
999.000000 999.000000 999.000000 999.000000 999.000000 999.000000 999.000000 999.000000 999.000000 999.000000 999.000000 999.000000             2250.0 
999.000000 999.000000 999.000000 999.000000 999.000000 999.000000 999.000000 999.000000 999.000000 999.000000 999.000000 999.000000             2259.0 
999.000000 999.000000 999.000000 999.000000 999.000000 999.000000 999.000000 999.000000 999.000000 999.000000 999.000000 999.000000             2268.0 
999.000000 999.000000 999.000000 999.000000 999.000000 999.000000 999.000000 999.000000 999.000000 999.000000 999.000000 999.000000             2277.0 
999.000000 999.000000 999.000000 999.000000 999.000000 999.000000 999.000000 999.000000 999.000000 999.000000 999.000000 999.000000             2286.0 
999.000000 999.000000 999.000000 999.000000 999.000000 999.000000 999.000000 999.000000 999.000000 999.000000 999.000000 999.000000             2295.0 
999.000000 999.000000 999.000000 999.000000 999.000000 999.000000 999.000000 999.000000 999.000000 999.000000 999.000000 999.000000             2304.0 
999.000000 999.000000 999.000000 999.000000 999.000000 999.000000 999.000000 999.000000 999.000000 999.000000 999.000000 999.000000             2313.0 
999.000000 999.000000 999.000000 999.000000 999.000000 999.000000 999.000000 999.000000 999.000000 999.000000 999.000000 999.000000             2322.0 
999.000000 999.000000 999.000000 999.000000 999.000000 999.000000 999.000000 999.000000 999.000000 999.000000 999.000000 999.000000             2331.0 
999.000000 999.000000 999.000000 999.000000 999.000000 999.000000 999.000000 999.000000 999.000000 999.000000 999.000000 999.000000             2340.0 
999.000000 999.000000 999.000000 999.000000 999.000000 999.000000 999.000000 999.000000 999.000000 999.000000 999.000000 999.000000             2350.0 
999.000000 999.000000 999.000000 999.000000 999.000000 999.000000 999.000000 999.000000 999.000000 999.000000 999.000000 999.000000             2359.0 
999.000000 999.000000 999.000000 999.000000 999.000000 999.000000 999.000000 999.000000 999.000000 999.000000 999.000000 999.000000             2368.0 
999.000000 999.000000 999.000000 999.000000 999.000000 999.000000 999.000000 999.000000 999.000000 999.000000 999.000000 999.000000             2377.0 
999.000000 999.000000 999.000000 999.000000 999.000000 999.000000 999.000000 999.000000 999.000000 999.000000 999.000000 999.000000             2386.0 
999.000000 999.000000 999.000000 999.000000 999.000000 999.000000 999.000000 999.000000 999.000000 999.000000 999.000000 999.000000             2395.0 
999.000000 999.000000 999.000000 999.000000 999.000000 999.000000 999.000000 999.000000 999.000000 999.000000 999.000000 999.000000             2404.0 
999.000000 999.000000 999.000000 999.000000 999.000000 999.000000 999.000000 999.000000 999.000000 999.000000 999.000000 999.000000             2413.0 
999.000000 999.000000 999.000000 999.000000 999.000000 999.000000 999.000000 999.000000 999.000000 999.000000 999.000000 999.000000             2422.0 
999.000000 999.000000 999.000000 999.000000 999.000000 999.000000 999.000000 999.000000 999.000000 999.000000 999.000000 999.000000             2431.0 
999.000000 999.000000 999.000000 999.000000 999.000000 999.000000 999.000000 999.000000 999.000000 999.000000 999.000000 999.000000             2440.0 
999.000000 999.000000 999.000000 999.000000 999.000000 999.000000 999.000000 999.000000 999.000000 999.000000 999.000000 999.000000             2449.0 
999.000000 999.000000 999.000000 999.000000 999.000000 999.000000 999.000000 999.000000 999.000000 999.000000 999.000000 999.000000             2458.0 
999.000000 999.000000 999.000000 999.000000 999.000000 999.000000 999.000000 999.000000 999.000000 999.000000 999.000000 999.000000             2467.0 
999.000000 999.000000 999.000000 999.000000 999.000000 999.000000 999.000000 999.000000 999.000000 999.000000 999.000000 999.000000             2476.0 
999.000000 999.000000 999.000000 999.000000 999.000000 999.000000 999.000000 999.000000 999.000000 999.000000 999.000000 999.000000             2485.0 
999.000000 999.000000 999.000000 999.000000 999.000000 999.000000 999.000000 999.000000 999.000000 999.000000 999.000000 999.000000             2494.0 
999.000000 999.000000 999.000000 999.000000 999.000000 999.000000 999.000000 999.000000 999.000000 999.000000 999.000000 999.000000             2503.0 
999.000000 999.000000 999.000000 999.000000 999.000000 999.000000 999.000000 999.000000 999.000000 999.000000 999.000000 999.000000             2512.0 
999.000000 999.000000 999.000000 999.000000 999.000000 999.000000 999.000000 999.000000 999.000000 999.000000 999.000000 999.000000             2521.0 
999.000000 999.000000 999.000000 999.000000 999.000000 999.000000 999.000000 999.000000 999.000000 999.000000 999.000000 999.000000             2530.0 
999.000000 999.000000 999.000000 999.000000 999.000000 999.000000 999.000000 999.000000 999.000000 999.000000 999.000000 999.000000             2539.0 
999.000000 999.000000 999.000000 999.000000 999.000000 999.000000 999.000000 999.000000 999.000000 999.000000 999.000000 999.000000             2548.0 
999.000000 999.000000 999.000000 999.000000 999.000000 999.000000 999.000000 999.000000 999.000000 999.000000 999.000000 999.000000             2557.0 
999.000000 999.000000 999.000000 999.000000 999.000000 999.000000 999.000000 999.000000 999.000000 999.000000 999.000000 999.000000             2566.0 
999.000000 999.000000 999.000000 999.000000 999.000000 999.000000 999.000000 999.000000 999.000000 999.000000 999.000000 999.000000             2575.0 
999.000000 999.000000 999.000000 999.000000 999.000000 999.000000 999.000000 999.000000 999.000000 999.000000 999.000000 999.000000             2585.0 
999.000000 999.000000 999.000000 999.000000 999.000000 999.000000 999.000000 999.000000 999.000000 999.000000 999.000000 999.000000             2594.0 
999.000000 999.000000 999.000000 999.000000 999.000000 999.000000 999.000000 999.000000 999.000000 999.000000 999.000000 999.000000             2603.0 
999.000000 999.000000 999.000000 999.000000 999.000000 999.000000 999.000000 999.000000 999.000000 999.000000 999.000000 999.000000             2611.0 
999.000000 999.000000 999.000000 999.000000 999.000000 999.000000 999.000000 999.000000 999.000000 999.000000 999.000000 999.000000             2621.0 
999.000000 999.000000 999.000000 999.000000 999.000000 999.000000 999.000000 999.000000 999.000000 999.000000 999.000000 999.000000             2630.0 
999.000000 999.000000 999.000000 999.000000 999.000000 999.000000 999.000000 999.000000 999.000000 999.000000 999.000000 999.000000             2639.0 
999.000000 999.000000 999.000000 999.000000 999.000000 999.000000 999.000000 999.000000 999.000000 999.000000 999.000000 999.000000             2648.0 
999.000000 999.000000 999.000000 999.000000 999.000000 999.000000 999.000000 999.000000 999.000000 999.000000 999.000000 999.000000             2657.0 
999.000000 999.000000 999.000000 999.000000 999.000000 999.000000 999.000000 999.000000 999.000000 999.000000 999.000000 999.000000             2666.0 
999.000000 999.000000 999.000000 999.000000 999.000000 999.000000 999.000000 999.000000 999.000000 999.000000 999.000000 999.000000             2675.0 
999.000000 999.000000 999.000000 999.000000 999.000000 999.000000 999.000000 999.000000 999.000000 999.000000 999.000000 999.000000             2684.0 
999.000000 999.000000 999.000000 999.000000 999.000000 999.000000 999.000000 999.000000 999.000000 999.000000 999.000000 999.000000             2693.0 
999.000000 999.000000 999.000000 999.000000 999.000000 999.000000 999.000000 999.000000 999.000000 999.000000 999.000000 999.000000             2702.0 
999.000000 999.000000 999.000000 999.000000 999.000000 999.000000 999.000000 999.000000 999.000000 999.000000 999.000000 999.000000             2711.0 
999.000000 999.000000 999.000000 999.000000 999.000000 999.000000 999.000000 999.000000 999.000000 999.000000 999.000000 999.000000             2720.0 
999.000000 999.000000 999.000000 999.000000 999.000000 999.000000 999.000000 999.000000 999.000000 999.000000 999.000000 999.000000             2729.0 
999.000000 999.000000 999.000000 999.000000 999.000000 999.000000 999.000000 999.000000 999.000000 999.000000 999.000000 999.000000             2738.0 
999.000000 999.000000 999.000000 999.000000 999.000000 999.000000 999.000000 999.000000 999.000000 999.000000 999.000000 999.000000             2747.0 
999.000000 999.000000 999.000000 999.000000 999.000000 999.000000 999.000000 999.000000 999.000000 999.000000 999.000000 999.000000             2756.0 
999.000000 999.000000 999.000000 999.000000 999.000000 999.000000 999.000000 999.000000 999.000000 999.000000 999.000000 999.000000             2765.0 
999.000000 999.000000 999.000000 999.000000 999.000000 999.000000 999.000000 999.000000 999.000000 999.000000 999.000000 999.000000             2774.0 
999.000000 999.000000 999.000000 999.000000 999.000000 999.000000 999.000000 999.000000 999.000000 999.000000 999.000000 999.000000             2783.0 
999.000000 999.000000 999.000000 999.000000 999.000000 999.000000 999.000000 999.000000 999.000000 999.000000 999.000000 999.000000             2792.0 
999.000000 999.000000 999.000000 999.000000 999.000000 999.000000 999.000000 999.000000 999.000000 999.000000 999.000000 999.000000             2801.0 
999.000000 999.000000 999.000000 999.000000 999.000000 999.000000 999.000000 999.000000 999.000000 999.000000 999.000000 999.000000             2810.0 
999.000000 999.000000 999.000000 999.000000 999.000000 999.000000 999.000000 999.000000 999.000000 999.000000 999.000000 999.000000             2820.0 
999.000000 999.000000 999.000000 999.000000 999.000000 999.000000 999.000000 999.000000 999.000000 999.000000 999.000000 999.000000             2829.0 
999.000000 999.000000 999.000000 999.000000 999.000000 999.000000 999.000000 999.000000 999.000000 999.000000 999.000000 999.000000             2838.0 
999.000000 999.000000 999.000000 999.000000 999.000000 999.000000 999.000000 999.000000 999.000000 999.000000 999.000000 999.000000             2847.0 
999.000000 999.000000 999.000000 999.000000 999.000000 999.000000 999.000000 999.000000 999.000000 999.000000 999.000000 999.000000             2856.0 
999.000000 999.000000 999.000000 999.000000 999.000000 999.000000 999.000000 999.000000 999.000000 999.000000 999.000000 999.000000             2865.0 
999.000000 999.000000 999.000000 999.000000 999.000000 999.000000 999.000000 999.000000 999.000000 999.000000 999.000000 999.000000             2874.0 
999.000000 999.000000 999.000000 999.000000 999.000000 999.000000 999.000000 999.000000 999.000000 999.000000 999.000000 999.000000             2883.0 
999.000000 999.000000 999.000000 999.000000 999.000000 999.000000 999.000000 999.000000 999.000000 999.000000 999.000000 999.000000             2892.0 
999.000000 999.000000 999.000000 999.000000 999.000000 999.000000 999.000000 999.000000 999.000000 999.000000 999.000000 999.000000             2901.0 
999.000000 999.000000 999.000000 999.000000 999.000000 999.000000 999.000000 999.000000 999.000000 999.000000 999.000000 999.000000             2910.0 
999.000000 999.000000 999.000000 999.000000 999.000000 999.000000 999.000000 999.000000 999.000000 999.000000 999.000000 999.000000             2919.0 
999.000000 999.000000 999.000000 999.000000 999.000000 999.000000 999.000000 999.000000 999.000000 999.000000 999.000000 999.000000             2928.0 
999.000000 999.000000 999.000000 999.000000 999.000000 999.000000 999.000000 999.000000 999.000000 999.000000 999.000000 999.000000             2937.0 
999.000000 999.000000 999.000000 999.000000 999.000000 999.000000 999.000000 999.000000 999.000000 999.000000 999.000000 999.000000             2946.0 
999.000000 999.000000 999.000000 999.000000 999.000000 999.000000 999.000000 999.000000 999.000000 999.000000 999.000000 999.000000             2955.0 
999.000000 999.000000 999.000000 999.000000 999.000000 999.000000 999.000000 999.000000 999.000000 999.000000 999.000000 999.000000             2964.0 
999.000000 999.000000 999.000000 999.000000 999.000000 999.000000 999.000000 999.000000 999.000000 999.000000 999.000000 999.000000             2973.0 
999.000000 999.000000 999.000000 999.000000 999.000000 999.000000 999.000000 999.000000 999.000000 999.000000 999.000000 999.000000             2982.0 
999.000000 999.000000 999.000000 999.000000 999.000000 999.000000 999.000000 999.000000 999.000000 999.000000 999.000000 999.000000             2991.0 
999.000000 999.000000 999.000000 999.000000 999.000000 999.000000 999.000000 999.000000 999.000000 999.000000 999.000000 999.000000             3000.0 
999.000000 999.000000 999.000000 999.000000 999.000000 999.000000 999.000000 999.000000 999.000000 999.000000 999.000000 999.000000             3009.0 
999.000000 999.000000 999.000000 999.000000 999.000000 999.000000 999.000000 999.000000 999.000000 999.000000 999.000000 999.000000             3018.0 
999.000000 999.000000 999.000000 999.000000 999.000000 999.000000 999.000000 999.000000 999.000000 999.000000 999.000000 999.000000             3027.0 
999.000000 999.000000 999.000000 999.000000 999.000000 999.000000 999.000000 999.000000 999.000000 999.000000 999.000000 999.000000             3036.0 
999.000000 999.000000 999.000000 999.000000 999.000000 999.000000 999.000000 999.000000 999.000000 999.000000 999.000000 999.000000             3045.0 
999.000000 999.000000 999.000000 999.000000 999.000000 999.000000 999.000000 999.000000 999.000000 999.000000 999.000000 999.000000             3054.0 
999.000000 999.000000 999.000000 999.000000 999.000000 999.000000 999.000000 999.000000 999.000000 999.000000 999.000000 999.000000             3064.0 
999.000000 999.000000 999.000000 999.000000 999.000000 999.000000 999.000000 999.000000 999.000000 999.000000 999.000000 999.000000             3073.0 
999.000000 999.000000 999.000000 999.000000 999.000000 999.000000 999.000000 999.000000 999.000000 999.000000 999.000000 999.000000             3082.0 
999.000000 999.000000 999.000000 999.000000 999.000000 999.000000 999.000000 999.000000 999.000000 999.000000 999.000000 999.000000             3091.0 
999.000000 999.000000 999.000000 999.000000 999.000000 999.000000 999.000000 999.000000 999.000000 999.000000 999.000000 999.000000             3100.0 
999.000000 999.000000 999.000000 999.000000 999.000000 999.000000 999.000000 999.000000 999.000000 999.000000 999.000000 999.000000             3109.0 
999.000000 999.000000 999.000000 999.000000 999.000000 999.000000 999.000000 999.000000 999.000000 999.000000 999.000000 999.000000             3118.0 
999.000000 999.000000 999.000000 999.000000 999.000000 999.000000 999.000000 999.000000 999.000000 999.000000 999.000000 999.000000             3127.0 
999.000000 999.000000 999.000000 999.000000 999.000000 999.000000 999.000000 999.000000 999.000000 999.000000 999.000000 999.000000             3136.0 
999.000000 999.000000 999.000000 999.000000 999.000000 999.000000 999.000000 999.000000 999.000000 999.000000 999.000000 999.000000             3163.0 
999.000000 999.000000 999.000000 999.000000 999.000000 999.000000 999.000000 999.000000 999.000000 999.000000 999.000000 999.000000             3172.0 
999.000000 999.000000 999.000000 999.000000 999.000000 999.000000 999.000000 999.000000 999.000000 999.000000 999.000000 999.000000             3181.0 
999.000000 999.000000 999.000000 999.000000 999.000000 999.000000 999.000000 999.000000 999.000000 999.000000 999.000000 999.000000             3190.0 
999.000000 999.000000 999.000000 999.000000 999.000000 999.000000 999.000000 999.000000 999.000000 999.000000 999.000000 999.000000             3199.0 
999.000000 999.000000 999.000000 999.000000 999.000000 999.000000 999.000000 999.000000 999.000000 999.000000 999.000000 999.000000             3208.0 
999.000000 999.000000 999.000000 999.000000 999.000000 999.000000 999.000000 999.000000 999.000000 999.000000 999.000000 999.000000             3217.0 
999.000000 999.000000 999.000000 999.000000 999.000000 999.000000 999.000000 999.000000 999.000000 999.000000 999.000000 999.000000             3226.0 
999.000000 999.000000 999.000000 999.000000 999.000000 999.000000 999.000000 999.000000 999.000000 999.000000 999.000000 999.000000             3235.0 
999.000000 999.000000 999.000000 999.000000 999.000000 999.000000 999.000000 999.000000 999.000000 999.000000 999.000000 999.000000             3244.0 
999.000000 999.000000 999.000000 999.000000 999.000000 999.000000 999.000000 999.000000 999.000000 999.000000 999.000000 999.000000             3253.0 
999.000000 999.000000 999.000000 999.000000 999.000000 999.000000 999.000000 999.000000 999.000000 999.000000 999.000000 999.000000             3262.0 
999.000000 999.000000 999.000000 999.000000 999.000000 999.000000 999.000000 999.000000 999.000000 999.000000 999.000000 999.000000             3272.0 
999.000000 999.000000 999.000000 999.000000 999.000000 999.000000 999.000000 999.000000 999.000000 999.000000 999.000000 999.000000             3280.0 
999.000000 999.000000 999.000000 999.000000 999.000000 999.000000 999.000000 999.000000 999.000000 999.000000 999.000000 999.000000             3290.0 
999.000000 999.000000 999.000000 999.000000 999.000000 999.000000 999.000000 999.000000 999.000000 999.000000 999.000000 999.000000             3299.0 
999.000000 999.000000 999.000000 999.000000 999.000000 999.000000 999.000000 999.000000 999.000000 999.000000 999.000000 999.000000             3308.0 
999.000000 999.000000 999.000000 999.000000 999.000000 999.000000 999.000000 999.000000 999.000000 999.000000 999.000000 999.000000             3317.0 
999.000000 999.000000 999.000000 999.000000 999.000000 999.000000 999.000000 999.000000 999.000000 999.000000 999.000000 999.000000             3326.0 
999.000000 999.000000 999.000000 999.000000 999.000000 999.000000 999.000000 999.000000 999.000000 999.000000 999.000000 999.000000             3335.0 
999.000000 999.000000 999.000000 999.000000 999.000000 999.000000 999.000000 999.000000 999.000000 999.000000 999.000000 999.000000             3344.0 
999.000000 999.000000 999.000000 999.000000 999.000000 999.000000 999.000000 999.000000 999.000000 999.000000 999.000000 999.000000             3353.0 
999.000000 999.000000 999.000000 999.000000 999.000000 999.000000 999.000000 999.000000 999.000000 999.000000 999.000000 999.000000             3362.0 
999.000000 999.000000 999.000000 999.000000 999.000000 999.000000 999.000000 999.000000 999.000000 999.000000 999.000000 999.000000             3371.0 
999.000000 999.000000 999.000000 999.000000 999.000000 999.000000 999.000000 999.000000 999.000000 999.000000 999.000000 999.000000             3380.0 
999.000000 999.000000 999.000000 999.000000 999.000000 999.000000 999.000000 999.000000 999.000000 999.000000 999.000000 999.000000             3389.0 
999.000000 999.000000 999.000000 999.000000 999.000000 999.000000 999.000000 999.000000 999.000000 999.000000 999.000000 999.000000             3398.0 
999.000000 999.000000 999.000000 999.000000 999.000000 999.000000 999.000000 999.000000 999.000000 999.000000 999.000000 999.000000             3407.0 
999.000000 999.000000 999.000000 999.000000 999.000000 999.000000 999.000000 999.000000 999.000000 999.000000 999.000000 999.000000             3416.0 
999.000000 999.000000 999.000000 999.000000 999.000000 999.000000 999.000000 999.000000 999.000000 999.000000 999.000000 999.000000             3425.0 
999.000000 999.000000 999.000000 999.000000 999.000000 999.000000 999.000000 999.000000 999.000000 999.000000 999.000000 999.000000             3434.0 
999.000000 999.000000 999.000000 999.000000 999.000000 999.000000 999.000000 999.000000 999.000000 999.000000 999.000000 999.000000             3443.0 
999.000000 999.000000 999.000000 999.000000 999.000000 999.000000 999.000000 999.000000 999.000000 999.000000 999.000000 999.000000             3452.0 
999.000000 999.000000 999.000000 999.000000 999.000000 999.000000 999.000000 999.000000 999.000000 999.000000 999.000000 999.000000             3461.0 
999.000000 999.000000 999.000000 999.000000 999.000000 999.000000 999.000000 999.000000 999.000000 999.000000 999.000000 999.000000             3470.0 
999.000000 999.000000 999.000000 999.000000 999.000000 999.000000 999.000000 999.000000 999.000000 999.000000 999.000000 999.000000             3479.0 
999.000000 999.000000 999.000000 999.000000 999.000000 999.000000 999.000000 999.000000 999.000000 999.000000 999.000000 999.000000             3488.0 
999.000000 999.000000 999.000000 999.000000 999.000000 999.000000 999.000000 999.000000 999.000000 999.000000 999.000000 999.000000             3497.0 
999.000000 999.000000 999.000000 999.000000 999.000000 999.000000 999.000000 999.000000 999.000000 999.000000 999.000000 999.000000             3506.0 
999.000000 999.000000 999.000000 999.000000 999.000000 999.000000 999.000000 999.000000 999.000000 999.000000 999.000000 999.000000             3515.0 
999.000000 999.000000 999.000000 999.000000 999.000000 999.000000 999.000000 999.000000 999.000000 999.000000 999.000000 999.000000             3524.0 
999.000000 999.000000 999.000000 999.000000 999.000000 999.000000 999.000000 999.000000 999.000000 999.000000 999.000000 999.000000             3534.0 
999.000000 999.000000 999.000000 999.000000 999.000000 999.000000 999.000000 999.000000 999.000000 999.000000 999.000000 999.000000             3543.0 
999.000000 999.000000 999.000000 999.000000 999.000000 999.000000 999.000000 999.000000 999.000000 999.000000 999.000000 999.000000             3552.0 
999.000000 999.000000 999.000000 999.000000 999.000000 999.000000 999.000000 999.000000 999.000000 999.000000 999.000000 999.000000             3561.0 
999.000000 999.000000 999.000000 999.000000 999.000000 999.000000 999.000000 999.000000 999.000000 999.000000 999.000000 999.000000             3570.0 
999.000000 999.000000 999.000000 999.000000 999.000000 999.000000 999.000000 999.000000 999.000000 999.000000 999.000000 999.000000             3579.0 
999.000000 999.000000 999.000000 999.000000 999.000000 999.000000 999.000000 999.000000 999.000000 999.000000 999.000000 999.000000             3588.0 
999.000000 999.000000 999.000000 999.000000 999.000000 999.000000 999.000000 999.000000 999.000000 999.000000 999.000000 999.000000             3597.0 
999.000000 999.000000 999.000000 999.000000 999.000000 999.000000 999.000000 999.000000 999.000000 999.000000 999.000000 999.000000             3606.0 
999.000000 999.000000 999.000000 999.000000 999.000000 999.000000 999.000000 999.000000 999.000000 999.000000 999.000000 999.000000             3615.0 
999.000000 999.000000 999.000000 999.000000 999.000000 999.000000 999.000000 999.000000 999.000000 999.000000 999.000000 999.000000             3624.0 
999.000000 999.000000 999.000000 999.000000 999.000000 999.000000 999.000000 999.000000 999.000000 999.000000 999.000000 999.000000             3633.0 
999.000000 999.000000 999.000000 999.000000 999.000000 999.000000 999.000000 999.000000 999.000000 999.000000 999.000000 999.000000             3642.0 
999.000000 999.000000 999.000000 999.000000 999.000000 999.000000 999.000000 999.000000 999.000000 999.000000 999.000000 999.000000             3651.0 
999.000000 999.000000 999.000000 999.000000 999.000000 999.000000 999.000000 999.000000 999.000000 999.000000 999.000000 999.000000             3660.0 
999.000000 999.000000 999.000000 999.000000 999.000000 999.000000 999.000000 999.000000 999.000000 999.000000 999.000000 999.000000             3669.0 
999.000000 999.000000 999.000000 999.000000 999.000000 999.000000 999.000000 999.000000 999.000000 999.000000 999.000000 999.000000             3678.0 
999.000000 999.000000 999.000000 999.000000 999.000000 999.000000 999.000000 999.000000 999.000000 999.000000 999.000000 999.000000             3687.0 
999.000000 999.000000 999.000000 999.000000 999.000000 999.000000 999.000000 999.000000 999.000000 999.000000 999.000000 999.000000             3696.0 
999.000000 999.000000 999.000000 999.000000 999.000000 999.000000 999.000000 999.000000 999.000000 999.000000 999.000000 999.000000             3705.0 
999.000000 999.000000 999.000000 999.000000 999.000000 999.000000 999.000000 999.000000 999.000000 999.000000 999.000000 999.000000             3714.0 
999.000000 999.000000 999.000000 999.000000 999.000000 999.000000 999.000000 999.000000 999.000000 999.000000 999.000000 999.000000             3723.0 
