-27.885330 161.135666 93.749939 44.908611 125.336784 77.514702 -1.518255 147.601212 114.909119 65.863541 79.899239 72.856499                  0 
-27.885290 161.535995 93.636841 44.917446 125.265816 77.526741 -1.536218 147.409042 114.758614 65.967918 79.877243 72.822098                 18 
-27.998350 160.894684 93.443802 44.909603 124.653114 77.441261 -1.546089 146.646790 114.546417 66.159981 79.331657 72.717743                 36 
-28.313110 160.093460 93.290543 44.892967 124.498833 77.306717 -1.665465 146.040527 114.256660 66.549835 79.379921 72.491226                 54 
-28.604340 159.305771 93.003059 44.897305 124.389832 77.201805 -1.791830 145.572464 113.935005 66.972496 79.442474 72.417122                 72 
-28.966850 158.762451 92.565666 44.758545 123.970146 77.107910 -2.000114 145.015472 113.622375 67.084244 79.136795 72.416855                 90 
-30.299397 158.454727 91.660759 43.977489 124.576546 76.644783 -3.096365 144.777985 112.988533 66.907555 80.057259 71.618179                108 
-31.405098 157.535522 91.138359 43.269642 124.909706 76.914719 -4.228366 144.819199 112.658157 66.623642 80.578995 72.181862                126 
-31.958982 155.883362 90.625900 42.713913 124.855064 76.909554 -4.938278 144.933929 112.149536 65.951309 80.418236 72.330994                144 
-32.269562 152.019394 90.363251 42.585026 125.106544 76.713219 -5.087304 145.241302 111.876259 65.882965 80.690414 72.242851                162 
-32.119877 147.318619 90.566399 42.602814 125.088364 76.742767 -4.683594 145.611572 112.550331 65.821983 80.601807 72.277473                180 
-32.084553 144.969299 90.508759 42.559547 125.102020 76.730865 -4.808587 145.668808 112.607185 65.703484 80.577477 72.253639                198 
-32.073620 143.720734 90.504295 42.542278 125.120087 76.720146 -4.898149 145.680984 112.663078 65.647224 80.550720 72.202660                216 
-32.063278 142.779907 90.513939 42.528889 125.139107 76.723709 -4.977364 145.688004 112.742775 65.598625 80.555275 72.169167                235 
-32.356785 141.885864 91.507324 42.063511 125.838715 77.012085 -5.208703 146.477493 113.465797 65.313599 81.304932 72.607079                253 
-32.526161 141.297318 92.327736 41.710522 126.391785 77.186043 -5.702017 146.791336 113.471085 65.082230 81.916405 72.834862                271 
-32.003746 140.058090 93.516304 41.761215 125.893036 76.697746 -5.158715 145.996872 113.789314 64.906784 81.348587 71.612587                289 
-31.589701 139.208954 94.342651 41.817997 125.744606 76.572334 -4.712554 145.905884 114.257507 64.750763 81.125221 71.188789                307 
-31.727634 139.443253 95.342506 41.475666 126.861511 76.955193 -4.998168 147.213821 114.729088 64.638962 82.275742 72.065338                325 
-31.750916 139.993835 96.448883 41.174225 127.839378 77.334633 -5.083873 148.559174 115.504997 64.351128 83.221245 72.818687                343 
-31.350019 139.858780 96.907692 41.314686 127.554253 77.251137 -4.753367 148.438004 115.913857 64.151405 82.753624 72.530304                361 
-31.154562 139.684677 97.266930 41.347752 127.638924 77.249527 -4.517177 148.621643 116.426147 64.096924 82.801056 72.460098                379 
-31.032824 139.226746 97.420410 41.354107 127.660858 77.252563 -4.673269 148.496674 116.354797 64.087227 82.789742 72.431290                397 
-30.889154 138.671249 97.558754 41.337326 127.690659 77.221672 -4.751539 148.444534 116.297539 64.026512 82.801987 72.357010                415 
-30.800438 138.312317 97.752045 41.298668 127.766998 77.212234 -4.846954 148.413544 116.272308 63.973061 82.848251 72.293396                433 
-30.802891 138.529388 98.042831 41.176620 128.198471 77.219131 -4.986871 148.893967 116.318657 63.864754 83.273598 72.421120                451 
-31.001734 138.498306 98.143600 40.842220 128.585587 77.297211 -5.386280 149.344147 116.361244 63.446835 83.586533 72.533173                470 
-30.965445 138.500427 98.177605 40.706261 128.997726 77.278641 -5.632830 149.775284 116.217926 63.228451 83.954422 72.542648                488 
-30.451336 138.753311 98.459808 40.921059 128.759659 77.016464 -4.963304 149.999878 116.253632 62.997498 83.477501 72.189575                506 
-30.189924 140.014450 98.159737 40.932026 128.679703 76.262665 -4.049638 150.835434 116.359314 62.286720 83.064590 71.325081                524 
-30.042030 142.183029 97.076088 40.855312 129.080688 74.965134 -3.231450 152.139969 116.050850 61.213558 83.025047 69.661842                542 
-29.697203 143.836105 94.432884 41.226116 129.360718 73.222252 -2.648086 153.013550 114.724388 60.580231 82.924332 67.496399                560 
-27.433531 148.210541 89.963371 43.013718 129.090271 70.585831 -0.278336 155.698624 111.354843 59.804672 81.547058 65.689133                578 
-25.116325 155.272705 84.343262 43.960716 130.081177 66.607895 3.584085 160.793365 109.186996 57.039864 81.333176 62.267414                596 
-24.620041 162.217133 75.311623 45.084564 135.359665 63.560844 3.017529 169.117447 103.367905 57.805477 86.304314 62.794018                614 
-22.513519 169.973099 64.784981 46.657291 140.254471 58.769329 5.597145 178.494705 98.748917 57.531773 90.828926 61.543972                632 
-20.875381 178.569855 48.387276 46.413681 144.587646 51.777187 4.786461 185.948013 91.017403 53.711342 94.549881 55.568180                650 
-16.475994 187.334381 35.970863 45.602962 145.567032 45.591778 6.642935 193.318710 81.183022 46.272789 95.188278 51.331005                668 
-12.377642 190.838913 20.643591 49.526455 151.218643 37.748798 5.865324 199.002487 68.649780 50.877613 101.047066 45.162434                687 
-10.173630 194.708267 3.914093 50.444855 157.028915 28.124630 2.994195 205.377762 53.809242 51.673317 107.207489 37.626827                705 
-7.397566 199.085022 -12.602724 50.981571 161.787888 17.084673 1.183093 211.043182 38.196358 51.068466 112.194931 27.904900                723 
-5.260373 199.671707 -27.726696 51.417240 163.224915 6.430536 -1.591858 212.004486 21.689608 51.176743 113.893715 18.385447                741 
-3.516592 203.209976 -46.001328 50.758625 169.490875 -5.367148 -6.503154 216.390732 0.036304 50.581898 120.809601 9.097311                759 
-0.201845 205.574219 -61.780701 50.853664 172.395996 -16.426409 -8.039991 218.687302 -18.997940 49.200485 124.305649 -0.187482                777 
1.831410 207.881409 -78.807671 48.939018 175.810791 -28.249676 -10.235928 222.008316 -38.426147 45.285919 128.648209 -9.701463                795 
4.124496 209.399811 -93.150871 48.340401 178.184860 -39.052486 -17.299046 222.873840 -51.603844 43.579735 131.586090 -19.365406                813 
4.746857 207.019897 -106.500237 47.766354 179.534393 -48.681385 -22.810411 220.596878 -65.459312 43.411369 134.127686 -26.241915                831 
3.629331 202.388611 -116.651131 47.752258 180.636948 -56.150043 -28.449844 213.017456 -76.301414 46.915806 136.288116 -31.315666                849 
0.807658 197.847244 -126.234734 47.168766 181.922165 -64.037659 -33.949013 204.267792 -85.300354 50.596504 139.294174 -36.506855                867 
-2.433561 192.804672 -136.097900 43.949654 180.396378 -70.502739 -39.621109 193.882660 -94.726799 49.856583 139.733917 -40.527523                885 
-6.120178 186.280014 -142.169266 43.958973 180.705322 -76.668129 -42.568874 184.794144 -98.107590 53.906876 143.215363 -43.729408                903 
-9.395907 176.034485 -142.754745 43.280048 178.960480 -78.689575 -44.664265 175.689590 -97.246887 56.087708 145.558594 -42.499866                922 
-12.469651 170.385681 -143.537354 42.638023 177.411499 -81.173889 -45.512188 171.570084 -97.755188 56.551456 146.859100 -42.899055                940 
-14.559248 164.423157 -143.654144 41.863392 176.679565 -82.977669 -46.033245 165.715454 -97.978806 57.718582 148.686996 -43.518517                958 
-17.348953 157.187210 -144.772629 39.383560 176.095718 -86.099510 -47.548836 158.412445 -99.468956 57.587265 151.030640 -45.665085                976 
-18.444832 152.412415 -144.714081 37.940063 176.046814 -87.992477 -48.114601 154.382202 -100.394447 57.456409 152.757751 -47.110855                994 
-19.043886 148.639740 -143.325165 38.080177 172.768753 -88.515266 -47.480003 152.857666 -101.737610 56.839809 149.915802 -47.006535               1012 
-18.567930 144.110870 -141.504471 37.863594 171.585526 -88.263168 -45.512173 149.353638 -103.590431 56.273430 150.632919 -45.610828               1030 
-18.725492 142.476868 -140.515991 37.508774 171.481323 -88.239952 -43.346455 146.791367 -105.593361 56.085808 151.249100 -45.283123               1048 
-19.396025 137.625229 -139.408585 35.436916 171.755188 -89.081299 -42.354622 140.520950 -106.110199 55.948841 153.662338 -46.050522               1066 
-19.486084 134.189758 -138.239456 34.036705 172.080856 -89.687386 -41.121197 136.696487 -106.728592 55.666260 155.638596 -46.511745               1084 
-22.229168 128.439346 -135.272476 31.182714 174.753281 -94.852013 -40.718742 133.749649 -106.056465 54.842136 165.083588 -50.703960               1102 
-22.758497 127.276062 -132.631378 29.713552 178.825836 -98.096947 -38.680904 133.717453 -105.998825 54.497543 173.745087 -53.770363               1120 
-25.189695 126.722290 -130.176056 27.569376 180.484238 -99.810928 -39.218204 134.184982 -105.327942 52.954475 178.114136 -55.596840               1138 
-28.276129 129.380386 -130.114136 26.434681 181.715317 -100.218079 -41.006493 137.097137 -105.613579 51.952591 179.007019 -56.070667               1156 
-32.635639 138.437958 -126.595627 25.240170 187.287994 -96.989769 -43.262634 145.448166 -102.404060 52.040436 181.971207 -53.850811               1175 
-34.492142 152.196442 -128.645187 26.013594 193.989151 -94.036362 -45.961720 159.872757 -104.991646 49.312786 184.903717 -49.486591               1193 
-38.087505 159.990173 -127.907684 24.449738 196.742859 -91.005356 -49.817135 168.123383 -103.494034 46.595467 184.930496 -46.506889               1211 
-48.811211 174.753006 -125.135521 17.245468 202.687683 -86.552498 -58.928959 179.469315 -98.868652 41.096333 183.240082 -45.740803               1229 
-59.790932 183.215317 -118.034676 10.094314 204.409470 -81.956657 -68.263275 187.153168 -90.556671 34.915672 181.006592 -43.892590               1247 
-70.538330 190.035889 -116.122826 -0.290250 204.464188 -77.323830 -79.585686 192.676346 -88.071075 22.232706 177.340530 -40.279507               1265 
-79.238670 187.800079 -109.106850 -9.330110 202.069885 -69.752106 -88.611687 188.516190 -80.363007 14.321675 173.301651 -34.705853               1283 
-89.116524 186.275848 -105.345703 -19.124928 199.729675 -65.642181 -98.791626 186.634338 -75.830482 4.463238 170.465836 -30.927996               1301 
-100.234612 181.071594 -101.037560 -30.459229 194.971817 -60.781960 -109.917923 179.432053 -70.768936 -5.573278 164.960007 -27.648447               1319 
-107.719795 173.983704 -96.943680 -38.634121 191.147354 -56.526428 -117.645248 171.796387 -65.667450 -12.205736 162.320267 -23.496428               1337 
-113.606163 164.959900 -90.222008 -44.428890 186.251343 -52.027546 -122.785408 162.714203 -58.048504 -15.639768 159.421310 -19.289545               1355 
-123.457077 156.956879 -89.153458 -55.250618 183.414459 -52.099106 -132.553177 155.730408 -56.113537 -25.259739 160.115433 -17.737240               1373 
-130.700897 147.995514 -88.158142 -64.277321 178.018509 -50.533546 -140.472855 146.631363 -54.349346 -33.681377 156.716141 -15.417570               1391 
-137.990021 139.073105 -87.859253 -73.288849 172.954880 -50.587784 -149.502670 140.578873 -53.492744 -43.803745 155.149277 -12.650750               1410 
-144.291092 135.522690 -87.334618 -80.052986 169.499939 -49.467911 -156.534485 136.790771 -52.271835 -50.789909 151.710434 -11.351832               1428 
-148.337158 130.974167 -88.126373 -85.120407 165.397919 -49.226845 -161.466537 131.807571 -52.816479 -56.150539 147.586823 -10.863616               1446 
-158.970062 126.176552 -91.647820 -95.273277 161.723709 -54.862778 -171.766312 127.650215 -55.602146 -65.381355 144.817169 -16.798780               1464 
-172.627625 133.461319 -96.290413 -105.888939 159.389404 -56.900787 -183.982773 127.789490 -58.544605 -74.568893 134.768692 -24.594461               1482 
-179.029343 134.409897 -98.907898 -111.240257 153.960495 -57.805927 -190.313583 122.963486 -60.498699 -79.197205 124.705544 -30.452429               1500 
-182.575836 130.132675 -101.297485 -114.916313 147.826294 -59.382481 -195.415283 119.095978 -61.774158 -83.973862 117.613785 -31.756569               1518 
-183.857620 122.940002 -102.746597 -117.925224 144.915878 -60.453022 -198.139526 114.691597 -62.240582 -87.123940 117.181229 -30.195919               1536 
-184.072723 121.701065 -103.656509 -119.064644 144.434113 -60.808750 -200.079758 115.859154 -62.984238 -89.625168 117.436424 -28.552530               1554 
-184.328629 120.071617 -103.689789 -119.971199 143.651382 -60.819012 -201.173599 116.101662 -63.335964 -91.203354 117.264000 -27.470266               1572 
-185.900085 117.310928 -105.020126 -122.347389 141.402084 -61.223148 -203.620941 114.617386 -64.738403 -94.419586 115.627403 -26.664116               1590 
-188.512222 118.422005 -104.197655 -123.789040 140.273468 -60.924629 -204.730194 115.649567 -65.432518 -96.415108 113.604393 -26.601870               1608 
-189.774429 119.622543 -103.550743 -124.264481 139.950150 -60.705406 -204.267853 116.258568 -66.913643 -97.179070 112.665146 -26.600637               1626 
-191.605469 121.255646 -101.672752 -124.766159 139.711746 -60.037258 -202.758942 115.797272 -69.014114 -97.565697 111.569550 -26.729942               1645 
-192.999603 121.922150 -100.328629 -125.332298 139.435760 -59.622288 -201.516983 114.355324 -70.987762 -97.861618 110.838722 -26.890022               1663 
-193.565948 122.968185 -99.244881 -125.197266 139.410889 -59.260067 -201.399338 114.750931 -70.478218 -97.585823 110.275818 -27.126202               1681 
-193.967651 123.749565 -98.447113 -125.098488 139.392715 -58.995113 -201.340042 115.080124 -70.061646 -97.383476 109.848404 -27.286322               1699 
-194.991150 124.773376 -96.758926 -125.318619 139.434677 -58.346584 -201.759171 115.523277 -68.600449 -97.156342 109.269768 -27.631777               1717 
-196.499664 126.037560 -92.610390 -125.405891 140.151138 -56.669819 -201.688782 115.339294 -64.762779 -95.284477 109.054382 -28.835794               1735 
-196.822418 125.726326 -91.053253 -125.457993 140.916794 -56.095409 -201.892731 115.744324 -62.252010 -94.584145 110.366188 -28.481869               1753 
-198.448807 126.313431 -87.891731 -126.099480 141.839813 -55.172272 -202.672256 115.876541 -58.241669 -93.555374 111.051048 -29.783648               1771 
-192.216278 129.797546 -104.461555 -126.491646 145.205322 -59.415920 -209.840012 125.179184 -59.960880 -100.038361 115.224129 -26.965946               1789 
-184.052612 131.011337 -110.327637 -123.141159 149.768768 -59.776825 -214.068710 137.530609 -51.837734 -100.701218 122.739616 -22.092175               1807 
-177.213989 137.563934 -110.706711 -118.802315 154.542725 -56.760422 -213.736877 145.254257 -42.144970 -97.541763 125.996101 -19.513441               1825 
-172.433792 149.909210 -102.720932 -109.647949 162.283142 -52.766762 -204.463348 158.046585 -28.241343 -87.161949 131.443314 -18.123535               1843 
-169.389908 156.624054 -92.141418 -102.985458 168.991776 -47.379028 -196.017593 168.356476 -14.923899 -78.762543 138.663300 -13.462913               1861 
-169.558960 160.993500 -79.335121 -99.246750 175.886856 -42.163242 -188.932510 190.674911 -5.482855 -74.842941 150.759247 -4.314369               1880 
-170.035156 161.497345 -72.998413 -98.673508 177.222122 -38.444920 -186.918213 194.285873 -0.371210 -73.298309 153.262802 -0.477431               1898 
-157.938782 164.107895 -78.779495 -93.462067 180.023666 -32.772984 -186.410950 177.933884 -4.025664 -68.737953 151.583740 2.468785               1916 
-149.340988 168.121262 -76.960480 -88.161827 183.849442 -26.723562 -180.715759 167.559799 -2.380027 -61.046280 153.433502 4.926256               1934 
-141.066742 172.975037 -70.138298 -80.145264 187.575943 -19.420719 -171.487106 165.543182 4.182805 -51.269592 156.182266 9.654020               1952 
-136.390335 186.149750 -61.606773 -74.594185 196.214249 -10.992191 -165.608643 173.147430 12.177504 -45.436337 162.475235 15.011770               1970 
-123.830841 205.343567 -54.580135 -60.153965 203.703888 -5.474673 -152.479340 188.629364 18.458000 -34.226688 164.685410 16.266010               1988 
-104.389175 211.885574 -50.147011 -41.740730 207.610687 -0.007418 -135.104630 200.273697 22.976254 -18.916367 167.759781 23.620462               2006 
-91.573769 216.425980 -47.024471 -30.180275 209.676865 4.280066 -119.613693 213.233673 25.155628 -9.405978 168.986725 28.418846               2024 
-76.639114 218.198273 -46.376740 -20.544735 207.709763 10.025889 -105.994400 231.645950 23.635450 -8.335432 167.314346 39.843384               2042 
-67.872559 218.644257 -43.329319 -13.451413 207.423996 14.483676 -95.834953 238.512024 27.267569 -3.695109 167.523468 45.873493               2060 
-56.161736 219.795776 -40.948280 -5.860131 207.704483 20.261209 -84.966408 246.611145 29.108496 -0.392309 168.674850 53.717873               2078 
-14.257227 251.507523 -24.578184 15.031394 204.761017 33.507542 -34.002865 275.979004 52.264935 -3.523358 162.664246 57.145641               2096 
25.932905 256.381287 -8.147920 31.792023 197.664902 45.979382 -0.728420 276.055634 71.054207 -0.180350 159.351852 59.582825               2115 
999.000000 999.000000 999.000000 999.000000 999.000000 999.000000 999.000000 999.000000 999.000000 999.000000 999.000000 999.000000             2133.0 
999.000000 999.000000 999.000000 999.000000 999.000000 999.000000 999.000000 999.000000 999.000000 999.000000 999.000000 999.000000             2151.0 
999.000000 999.000000 999.000000 999.000000 999.000000 999.000000 999.000000 999.000000 999.000000 999.000000 999.000000 999.000000             2169.0 
999.000000 999.000000 999.000000 999.000000 999.000000 999.000000 999.000000 999.000000 999.000000 999.000000 999.000000 999.000000             2187.0 
999.000000 999.000000 999.000000 999.000000 999.000000 999.000000 999.000000 999.000000 999.000000 999.000000 999.000000 999.000000             2205.0 
999.000000 999.000000 999.000000 999.000000 999.000000 999.000000 999.000000 999.000000 999.000000 999.000000 999.000000 999.000000             2223.0 
999.000000 999.000000 999.000000 999.000000 999.000000 999.000000 999.000000 999.000000 999.000000 999.000000 999.000000 999.000000             2241.0 
999.000000 999.000000 999.000000 999.000000 999.000000 999.000000 999.000000 999.000000 999.000000 999.000000 999.000000 999.000000             2259.0 
999.000000 999.000000 999.000000 999.000000 999.000000 999.000000 999.000000 999.000000 999.000000 999.000000 999.000000 999.000000             2277.0 
999.000000 999.000000 999.000000 999.000000 999.000000 999.000000 999.000000 999.000000 999.000000 999.000000 999.000000 999.000000             2295.0 
999.000000 999.000000 999.000000 999.000000 999.000000 999.000000 999.000000 999.000000 999.000000 999.000000 999.000000 999.000000             2313.0 
999.000000 999.000000 999.000000 999.000000 999.000000 999.000000 999.000000 999.000000 999.000000 999.000000 999.000000 999.000000             2331.0 
999.000000 999.000000 999.000000 999.000000 999.000000 999.000000 999.000000 999.000000 999.000000 999.000000 999.000000 999.000000             2350.0 
999.000000 999.000000 999.000000 999.000000 999.000000 999.000000 999.000000 999.000000 999.000000 999.000000 999.000000 999.000000             2367.0 
999.000000 999.000000 999.000000 999.000000 999.000000 999.000000 999.000000 999.000000 999.000000 999.000000 999.000000 999.000000             2386.0 
999.000000 999.000000 999.000000 999.000000 999.000000 999.000000 999.000000 999.000000 999.000000 999.000000 999.000000 999.000000             2404.0 
999.000000 999.000000 999.000000 999.000000 999.000000 999.000000 999.000000 999.000000 999.000000 999.000000 999.000000 999.000000             2422.0 
999.000000 999.000000 999.000000 999.000000 999.000000 999.000000 999.000000 999.000000 999.000000 999.000000 999.000000 999.000000             2440.0 
999.000000 999.000000 999.000000 999.000000 999.000000 999.000000 999.000000 999.000000 999.000000 999.000000 999.000000 999.000000             2458.0 
999.000000 999.000000 999.000000 999.000000 999.000000 999.000000 999.000000 999.000000 999.000000 999.000000 999.000000 999.000000             2476.0 
999.000000 999.000000 999.000000 999.000000 999.000000 999.000000 999.000000 999.000000 999.000000 999.000000 999.000000 999.000000             2494.0 
999.000000 999.000000 999.000000 999.000000 999.000000 999.000000 999.000000 999.000000 999.000000 999.000000 999.000000 999.000000             2512.0 
999.000000 999.000000 999.000000 999.000000 999.000000 999.000000 999.000000 999.000000 999.000000 999.000000 999.000000 999.000000             2530.0 
999.000000 999.000000 999.000000 999.000000 999.000000 999.000000 999.000000 999.000000 999.000000 999.000000 999.000000 999.000000             2548.0 
999.000000 999.000000 999.000000 999.000000 999.000000 999.000000 999.000000 999.000000 999.000000 999.000000 999.000000 999.000000             2566.0 
999.000000 999.000000 999.000000 999.000000 999.000000 999.000000 999.000000 999.000000 999.000000 999.000000 999.000000 999.000000             2585.0 
999.000000 999.000000 999.000000 999.000000 999.000000 999.000000 999.000000 999.000000 999.000000 999.000000 999.000000 999.000000             2603.0 
999.000000 999.000000 999.000000 999.000000 999.000000 999.000000 999.000000 999.000000 999.000000 999.000000 999.000000 999.000000             2621.0 
999.000000 999.000000 999.000000 999.000000 999.000000 999.000000 999.000000 999.000000 999.000000 999.000000 999.000000 999.000000             2639.0 
999.000000 999.000000 999.000000 999.000000 999.000000 999.000000 999.000000 999.000000 999.000000 999.000000 999.000000 999.000000             2657.0 
999.000000 999.000000 999.000000 999.000000 999.000000 999.000000 999.000000 999.000000 999.000000 999.000000 999.000000 999.000000             2675.0 
999.000000 999.000000 999.000000 999.000000 999.000000 999.000000 999.000000 999.000000 999.000000 999.000000 999.000000 999.000000             2693.0 
999.000000 999.000000 999.000000 999.000000 999.000000 999.000000 999.000000 999.000000 999.000000 999.000000 999.000000 999.000000             2711.0 
999.000000 999.000000 999.000000 999.000000 999.000000 999.000000 999.000000 999.000000 999.000000 999.000000 999.000000 999.000000             2729.0 
999.000000 999.000000 999.000000 999.000000 999.000000 999.000000 999.000000 999.000000 999.000000 999.000000 999.000000 999.000000             2747.0 
999.000000 999.000000 999.000000 999.000000 999.000000 999.000000 999.000000 999.000000 999.000000 999.000000 999.000000 999.000000             2765.0 
999.000000 999.000000 999.000000 999.000000 999.000000 999.000000 999.000000 999.000000 999.000000 999.000000 999.000000 999.000000             2783.0 
999.000000 999.000000 999.000000 999.000000 999.000000 999.000000 999.000000 999.000000 999.000000 999.000000 999.000000 999.000000             2801.0 
999.000000 999.000000 999.000000 999.000000 999.000000 999.000000 999.000000 999.000000 999.000000 999.000000 999.000000 999.000000             2820.0 
999.000000 999.000000 999.000000 999.000000 999.000000 999.000000 999.000000 999.000000 999.000000 999.000000 999.000000 999.000000             2837.0 
999.000000 999.000000 999.000000 999.000000 999.000000 999.000000 999.000000 999.000000 999.000000 999.000000 999.000000 999.000000             2856.0 
999.000000 999.000000 999.000000 999.000000 999.000000 999.000000 999.000000 999.000000 999.000000 999.000000 999.000000 999.000000             2874.0 
999.000000 999.000000 999.000000 999.000000 999.000000 999.000000 999.000000 999.000000 999.000000 999.000000 999.000000 999.000000             2892.0 
999.000000 999.000000 999.000000 999.000000 999.000000 999.000000 999.000000 999.000000 999.000000 999.000000 999.000000 999.000000             2910.0 
999.000000 999.000000 999.000000 999.000000 999.000000 999.000000 999.000000 999.000000 999.000000 999.000000 999.000000 999.000000             2928.0 
999.000000 999.000000 999.000000 999.000000 999.000000 999.000000 999.000000 999.000000 999.000000 999.000000 999.000000 999.000000             2946.0 
999.000000 999.000000 999.000000 999.000000 999.000000 999.000000 999.000000 999.000000 999.000000 999.000000 999.000000 999.000000             2964.0 
999.000000 999.000000 999.000000 999.000000 999.000000 999.000000 999.000000 999.000000 999.000000 999.000000 999.000000 999.000000             2982.0 
999.000000 999.000000 999.000000 999.000000 999.000000 999.000000 999.000000 999.000000 999.000000 999.000000 999.000000 999.000000             3000.0 
999.000000 999.000000 999.000000 999.000000 999.000000 999.000000 999.000000 999.000000 999.000000 999.000000 999.000000 999.000000             3018.0 
999.000000 999.000000 999.000000 999.000000 999.000000 999.000000 999.000000 999.000000 999.000000 999.000000 999.000000 999.000000             3036.0 
999.000000 999.000000 999.000000 999.000000 999.000000 999.000000 999.000000 999.000000 999.000000 999.000000 999.000000 999.000000             3054.0 
999.000000 999.000000 999.000000 999.000000 999.000000 999.000000 999.000000 999.000000 999.000000 999.000000 999.000000 999.000000             3072.0 
999.000000 999.000000 999.000000 999.000000 999.000000 999.000000 999.000000 999.000000 999.000000 999.000000 999.000000 999.000000             3091.0 
999.000000 999.000000 999.000000 999.000000 999.000000 999.000000 999.000000 999.000000 999.000000 999.000000 999.000000 999.000000             3109.0 
999.000000 999.000000 999.000000 999.000000 999.000000 999.000000 999.000000 999.000000 999.000000 999.000000 999.000000 999.000000             3127.0 
999.000000 999.000000 999.000000 999.000000 999.000000 999.000000 999.000000 999.000000 999.000000 999.000000 999.000000 999.000000             3145.0 
999.000000 999.000000 999.000000 999.000000 999.000000 999.000000 999.000000 999.000000 999.000000 999.000000 999.000000 999.000000             3163.0 
999.000000 999.000000 999.000000 999.000000 999.000000 999.000000 999.000000 999.000000 999.000000 999.000000 999.000000 999.000000             3181.0 
999.000000 999.000000 999.000000 999.000000 999.000000 999.000000 999.000000 999.000000 999.000000 999.000000 999.000000 999.000000             3199.0 
999.000000 999.000000 999.000000 999.000000 999.000000 999.000000 999.000000 999.000000 999.000000 999.000000 999.000000 999.000000             3217.0 
999.000000 999.000000 999.000000 999.000000 999.000000 999.000000 999.000000 999.000000 999.000000 999.000000 999.000000 999.000000             3235.0 
999.000000 999.000000 999.000000 999.000000 999.000000 999.000000 999.000000 999.000000 999.000000 999.000000 999.000000 999.000000             3253.0 
999.000000 999.000000 999.000000 999.000000 999.000000 999.000000 999.000000 999.000000 999.000000 999.000000 999.000000 999.000000             3271.0 
999.000000 999.000000 999.000000 999.000000 999.000000 999.000000 999.000000 999.000000 999.000000 999.000000 999.000000 999.000000             3290.0 
999.000000 999.000000 999.000000 999.000000 999.000000 999.000000 999.000000 999.000000 999.000000 999.000000 999.000000 999.000000             3308.0 
999.000000 999.000000 999.000000 999.000000 999.000000 999.000000 999.000000 999.000000 999.000000 999.000000 999.000000 999.000000             3326.0 
999.000000 999.000000 999.000000 999.000000 999.000000 999.000000 999.000000 999.000000 999.000000 999.000000 999.000000 999.000000             3344.0 
999.000000 999.000000 999.000000 999.000000 999.000000 999.000000 999.000000 999.000000 999.000000 999.000000 999.000000 999.000000             3362.0 
999.000000 999.000000 999.000000 999.000000 999.000000 999.000000 999.000000 999.000000 999.000000 999.000000 999.000000 999.000000             3380.0 
999.000000 999.000000 999.000000 999.000000 999.000000 999.000000 999.000000 999.000000 999.000000 999.000000 999.000000 999.000000             3398.0 
999.000000 999.000000 999.000000 999.000000 999.000000 999.000000 999.000000 999.000000 999.000000 999.000000 999.000000 999.000000             3416.0 
999.000000 999.000000 999.000000 999.000000 999.000000 999.000000 999.000000 999.000000 999.000000 999.000000 999.000000 999.000000             3434.0 
999.000000 999.000000 999.000000 999.000000 999.000000 999.000000 999.000000 999.000000 999.000000 999.000000 999.000000 999.000000             3452.0 
999.000000 999.000000 999.000000 999.000000 999.000000 999.000000 999.000000 999.000000 999.000000 999.000000 999.000000 999.000000             3470.0 
999.000000 999.000000 999.000000 999.000000 999.000000 999.000000 999.000000 999.000000 999.000000 999.000000 999.000000 999.000000             3488.0 
999.000000 999.000000 999.000000 999.000000 999.000000 999.000000 999.000000 999.000000 999.000000 999.000000 999.000000 999.000000             3507.0 
999.000000 999.000000 999.000000 999.000000 999.000000 999.000000 999.000000 999.000000 999.000000 999.000000 999.000000 999.000000             3524.0 
999.000000 999.000000 999.000000 999.000000 999.000000 999.000000 999.000000 999.000000 999.000000 999.000000 999.000000 999.000000             3542.0 
999.000000 999.000000 999.000000 999.000000 999.000000 999.000000 999.000000 999.000000 999.000000 999.000000 999.000000 999.000000             3561.0 
999.000000 999.000000 999.000000 999.000000 999.000000 999.000000 999.000000 999.000000 999.000000 999.000000 999.000000 999.000000             3579.0 
999.000000 999.000000 999.000000 999.000000 999.000000 999.000000 999.000000 999.000000 999.000000 999.000000 999.000000 999.000000             3597.0 
999.000000 999.000000 999.000000 999.000000 999.000000 999.000000 999.000000 999.000000 999.000000 999.000000 999.000000 999.000000             3615.0 
999.000000 999.000000 999.000000 999.000000 999.000000 999.000000 999.000000 999.000000 999.000000 999.000000 999.000000 999.000000             3633.0 
999.000000 999.000000 999.000000 999.000000 999.000000 999.000000 999.000000 999.000000 999.000000 999.000000 999.000000 999.000000             3651.0 
999.000000 999.000000 999.000000 999.000000 999.000000 999.000000 999.000000 999.000000 999.000000 999.000000 999.000000 999.000000             3669.0 
999.000000 999.000000 999.000000 999.000000 999.000000 999.000000 999.000000 999.000000 999.000000 999.000000 999.000000 999.000000             3687.0 
999.000000 999.000000 999.000000 999.000000 999.000000 999.000000 999.000000 999.000000 999.000000 999.000000 999.000000 999.000000             3705.0 
999.000000 999.000000 999.000000 999.000000 999.000000 999.000000 999.000000 999.000000 999.000000 999.000000 999.000000 999.000000             3723.0 
999.000000 999.000000 999.000000 999.000000 999.000000 999.000000 999.000000 999.000000 999.000000 999.000000 999.000000 999.000000             3741.0 
999.000000 999.000000 999.000000 999.000000 999.000000 999.000000 999.000000 999.000000 999.000000 999.000000 999.000000 999.000000             3759.0 
999.000000 999.000000 999.000000 999.000000 999.000000 999.000000 999.000000 999.000000 999.000000 999.000000 999.000000 999.000000             3777.0 
999.000000 999.000000 999.000000 999.000000 999.000000 999.000000 999.000000 999.000000 999.000000 999.000000 999.000000 999.000000             3796.0 
999.000000 999.000000 999.000000 999.000000 999.000000 999.000000 999.000000 999.000000 999.000000 999.000000 999.000000 999.000000             3814.0 
999.000000 999.000000 999.000000 999.000000 999.000000 999.000000 999.000000 999.000000 999.000000 999.000000 999.000000 999.000000             3832.0 
999.000000 999.000000 999.000000 999.000000 999.000000 999.000000 999.000000 999.000000 999.000000 999.000000 999.000000 999.000000             3850.0 
-16.234533 169.859131 93.670090 38.749104 142.633209 80.797699 -8.558978 141.329132 104.016945 69.384468 99.945473 81.705536               3868 
-16.451529 168.602020 93.295349 39.217812 142.393478 81.299240 -8.378407 140.585358 103.933006 70.534973 100.209457 82.455406               3886 
-16.417559 168.026596 93.300262 39.383102 142.049164 81.440361 -8.093681 140.508316 104.015343 70.774948 99.919228 82.542015               3904 
-15.604126 166.732010 93.209000 40.544525 141.023544 82.118942 -7.173718 139.933807 104.026550 71.886292 98.856117 83.212082               3922 
-10.682438 160.762070 93.343269 46.278473 135.893951 83.588188 -2.238705 135.411469 104.711876 77.765701 93.824379 84.134445               3940 
-6.569221 154.832184 93.278732 51.522762 131.646469 85.280045 2.422151 133.320114 107.599152 83.656128 90.096100 86.894432               3958 
-7.001565 155.110489 91.058235 51.899536 132.463989 85.788849 1.816514 136.126495 107.975258 84.066673 90.994766 88.466682               3976 
-7.165922 154.926743 90.264847 52.319584 132.841858 85.728127 1.858085 137.408997 108.773247 84.753784 91.569099 88.212982               3994 
-7.607219 154.911301 89.980904 52.249748 132.799133 85.640884 1.821766 138.466141 109.595291 84.701073 91.540077 88.129623               4012 
-8.128412 154.742523 89.136185 52.205414 132.279953 85.296875 1.788766 139.059372 109.670937 84.443459 90.851486 87.743088               4031 
-8.755539 154.162201 88.765144 52.360371 132.194946 85.337639 1.973487 139.615204 110.299934 84.903618 91.019165 87.999245               4049 
-7.893284 152.526733 88.700783 53.925007 130.447876 86.047516 3.213227 138.259705 110.936356 86.534462 89.336906 88.894318               4067 
-8.160390 151.891312 88.710876 54.426842 129.475479 86.714409 3.361414 137.536072 111.267914 87.200523 88.548988 90.250046               4085 
-11.186076 152.831055 88.710342 52.081875 130.229507 86.815117 1.256077 139.233490 111.627525 85.063652 89.612144 91.716690               4103 
-11.898491 152.374664 88.195808 52.134594 129.832199 87.021118 0.979027 138.801147 111.341667 85.327789 89.456619 92.463196               4121 
-12.305485 151.958694 87.948540 52.426643 129.021378 87.349052 1.074154 138.380157 111.443375 85.692719 88.794090 93.409302               4139 
-11.783081 150.811798 88.231544 53.819183 127.475212 88.484200 2.116385 137.049789 112.202789 87.302391 87.551582 95.308472               4157 
-11.592978 151.754745 88.815155 54.540672 126.935188 88.928139 2.890025 137.310196 113.213066 87.702309 86.696915 95.468765               4175 
-13.244200 152.669724 89.801605 53.468880 127.012169 88.627548 2.465505 138.232773 114.605019 86.772758 86.813042 94.666916               4193 
-13.224751 153.955399 90.443024 53.927532 126.537239 89.221413 3.201547 139.018524 116.026115 86.936020 86.109894 95.358330               4211 
-13.484230 156.344299 90.740791 53.973312 126.554283 88.888580 3.935380 140.537613 117.626503 86.544640 85.679886 94.364395               4229 
