999.000000 999.000000 999.000000 999.000000 999.000000 999.000000 999.000000 999.000000 999.000000 999.000000 999.000000 999.000000                0.0 
999.000000 999.000000 999.000000 999.000000 999.000000 999.000000 999.000000 999.000000 999.000000 999.000000 999.000000 999.000000               17.0 
999.000000 999.000000 999.000000 999.000000 999.000000 999.000000 999.000000 999.000000 999.000000 999.000000 999.000000 999.000000               36.0 
999.000000 999.000000 999.000000 999.000000 999.000000 999.000000 999.000000 999.000000 999.000000 999.000000 999.000000 999.000000               54.0 
999.000000 999.000000 999.000000 999.000000 999.000000 999.000000 999.000000 999.000000 999.000000 999.000000 999.000000 999.000000               72.0 
999.000000 999.000000 999.000000 999.000000 999.000000 999.000000 999.000000 999.000000 999.000000 999.000000 999.000000 999.000000               90.0 
999.000000 999.000000 999.000000 999.000000 999.000000 999.000000 999.000000 999.000000 999.000000 999.000000 999.000000 999.000000              108.0 
999.000000 999.000000 999.000000 999.000000 999.000000 999.000000 999.000000 999.000000 999.000000 999.000000 999.000000 999.000000              126.0 
999.000000 999.000000 999.000000 999.000000 999.000000 999.000000 999.000000 999.000000 999.000000 999.000000 999.000000 999.000000              144.0 
999.000000 999.000000 999.000000 999.000000 999.000000 999.000000 999.000000 999.000000 999.000000 999.000000 999.000000 999.000000              162.0 
999.000000 999.000000 999.000000 999.000000 999.000000 999.000000 999.000000 999.000000 999.000000 999.000000 999.000000 999.000000              180.0 
999.000000 999.000000 999.000000 999.000000 999.000000 999.000000 999.000000 999.000000 999.000000 999.000000 999.000000 999.000000              198.0 
999.000000 999.000000 999.000000 999.000000 999.000000 999.000000 999.000000 999.000000 999.000000 999.000000 999.000000 999.000000              216.0 
999.000000 999.000000 999.000000 999.000000 999.000000 999.000000 999.000000 999.000000 999.000000 999.000000 999.000000 999.000000              234.0 
999.000000 999.000000 999.000000 999.000000 999.000000 999.000000 999.000000 999.000000 999.000000 999.000000 999.000000 999.000000              252.0 
999.000000 999.000000 999.000000 999.000000 999.000000 999.000000 999.000000 999.000000 999.000000 999.000000 999.000000 999.000000              271.0 
999.000000 999.000000 999.000000 999.000000 999.000000 999.000000 999.000000 999.000000 999.000000 999.000000 999.000000 999.000000              289.0 
999.000000 999.000000 999.000000 999.000000 999.000000 999.000000 999.000000 999.000000 999.000000 999.000000 999.000000 999.000000              307.0 
999.000000 999.000000 999.000000 999.000000 999.000000 999.000000 999.000000 999.000000 999.000000 999.000000 999.000000 999.000000              325.0 
999.000000 999.000000 999.000000 999.000000 999.000000 999.000000 999.000000 999.000000 999.000000 999.000000 999.000000 999.000000              343.0 
999.000000 999.000000 999.000000 999.000000 999.000000 999.000000 999.000000 999.000000 999.000000 999.000000 999.000000 999.000000              361.0 
999.000000 999.000000 999.000000 999.000000 999.000000 999.000000 999.000000 999.000000 999.000000 999.000000 999.000000 999.000000              379.0 
999.000000 999.000000 999.000000 999.000000 999.000000 999.000000 999.000000 999.000000 999.000000 999.000000 999.000000 999.000000              397.0 
999.000000 999.000000 999.000000 999.000000 999.000000 999.000000 999.000000 999.000000 999.000000 999.000000 999.000000 999.000000              415.0 
999.000000 999.000000 999.000000 999.000000 999.000000 999.000000 999.000000 999.000000 999.000000 999.000000 999.000000 999.000000              433.0 
999.000000 999.000000 999.000000 999.000000 999.000000 999.000000 999.000000 999.000000 999.000000 999.000000 999.000000 999.000000              451.0 
999.000000 999.000000 999.000000 999.000000 999.000000 999.000000 999.000000 999.000000 999.000000 999.000000 999.000000 999.000000              470.0 
999.000000 999.000000 999.000000 999.000000 999.000000 999.000000 999.000000 999.000000 999.000000 999.000000 999.000000 999.000000              487.0 
999.000000 999.000000 999.000000 999.000000 999.000000 999.000000 999.000000 999.000000 999.000000 999.000000 999.000000 999.000000              506.0 
999.000000 999.000000 999.000000 999.000000 999.000000 999.000000 999.000000 999.000000 999.000000 999.000000 999.000000 999.000000              524.0 
999.000000 999.000000 999.000000 999.000000 999.000000 999.000000 999.000000 999.000000 999.000000 999.000000 999.000000 999.000000              542.0 
999.000000 999.000000 999.000000 999.000000 999.000000 999.000000 999.000000 999.000000 999.000000 999.000000 999.000000 999.000000              560.0 
999.000000 999.000000 999.000000 999.000000 999.000000 999.000000 999.000000 999.000000 999.000000 999.000000 999.000000 999.000000              578.0 
999.000000 999.000000 999.000000 999.000000 999.000000 999.000000 999.000000 999.000000 999.000000 999.000000 999.000000 999.000000              596.0 
999.000000 999.000000 999.000000 999.000000 999.000000 999.000000 999.000000 999.000000 999.000000 999.000000 999.000000 999.000000              614.0 
999.000000 999.000000 999.000000 999.000000 999.000000 999.000000 999.000000 999.000000 999.000000 999.000000 999.000000 999.000000              632.0 
999.000000 999.000000 999.000000 999.000000 999.000000 999.000000 999.000000 999.000000 999.000000 999.000000 999.000000 999.000000              650.0 
999.000000 999.000000 999.000000 999.000000 999.000000 999.000000 999.000000 999.000000 999.000000 999.000000 999.000000 999.000000              668.0 
999.000000 999.000000 999.000000 999.000000 999.000000 999.000000 999.000000 999.000000 999.000000 999.000000 999.000000 999.000000              686.0 
999.000000 999.000000 999.000000 999.000000 999.000000 999.000000 999.000000 999.000000 999.000000 999.000000 999.000000 999.000000              704.0 
999.000000 999.000000 999.000000 999.000000 999.000000 999.000000 999.000000 999.000000 999.000000 999.000000 999.000000 999.000000              722.0 
999.000000 999.000000 999.000000 999.000000 999.000000 999.000000 999.000000 999.000000 999.000000 999.000000 999.000000 999.000000              741.0 
999.000000 999.000000 999.000000 999.000000 999.000000 999.000000 999.000000 999.000000 999.000000 999.000000 999.000000 999.000000              759.0 
999.000000 999.000000 999.000000 999.000000 999.000000 999.000000 999.000000 999.000000 999.000000 999.000000 999.000000 999.000000              777.0 
999.000000 999.000000 999.000000 999.000000 999.000000 999.000000 999.000000 999.000000 999.000000 999.000000 999.000000 999.000000              795.0 
999.000000 999.000000 999.000000 999.000000 999.000000 999.000000 999.000000 999.000000 999.000000 999.000000 999.000000 999.000000              813.0 
999.000000 999.000000 999.000000 999.000000 999.000000 999.000000 999.000000 999.000000 999.000000 999.000000 999.000000 999.000000              831.0 
999.000000 999.000000 999.000000 999.000000 999.000000 999.000000 999.000000 999.000000 999.000000 999.000000 999.000000 999.000000              849.0 
999.000000 999.000000 999.000000 999.000000 999.000000 999.000000 999.000000 999.000000 999.000000 999.000000 999.000000 999.000000              867.0 
999.000000 999.000000 999.000000 999.000000 999.000000 999.000000 999.000000 999.000000 999.000000 999.000000 999.000000 999.000000              885.0 
999.000000 999.000000 999.000000 999.000000 999.000000 999.000000 999.000000 999.000000 999.000000 999.000000 999.000000 999.000000              903.0 
999.000000 999.000000 999.000000 999.000000 999.000000 999.000000 999.000000 999.000000 999.000000 999.000000 999.000000 999.000000              921.0 
999.000000 999.000000 999.000000 999.000000 999.000000 999.000000 999.000000 999.000000 999.000000 999.000000 999.000000 999.000000              939.0 
-19.794285 156.309067 98.597229 50.919670 167.742813 93.418373 -6.799136 159.727631 100.925575 85.211441 132.424667 102.963699                957 
-19.765352 156.229141 98.560722 50.937458 167.722321 93.361275 -6.716444 159.494919 100.517609 85.262192 132.438995 102.916885                976 
-20.302925 154.524780 97.506714 50.252739 167.090820 92.815506 -7.341127 157.988037 99.383034 85.046638 132.498657 103.168091                994 
-21.157536 151.534958 96.757278 49.067482 165.541687 91.255196 -8.313296 155.467865 98.282219 84.703255 132.784592 104.350029               1012 
-22.851654 149.564407 96.334862 46.727753 165.804993 89.057213 -10.203321 154.183685 97.307129 83.698257 136.169922 105.469231               1030 
-24.716696 146.923340 95.061409 45.096149 164.198975 87.218781 -11.507994 151.492661 96.172066 82.925728 136.151382 104.442757               1048 
-24.430445 150.005936 94.152855 47.175644 159.828613 84.380737 -10.265057 153.410324 95.523697 82.696655 128.887970 101.566307               1066 
-24.929737 151.058456 94.649750 47.114693 160.319168 84.686516 -10.441768 154.557053 96.401161 82.671768 129.464722 101.952301               1084 
-24.515564 151.546219 94.898582 48.018856 160.116638 86.114761 -9.867953 155.057800 97.292969 83.079399 128.379486 102.785759               1102 
-23.035458 151.448944 95.067902 49.870316 160.282837 88.405479 -8.323033 154.910843 98.018730 84.624023 128.237289 105.128891               1120 
-21.848616 151.784195 95.470161 51.388153 159.036057 89.048271 -7.016602 154.965057 98.698128 85.425697 125.743958 104.780128               1138 
-21.752962 151.700485 95.406860 51.594460 159.450302 89.599037 -7.022466 155.311951 98.817177 85.798012 126.641815 105.973717               1156 
-22.914709 149.444412 96.033981 50.154709 160.057098 90.089020 -8.375490 153.927109 99.439178 85.695587 128.655670 106.374153               1174 
-22.223513 149.623657 96.537804 51.044792 159.171661 90.278793 -7.692935 154.372696 100.054283 86.233894 127.196259 106.207100               1192 
-21.436295 149.695587 97.030792 52.022530 158.023605 90.465706 -6.897377 154.675522 100.709450 86.769493 125.339767 105.919670               1211 
-20.718006 149.716080 96.690475 52.905388 157.110291 90.182404 -6.241230 155.141403 100.894417 87.237373 123.770821 105.155884               1229 
-20.518442 149.496674 96.511810 53.163769 156.871201 90.041298 -6.099575 155.238724 101.029747 87.487244 123.278648 104.458298               1247 
-20.434048 149.767487 96.598946 53.325764 157.146866 90.483475 -6.043556 155.650085 101.293175 87.601967 123.491882 104.867279               1265 
-21.034170 148.830017 96.502441 52.291103 160.667603 91.813202 -7.130435 155.715836 101.338470 88.271767 129.474899 107.523613               1283 
-20.709869 149.388428 96.677330 52.853481 160.184616 92.624878 -6.715086 155.970276 101.799255 88.286758 127.988739 107.535233               1301 
-20.519974 149.742523 96.810677 53.189178 159.896301 93.109390 -6.466137 156.153244 102.081863 88.294991 127.118881 107.518852               1319 
-20.666609 150.440689 96.771927 53.090126 160.775482 93.963371 -6.673024 156.892075 102.240639 88.126892 127.909416 108.338921               1337 
-20.134129 150.171219 97.483772 53.760052 159.493408 94.016983 -5.995368 156.513672 102.799278 88.486343 126.163124 108.073555               1355 
-19.236517 150.200348 98.212502 54.820778 156.975082 92.748642 -4.746727 156.119156 103.169128 88.731697 122.272690 105.405769               1373 
-19.597736 150.980026 98.397575 54.592678 157.080963 92.672028 -4.943585 156.731400 103.324982 88.323433 122.128036 105.119469               1391 
-20.275124 151.810150 98.140961 54.511734 157.010742 92.699898 -5.035111 156.884735 103.292686 88.141228 121.918861 105.029823               1409 
-20.752296 152.968735 98.166550 54.534382 157.405151 93.168640 -5.054883 157.439453 103.438515 88.027237 122.126846 105.337425               1427 
-20.929962 153.460037 98.244362 54.494053 157.377960 93.233734 -5.106962 157.684097 103.288086 87.797714 121.858162 105.217888               1446 
-21.722425 153.895645 98.612045 53.716484 158.490097 93.493423 -5.895521 158.261887 103.495834 87.397194 123.386856 105.649986               1464 
-22.590351 155.914978 98.926498 52.888355 159.971039 93.203094 -6.663584 160.206909 103.569656 86.468002 124.838760 105.553810               1482 
-22.946716 156.551605 99.129944 52.591240 160.149384 93.259590 -6.952445 160.704346 103.670799 86.005264 124.826485 105.515442               1500 
-23.441132 156.224762 98.483627 52.197403 160.702026 94.164421 -7.549035 160.430908 103.310181 85.763298 125.540375 106.468864               1518 
-23.776543 155.914841 98.129707 51.878403 161.549332 94.889313 -7.983785 160.300018 103.150146 85.816818 126.829613 107.424644               1536 
-31.619102 152.291061 83.120918 40.810158 170.497864 87.217079 -17.638355 158.391663 88.336494 78.283691 139.745605 100.040596               1554 
-28.999043 151.999649 86.558517 43.290222 167.727646 88.365067 -15.505401 158.152405 91.000481 79.387611 134.965057 100.112465               1572 
-28.175180 154.824203 89.839600 44.114525 168.982574 89.058983 -14.570249 160.567810 92.717163 79.416412 136.429321 103.497559               1590 
-27.968182 154.765167 90.273224 44.160744 168.853226 89.008133 -14.039325 159.525955 91.899887 79.365936 136.297195 103.674736               1608 
-27.053566 156.051987 92.034927 45.506424 166.887772 90.103783 -13.042642 160.024094 93.202637 79.200249 133.244415 105.828300               1626 
-25.716108 157.875168 93.052200 47.200336 165.021545 90.726959 -11.708580 161.163040 94.185799 79.147682 129.604111 106.198944               1644 
-26.041168 157.650574 92.927132 47.026787 165.181747 90.759628 -11.885215 160.872589 94.070930 79.171783 130.130753 106.651031               1662 
-24.175898 159.029541 93.799225 49.326054 163.508194 91.933960 -9.775544 161.541397 95.047935 79.968620 127.233902 108.046654               1681 
-23.916658 159.541611 94.402206 49.711407 163.985016 92.151962 -9.452421 161.949066 95.606895 80.461784 127.878578 108.435379               1699 
-21.886265 159.325058 94.903160 51.926777 161.944931 92.404732 -7.595203 161.353394 96.479912 81.857300 124.997940 108.326225               1717 
-21.693590 158.224167 95.384689 52.122856 162.196198 92.386772 -7.551909 160.477142 96.984200 82.824333 125.891510 108.317841               1735 
-21.731236 157.999588 95.458923 52.135323 162.318405 92.456993 -7.677140 160.299133 97.135124 82.997398 126.135986 108.355896               1753 
-21.608164 158.280090 95.238251 52.293427 163.044052 92.274765 -7.915748 160.841095 97.455017 83.358147 127.137398 108.402527               1771 
-21.795912 157.157333 93.918449 52.055317 163.467758 91.275414 -8.403241 160.171631 96.567703 83.784721 128.435287 108.020012               1789 
-21.091267 159.472290 92.063728 53.047165 163.509766 88.501122 -8.460581 163.163864 97.038948 83.905060 127.239540 104.206886               1807 
-20.409807 160.488083 86.440933 53.937588 164.133667 84.107658 -8.838924 166.054733 95.620125 84.351913 127.583557 100.028336               1825 
-18.898497 167.129486 75.086121 55.641212 164.527512 78.842056 -8.230100 174.099091 91.437767 81.651680 124.707855 94.724770               1843 
-16.540325 173.544617 62.155800 57.475605 166.610428 71.998360 -7.097073 181.498962 83.325027 79.935997 125.343903 89.520187               1861 
-15.976218 179.547440 45.301319 57.167179 171.358963 61.976063 -8.245089 188.949295 69.709091 77.296768 130.401566 82.753471               1879 
-16.766344 185.456177 25.471537 55.361980 174.458511 49.183018 -10.818733 192.988266 53.127995 73.498230 133.136139 71.045021               1897 
-16.023140 192.087555 6.687234 54.139450 176.126144 36.936646 -12.233560 197.608307 38.282578 69.257439 134.083435 59.702118               1915 
-14.622877 195.894485 -12.861382 53.137516 177.616562 24.236410 -14.465411 199.609406 23.009567 66.547134 135.670578 48.218204               1934 
-13.248936 201.725555 -33.212025 50.398537 178.893188 11.198288 -19.725863 201.095184 6.659900 60.855560 136.708786 36.209011               1952 
-11.899006 205.981766 -52.736313 47.719273 179.481445 -2.664356 -25.174534 201.329422 -9.739320 55.752483 137.283951 23.205484               1970 
-10.930262 207.676514 -70.496353 45.329319 179.022644 -15.732085 -29.584923 199.087708 -25.947937 52.225739 137.146027 10.973702               1988 
-12.042542 207.614136 -88.146194 42.928951 179.256516 -29.835411 -33.808830 196.381119 -41.739689 50.078983 138.827072 -1.047441               2006 
-13.941935 204.256042 -104.076988 40.601368 178.118286 -42.367245 -37.722561 190.651306 -55.765347 48.916027 139.814255 -11.093011               2024 
-14.865399 200.892380 -117.943832 38.950054 176.712997 -52.856209 -40.687405 185.387054 -67.153717 47.985832 140.905228 -18.936182               2042 
-13.748163 195.264725 -127.854332 38.737972 173.030518 -59.092731 -41.552174 177.988861 -74.855995 48.103039 140.088440 -22.465897               2060 
-15.909314 190.171585 -138.888229 36.062180 170.688080 -67.980301 -44.718079 173.089127 -84.266685 45.672310 139.833817 -29.638811               2078 
-20.892933 181.044357 -150.630859 32.100800 169.205902 -78.658035 -49.142292 164.757111 -94.473587 43.777519 141.335938 -38.641430               2096 
-27.447952 166.040833 -159.778336 29.800365 163.729736 -89.714630 -52.186852 156.097778 -99.933998 44.284157 141.678574 -47.072212               2114 
-29.486729 152.434662 -162.914337 28.370340 165.185425 -94.036255 -51.155029 143.038879 -101.552071 46.792267 149.942917 -49.960091               2132 
-28.525333 147.546555 -166.388229 27.867495 165.788132 -97.201981 -49.665001 138.561279 -105.204567 46.487118 153.564117 -52.276562               2151 
-15.826415 126.428253 -168.887985 31.600163 164.454376 -100.797684 -43.100403 131.435455 -110.237823 45.007874 165.216400 -52.485550               2169 
-16.103006 121.607964 -167.221252 30.756901 166.851028 -103.175476 -41.310387 128.696854 -108.814468 45.139713 171.895828 -55.404202               2187 
-26.761135 138.729416 -171.515656 27.265764 170.988052 -105.231628 -45.575794 136.231201 -111.837357 45.481770 167.671097 -58.631359               2205 
-34.040276 153.263092 -172.723602 23.572590 176.004211 -105.419579 -50.092262 146.982056 -114.868111 41.920738 167.871140 -59.467335               2223 
-41.706017 166.719269 -171.911926 18.990873 182.748596 -106.015961 -54.815758 159.013443 -117.503777 37.479656 170.309952 -61.095417               2241 
-48.601505 171.499908 -166.660202 13.536131 187.221802 -104.119331 -60.252533 167.787018 -116.894310 31.404482 173.082047 -59.451683               2259 
-56.530624 181.107758 -159.543640 8.574242 192.047974 -100.653328 -66.187523 180.310013 -112.976006 25.795815 175.224380 -56.667034               2277 
-66.472847 194.671921 -152.021973 1.096979 194.729797 -95.501297 -73.746162 190.800583 -107.611458 17.388800 172.522888 -53.598557               2295 
-76.087090 202.942734 -145.924408 -7.885818 197.778885 -90.799332 -82.465607 197.967545 -102.893158 7.427573 173.293671 -49.806839               2313 
-89.682625 209.582550 -138.331238 -19.659006 199.817810 -86.210175 -94.185890 200.969711 -96.397217 -3.372026 172.485733 -47.453220               2331 
-102.849709 205.757050 -129.079987 -29.585836 198.008713 -81.231209 -104.220757 196.656693 -87.693916 -10.508010 171.606995 -43.107780               2349 
-112.719505 201.845245 -124.998596 -39.229118 194.942581 -77.288841 -113.424538 192.135010 -84.383080 -19.967846 169.146240 -38.844578               2367 
-125.980507 192.960770 -119.100304 -49.747082 191.284927 -75.189796 -123.572006 184.467377 -78.807579 -27.549728 168.593750 -36.372311               2386 
-136.603195 183.701660 -114.197380 -59.410339 185.628448 -71.569023 -132.315018 173.144409 -74.605316 -34.939224 163.411255 -33.859997               2404 
-145.839767 175.986084 -110.508301 -68.488808 179.809525 -68.036430 -140.632980 163.944000 -71.454391 -42.896900 157.564224 -31.095789               2422 
-160.450974 167.364670 -103.941605 -81.573067 176.708389 -64.993584 -150.962769 151.267685 -67.048012 -50.886063 154.020218 -32.467213               2440 
-167.988525 161.112717 -102.205467 -89.400345 173.611511 -63.409081 -157.866333 145.799469 -65.114784 -57.999081 152.480850 -30.517351               2458 
-175.652359 158.334274 -102.159821 -97.416237 169.824051 -62.118813 -165.258865 140.752930 -66.028824 -65.759369 147.335617 -30.393068               2476 
-185.713959 152.836746 -103.890755 -107.283318 168.313110 -65.380119 -174.674896 138.010880 -66.624878 -75.093498 148.748337 -32.282616               2494 
-193.125519 146.488113 -105.458519 -115.330795 165.309525 -67.084961 -181.799576 133.082947 -67.774048 -82.814926 147.695633 -33.219364               2512 
-196.106171 144.129013 -103.776009 -118.297012 163.902725 -65.727951 -184.231415 130.785355 -66.250381 -85.488029 146.828812 -31.868509               2530 
-200.631317 140.758270 -103.051720 -122.323524 160.776031 -65.917267 -188.351624 128.052490 -65.378212 -89.502434 144.423920 -31.715015               2548 
-204.055618 138.022751 -100.604332 -125.087990 157.547913 -64.423225 -190.580795 124.249489 -63.836834 -91.633965 140.717987 -31.076687               2566 
-205.537811 137.247955 -99.718956 -126.474594 155.745010 -63.268425 -191.827652 122.536163 -63.716316 -93.094597 138.047455 -30.299009               2584 
-209.070984 129.261322 -96.971680 -129.880188 151.588669 -63.093307 -193.778168 115.940819 -61.332417 -95.103775 135.933426 -30.536819               2602 
-211.636398 131.070328 -95.839691 -131.332642 150.435150 -62.821091 -195.637283 116.196640 -61.573555 -96.489182 132.991623 -31.260563               2621 
-215.062012 134.543243 -96.618996 -134.074493 147.212433 -62.071644 -199.340591 115.059303 -64.729706 -99.695457 124.904388 -33.178001               2639 
-216.734116 135.883362 -97.646606 -135.482697 144.543671 -62.497536 -201.458618 114.415199 -67.022293 -101.848900 119.883263 -34.657963               2657 
-217.258331 133.062820 -98.197098 -136.134598 142.186447 -62.929783 -201.562317 111.633797 -68.192772 -102.429771 117.643631 -35.072220               2675 
-216.682709 131.055099 -98.029022 -135.699005 141.365204 -62.708591 -200.694138 109.978340 -67.911659 -101.699860 117.393799 -34.711452               2693 
-218.123077 129.305313 -97.677948 -136.854355 139.902405 -63.040058 -201.572891 108.040970 -67.999542 -102.352859 115.919014 -35.674870               2711 
-218.796555 128.260132 -97.712074 -137.455780 139.004959 -63.230659 -202.001511 106.883972 -68.237358 -102.741188 115.011955 -36.144806               2729 
-219.516037 128.840012 -97.531067 -137.929977 138.190460 -63.171036 -202.841187 106.885239 -68.375175 -103.281517 113.356598 -36.767002               2747 
-218.973328 127.624077 -98.054214 -137.427795 137.084183 -63.246948 -202.732574 106.443138 -67.581070 -103.192352 112.888161 -35.735180               2765 
-218.736740 129.745407 -98.867271 -137.057480 135.867859 -63.138916 -203.797501 107.933594 -67.225418 -103.949776 110.526733 -35.280029               2783 
-217.368225 131.577072 -99.717865 -135.925003 136.345184 -62.893379 -204.212936 110.350113 -65.321152 -103.596100 110.764809 -34.346989               2802 
-216.298050 137.029800 -96.749084 -133.626068 138.451248 -62.229698 -203.910965 115.768471 -60.434219 -101.436172 111.625320 -34.687187               2819 
-209.990173 147.839722 -94.917343 -128.174271 147.835968 -58.155262 -199.765732 126.179955 -56.077477 -96.818695 120.244698 -30.407110               2837 
-206.793259 157.086105 -92.908066 -125.625694 156.411484 -53.934593 -198.476532 134.821579 -50.609962 -94.701019 128.868546 -25.659859               2855 
-206.633377 161.691376 -84.971657 -121.976776 165.804001 -53.489365 -194.619980 145.664368 -38.232628 -88.149178 142.600815 -24.649879               2874 
-208.697144 171.869446 -78.937386 -122.284943 171.934647 -51.084736 -195.432144 153.769287 -28.144176 -87.409111 146.615936 -25.451750               2892 
-209.669708 174.674454 -65.663658 -120.415688 177.529831 -47.497437 -190.216171 160.658936 -12.323680 -82.124443 154.835602 -24.407110               2910 
-205.980911 173.697311 -44.055279 -115.207138 182.403458 -39.330883 -178.531143 171.509216 8.324540 -72.872200 165.997803 -18.046677               2928 
-201.984619 156.737289 -31.411097 -113.137566 178.223740 -29.171707 -172.172958 156.421494 20.258934 -67.985947 167.348480 -10.264832               2946 
-191.287567 138.764297 -12.942760 -107.857719 176.311676 -15.530207 -157.419373 141.081802 36.524509 -59.998226 173.097137 -0.917019               2964 
-176.054245 152.963425 21.762724 -93.962173 185.309219 -2.823370 -133.426819 162.969025 63.156590 -44.258640 182.661606 3.256022               2982 
-162.646957 172.843018 41.514797 -77.609802 186.720810 10.213071 -115.444580 172.623657 79.338943 -29.355783 173.214417 12.093846               3000 
-149.611649 188.691040 61.417919 -66.294022 191.688812 22.776768 -98.898460 184.406403 94.458008 -20.059208 172.463593 20.104164               3018 
-138.035324 196.263229 73.606819 -55.371384 193.576736 33.013683 -85.924759 193.272568 105.295280 -9.820620 172.816574 30.089167               3036 
-114.151649 216.747818 98.628342 -43.891754 193.627533 43.389320 -57.020031 205.464172 119.688118 -4.955851 163.578842 33.617851               3054 
-95.833565 217.176163 113.417297 -33.160011 189.924103 51.037930 -37.983528 198.138687 128.704193 1.217992 156.752090 35.800472               3072 
-82.021408 220.068314 122.825447 -23.377428 186.847336 59.011482 -25.568764 194.527679 136.717865 7.411412 150.914764 42.419075               3090 
-68.680511 223.021683 134.873825 -18.955181 184.857986 65.872147 -11.021130 195.767242 142.724197 9.141861 147.928345 46.867725               3109 
-58.562996 211.966431 146.121124 -12.943780 179.344238 71.205269 0.669382 185.317169 147.738480 14.971416 145.162292 47.398842               3127 
-55.934269 214.062225 149.306335 -9.977366 179.578110 74.998726 4.253482 187.736938 151.168610 18.750111 145.803055 51.581043               3145 
-52.667217 213.481598 153.101974 -5.945107 175.720474 79.962784 6.355933 180.459732 156.716293 22.375370 142.016556 55.954319               3163 
-52.545948 212.738770 151.906555 -1.701211 173.084305 81.599663 8.733081 177.491318 159.044235 28.340141 140.483627 58.166290               3181 
-40.713444 218.209641 153.727051 5.837669 171.635132 83.805336 31.835993 183.784821 158.873993 33.559803 137.360413 59.906876               3199 
-38.286289 219.210159 151.620316 10.168884 168.818756 85.012131 41.629665 181.344604 161.114395 37.598476 133.571564 62.216030               3217 
-36.122486 217.154495 153.958572 13.012673 167.237076 86.977516 44.315372 178.930267 163.373596 40.686337 132.669281 63.447853               3235 
-28.626944 219.038651 150.712677 19.985359 164.435928 86.671448 48.440773 175.365723 164.317429 46.897171 128.382507 64.528389               3253 
-26.237972 217.648041 146.374359 24.735361 161.289978 85.397690 46.723942 168.536362 165.618332 52.144894 124.945221 64.369461               3271 
-25.108551 210.358109 153.168274 26.841032 158.717834 88.697601 46.121571 157.517502 169.996384 54.543545 124.258118 65.043671               3289 
-25.573458 210.304276 153.015259 27.078524 158.595871 89.064316 46.733791 158.905106 170.201889 55.335037 124.386017 65.704842               3307 
0.512810 156.417633 111.213753 26.554659 167.622955 86.101242 10.418180 183.470764 169.855820 64.920029 135.348618 85.165390               3325 
6.458765 153.153244 111.492271 27.603958 173.538879 85.670746 -3.059183 191.070602 166.564728 67.309998 143.667175 92.417686               3344 
6.300294 151.823105 111.091560 27.738886 173.033890 85.759300 -10.215775 189.251572 162.828491 66.928024 143.139130 94.974709               3362 
4.711130 149.190292 109.838577 26.536001 168.586380 83.385361 -16.114862 187.954300 155.235291 65.134293 138.947083 95.472275               3380 
4.997880 149.278641 109.041039 27.327511 168.610733 82.892242 -20.086430 185.650818 149.295120 65.552200 138.864212 95.870224               3398 
-19.753229 159.564972 109.787880 30.524670 172.937927 84.064308 -27.592730 171.440872 121.455513 65.960121 140.593872 98.645126               3416 
-25.513727 164.839874 114.009323 33.590668 174.513321 85.183548 -25.888729 169.969757 119.639984 68.358612 140.639420 97.759666               3434 
-22.257429 168.016449 115.640793 39.765556 171.584396 86.869675 -20.494974 171.797211 120.586929 70.629410 133.708664 98.150703               3452 
-18.428244 167.254929 114.638504 44.411232 167.144943 85.972435 -15.771629 170.638046 119.811386 72.572960 126.930328 96.175980               3470 
-12.502209 165.658798 114.746307 50.273460 161.044174 85.659386 -9.104744 168.544769 120.557045 74.217339 117.576576 92.847466               3488 
-9.249332 164.517899 117.453720 52.302635 158.889053 85.212120 -4.777259 167.864456 123.879150 76.660118 115.614456 92.171440               3506 
-9.867146 165.019821 117.034843 52.087479 159.058853 84.932289 -4.871997 168.393524 123.707291 76.367729 115.739822 91.885086               3524 
-8.704495 164.019455 116.233589 54.172428 158.109329 85.209763 -3.163085 167.446579 123.395554 78.269386 114.653648 91.944000               3542 
-9.535242 164.486603 115.837921 53.973446 159.222214 85.675346 -3.701503 168.591644 123.365105 78.938766 116.459770 93.582054               3560 
-9.337517 164.672516 115.511925 54.527168 158.998581 85.776993 -3.262669 168.767853 123.170753 79.348343 116.202698 93.952034               3579 
-9.180030 165.253311 115.416580 54.791679 158.860977 85.690331 -2.773502 169.315994 123.268211 79.193466 115.802330 93.747368               3597 
-7.906713 166.011917 114.884239 57.028168 158.043579 86.489418 -0.996504 169.406677 123.052170 80.587059 114.576721 94.857246               3615 
-8.540285 165.668076 114.168732 56.953316 157.831802 86.016586 -1.209708 168.770584 122.413696 81.095306 114.762291 94.768234               3633 
-8.421383 164.377533 113.750351 57.359116 156.901382 85.545853 -0.783640 167.501663 121.951561 81.888802 114.067764 94.376846               3651 
-8.553798 163.750961 113.575439 57.715950 156.425980 85.285828 -0.348280 166.724411 121.731079 82.642014 113.840591 94.206886               3669 
-8.130365 162.904694 113.726120 58.482971 155.652420 85.242149 0.584436 165.662613 121.810211 83.552666 113.088211 93.856598               3687 
-7.940571 161.728592 113.241623 58.917751 154.322067 84.204323 1.428416 164.583115 121.245430 84.701302 112.353416 93.598480               3705 
-9.967419 158.580811 111.105148 57.808083 154.060623 83.149467 -0.353603 163.048813 119.482841 86.238564 114.541100 95.162994               3723 
-9.500638 157.553650 109.592880 59.159019 151.936279 82.364105 1.240588 162.162186 118.897057 87.194519 112.222343 94.661430               3741 
-8.901377 156.537048 108.514862 61.146030 149.615601 81.095200 4.170702 160.369537 119.189560 89.869759 110.390152 93.372055               3759 
-9.846955 157.179047 107.866104 61.475952 149.113510 80.610382 5.034783 160.173340 119.548386 90.614746 110.191711 92.875526               3777 
-11.199567 155.223480 106.959221 60.945812 147.612091 79.691032 4.862362 158.729218 119.236275 91.259598 109.842979 92.690186               3795 
-14.470398 150.173248 104.433273 58.973564 146.979263 78.644005 2.140951 156.196854 117.928185 91.920517 112.116592 93.255745               3814 
-16.475628 149.983063 102.390511 57.980366 148.260132 78.660347 0.392792 157.602814 117.125671 91.516281 114.573433 94.627777               3832 
-21.156952 146.240250 97.711487 55.120499 148.063889 77.438278 -3.645362 156.237228 114.953140 90.323738 117.194145 95.388222               3850 
-24.784809 147.894714 94.088692 52.752842 151.843643 77.387474 -7.441181 158.387192 112.946091 88.192703 121.866142 96.355240               3868 
