-37.885834 164.005112 91.664238 35.724388 224.224396 91.997063 7.700332 170.641205 97.295891 83.418518 236.435379 107.658821                  0 
-36.480556 164.327728 92.714050 36.593376 225.171906 92.844139 9.026533 171.423904 98.390472 84.122398 237.906067 108.590958                  9 
-34.768799 165.733551 93.167702 37.639446 227.250031 95.128456 10.316868 173.330383 100.167412 84.553604 240.453079 112.271118                 18 
-34.805408 167.791428 93.539864 39.160286 227.272675 95.325790 9.997892 174.428009 101.312576 86.023888 239.539001 113.283218                 27 
-34.984901 169.957443 93.264580 40.872906 226.790176 94.098724 9.429823 175.503036 101.806870 87.689522 238.088486 112.798500                 36 
-34.659229 170.946686 93.195671 41.844509 226.516449 93.402580 9.138911 176.176208 102.020882 88.597511 237.310257 112.554077                 45 
-34.371170 171.330978 93.201073 42.313236 226.384384 93.066750 9.010226 176.514832 102.102219 89.026482 236.947739 112.442451                 54 
-34.438721 172.782898 92.918358 44.111969 225.124664 91.895920 9.148058 176.527786 101.550430 91.277267 234.219818 110.918068                 63 
-34.500618 173.788940 92.548111 45.195759 224.365646 91.190468 9.247505 176.569580 101.202759 92.602295 232.562820 110.020126                 72 
-34.611744 174.382736 92.176758 45.690598 224.019089 90.868370 9.298931 176.596420 101.036339 93.199341 231.803543 109.615387                 81 
-34.713150 174.775696 91.863853 45.959927 223.830460 90.693054 9.329641 176.612686 100.940842 93.522202 231.389664 109.396484                 90 
-34.727383 175.206970 91.587021 46.234123 223.761917 90.363693 9.412492 176.737900 100.798904 93.875099 231.143204 108.937424                 99 
-34.731575 175.547607 91.297256 46.434921 223.711731 90.122498 9.474398 176.830383 100.692459 94.132706 230.961960 108.601807                108 
-34.727745 175.799164 91.016502 46.572468 223.677338 89.957275 9.517846 176.893967 100.617111 94.308754 230.837463 108.372185                117 
-34.754543 176.020844 90.768509 46.675941 223.651474 89.832985 9.551363 176.941818 100.558357 94.440971 230.743622 108.199600                126 
-34.134727 177.517303 90.220345 49.887199 220.083801 84.549980 10.806258 175.486984 97.142105 99.126572 223.984360 99.695915                135 
-34.259270 178.876724 89.835335 51.844780 216.718674 82.223557 10.783944 173.785187 94.273277 101.922569 216.820801 94.925285                144 
-34.224918 181.526520 89.395706 53.358196 215.526459 81.183037 10.497740 174.466675 93.481918 103.484642 213.350037 93.500992                153 
-33.657875 180.617569 89.450073 53.195866 215.619934 81.189247 10.527099 174.361496 93.478485 103.288010 213.777145 93.699684                163 
-33.429958 178.841080 87.524330 52.368736 216.244141 78.842621 10.852839 174.307327 92.676712 102.235283 216.817657 92.338112                171 
-34.821568 177.721970 83.757057 49.248936 219.395172 78.318420 9.084869 176.322617 92.635361 97.738060 224.178391 95.495590                181 
-9.846961 186.172073 110.889160 15.445426 215.518509 70.214050 -19.600639 183.176758 110.514610 66.693306 219.276657 75.567558                189 
-4.273645 192.627594 112.710831 -2.722021 215.480942 65.386337 -29.199995 192.412170 119.124245 48.815002 216.734146 61.996025                198 
-5.268195 196.359756 108.433563 -14.767695 215.164703 61.052147 -33.816898 197.269516 120.606537 36.081745 215.927139 51.948174                207 
-2.170367 192.948502 103.749146 -22.358707 212.942719 60.475758 -28.905075 192.606445 122.388107 25.933823 215.934921 42.364777                216 
1.721916 189.043777 96.186745 -26.137651 211.897964 59.040398 -20.859783 188.899567 120.415962 17.761412 214.016617 31.883209                226 
4.017503 186.665558 88.142357 -29.077972 211.667343 57.198723 -14.239619 185.879807 116.015137 9.927375 214.277496 23.421520                235 
4.258898 183.468857 81.499657 -30.642313 210.954117 54.962334 -11.180566 182.181198 111.112488 5.121252 213.629654 17.774454                244 
0.229462 180.740326 74.554771 -31.911419 212.707367 49.599255 -15.219440 179.388519 104.201706 4.062190 213.955826 12.538894                253 
-4.683973 179.515244 69.504616 -33.860310 214.786392 45.372417 -20.476105 178.398071 98.999031 2.605214 214.420380 8.776505                262 
-7.783067 179.298172 66.029305 -35.014214 216.494598 42.522987 -23.680782 178.373978 95.484169 1.602718 215.037201 6.105878                271 
-9.333394 184.445557 59.370327 -32.024147 223.626511 34.317879 -26.730396 185.088547 87.979889 6.247863 218.800690 -0.049169                280 
-13.136077 187.721725 52.876484 -32.031021 228.474380 27.220947 -31.792791 189.225189 80.678848 7.508650 221.470703 -5.285856                289 
-17.452791 190.606827 45.672844 -33.538628 232.326035 19.693161 -37.261600 192.560669 72.682045 7.145255 224.048187 -11.054660                298 
-19.949835 192.945007 37.901894 -34.171528 235.402786 12.035309 -40.306805 195.172272 64.484421 7.000663 226.262451 -17.804840                307 
-17.133301 197.608719 30.477448 -31.365217 240.176849 4.894453 -37.134399 199.985031 57.450451 9.285882 230.609406 -25.520702                316 
-55.688541 211.414673 40.435417 -8.533973 247.466858 3.726694 -53.793583 218.283173 45.460106 39.661087 229.248108 7.527088                325 
-70.874313 221.932571 -0.493902 3.449830 248.246628 3.333231 -61.683548 225.288940 10.877297 39.840363 218.874924 25.291397                334 
-66.903625 233.509171 -23.272966 10.003387 248.682770 1.547044 -60.270329 233.506088 -4.422340 38.161919 213.068283 26.201342                343 
-61.590881 241.083008 -36.787689 14.528399 248.506134 -1.315167 -58.871929 238.047241 -12.036034 38.476513 210.119736 23.626802                352 
-57.619503 247.799606 -46.467682 17.517115 248.215744 -4.884428 -57.794926 241.638672 -18.105822 38.501976 207.906616 19.690735                361 
-55.085583 253.485168 -56.001266 19.024965 248.504990 -10.073807 -57.839352 244.639053 -24.481672 37.872753 207.162018 14.515806                370 
-52.564739 257.262207 -64.274750 20.548021 248.993469 -15.046569 -57.382519 245.694916 -30.435169 38.481628 207.280304 9.601477                379 
-50.092762 259.955994 -70.898735 22.039352 248.364838 -19.101830 -56.318913 245.814987 -35.856556 38.986191 206.365631 5.757771                388 
-48.105373 262.412537 -78.332710 22.782034 247.765320 -23.874416 -55.838215 245.714935 -42.188240 38.734447 205.693741 1.515191                397 
-46.837799 263.840790 -85.428139 22.933474 246.690842 -28.655861 -55.887566 244.596390 -48.253994 38.213871 204.785095 -2.587731                406 
-45.195148 264.919098 -92.386047 23.276733 245.642227 -32.967976 -55.551521 242.000198 -54.335064 38.539261 204.075806 -6.351873                415 
-43.361980 266.080994 -98.019966 23.780476 243.637070 -36.589005 -55.214573 240.257355 -58.923069 38.210701 202.347351 -9.092516                424 
-42.311016 264.214813 -104.275322 24.300192 242.082306 -40.994556 -55.067318 236.743881 -63.362003 39.079884 201.897964 -12.082469                434 
-41.380463 263.654877 -109.754303 24.155310 240.249359 -44.704231 -55.265251 233.924698 -67.775635 38.748474 200.726776 -14.802152                442 
-40.076031 261.022461 -114.736702 24.509592 238.124908 -47.975906 -54.872967 230.662537 -71.682205 38.984543 199.382751 -17.013813                452 
-40.317822 246.071243 -127.705093 24.359987 230.021042 -58.422756 -54.877609 217.525131 -81.264526 40.029030 194.856400 -23.969048                479 
-40.207138 243.505280 -129.530289 24.526354 228.406662 -59.824394 -54.708584 214.963562 -82.201897 40.471455 194.080292 -24.659300                488 
-41.003448 240.519989 -132.294693 24.190538 226.309784 -62.208691 -55.125824 211.260223 -83.281387 40.829578 193.452682 -25.977737                497 
-40.705418 241.683975 -134.493134 23.909393 223.176987 -64.230804 -55.737080 210.379639 -85.451851 39.667942 189.665085 -28.206509                506 
-41.254326 238.669403 -135.768250 24.039206 221.281982 -65.611946 -55.667397 207.729935 -85.877571 40.274075 188.645187 -29.000488                515 
-43.752674 231.486069 -136.538177 23.796637 218.582993 -67.315956 -55.714603 201.786514 -84.945190 41.947887 188.280975 -29.613838                524 
-46.362373 222.561539 -137.899933 23.292910 215.925064 -69.757538 -55.457340 194.840866 -84.723320 43.622517 188.599518 -30.909754                533 
-47.328030 217.897812 -139.336746 22.993784 214.433365 -71.311783 -54.791912 190.969849 -85.176941 44.264511 189.330719 -31.480360                542 
-48.435146 210.805115 -140.700317 22.530413 212.981750 -73.229004 -53.440533 185.928558 -86.208046 45.004047 190.740814 -32.370640                551 
-50.448093 201.246399 -141.341141 22.341028 211.960205 -76.726479 -51.301876 182.296463 -86.549911 46.172993 194.980087 -34.148991                560 
-51.190464 191.487061 -141.904663 21.923433 211.929230 -80.274635 -49.136696 178.321884 -87.039764 46.985634 200.508972 -36.564301                569 
-50.549137 188.425140 -142.255783 22.080601 212.039322 -81.551285 -47.261887 177.069824 -88.562439 47.323952 202.150803 -37.572659                578 
-50.435009 189.900940 -143.238678 22.749798 212.380676 -82.701500 -45.747257 178.037781 -90.664757 47.884201 202.415314 -38.677834                587 
-50.429649 190.376801 -143.962128 22.951584 212.646301 -83.531090 -44.555172 178.231506 -91.928864 48.115295 203.139038 -39.422939                596 
-50.113556 189.870865 -145.004623 22.988861 212.381134 -84.302460 -43.188755 177.305710 -93.529182 48.023281 203.394272 -40.012012                605 
-49.343063 189.395218 -146.161896 23.010164 212.311752 -84.791840 -40.979015 175.942459 -95.903313 47.572701 203.671616 -40.169434                614 
-48.311813 190.130585 -147.247131 23.489435 212.427444 -85.349442 -39.881332 176.434753 -97.813591 47.433956 203.460159 -40.456493                623 
-47.652122 190.726730 -148.064301 23.753004 212.496735 -85.762291 -39.105698 176.676605 -99.162933 47.297798 203.252609 -40.714340                632 
-47.481262 192.382645 -148.701050 24.097021 212.635483 -86.160439 -39.108463 177.731415 -99.926659 47.461033 202.749695 -41.154621                641 
-46.985306 193.450378 -150.111130 24.515100 213.336105 -87.418068 -38.841537 178.777496 -101.264160 47.739269 203.361374 -42.359528                650 
-49.555824 198.113495 -152.173859 24.464983 214.892349 -91.576408 -40.532272 182.921188 -103.604088 48.504089 203.974747 -47.168560                659 
-49.755035 202.413269 -153.943497 24.841867 216.155746 -93.325714 -40.709068 185.845261 -105.814217 48.646973 203.953888 -49.126610                668 
-49.621429 205.219208 -154.649826 25.084639 216.921844 -93.771652 -40.311310 187.002090 -107.123558 48.750046 203.594467 -49.823284                678 
-48.478058 209.450607 -154.697754 26.407919 217.618134 -93.475632 -39.015694 189.024948 -107.981049 49.534019 202.770691 -49.727875                686 
-48.865730 207.566833 -153.859009 26.613863 217.917831 -93.725510 -37.623360 187.164871 -107.386688 50.451588 204.298798 -49.960064                696 
-47.368729 206.892319 -153.440811 27.782784 219.946320 -93.622925 -35.095325 186.865036 -107.022156 52.123627 207.399979 -49.813763                705 
-44.860184 208.791901 -153.967834 29.588385 222.149734 -93.425056 -32.502750 188.278961 -107.315727 53.754047 209.853668 -49.448277                714 
-38.456757 221.826019 -156.908005 33.812061 226.116104 -92.604164 -29.577154 197.455170 -110.684135 55.213718 209.845535 -48.486515                723 
-34.453468 228.792068 -157.325089 36.769073 228.782013 -91.791283 -26.755867 202.661392 -111.509125 56.979076 210.892059 -47.738647                732 
-31.767111 230.986511 -156.364838 39.371452 232.073273 -90.816010 -23.445637 205.052551 -110.502861 59.839134 214.713135 -46.670460                741 
-28.961620 233.147064 -155.973907 41.702305 234.809250 -90.187752 -20.322773 207.338287 -110.526474 62.302902 217.288467 -46.167679                750 
-23.171839 235.536377 -154.710953 45.787479 238.232300 -87.456917 -15.659592 210.918594 -108.776985 65.450310 221.287842 -42.787151                759 
-16.348082 240.592300 -153.805511 50.154022 241.632339 -84.292854 -10.820367 215.614075 -107.897026 68.264847 223.794754 -39.315666                768 
-10.979790 244.395187 -153.996170 53.710602 243.808899 -82.935829 -7.037270 218.934174 -107.815353 70.944534 225.273376 -37.896347                777 
-6.712745 248.758072 -153.832855 57.166519 245.500137 -82.225098 -3.318394 223.071289 -108.017601 73.912422 225.923492 -37.442741                786 
-3.119716 251.896301 -152.884216 60.317894 248.495590 -80.960213 0.904091 226.189178 -107.522415 77.316460 228.600464 -36.414040                795 
1.353522 254.175323 -151.874954 63.852673 251.379440 -79.150719 5.459712 228.979843 -106.526512 80.568352 231.784729 -34.364975                804 
8.655571 263.755646 -151.181290 68.151871 253.451279 -76.562355 10.232654 234.877274 -107.126060 82.834335 230.441879 -32.697533                813 
13.216634 264.240540 -150.277237 71.632988 255.276840 -74.704147 14.626340 235.412155 -105.776260 86.395012 232.787262 -30.597105                822 
17.972485 263.379486 -150.516266 75.511314 257.427826 -74.019028 19.146408 235.922302 -104.884659 90.230278 236.563278 -29.106312                831 
22.634035 264.414154 -151.125473 78.727089 258.667023 -73.519539 23.078321 236.910385 -104.991714 92.978088 238.171951 -28.286915                840 
28.442331 265.812103 -151.450531 82.510460 260.494293 -72.362427 27.895502 238.260529 -104.939903 95.987930 240.331009 -26.745234                849 
32.805843 263.861084 -150.411453 86.225578 262.145752 -70.702133 32.500351 237.662766 -102.869514 99.914490 243.808319 -24.382799                858 
37.423210 259.825806 -149.582275 89.525284 262.834381 -69.028687 36.937973 235.678207 -100.719894 103.081421 246.958130 -21.770828                867 
41.900028 257.444641 -149.259613 92.858818 263.018097 -68.118446 41.281513 234.391174 -99.907326 106.182930 248.352158 -20.405689                878 
46.390633 255.106552 -148.457748 95.651924 263.158783 -66.523415 45.387119 233.083115 -98.883095 108.375298 249.502640 -18.349207                885 
51.370735 251.824234 -147.781982 98.953690 263.376617 -65.378532 50.063995 231.491928 -97.909363 111.149765 251.193115 -16.675886                894 
55.272076 247.508331 -146.859283 101.910332 263.245270 -64.848907 54.277615 229.308456 -96.973984 114.115639 252.628540 -15.783187                903 
59.891548 243.602280 -146.504868 104.694405 262.979797 -64.507820 58.537964 227.384247 -96.807968 116.320694 253.668442 -15.038063                912 
63.936745 238.433640 -145.236832 107.489227 262.609192 -64.110321 62.679516 224.862106 -95.678558 119.017860 255.221771 -14.294200                922 
68.811256 233.529587 -143.873627 111.120438 262.587036 -63.910858 67.549271 222.634705 -94.413628 122.603142 257.324249 -13.815149                931 
72.894485 229.308899 -143.542099 114.361992 261.627869 -64.591560 71.292168 220.735580 -94.386131 125.426598 257.937897 -14.261771                940 
73.398689 227.127106 -142.570129 116.118156 260.948242 -65.007668 73.141533 219.390198 -93.668518 128.334702 257.826050 -14.906398                949 
75.424545 225.266479 -141.879379 118.368988 259.901062 -64.841423 75.776741 218.062119 -93.204079 130.900177 257.114136 -14.798127                958 
77.954872 223.156677 -141.676620 120.652596 258.569824 -64.878113 78.675003 216.439911 -93.183853 133.173462 256.156219 -14.812835                967 
78.317490 209.870193 -105.371864 121.979149 254.401260 -66.222244 80.194672 213.016464 -95.414146 135.022690 250.603317 -16.376770                976 
80.206863 202.459259 -92.709564 123.034454 251.924377 -66.411537 82.257706 209.324142 -95.075996 136.458176 248.863953 -16.616289                985 
79.587212 204.273483 -108.624336 124.529953 251.229477 -66.233582 84.685936 207.304520 -93.494888 137.898010 250.156311 -16.340967                994 
80.306351 202.355240 -117.759659 126.424728 250.276169 -65.535599 87.481041 205.234619 -91.627777 139.281418 251.169434 -15.505239               1003 
83.441299 198.875854 -120.065681 128.129364 248.997208 -64.385857 91.264313 202.602417 -90.081970 139.893234 251.572800 -14.145365               1012 
86.720573 194.409485 -120.387177 129.189804 247.653091 -63.855263 94.826210 199.436569 -88.722084 140.006561 252.216339 -13.543197               1021 
88.252335 190.046555 -119.824585 129.597565 245.790451 -64.300903 96.825729 196.314148 -88.029686 140.109360 252.002380 -14.100870               1030 
89.446297 187.116119 -120.459496 130.111099 243.725037 -65.112343 98.686882 193.793915 -88.788818 140.516296 250.292984 -14.935421               1039 
89.569244 183.079758 -119.983330 130.244278 241.130585 -65.825714 99.431381 190.732498 -88.696556 140.920044 248.495331 -15.816541               1048 
90.071175 179.903809 -119.821640 129.846786 239.268295 -66.204201 100.252289 188.515717 -89.159286 140.240494 246.928665 -16.180016               1057 
90.169739 174.425491 -120.591370 129.082458 236.152954 -68.859436 100.672859 184.422821 -90.530708 139.524948 245.233337 -19.083633               1066 
90.478203 170.460907 -122.217186 128.257324 233.099716 -70.885338 100.622017 181.195862 -93.006218 138.193893 242.108688 -20.993130               1075 
89.007767 165.608017 -120.168022 127.674538 231.559143 -74.116890 99.762405 178.639603 -92.767174 138.213425 243.572067 -24.986958               1084 
87.785599 162.345810 -118.769295 126.915878 230.363968 -76.514816 98.950256 176.977493 -92.861343 137.330078 244.618668 -27.960957               1093 
87.814476 160.272156 -118.775444 126.345543 229.247940 -77.650963 99.058693 175.612259 -93.530571 136.380737 244.262100 -29.246428               1102 
87.730789 158.304428 -119.508858 125.596672 227.941360 -78.923065 99.101486 174.170120 -94.688446 135.336136 243.411530 -30.601780               1112 
87.035645 156.109665 -119.790916 124.893745 226.433289 -80.508781 99.358459 173.186661 -96.254936 134.768036 242.584091 -32.438217               1120 
85.615517 153.805847 -119.323364 124.112785 224.865204 -82.265083 98.671211 171.912964 -97.179474 134.469971 242.007141 -34.641434               1130 
85.766350 152.254120 -119.639618 123.580574 223.998474 -83.242760 98.929947 170.966217 -98.029800 133.779861 241.629578 -35.763836               1139 
85.747978 150.604874 -120.079010 122.985435 222.888596 -84.164970 98.900002 169.827881 -98.839241 132.777908 241.043472 -36.797920               1148 
86.124252 147.706711 -120.127289 122.176552 221.332687 -85.855019 99.077652 167.794479 -99.620964 131.484818 240.703339 -38.873497               1156 
84.794945 144.534698 -119.552071 120.835861 219.079254 -87.468803 98.028397 165.433502 -100.061508 130.021118 239.768936 -41.028549               1166 
83.250145 137.958710 -118.735939 119.426582 214.272812 -91.773888 96.897263 160.197418 -101.180779 127.717667 238.207336 -46.745838               1174 
81.540321 134.359741 -118.685539 118.277702 211.310913 -95.336205 95.851730 157.185287 -102.996208 126.955719 236.708740 -51.191307               1183 
80.992752 132.352661 -118.299332 117.382912 209.663513 -96.476585 95.685852 155.468430 -103.693359 125.491631 235.776611 -52.641850               1192 
80.766357 131.547440 -118.492645 116.798439 208.951935 -97.293915 95.808304 154.728790 -104.687149 124.523712 235.162140 -53.447880               1202 
80.367081 130.074051 -117.449928 116.089340 207.808609 -98.325905 95.765099 153.416321 -105.081940 123.864372 234.570068 -54.823002               1211 
79.777443 128.499481 -116.235748 115.139587 206.565918 -98.655769 96.209702 151.960144 -104.648369 122.916420 233.830276 -55.466591               1220 
79.977737 126.162628 -115.383888 114.170914 205.147400 -100.553398 97.059837 150.039322 -104.751877 121.688301 233.679688 -58.144356               1229 
78.428558 123.511490 -115.623817 113.167976 202.378555 -103.326431 97.709213 147.284531 -105.462845 120.497635 231.905655 -61.570522               1238 
75.651405 120.991020 -115.385780 111.959816 198.883469 -104.466743 97.649757 144.634140 -106.675858 119.485527 228.455109 -62.777279               1247 
74.764267 119.443306 -114.679382 111.022911 197.035568 -105.379852 97.980141 143.053940 -107.769135 118.684013 226.573044 -63.690834               1256 
73.556961 118.155876 -114.760574 109.837761 195.430923 -106.572594 99.520531 141.978745 -108.495804 117.699516 224.769424 -64.780556               1276 
74.155136 116.396538 -113.570267 109.247330 194.323654 -107.389412 101.254578 140.915070 -107.481743 116.958138 224.569870 -66.220985               1285 
74.497604 115.187569 -112.418007 108.688042 193.479385 -108.147133 103.251991 140.351700 -106.169037 116.422829 224.377197 -67.470009               1292 
74.879456 113.943489 -111.796127 107.941750 192.561996 -108.886009 104.783440 139.683014 -105.417847 115.275749 223.898392 -68.471008               1302 
74.275963 113.062317 -112.106300 107.992508 191.173904 -110.916382 105.973488 138.986053 -104.472801 113.741470 223.716446 -71.204140               1310 
72.238960 113.450363 -110.385284 107.821617 190.230499 -112.247185 106.488510 138.988556 -102.507233 113.667015 223.799881 -73.413475               1319 
71.153770 112.819572 -109.691780 107.251656 189.105774 -112.843391 107.377350 138.702560 -100.748665 113.052498 223.077057 -74.354027               1328 
70.072006 112.328072 -109.100571 106.865799 188.057404 -112.871948 108.151703 138.477249 -98.870277 112.491814 222.214920 -74.521706               1337 
69.568932 112.055077 -108.652885 106.533241 187.356842 -113.273064 109.721558 138.974823 -97.128181 112.061035 221.592514 -74.978264               1346 
69.714172 112.431366 -108.394974 106.553825 187.535278 -113.424339 111.336670 140.102722 -95.778870 111.850212 221.710587 -75.043015               1355 
69.994156 112.280075 -108.764984 106.025391 187.646698 -114.120323 112.349945 140.657394 -96.131538 111.643806 221.532776 -75.528923               1364 
70.945168 112.292580 -108.758629 105.523224 188.128281 -115.298431 113.740860 141.573730 -97.150719 111.822136 221.933395 -76.741096               1374 
72.100075 112.214668 -108.397148 105.392532 188.331528 -116.290611 115.163765 142.284195 -97.789787 112.093903 222.253494 -77.904137               1382 
70.811699 113.577858 -110.528709 105.645447 188.932312 -116.251701 114.438133 142.632629 -97.956535 111.521179 221.860901 -76.877678               1391 
71.384171 113.144028 -109.962250 105.188957 188.685471 -116.485519 115.585991 142.995621 -97.790253 111.438522 221.414276 -77.002647               1400 
72.154449 111.612808 -110.362282 104.666862 187.727478 -115.899918 116.842552 142.495850 -97.512383 111.181160 219.569504 -75.740494               1410 
72.582314 110.386597 -110.888885 104.281982 186.891556 -115.515945 118.217766 142.557892 -96.721802 111.093864 218.034317 -74.860611               1419 
72.635803 109.814789 -110.824738 103.843056 186.538986 -115.082367 119.298920 143.186768 -95.551178 111.080978 217.268936 -74.187233               1428 
72.836868 109.495598 -110.346306 103.548859 186.410568 -114.715523 120.136230 143.828979 -94.565018 111.127228 217.019958 -73.791656               1437 
72.980858 109.263687 -110.618698 103.533493 186.283646 -114.691689 120.721886 144.214310 -94.084793 111.204330 216.711258 -73.649651               1446 
73.345619 109.197464 -110.982170 103.491623 186.432159 -114.710716 121.097122 144.520752 -94.222107 111.279655 216.653275 -73.538391               1455 
73.909767 109.187935 -111.350410 103.491798 186.678345 -114.639709 121.550415 144.913147 -94.320709 111.246010 216.669891 -73.293503               1464 
74.106583 109.177055 -111.818703 103.425224 186.783707 -114.580986 121.685944 145.008392 -94.507828 111.179153 216.474869 -73.018501               1473 
75.176643 109.424988 -112.995911 103.327934 187.495132 -114.408974 122.389282 145.722839 -95.149841 110.951187 216.457245 -72.311333               1482 
76.194511 110.234291 -115.192970 103.321358 188.658112 -113.596458 123.172333 146.794769 -95.449524 110.559402 216.076523 -70.411156               1491 
75.919411 111.278809 -115.268105 103.972565 189.318817 -111.779633 123.153397 147.445358 -93.023918 110.357483 216.035385 -68.023628               1500 
75.149055 112.143211 -115.211578 104.253517 189.778061 -111.025230 122.961731 148.015320 -91.672447 110.595245 216.205887 -67.087982               1509 
74.921616 113.193832 -115.091637 104.320953 190.692245 -110.443016 123.184715 149.203247 -90.760315 110.807098 216.835281 -66.356735               1518 
74.269386 115.912361 -116.815407 104.405746 192.820099 -108.491989 122.830742 150.527557 -90.183899 110.836449 216.919540 -63.248283               1527 
74.214165 117.750237 -117.842651 104.480797 194.318176 -107.186714 122.902023 151.635193 -89.768974 110.926971 217.072113 -61.253777               1536 
75.776451 118.576324 -119.695129 104.391983 195.377884 -106.566551 123.727791 152.617508 -90.394547 110.416542 216.762878 -59.924122               1545 
75.568855 120.585999 -121.733383 104.502419 196.626419 -105.383064 123.386658 153.178635 -90.609985 110.266182 216.130875 -57.891117               1554 
75.792854 122.151337 -122.448769 104.755203 197.849762 -104.788948 123.516815 154.107086 -90.876740 110.764282 216.412918 -56.951412               1563 
76.525978 123.606659 -122.550934 105.267288 199.266922 -104.519714 124.037064 155.395630 -91.424095 111.958710 217.315155 -56.575840               1572 
77.176369 124.514130 -121.826080 105.448235 200.376740 -104.020203 124.631363 156.675888 -90.983864 112.401611 218.479538 -56.134212               1581 
77.222885 125.698044 -120.842484 105.599716 201.544525 -102.939651 124.969208 157.980621 -89.738457 112.840691 219.762177 -55.139919               1590 
77.470955 127.702980 -120.524757 105.401161 203.707474 -102.282013 125.476364 160.383652 -89.382225 113.203773 221.843765 -54.539757               1600 
76.219383 130.825592 -117.107300 105.539238 206.482681 -98.276428 125.209465 163.168900 -84.208725 113.942986 224.913727 -50.749565               1626 
75.167076 132.938980 -118.064796 104.928589 207.478210 -95.463547 124.236168 163.488327 -82.938568 113.208321 223.806534 -47.152462               1635 
74.288605 135.442810 -118.416153 104.510712 209.064148 -93.269768 123.475693 164.600677 -81.735626 112.857033 223.958542 -44.508865               1644 
76.388008 138.119156 -122.202263 102.147118 209.602814 -87.301582 122.904449 165.011612 -79.867760 108.247673 219.320251 -36.928135               1654 
78.077995 141.029343 -123.851448 100.432884 210.699402 -82.625458 123.064499 166.632645 -77.505859 105.522987 217.471603 -31.661180               1664 
79.936447 144.709717 -126.703094 99.127594 211.398468 -78.494667 122.775040 167.631104 -75.289291 102.291908 214.991226 -27.053354               1672 
83.122368 149.825607 -128.703629 98.185349 213.703934 -74.542519 123.965340 171.013763 -72.767212 99.984879 214.888397 -22.923838               1681 
83.452179 160.358688 -128.466080 100.592796 219.595825 -68.274551 128.423584 178.197556 -71.258720 106.423035 217.679306 -16.976748               1699 
82.047737 163.112305 -128.077103 100.913765 221.034393 -66.487129 128.811188 179.731110 -70.775833 108.167107 218.601074 -15.393121               1708 
81.353752 167.229889 -128.976395 99.655273 221.932068 -63.751411 127.439430 180.627136 -69.594246 106.244232 217.512619 -12.700618               1717 
82.060638 171.618713 -130.049408 97.485764 222.820313 -60.662506 126.574745 182.426392 -68.481026 103.066261 216.349411 -9.710423               1726 
81.817909 175.893250 -132.169022 95.616600 223.556473 -58.753174 125.750557 183.956879 -68.507126 100.693672 216.032822 -7.893098               1735 
79.013985 181.242523 -130.851715 95.527405 226.366684 -55.668427 125.149513 186.744949 -67.833618 102.049797 218.040421 -5.099057               1744 
76.978569 184.346207 -130.874542 93.450371 227.081421 -53.531948 123.949341 188.341904 -66.951607 100.367889 218.180023 -3.113276               1753 
74.366478 187.175964 -129.895279 91.023346 227.889618 -50.821217 121.599632 189.205612 -64.627853 97.569771 218.691864 -0.406187               1762 
70.891365 188.433395 -128.329422 89.444695 229.012436 -49.402802 118.932518 189.373413 -63.153309 96.106606 220.328476 1.088158               1771 
67.606667 192.283966 -126.982285 88.033821 230.775116 -47.531296 116.612045 190.860428 -62.582451 95.190147 221.080475 2.707438               1780 
64.590324 197.147919 -124.907249 86.045021 232.874191 -44.614574 114.773033 193.839737 -61.721642 94.174194 221.499893 5.121440               1789 
61.223667 202.664520 -122.183098 84.753471 235.098495 -41.261639 112.958717 196.719238 -60.698139 94.054443 221.807114 7.788951               1798 
59.163769 206.424194 -120.585892 82.857117 236.183243 -38.754780 111.466919 198.919266 -59.799965 92.667450 221.340607 9.748651               1807 
55.501492 210.101059 -117.625282 81.967812 238.182846 -36.079227 109.404190 200.632889 -58.232265 92.687904 222.752472 12.046778               1816 
53.031425 212.718124 -115.101952 80.638847 239.374710 -33.827831 107.381996 201.695740 -56.667522 91.539482 223.327255 14.055199               1825 
50.338291 214.207703 -111.009659 79.944328 240.716431 -30.794001 106.027367 202.924316 -54.260620 91.890404 224.713120 16.853819               1834 
47.929165 217.225815 -105.367050 79.292793 242.311050 -26.749620 104.719826 204.801910 -51.411690 92.231865 225.573318 20.383785               1843 
46.109135 220.477448 -100.728096 77.853821 242.974777 -23.010284 102.863663 206.151672 -49.135242 90.962730 224.589767 23.457745               1853 
43.669106 221.546356 -95.335396 77.232323 244.072403 -19.584496 101.277626 207.103867 -46.437637 91.362785 225.518448 26.515503               1862 
42.169079 222.144196 -91.769218 74.733368 243.640427 -16.486725 99.158150 207.431641 -44.057659 88.666588 224.133133 29.278547               1871 
39.398693 224.180008 -86.407852 74.357880 244.650665 -12.915636 97.383186 208.556870 -41.839573 89.554016 224.319458 32.082684               1880 
36.773418 224.848129 -83.016083 71.933563 244.395950 -10.326546 89.139374 208.052216 -41.950916 86.899574 223.266968 34.380428               1888 
33.149895 225.313507 -78.940346 70.027466 245.151657 -8.710757 77.907616 207.692520 -42.343365 84.653061 223.872513 36.037640               1898 
31.058250 223.445145 -72.309578 67.736931 246.060226 -7.241520 64.734238 208.633301 -41.892826 82.218155 225.227066 37.762955               1907 
28.015423 222.500549 -65.732590 66.476242 247.342209 -5.663233 54.754585 210.203186 -40.026100 81.934715 227.135925 39.301983               1916 
24.653517 220.220230 -58.531784 65.978966 247.822357 -3.295861 45.208633 211.011719 -35.291576 84.460655 228.840897 41.057949               1925 
20.640461 217.918655 -51.278767 64.499763 247.249023 0.119804 37.955322 210.551056 -29.402559 85.757629 229.100159 43.569214               1934 
16.738485 217.635895 -43.558533 63.772060 248.165756 3.918084 30.714403 211.952148 -22.172470 87.938797 230.827118 46.161072               1943 
12.877252 216.884598 -37.059982 62.270149 248.871628 6.768296 25.069138 212.452713 -15.767453 89.421471 232.419800 47.527008               1952 
9.067831 213.674484 -29.772478 59.816040 248.395233 10.168356 19.740763 210.866241 -8.044432 88.737000 234.315170 50.596802               1961 
6.305261 209.506073 -23.368763 57.633842 248.704269 11.268588 16.836819 208.544891 -1.650768 89.357620 238.330170 50.703457               1970 
2.928606 200.265945 -16.390694 53.491714 245.070419 11.947094 13.530155 201.720764 5.112430 87.807419 239.783081 50.204193               1979 
0.808514 198.260986 -7.480060 51.621662 246.529678 14.074214 11.784633 202.086472 13.394979 87.185852 245.755417 51.540443               1988 
-1.176402 195.586090 -0.928471 49.485306 245.984955 16.240988 9.906089 201.005188 19.410913 85.787209 247.983505 52.946667               1997 
-3.619482 192.007477 6.232107 46.940010 244.287613 18.382048 7.564541 199.012451 26.003195 84.374229 248.951431 53.681583               2006 
-5.922120 188.286911 11.823325 44.469158 243.018570 20.840816 5.626848 196.711090 31.804119 83.419434 249.212006 54.212170               2015 
-8.674710 183.605209 15.995776 42.900341 240.997131 24.738438 3.686714 194.390884 37.131348 81.920395 248.040619 57.858730               2024 
-10.010687 180.250366 19.424473 41.790672 239.532501 28.243389 3.056891 192.153030 40.798946 81.361954 246.485718 60.722546               2033 
-11.768240 175.138672 22.878155 39.702480 235.545837 32.039986 1.427356 187.368225 44.409054 79.552925 242.445572 64.187538               2042 
-13.211657 172.194702 25.815042 38.037418 233.317474 34.884876 -0.056552 184.604446 47.339844 78.259109 240.084625 66.595299               2051 
-14.511677 170.001358 28.371469 36.351372 231.789398 37.836639 -1.411093 182.404694 49.940250 76.960663 238.218246 69.120575               2060 
-14.168320 166.779510 31.103031 36.149567 229.355865 40.359863 -0.386948 178.768967 52.569618 78.177612 235.312119 69.809746               2069 
-14.504212 164.086761 31.799509 34.587948 227.810043 41.660969 -0.146174 175.558136 53.161961 77.929573 233.423599 69.213120               2078 
-14.977127 157.994781 35.734474 31.063004 224.658752 41.673294 -1.137910 171.404541 56.180420 74.539185 233.471222 68.155205               2087 
-15.779490 153.483231 39.472332 28.452682 221.679886 42.866924 -2.646688 168.184601 59.142918 72.005753 232.029984 68.657135               2096 
-16.107813 146.431992 39.799576 25.538256 216.174316 43.040394 -4.555791 161.883270 59.047680 68.839546 227.330505 68.918320               2105 
-14.581037 143.823364 42.130180 23.564304 215.456207 43.888294 -4.210626 160.034195 60.553890 67.279778 227.994781 68.400970               2115 
-12.990921 142.702545 43.370365 22.782984 215.188644 44.291504 -4.178515 159.284683 61.005829 66.665741 228.155548 68.276756               2123 
-13.214037 142.092758 46.343704 21.382202 215.025711 44.590885 -4.888238 159.237717 63.158569 65.813141 228.740387 67.105972               2133 
-12.642226 140.837479 47.682499 20.095337 214.473465 44.569599 -5.248036 158.412872 63.934170 64.325157 229.272751 66.791962               2142 
-13.711861 140.285477 50.543930 18.812923 213.870209 46.468533 -6.859505 157.955917 66.212059 63.009895 228.746475 68.704849               2151 
-14.831171 139.394699 53.642120 18.172256 212.692780 48.559223 -7.225704 156.708450 67.673958 62.330685 227.536285 70.893791               2160 
-15.855677 138.321869 53.927040 18.214729 211.172638 50.909344 -6.275027 154.182098 65.923225 63.328697 224.088074 72.520699               2169 
-17.067856 139.000748 53.081120 17.409790 211.714630 53.091827 -5.859552 153.691513 63.708939 63.399601 223.000458 73.748466               2178 
-13.397267 136.061417 52.399178 16.059603 210.944031 52.269489 -4.075124 151.799179 63.228786 59.631256 225.921722 75.642754               2187 
-14.754885 134.166138 53.308826 14.483664 209.109650 52.626297 -5.330447 149.935745 63.638229 58.233768 224.195343 75.593216               2196 
-15.689209 133.129410 53.795437 13.454205 208.069839 52.957390 -5.943647 148.849625 63.304314 57.423805 223.021484 75.590370               2205 
-16.375982 134.715820 55.209400 12.982391 209.563904 53.658237 -6.261709 150.409897 64.129395 57.275730 224.459869 75.688667               2214 
-17.798101 136.377701 56.966263 12.470726 210.902313 54.561092 -7.055968 151.952332 65.325546 57.434601 225.295517 75.542397               2223 
-18.710142 137.361206 59.477791 12.461969 211.488510 54.980148 -7.431280 152.939224 67.102776 57.934498 225.764893 74.919144               2232 
-19.592533 138.151382 61.688656 12.366891 211.827637 55.155739 -7.711002 153.584320 68.525993 58.212185 226.034653 74.273773               2241 
-20.468601 138.989929 63.850388 12.096171 212.253342 55.729618 -7.904621 153.997498 69.812202 58.316780 226.315826 74.033485               2251 
-22.023415 140.908478 66.200195 11.048315 213.679108 55.912857 -8.935844 155.593170 71.270515 57.230442 228.053360 74.071083               2259 
-23.308378 142.155914 67.846687 10.752281 214.257248 56.145420 -9.764818 156.445694 72.382103 56.817261 228.591644 74.629784               2268 
-23.704641 141.701950 68.077034 10.603838 213.737427 56.673893 -9.677415 155.529449 72.204651 56.900803 227.689590 74.868881               2277 
-23.985306 141.259155 68.290459 10.441173 213.291565 57.205906 -9.102371 154.501541 71.465302 56.935043 226.941620 75.125862               2287 
-24.119751 140.945175 68.445656 10.301672 213.008881 57.581203 -8.588915 153.645996 70.608414 56.939781 226.453262 75.280487               2296 
-24.238567 140.780807 68.745567 10.131680 212.866226 57.914845 -8.287269 153.064255 70.059723 56.873508 226.196365 75.425941               2304 
-24.168276 140.345139 69.431534 9.935092 212.462341 58.312527 -8.250945 152.402847 70.186317 56.765797 225.789352 75.586937               2313 
-24.143797 139.736374 70.766159 9.429435 211.865631 58.518730 -8.357924 151.677383 70.846786 56.445438 225.431976 75.089157               2323 
-24.043800 139.487686 71.741234 9.225468 211.597534 58.730495 -8.317060 151.297394 71.258278 56.363155 225.298904 74.837654               2332 
-24.049149 139.559540 71.966362 9.332005 211.656616 59.464230 -8.400768 151.174774 71.130997 56.616104 224.906204 75.520119               2341 
-23.779932 139.814499 73.188637 9.267571 211.869110 59.612988 -7.846055 151.222290 71.396286 56.527805 225.508896 75.410332               2350 
-23.926891 140.395996 75.370728 8.266779 212.376465 59.565735 -7.864610 151.775894 72.949547 54.790619 227.542435 76.138451               2359 
-24.020977 140.624573 76.528549 8.013309 212.492844 60.097553 -7.906216 151.906998 73.547401 54.378521 227.932449 76.861046               2368 
-23.848534 140.823120 77.499023 7.563458 212.771164 60.351414 -7.840558 152.183762 74.181557 53.566154 228.914749 77.447205               2376 
-23.700567 140.893005 78.600006 6.811207 212.908676 60.404083 -8.559935 152.432266 75.511642 52.315659 230.021469 77.886253               2386 
-23.250084 140.030869 79.685623 6.493773 212.174301 61.157722 -8.950920 151.625641 76.553436 52.202961 229.365021 78.018272               2395 
-22.648451 138.959091 80.132629 6.807837 211.246460 62.119125 -8.655859 150.465302 76.418060 53.288883 227.602722 77.646980               2404 
-22.477451 138.625320 80.905464 6.764132 210.796829 62.736515 -8.895465 150.012756 76.663803 53.652527 226.702621 77.488251               2413 
-22.431696 138.599594 81.534729 6.569163 210.594986 63.146961 -10.573830 149.756042 77.590256 53.664654 226.222153 77.532234               2422 
-23.171339 138.688736 82.207932 6.262949 210.473633 63.788662 -12.839844 149.815155 79.020844 53.590492 225.647552 77.894867               2431 
-23.836626 139.445679 83.630608 5.702370 210.837875 63.935833 -14.994547 150.681839 81.465584 52.840126 226.397964 78.255234               2440 
-24.362297 137.688950 83.635757 5.898386 209.096298 65.159821 -17.119289 149.249893 83.362846 53.672558 223.423508 78.631615               2449 
-24.720848 136.944733 83.860924 5.890118 208.284882 65.698921 -18.770967 148.929688 85.116669 53.981167 222.049911 78.618065               2458 
-18.671282 124.015617 71.734650 5.235486 199.817215 65.241150 -13.820754 135.970856 75.718170 53.991428 214.500198 73.981720               2467 
-9.867484 112.299171 61.185543 2.407722 191.083603 62.149578 -7.231572 124.314171 66.893211 48.448402 211.968994 72.788437               2476 
-6.323476 108.052284 56.621246 0.603186 187.385498 60.379551 -4.913757 119.914810 63.136425 44.929070 210.890076 72.703537               2485 
-3.986552 105.121529 53.383247 -0.479380 184.510696 59.752388 -3.371256 116.733063 60.556442 42.651638 209.430511 73.458138               2494 
-4.592097 104.041306 50.369919 -2.358598 183.120224 59.915428 -4.395200 115.250023 58.223198 40.547291 208.115326 74.179314               2504 
-3.739340 103.259209 49.723843 -2.435376 182.345764 59.306095 -3.919419 114.400497 57.745495 40.087185 207.744690 73.998123               2512 
-3.630389 101.975327 49.730335 -2.663546 181.137726 58.638405 -4.302011 113.154327 57.956566 39.657360 206.752502 73.536507               2521 
-3.839297 101.906624 50.235947 -3.085319 181.127029 58.514355 -4.987675 113.122543 58.609642 39.054070 206.856674 73.725769               2530 
-4.451368 101.999870 50.079960 -3.439503 181.229034 58.337666 -5.802408 113.218849 58.652580 38.804550 206.804657 73.518486               2539 
-4.882905 102.065887 49.967346 -3.692839 181.301987 58.211285 -6.404401 113.288124 58.701908 38.625580 206.767288 73.370430               2548 
-5.620453 101.865120 50.511868 -4.010144 181.153351 58.253090 -7.274787 113.154778 59.305721 38.416969 206.459381 73.375069               2557 
-6.139921 101.718964 50.880184 -4.201751 181.042664 58.273556 -7.919552 113.061562 59.732174 38.306782 206.208359 73.401070               2566 
-4.532572 100.213280 50.932522 -4.906116 179.541031 58.649830 -6.854731 111.470451 59.905422 36.732403 205.811050 74.310242               2575 
-3.399927 99.198128 50.979008 -5.396896 178.494720 58.912003 -6.139181 110.387390 60.053017 35.614422 205.513962 74.948273               2585 
-2.508153 98.562180 50.808277 -5.443798 177.846680 58.705776 -5.559893 109.727791 59.930313 35.167400 205.295700 75.027893               2593 
-1.390340 97.838425 50.797821 -5.501410 177.102188 58.550682 -4.802606 108.981171 59.943344 34.598236 205.108215 75.188286               2603 
-4.442340 97.720154 54.300537 -7.686198 177.156418 60.748985 -7.840493 109.067657 63.396202 32.867264 204.998688 76.539948               2612 
-10.009649 100.257637 59.066345 -9.155709 180.006531 61.683754 -12.875440 112.235634 67.735397 32.950382 206.445938 75.725281               2621 
-13.470161 125.387260 64.411697 -1.577317 186.177444 69.395210 -28.687471 122.099419 71.274254 49.592846 192.803513 72.010384               2630 
-12.906570 138.643570 69.139374 0.062608 193.651566 71.004837 -35.664139 133.311600 76.912819 51.538719 192.014191 66.923363               2639 
-13.976576 144.162766 72.859528 0.501189 197.563583 71.734184 -38.460621 139.358444 80.995193 51.432762 192.189407 64.935471               2648 
-14.044413 145.740067 74.048119 0.575978 198.546921 71.855270 -39.387680 141.024353 81.652641 51.197182 191.798874 64.039467               2657 
-14.205203 146.231781 75.371254 0.403005 198.899307 72.209114 -39.487286 141.463394 81.503853 50.880402 191.799988 63.797134               2666 
-14.764796 147.287964 77.675270 -0.083823 199.816895 72.742973 -39.682575 142.651337 81.412941 50.255024 192.351913 63.832092               2675 
-15.128374 148.029022 79.221481 -0.410980 200.433548 73.101738 -39.741066 143.398010 80.666626 49.830826 192.712280 63.867432               2684 
-15.317897 148.128494 80.017822 -0.528419 200.491180 73.166969 -39.489792 143.574081 78.751213 49.681870 192.696213 63.823811               2693 
-15.489583 148.184219 80.521858 -0.600811 200.526718 73.207176 -39.363045 143.749542 77.386467 49.589832 192.685440 63.797455               2702 
-15.670485 148.207886 80.909370 -0.622346 200.561646 73.244888 -39.236794 143.807297 76.627831 49.556026 192.707321 63.780750               2711 
-15.305030 148.074020 82.183853 -0.391100 200.364944 73.271339 -38.694382 143.581116 77.610565 49.785843 192.577728 63.744389               2720 
-15.048847 147.988251 83.619293 -0.184441 200.247360 73.417671 -38.106972 143.466583 78.745926 50.037777 192.623978 63.997360               2729 
-15.085758 147.913330 84.775879 -0.040415 200.215744 73.496498 -37.583412 143.562637 79.207573 50.226784 192.814713 64.139000               2739 
-14.951543 147.937622 85.855080 0.185390 200.235977 73.635574 -37.047741 143.790802 79.496841 50.526268 193.035583 64.520782               2747 
-15.126133 147.968109 87.477798 0.469545 200.266953 73.816162 -36.332905 143.962189 80.443214 50.927765 193.345047 65.145248               2774 
-15.178126 147.977905 87.889313 0.541170 200.274750 73.861679 -36.181252 144.093826 80.649849 51.028080 193.426743 65.299789               2783 
-15.220849 147.999374 88.449654 0.639793 200.285507 73.924362 -36.025658 144.392136 80.931145 51.165604 193.541580 65.510597               2792 
-15.516396 148.004532 89.025826 0.730423 200.324097 73.932686 -36.155407 145.235962 81.609673 51.281662 193.678497 65.593781               2802 
-15.945822 147.979507 89.532700 0.802950 200.354996 73.939354 -36.266407 145.898987 82.254562 51.374187 193.789124 65.658730               2810 
-16.154442 148.014359 90.127144 0.902420 200.437546 73.937195 -36.335140 146.654312 83.669167 51.493752 194.027145 65.657524               2820 
-15.974669 148.545197 91.379028 0.812410 200.982620 74.027565 -35.711281 147.106659 84.759552 51.559753 195.292938 66.187660               2830 
-15.819940 149.087830 92.754898 0.858605 201.477936 74.181305 -34.991379 147.519852 85.859253 51.714867 196.391434 66.638268               2840 
-15.650663 149.344955 93.496437 0.950973 201.725098 74.200737 -34.478897 147.720718 86.428581 51.843166 196.984238 66.674881               2847 
-15.587488 152.295380 96.806801 -1.225290 203.798615 73.163994 -33.505703 148.924454 88.525543 50.151649 201.939270 68.056923               2856 
-15.844297 154.023254 98.778282 -2.399052 204.916977 72.604828 -32.692799 149.661285 89.327576 49.105022 204.799927 68.549454               2865 
-16.303701 154.695953 99.711777 -2.898637 205.392975 72.366837 -32.213966 149.938538 89.382477 48.630402 206.044159 68.697578               2874 
-16.894814 155.350464 100.451538 -3.566042 205.855286 72.130707 -31.893021 150.109283 89.169617 47.983208 207.280182 69.004402               2883 
-17.548294 158.123199 102.485794 -5.377234 208.041138 72.202415 -31.258436 151.634567 90.270866 46.120911 211.783829 70.452301               2892 
-18.355356 160.380203 104.439392 -6.635365 209.569778 72.503281 -31.004084 152.990860 91.374939 44.770729 214.646759 71.627411               2901 
-18.798616 161.712570 105.502930 -7.254441 210.364304 72.464722 -30.751482 153.770691 91.932243 44.080322 216.165421 71.997475               2910 
-19.833380 167.755722 110.505035 -8.559596 214.119186 73.945793 -31.503464 158.866714 97.242455 42.753101 219.926254 72.392021               2919 
-20.318754 169.210892 112.196144 -10.087109 214.214859 73.450691 -31.960844 159.742920 99.296928 41.131577 220.173264 70.245552               2928 
-16.833151 174.540466 120.623528 -12.941217 215.069687 76.022469 -28.814222 163.015991 109.866852 37.276745 223.065140 66.892387               2937 
-14.907809 177.294556 124.393639 -14.837011 215.040100 77.114929 -26.996637 164.785385 114.908455 34.462795 223.692200 64.316505               2946 
-12.674801 182.146927 128.826096 -17.071278 216.127136 78.856621 -25.077091 168.729294 121.127884 30.852743 224.460114 61.450325               2955 
-10.997890 184.291336 130.222702 -17.402056 216.584335 79.263176 -23.549305 170.573975 123.298271 29.756964 224.358353 59.648869               2964 
-10.423171 185.068878 130.746490 -17.525791 216.755371 79.415253 -22.968493 171.233032 124.010811 29.328770 224.286636 58.993221               2973 
-10.098116 185.529083 131.073639 -17.600723 216.858932 79.507355 -22.613533 171.615234 124.405563 29.064959 224.234573 58.601768               2982 
-9.860591 185.875595 131.328247 -17.657946 216.938034 79.577682 -22.341736 171.899002 124.689926 28.861307 224.190536 58.305878               2991 
-9.675138 186.152924 131.537552 -17.704247 217.002029 79.634590 -22.121597 172.123383 124.909401 28.695168 224.152222 58.068447               3000 
-9.527296 186.379257 131.712845 -17.742411 217.054779 79.681496 -21.940025 172.304352 125.082649 28.557346 224.118851 57.874134               3009 
-9.115083 187.160248 132.164963 -17.598911 217.357574 79.776245 -21.495983 173.065308 125.631981 28.509220 224.023148 57.443764               3019 
-8.764824 187.842407 132.535355 -17.445534 217.618347 79.830849 -21.131235 173.741180 126.084724 28.500540 223.877411 57.051216               3028 
-8.516109 188.353699 132.825836 -17.329813 217.815079 79.872047 -20.855419 174.245316 126.412529 28.491692 223.763107 56.760574               3036 
-8.056736 188.711182 132.965988 -17.051708 217.921234 79.818184 -20.421423 174.624588 126.609642 28.611378 223.482239 56.300377               3046 
-7.729026 188.969833 133.073715 -16.849043 217.998596 79.778931 -20.104395 174.896774 126.745537 28.695932 223.275696 55.968502               3055 
-6.667586 184.439255 132.457870 -15.525887 215.899612 80.449478 -19.671099 171.140411 125.754105 29.727989 220.217590 55.902157               3064 
-2.132278 185.912109 126.771500 -15.131355 215.051102 80.823593 -19.341377 169.574051 125.389572 29.673800 218.768555 55.371525               3073 
0.132514 186.887527 123.428986 -15.131178 214.580826 81.012177 -19.469902 168.667892 125.105583 29.524326 218.118576 55.273113               3082 
1.004639 187.058594 122.064842 -15.131067 214.289169 81.129135 -19.549623 168.101151 124.915703 29.428740 217.719849 55.210350               3091 
1.617044 186.499710 121.257652 -14.839951 213.804871 81.207169 -19.501589 167.267822 124.587296 29.661610 217.080460 55.168526               3100 
1.699587 185.850098 120.631699 -14.960620 213.297882 81.152863 -19.674080 166.376129 124.101494 29.537592 216.735046 55.129322               3109 
1.745980 185.376022 120.200600 -15.047277 212.933807 81.113861 -19.798573 165.734207 123.743706 29.448921 216.486679 55.102425               3118 
1.785774 185.070923 119.900467 -15.105074 212.690979 81.087845 -19.881758 165.302948 123.496872 29.389961 216.320892 55.085064               3127 
2.029706 184.810272 119.510956 -14.955928 212.489136 80.932617 -19.781277 165.000214 123.215050 29.486483 216.036880 54.828690               3136 
