-57.109577 165.483231 82.018349 12.474703 205.510391 72.882072 -30.407515 168.498276 86.161598 62.825985 197.620270 81.345154                  0 
-58.729546 165.987289 81.577026 12.805521 205.629059 72.821419 -30.259310 168.696548 86.447952 63.199390 197.741455 81.029526                  8 
-60.082787 166.477127 81.199852 13.038028 205.712463 72.778793 -30.226334 168.870956 86.703629 63.461109 197.826996 80.807579                 17 
-61.079342 166.856857 80.933960 13.234976 205.771652 72.749825 -30.198315 168.987259 86.909218 63.684170 197.891785 80.618484                 27 
-61.763905 167.107773 80.759079 13.384326 205.816544 72.727867 -30.189125 169.078217 87.015625 63.853012 197.941147 80.475052                 36 
-62.180664 167.258972 80.658386 13.500611 205.851501 72.710762 -30.277508 169.210083 87.132751 63.984295 197.979721 80.363350                 45 
-62.477852 167.368423 80.592735 13.591170 205.878723 72.697449 -30.333061 169.302078 87.192177 64.086418 198.009842 80.276352                 54 
-62.770370 167.482544 80.517029 13.668963 205.902100 72.686012 -30.374098 169.375748 87.237343 64.174072 198.035782 80.201607                 63 
-63.004509 167.570190 80.459755 13.735115 205.921982 72.676285 -30.425367 169.446457 87.280319 64.248550 198.057892 80.138039                 72 
-63.258125 167.671890 80.390656 13.790212 205.938553 72.668182 -30.487446 169.510162 87.321182 64.310547 198.076324 80.085091                 81 
-63.535500 167.792114 80.296745 13.838138 205.952957 72.661133 -30.560345 169.571732 87.363884 64.364441 198.092392 80.039032                 90 
-63.764282 167.892685 80.220596 13.880454 205.965668 72.654907 -30.667397 169.652451 87.432953 64.412003 198.106583 79.998367                 99 
-63.819160 168.004456 80.294319 13.946403 206.188614 72.721817 -30.645149 169.836502 87.608330 64.506050 198.448349 79.997818                108 
-63.931995 168.340683 80.517708 14.079803 206.476120 72.807625 -30.678074 170.239853 88.092705 64.663277 198.805283 79.990944                117 
-63.717648 169.645416 81.641014 14.510110 207.624359 73.331062 -30.359331 171.668121 89.378639 65.111298 200.099518 80.543953                126 
-63.657696 171.062714 82.703995 14.872243 208.638062 73.847466 -30.147974 173.058777 90.507576 65.464340 201.075928 81.085106                135 
-63.847652 172.424988 83.243690 14.997423 209.537750 74.066772 -30.207472 174.402344 91.202309 65.540123 201.953583 81.619606                144 
-63.952976 173.438019 83.957062 15.109982 210.268066 74.491882 -30.178606 175.429596 92.018089 65.627426 202.727325 82.254272                153 
-64.014748 174.036621 84.388199 15.200399 210.706436 74.730659 -30.145975 176.041885 92.489723 65.707680 203.213120 82.604294                163 
-65.730003 174.457642 81.979347 12.870283 213.358200 76.064262 -32.264099 177.571396 91.443855 63.017170 207.703461 87.129662                171 
-66.171089 175.380234 81.473152 12.521172 214.355759 76.248543 -32.591549 178.522064 90.737396 62.485859 209.039200 88.264931                180 
-66.427223 175.767853 81.161636 12.360607 214.734909 76.251015 -32.671101 178.814758 90.132629 62.232948 209.569992 88.709045                190 
-66.640877 176.044800 80.988777 12.244347 214.964691 76.288033 -32.757027 179.012161 89.822639 62.053562 209.875229 89.026505                198 
-66.758034 176.153061 80.898582 12.204043 215.050034 76.335052 -32.658649 178.940948 89.392380 61.995052 209.964645 89.146118                207 
-66.854507 176.354248 80.829094 12.211404 215.155060 76.314445 -32.559044 178.963623 89.022896 61.982128 210.055862 89.198654                217 
-67.109886 176.349197 80.543831 11.823416 215.591431 76.786507 -32.676937 178.968506 88.704376 61.498592 210.789398 90.144905                225 
-67.464844 176.117584 79.996185 11.136263 216.200607 77.370247 -32.921234 178.934677 88.363609 60.606934 212.077148 91.680351                234 
-67.297493 176.420792 80.105499 11.497038 216.145020 76.702576 -32.532372 178.995605 88.018806 61.067551 211.864426 90.615524                244 
-67.217514 176.892181 79.810104 11.799242 216.189453 75.781654 -32.278828 179.275330 87.417732 61.386433 211.829346 89.610229                253 
-67.407700 177.310104 79.287704 11.764566 216.338989 75.020279 -32.316845 179.584488 86.697418 61.290871 212.049194 89.086983                261 
-67.588036 177.404968 78.953545 11.619754 216.486984 75.231659 -32.347076 179.605606 86.279076 61.014984 212.336197 89.792274                271 
-67.415726 176.647598 79.394531 11.824097 215.699524 75.416679 -32.056190 178.697250 86.405853 61.342220 211.355652 89.495583                280 
-67.404343 175.889771 79.388474 11.526528 215.675095 75.973633 -32.069839 178.228577 86.623199 60.996941 211.770065 90.345764                289 
-67.391808 176.505569 78.833252 11.613929 216.248611 76.100708 -32.160995 178.984146 86.662239 60.815117 212.649277 91.444016                298 
-67.399780 176.659515 78.378006 11.565749 216.582092 76.459473 -32.275127 179.309082 86.744377 60.523762 213.302826 92.630089                307 
-67.263855 176.695709 77.854973 11.597266 216.902084 76.712624 -32.248638 179.549423 86.711037 60.324406 213.977982 93.631393                316 
-67.178833 176.742569 77.413673 11.613259 217.143158 76.911896 -32.258305 179.754089 86.683167 60.128170 214.510956 94.476189                325 
-66.939156 175.675140 77.610428 11.765957 216.290543 77.188995 -32.005875 178.698166 86.812187 60.338100 213.668564 94.595940                334 
-66.696198 174.852997 77.718872 11.735516 216.034286 77.478195 -31.835138 178.072937 86.968582 60.333477 213.679611 94.851250                343 
-66.051414 171.391342 78.384743 11.204785 214.774872 78.350685 -31.220251 175.350418 87.357712 60.049015 213.367096 95.125336                352 
-65.868729 169.399506 79.442543 10.995189 213.505020 78.783325 -30.950430 173.522522 87.890282 60.142239 212.282974 94.664246                361 
-65.737015 168.555786 79.717064 10.697403 213.430435 78.836525 -30.839869 173.002731 88.048843 59.917034 212.679565 94.520691                370 
-65.692810 168.248444 79.844521 10.577497 213.429596 78.886681 -30.827614 172.838760 88.153969 59.813763 212.886734 94.527168                379 
-65.694931 168.143585 79.880028 10.535876 213.421036 78.903915 -30.862490 172.797684 88.190491 59.766178 212.965759 94.565964                388 
-65.665939 168.103714 79.837593 10.585508 213.373825 78.803749 -30.937983 172.819656 88.212120 59.798317 212.972168 94.522141                397 
-65.383881 167.572861 79.902618 11.178662 212.338943 78.740059 -30.621092 171.983322 88.071480 60.508904 211.449020 94.065353                406 
-65.070038 166.983124 80.276581 11.728321 211.353180 78.591415 -30.248135 171.119858 88.054733 61.267548 210.007858 93.192253                415 
-64.728836 166.749756 80.814758 12.191321 210.888687 78.188309 -29.983236 170.785583 88.331383 61.945930 209.312775 92.013100                424 
-64.533669 166.615494 81.120140 12.454627 210.624527 77.959061 -29.841661 170.572495 88.520103 62.326130 208.919937 91.340271                433 
-64.408134 166.527374 81.319046 12.627796 210.450806 77.808289 -29.729536 170.415253 88.623352 62.573948 208.662567 90.896965                442 
-64.323387 166.466293 81.456352 12.748837 210.329376 77.702904 -29.694759 170.319427 88.749405 62.746109 208.483139 90.586746                451 
-65.127808 167.774704 81.674637 11.119341 213.028885 77.364807 -30.825375 172.673447 89.575150 60.895710 212.791168 91.199043                460 
-65.774872 168.884811 81.641739 10.087361 214.796585 77.272865 -31.811817 174.488525 90.307823 59.530010 215.674271 92.232269                469 
-66.186905 169.451935 81.364059 9.697588 215.383362 77.395851 -32.464787 175.285187 90.685387 58.868969 216.644897 93.198166                478 
-65.977074 169.240921 80.587227 9.903808 215.299561 78.062096 -32.467216 175.110229 90.618164 58.771572 216.633514 94.774117                487 
-65.877808 169.626556 80.240143 9.983842 215.773224 78.538368 -32.583038 175.633148 90.880775 58.566166 217.341721 96.043419                496 
-65.754089 169.769638 80.018669 10.129675 215.909149 78.644714 -32.587204 175.811401 91.029984 58.592590 217.552338 96.470963                506 
-65.641258 170.095596 79.597824 10.408011 215.992569 78.774231 -32.620060 176.090530 91.080948 58.679680 217.597534 97.115433                515 
-65.577675 170.570831 79.203941 10.575088 216.320358 79.073288 -32.738773 176.576645 91.234848 58.599873 217.971466 98.047569                524 
-65.685600 170.473251 79.127151 10.449053 216.268661 78.753899 -32.918324 176.608963 91.340179 58.423496 218.137238 97.835052                533 
-65.467430 169.344315 79.019043 10.811913 214.904510 78.008018 -32.486408 175.225616 90.831047 59.066502 216.427170 96.401100                542 
-65.180733 168.723160 79.362190 11.465298 213.625702 76.934044 -31.831669 174.135437 90.376297 60.206936 214.470505 94.041603                551 
-65.130714 168.183243 79.455322 11.606946 212.908173 76.436638 -31.608839 173.384583 90.079376 60.570915 213.471329 92.909096                560 
-65.345863 167.603561 79.772789 11.322282 212.373383 75.630165 -31.648300 172.782394 89.869171 60.541553 212.930038 91.323570                569 
-65.506027 167.114731 79.922249 11.229179 211.711288 75.053986 -31.655464 172.128983 89.605080 60.651161 212.045578 90.103416                578 
-65.644279 166.814117 79.999763 11.123826 211.325134 74.751778 -31.710876 171.734650 89.452171 60.653786 211.536163 89.444214                587 
-65.796715 166.515350 80.026939 10.939741 211.075943 74.617065 -31.824934 171.415085 89.359207 60.528023 211.263504 89.111771                596 
-65.911148 166.175186 79.931557 10.758789 210.860672 74.496162 -31.923294 171.085037 89.199860 60.382477 211.066223 88.868935                605 
-66.140564 166.048767 79.916809 10.424571 210.916885 74.399475 -32.179066 171.070953 89.205109 60.042683 211.286942 88.788200                614 
-66.653412 165.971771 79.675163 9.597499 211.439056 74.624489 -32.810593 171.306168 89.235886 59.086098 212.274719 89.433586                623 
-67.462021 166.606918 79.533356 8.300553 213.004852 75.610214 -33.923504 172.523544 89.813087 57.404686 214.721329 91.577904                632 
-67.607094 168.083572 79.378220 8.403899 214.106323 75.707878 -34.228817 174.100845 90.117683 57.243042 215.994049 92.450150                641 
-67.555984 169.312317 79.067772 8.632325 215.063705 75.534775 -34.331158 175.459351 90.213295 57.241154 217.165985 92.909798                650 
-66.962578 169.767365 78.655594 9.411542 215.302765 76.437836 -33.838902 175.682556 90.256088 57.830002 217.071671 94.372520                660 
-66.614738 170.508179 78.261940 9.891942 215.857483 76.654213 -33.595356 176.381958 90.215919 58.127029 217.587509 95.080078                669 
-66.425056 170.988998 77.957825 10.219127 216.129959 76.783875 -33.465729 176.783646 90.170090 58.332588 217.768600 95.533241                677 
-65.924973 170.501266 77.911621 11.148116 214.926407 77.147346 -32.730862 175.571472 89.897415 59.492664 215.553940 95.355591                686 
-65.709839 170.052628 78.093567 11.388338 214.446503 77.415794 -32.362007 174.850113 89.884453 59.877762 214.763794 95.242867                696 
-65.719551 170.084564 78.104668 11.361240 214.519226 77.443474 -32.353100 174.869629 89.929863 59.841049 214.874710 95.295959                704 
-65.448540 169.741257 78.680344 11.776965 213.912689 77.134277 -31.820845 174.208160 89.921722 60.605186 213.835434 94.014091                714 
-65.351257 169.455551 79.074051 11.984356 213.423035 77.016029 -31.541756 173.653503 89.907120 61.043144 212.990814 93.207939                722 
-65.433304 169.312668 79.227852 11.974632 213.152847 76.960114 -31.523266 173.338196 89.857033 61.134083 212.531097 92.837502                732 
-65.578392 168.429840 80.152779 11.833795 212.164825 76.341179 -31.399548 172.293335 89.970741 61.373547 211.324356 90.977974                741 
-65.699066 167.361237 80.689987 11.735508 210.984177 76.029045 -31.295473 170.953156 89.842079 61.556725 209.801926 89.651741                750 
-65.904579 167.063110 80.854523 11.523176 210.651901 75.696625 -31.416105 170.597397 89.732246 61.436142 209.436783 88.976265                759 
-65.953957 166.709763 80.991875 11.556689 210.132401 75.603149 -31.362354 170.029495 89.587837 61.568592 208.669571 88.479454                768 
-65.949936 166.517059 81.176033 11.604946 209.837616 75.535568 -31.285303 169.699249 89.548225 61.691975 208.227707 88.098495                777 
-65.970306 165.469467 81.806717 11.443927 208.966202 75.551697 -31.132120 168.460419 89.501945 61.782093 207.107437 87.029655                786 
-66.211601 165.278015 81.796455 11.087353 208.948013 75.267242 -31.355856 168.349274 89.370613 61.458271 207.233109 86.623268                795 
-66.346062 165.150238 81.860245 10.915242 208.875397 75.198296 -31.465473 168.214859 89.313271 61.311089 207.187714 86.447289                804 
-66.462776 164.884598 81.887718 10.641839 208.866699 75.048012 -31.584324 168.080078 89.284897 61.055336 207.382507 86.246490                813 
-66.662727 164.799789 81.922546 10.263650 209.048538 74.748947 -31.792665 168.181549 89.277489 60.688938 207.844681 85.927971                822 
-66.698280 164.694107 82.026718 10.207071 208.969498 74.743950 -31.810646 168.063766 89.298103 60.659885 207.756287 85.797050                831 
-66.780396 164.537292 82.086777 10.124987 208.822021 74.813637 -31.876450 167.856293 89.252357 60.603489 207.548370 85.741943                840 
-66.869843 164.573639 82.070702 10.048761 208.841324 74.785126 -31.961344 167.863953 89.168785 60.535625 207.540756 85.671562                849 
-66.816658 164.348236 82.075401 10.098188 208.614151 74.693108 -31.911896 167.602280 89.092690 60.621937 207.254272 85.399681                858 
-66.616295 164.055573 82.272072 10.129712 208.473511 74.048256 -31.646479 167.273376 88.765915 60.835564 207.036743 83.845284                867 
-66.645798 164.009811 82.098526 9.858729 208.730911 73.251541 -31.653954 167.343582 88.285233 60.661995 207.456070 82.553810                876 
-66.699982 163.874969 81.707787 9.410494 209.219101 72.600609 -31.742241 167.510742 87.832047 60.242393 208.393494 81.796570                885 
-67.290298 166.204605 80.145882 9.294168 210.669739 70.651184 -32.383530 169.740051 86.582802 60.005653 209.714493 80.477791                894 
-68.439018 169.759598 77.701279 9.450187 211.936417 68.347168 -33.577316 172.448639 84.471848 60.027912 209.684952 78.640549                904 
-69.555954 171.928787 75.563995 9.129157 212.654099 66.409546 -34.910091 174.256454 82.894592 59.574650 209.645508 77.148727                912 
-70.659607 173.929733 73.575699 8.453758 213.721588 63.983971 -36.411236 176.337662 81.714622 58.876751 210.261734 74.692879                921 
-71.869301 175.318253 71.126381 7.333942 215.023010 61.890423 -38.112492 177.997498 80.420547 57.783466 211.244507 72.364090                931 
-70.603149 175.468018 69.727005 7.259536 216.574509 60.111408 -38.899853 179.813644 78.912521 57.713997 212.060837 70.265396                940 
-69.756607 176.513962 66.690117 7.653286 217.623795 57.395199 -39.884705 181.824615 75.536385 57.907127 211.414673 67.648376                948 
-72.702126 194.981888 41.892746 11.071638 220.189362 41.711468 -45.151371 195.234726 52.756584 57.360901 201.480972 54.994160                976 
-73.629913 201.128510 36.924946 11.099591 222.350342 38.662159 -46.778236 200.759872 48.554279 55.862801 201.551025 53.919052                985 
-73.846695 206.856003 31.581547 11.412961 225.046768 34.981186 -48.353386 208.327240 47.856785 54.729889 202.990845 52.482883                994 
-73.598320 214.926376 23.533741 12.320280 228.018280 30.533136 -49.763477 216.425781 44.385967 53.280788 203.637009 50.455990               1003 
-73.027199 222.398926 13.456879 12.964503 230.137054 26.369576 -51.028847 222.392410 37.979183 51.052597 203.151031 48.509598               1012 
-70.683777 229.069565 4.524531 14.635204 231.867722 23.184059 -50.545147 226.759659 30.752148 49.858650 202.361679 46.802517               1021 
-68.618332 234.640518 -4.494571 15.721424 233.335922 18.953602 -50.320927 229.908203 23.268879 48.588062 201.920441 43.488903               1030 
-65.940414 240.469177 -13.333493 17.642784 234.697510 13.531408 -49.194725 232.352371 15.903183 48.710732 201.743683 38.390160               1039 
-63.372952 246.169052 -21.237398 19.306799 235.608383 8.584479 -48.210304 234.360321 9.257998 48.691757 201.360931 33.739292               1048 
-60.804073 251.849136 -30.224964 20.039417 235.977554 4.108044 -47.907883 235.893692 1.570762 47.231007 200.437347 29.927422               1057 
-58.298630 256.871765 -38.216179 20.551834 235.791443 -0.347399 -47.713673 236.808075 -5.520002 45.772270 199.042313 25.778456               1066 
-55.714912 261.940155 -46.717262 21.030289 235.412659 -6.082831 -47.674004 237.667496 -13.197622 44.296886 197.620743 20.366488               1075 
-52.840275 265.528351 -53.959736 22.106833 234.994110 -11.072845 -47.271194 237.248566 -19.648716 44.017117 196.752304 15.883275               1084 
-49.872379 268.588806 -61.614307 22.911371 234.753342 -15.550154 -46.825764 236.196579 -26.469934 43.736580 196.494614 12.229515               1093 
-47.208256 271.455231 -68.667595 23.820763 234.212402 -20.549715 -46.222534 235.444107 -32.655113 43.779976 196.071228 8.016168               1103 
-44.827438 272.285614 -75.166222 24.894712 233.376236 -24.873152 -45.331249 233.490326 -38.216820 44.499081 195.785553 4.652068               1111 
-42.813450 272.844696 -81.248260 25.549370 231.999893 -29.309040 -44.871494 231.806030 -43.410397 44.626476 194.724396 0.952017               1120 
-41.619717 272.274994 -88.096222 25.958490 231.207489 -34.256001 -44.635891 229.912354 -48.880989 44.970791 194.804825 -2.911017               1129 
-40.746078 272.077087 -94.999840 25.780563 230.043335 -39.655048 -45.033352 228.389587 -54.491467 44.537010 194.212891 -7.506887               1138 
-39.569881 270.708923 -101.264473 26.189312 228.729782 -43.868111 -44.757259 225.768692 -58.692284 45.172642 194.243347 -10.409951               1147 
-38.675285 269.068481 -106.863815 26.605518 227.120941 -47.834194 -44.528732 222.745575 -62.110619 46.114704 194.025131 -13.291639               1156 
-37.909496 265.994934 -111.764320 26.957550 225.211243 -50.734970 -44.213551 219.171906 -64.812057 46.899834 193.673813 -15.002272               1165 
-37.100533 263.542755 -115.794800 27.725122 223.364792 -53.846931 -43.709686 216.898651 -66.868179 48.017776 192.938217 -17.356363               1174 
-36.992050 259.448547 -119.971054 28.466351 221.560638 -56.893864 -43.222809 214.097733 -68.351929 49.478340 193.004471 -19.315001               1183 
-37.404049 254.617477 -124.397202 28.316391 219.514328 -59.772339 -43.247070 210.181366 -71.079285 49.788452 192.593094 -21.258350               1193 
-37.710808 251.200836 -127.464493 28.192476 217.321030 -62.156563 -43.324352 206.788605 -73.064850 50.085220 191.337341 -23.237610               1201 
-37.561413 249.002625 -131.222000 28.128597 214.658096 -65.627411 -43.642704 204.651123 -75.180443 50.189034 189.420395 -26.314251               1210 
-39.657375 242.290741 -134.929443 27.740339 212.540604 -68.647408 -43.587566 199.480789 -76.654640 51.111244 190.009399 -28.456919               1220 
-40.429043 238.068222 -137.436966 27.598476 211.411072 -70.462936 -43.085121 195.813721 -78.566765 51.440533 190.337540 -29.761681               1229 
-41.551689 233.391586 -139.304520 27.269562 210.309219 -71.836952 -42.474144 191.688522 -80.079735 51.707161 190.762466 -30.729076               1238 
-42.097309 228.673889 -141.461105 27.252829 209.514755 -73.327126 -41.314690 187.816681 -81.705971 52.142288 191.766983 -31.677864               1247 
-44.099777 221.460220 -143.412033 26.282177 208.699188 -75.161903 -40.557987 182.770157 -83.619408 51.859478 193.246948 -33.017395               1256 
-47.222450 207.703659 -143.771225 25.776869 208.689713 -78.311867 -38.800976 177.381165 -83.449074 53.021713 198.627853 -35.584751               1265 
-46.588505 202.329056 -143.544983 26.307976 208.565582 -79.535378 -37.503239 176.204681 -84.565689 53.485889 199.704010 -36.500935               1274 
-46.231819 199.314590 -142.854248 26.536091 208.486267 -79.904121 -36.623268 175.466431 -85.113922 53.717781 200.090454 -36.778778               1283 
-46.344551 195.905396 -142.555832 26.291098 208.018066 -80.765160 -36.077801 174.172592 -86.181862 53.485916 200.176270 -37.543900               1292 
-46.215576 194.914658 -142.976242 26.284836 207.732239 -81.660881 -36.052547 174.218369 -87.497543 53.248711 199.740311 -38.322582               1301 
-46.135780 192.901688 -143.097763 26.326921 207.324127 -82.977448 -36.068554 174.122162 -89.033394 53.087185 199.319534 -39.515461               1310 
-45.962784 189.587311 -144.094711 26.270027 207.422623 -85.447296 -35.886829 173.821091 -91.106857 52.840122 200.576874 -41.671787               1319 
-45.825928 187.801590 -144.270676 26.324022 207.393173 -86.741173 -35.692322 173.670395 -92.478363 52.764290 200.860382 -42.839413               1328 
-45.947441 188.080109 -144.782547 26.405613 207.570984 -87.891594 -35.584286 174.196075 -94.165718 52.847118 200.433029 -44.084908               1337 
-45.346443 189.494278 -147.469223 26.195917 208.638779 -89.693253 -35.492207 175.327377 -97.661606 52.008938 200.750259 -45.641144               1346 
-46.075706 189.607239 -150.473236 25.751921 209.472961 -93.643494 -35.761898 176.100967 -101.640938 51.851265 201.453156 -49.784214               1355 
-45.398758 191.327148 -153.471512 25.991655 210.238663 -96.018364 -35.538380 177.496490 -105.433479 51.578716 201.250076 -52.045227               1364 
-45.813950 190.390793 -154.696182 25.996609 210.202148 -98.249794 -35.972008 178.385056 -106.795448 51.444466 202.169388 -54.011677               1373 
-45.313244 191.211578 -156.528610 26.336668 210.637527 -99.868332 -35.792969 179.653946 -108.949722 51.309719 202.516510 -55.376472               1382 
-44.524170 197.593307 -162.351196 26.955679 211.675507 -104.014420 -36.458664 184.571976 -115.270386 50.476555 201.051056 -59.259315               1391 
-43.780495 201.703506 -165.072189 27.988335 213.007507 -106.499550 -35.851791 188.366867 -118.439972 50.973991 201.410858 -61.707729               1400 
-43.198963 203.940491 -167.542923 27.808245 214.189468 -107.874008 -35.245079 189.336533 -121.454918 50.518147 201.491669 -63.240437               1409 
-41.960201 207.607605 -170.608826 28.090164 216.356583 -109.607811 -34.487640 191.992493 -124.934135 50.128265 202.566162 -64.961700               1418 
-42.676781 210.231003 -175.209015 27.590981 216.882248 -114.209137 -35.479240 194.281891 -129.681366 49.324100 202.297592 -69.666031               1427 
-43.953339 208.953506 -176.916565 26.922094 217.422791 -116.655609 -35.518402 193.573578 -130.871170 49.778744 204.041473 -72.297485               1437 
-44.299969 208.893738 -178.442261 26.528419 217.863220 -117.763809 -34.992817 192.743210 -131.508072 50.274879 205.098389 -73.692337               1446 
-44.328918 208.206879 -180.656281 26.227045 218.603622 -119.572533 -34.380562 192.160278 -133.020493 50.477520 206.874069 -75.487823               1455 
-45.346233 208.336746 -185.255249 25.038582 220.388702 -123.958229 -34.835777 192.589783 -136.672852 49.917942 209.897690 -79.911827               1464 
-45.328426 207.342789 -188.618011 24.591143 220.784561 -126.849792 -34.680401 192.232956 -139.366562 49.528473 211.392563 -82.588638               1473 
-46.294827 202.768112 -188.844452 24.091133 221.275040 -128.740097 -33.975491 190.076965 -138.947861 50.247658 214.904556 -84.644943               1482 
-49.571568 197.087296 -189.071777 23.079885 221.957016 -133.967560 -34.299652 189.061569 -138.768219 51.446953 220.225891 -90.823128               1491 
-49.334309 202.639816 -197.248856 21.944416 223.722534 -138.715118 -35.878246 192.530899 -146.501480 48.812164 220.032059 -94.742020               1500 
-47.932713 206.238663 -202.285873 21.749231 224.465561 -140.827606 -35.976856 194.060684 -151.360168 47.357906 219.033875 -96.287483               1509 
-44.437672 218.089935 -210.772675 21.994406 224.274811 -140.284271 -36.425228 194.581009 -152.962997 45.767456 217.362152 -94.939072               1518 
-37.827412 223.948883 -217.744995 21.776871 221.238480 -138.796021 -34.451969 189.869263 -158.895859 41.937561 211.166595 -92.306953               1527 
-34.321461 227.669388 -220.310059 21.593477 219.288300 -137.934845 -33.154362 187.621719 -162.520401 39.778378 206.911804 -91.188057               1536 
-32.675255 228.619095 -221.631943 21.778101 217.852768 -137.983292 -32.160652 185.966339 -164.416626 39.175529 204.615768 -91.172607               1545 
-34.406811 224.511200 -223.326263 20.530020 215.316849 -139.501572 -33.384113 182.455124 -165.015854 38.211517 203.204437 -92.493233               1554 
-35.003841 233.443787 -224.602875 19.396994 215.654663 -141.547073 -34.980209 185.739716 -170.108536 36.727139 199.201248 -95.742256               1563 
-34.746674 236.215317 -224.069962 19.187584 214.572876 -141.173615 -35.539032 185.640228 -170.067657 36.347286 197.369110 -95.580803               1572 
-34.531960 243.174072 -224.425995 17.334347 212.674774 -142.631699 -36.224380 185.839432 -175.485809 33.638599 191.527649 -98.403885               1581 
-33.321350 247.989273 -224.900070 14.619411 208.089920 -144.521027 -38.164131 185.290726 -181.697784 28.870798 182.710144 -101.837372               1590 
-25.771246 254.956253 -222.382767 13.561026 204.938019 -142.897339 -36.920635 188.161270 -186.735474 23.233049 174.702911 -102.136826               1599 
-24.037775 257.166473 -220.142670 12.199683 202.819290 -142.011078 -38.204910 188.940765 -188.333252 20.354784 170.281906 -102.718040               1609 
-24.762316 256.780853 -220.462326 11.993278 202.385086 -142.585922 -40.006901 188.829788 -188.281357 20.437632 169.777679 -103.412216               1617 
-23.601288 257.954376 -220.829254 12.119184 202.213181 -143.381851 -40.890324 190.229614 -188.922516 19.889875 169.171829 -104.432968               1626 
-27.005678 254.473679 -224.774658 12.648607 203.822830 -145.722839 -42.074986 187.851227 -189.167648 22.628540 172.858170 -105.589058               1635 
-33.431980 249.184387 -228.839584 10.863142 204.314255 -148.722641 -44.499622 183.656448 -189.892441 23.504719 175.720444 -107.592194               1644 
-37.175941 246.956039 -230.073532 9.796811 204.117889 -150.332138 -46.000587 181.760849 -190.333069 23.949602 176.225128 -109.212532               1653 
-43.236206 243.729767 -229.770737 8.445584 202.862747 -151.890640 -48.089428 178.712265 -189.744095 25.200535 175.547913 -111.365326               1662 
-47.029011 238.742889 -230.828949 7.890785 202.634689 -152.763794 -48.621513 175.530212 -188.433640 26.456133 177.410278 -111.676247               1671 
-48.583591 236.564346 -231.232117 7.530943 202.385712 -153.098282 -48.580250 174.693771 -188.112076 26.704424 178.003647 -111.782158               1680 
-49.985748 234.695587 -231.824127 7.160651 202.253464 -153.642914 -48.657406 174.409607 -187.996872 26.803812 178.667114 -112.086205               1690 
-50.977470 233.419281 -232.173630 6.911902 202.164627 -154.008774 -48.507378 174.465073 -187.987640 26.866062 179.117111 -112.298180               1699 
-50.579823 233.634995 -232.957733 6.815487 201.994568 -154.512299 -48.363174 175.355972 -188.797699 26.340139 178.928757 -112.609009               1708 
-49.664227 234.997147 -233.328003 7.095316 201.856628 -154.937561 -48.324467 176.822510 -189.518661 26.052097 178.374420 -113.004814               1717 
-48.487839 237.131805 -233.307159 7.504282 201.574814 -155.281998 -48.242558 178.714890 -190.335022 25.803823 177.319183 -113.497780               1726 
-47.583679 239.884964 -232.381088 8.159307 202.241058 -155.042679 -48.142677 181.410461 -190.301071 26.184135 177.170898 -113.621414               1735 
-46.850227 241.493469 -231.876328 8.639338 202.688690 -154.895874 -48.295250 183.653687 -190.066086 26.450628 177.072098 -113.717262               1744 
-44.309689 246.987991 -229.189774 9.716263 203.226593 -153.818771 -47.636459 187.934448 -190.135025 26.631334 175.174225 -113.867874               1753 
-41.147644 249.473587 -229.529892 10.790177 203.850143 -153.780533 -46.904232 190.971970 -190.604904 26.452648 175.108002 -113.809212               1762 
-38.883095 250.723923 -229.981552 11.589090 204.150665 -153.806839 -45.964619 192.835342 -191.113510 26.373968 175.112671 -113.715286               1771 
-37.596954 251.431137 -230.224396 12.046048 204.322556 -153.821869 -45.440086 193.884659 -191.408310 26.326031 175.124466 -113.663643               1780 
-36.995857 251.954697 -230.371109 12.166955 204.440598 -153.897964 -45.236641 194.670624 -191.646042 26.139206 175.123428 -113.718246               1789 
-35.305305 252.286331 -231.065369 12.748107 204.298859 -154.173370 -44.713020 195.708298 -192.001999 26.034769 174.968918 -113.771042               1798 
-40.483566 247.822571 -231.743500 11.286733 203.283951 -155.172699 -46.773403 192.075485 -191.214233 26.647898 175.395233 -114.486290               1808 
-40.798409 246.615036 -233.492889 10.656508 202.837189 -156.165741 -47.224831 191.164978 -192.382690 25.779295 175.608963 -114.946144               1816 
-44.020069 243.615967 -235.343277 9.141696 202.180695 -157.740387 -48.687740 188.526154 -193.300003 25.161751 176.287689 -116.002647               1825 
-47.020771 241.459885 -236.302765 8.079666 201.595367 -159.064926 -49.835701 187.028580 -193.615540 25.103029 176.747757 -117.089561               1834 
-48.072746 240.954193 -236.528107 7.927986 201.352692 -159.662460 -50.161423 186.874344 -193.624023 25.350870 176.963806 -117.582123               1843 
-47.948040 242.126083 -236.193466 8.027625 201.390396 -159.744751 -50.277290 187.578293 -193.587387 25.298527 176.944534 -117.634834               1852 
-48.111374 242.939667 -235.883331 8.032567 201.394348 -159.831436 -50.322659 187.829895 -193.622009 25.242239 176.982193 -117.676926               1861 
-48.417431 243.610031 -235.679810 8.021788 201.405350 -160.036774 -50.357109 187.940475 -193.720444 25.241491 177.124512 -117.810577               1870 
-40.904316 251.737671 -233.705734 8.987059 199.504990 -159.634247 -49.888916 194.699966 -194.598083 22.481104 171.546509 -118.338203               1879 
-32.257481 257.564392 -231.947586 10.070781 198.839432 -157.974121 -46.906353 199.576447 -196.224350 19.405777 168.256348 -117.395035               1888 
-29.098173 259.323456 -231.327332 10.624703 198.726501 -157.378799 -45.661289 201.436661 -196.602921 18.500107 167.413162 -117.047890               1897 
-29.166323 259.295227 -232.236359 11.252664 199.728943 -157.801270 -45.369370 201.928925 -196.699768 19.446589 168.899216 -117.162407               1907 
-28.844030 259.803864 -232.623627 12.017631 200.339142 -158.310074 -45.174572 202.727142 -196.692688 20.407782 169.579147 -117.658401               1916 
-29.404501 259.431610 -233.322296 12.532057 201.071060 -158.695679 -45.403332 202.918976 -196.278458 21.468470 170.911789 -117.711678               1925 
-29.609558 259.622253 -233.561661 12.890541 201.699997 -158.866638 -45.480949 203.182419 -196.113358 22.094109 171.792099 -117.757751               1934 
-29.861631 259.809418 -233.509857 13.134066 202.064377 -158.910828 -45.654160 203.213440 -195.867355 22.580307 172.304169 -117.749832               1943 
-30.061832 260.087311 -233.293610 13.176919 202.141296 -158.969040 -46.412170 203.454498 -195.408951 22.739126 172.276993 -117.910339               1952 
-30.228472 259.414764 -234.300934 13.343204 202.677765 -159.233398 -46.919792 203.158340 -195.417084 23.064175 173.363953 -117.816818               1961 
-30.526073 258.912903 -234.423752 13.422686 202.718384 -159.153076 -48.051922 202.277267 -194.757904 23.349455 173.746216 -117.545357               1970 
-30.621725 258.376495 -234.677109 13.707063 202.906723 -159.081680 -48.825310 201.481369 -194.076385 23.864729 174.449448 -117.175415               1979 
-31.260143 257.506744 -235.404922 14.066100 203.320251 -159.447876 -49.998116 200.695679 -192.950394 24.862303 175.895981 -117.015800               1988 
-32.230480 256.362518 -236.983582 14.002892 203.727448 -160.455078 -51.277294 199.319321 -192.715332 25.467751 177.624863 -117.369797               1997 
-32.681263 256.726257 -237.453918 13.924254 204.235519 -161.029434 -52.387962 198.128616 -192.409424 25.880600 178.922668 -117.607826               2006 
-32.638100 257.196899 -238.018402 13.390915 204.057358 -161.688553 -53.918102 197.204773 -192.345581 25.403164 179.296616 -117.965096               2015 
-33.630241 256.912872 -240.408630 13.233255 205.831329 -163.190887 -55.427147 197.246948 -192.085007 25.929060 182.701965 -118.772659               2024 
-33.739010 256.862091 -241.440353 13.522080 207.809631 -163.171463 -56.102165 197.107620 -191.098892 26.540621 186.018555 -118.173737               2033 
-33.030552 259.110382 -240.964355 13.841340 209.955032 -162.531555 -57.780708 199.855499 -188.709549 26.785028 188.408096 -117.394867               2042 
-33.104256 260.650787 -243.166687 13.498692 211.965805 -164.285324 -58.882435 200.724701 -190.315414 26.275253 190.652740 -118.990265               2052 
-28.855793 270.302063 -242.294769 12.803336 214.125534 -165.655960 -60.081047 208.840576 -193.440033 23.159138 189.339264 -121.525154               2060 
-24.111610 277.722382 -236.392944 14.602408 218.102768 -160.834167 -58.141369 214.252869 -191.217896 23.092737 191.024521 -117.662285               2069 
-24.372154 277.120667 -233.546707 15.855808 219.819687 -157.004898 -59.051529 215.360947 -184.967972 24.958889 193.658066 -113.394890               2079 
-24.480709 278.972321 -230.842407 16.064764 220.749725 -155.166245 -59.684757 216.547729 -182.745590 25.161507 193.760300 -112.062309               2087 
-23.556427 279.695404 -226.375626 16.914389 221.921951 -150.305496 -59.061272 217.207474 -178.357285 25.746059 194.839371 -107.204849               2096 
-25.447397 290.512817 -212.666626 17.352612 231.406326 -138.933960 -59.431690 226.477295 -165.877274 27.117966 202.927444 -96.949188               2123 
-24.394236 291.418335 -208.561050 17.785675 232.348312 -134.428711 -58.428856 226.538040 -163.058609 27.039221 203.580566 -92.525040               2133 
-25.015486 292.116943 -203.848907 17.440422 232.125732 -130.595352 -60.354877 229.890579 -155.929794 26.893377 203.357040 -88.736862               2141 
-26.996712 292.401367 -195.315811 18.792215 231.760101 -124.633888 -60.427101 230.441254 -145.909836 30.036003 202.562149 -83.522018               2150 
-29.566797 291.451630 -190.353775 19.096582 233.145950 -119.608009 -60.653191 229.966751 -138.982941 31.809528 204.918854 -78.246910               2160 
-31.016140 293.403412 -183.699173 19.335022 234.591995 -114.559364 -60.954601 232.186295 -131.591095 33.039471 206.149368 -73.665184               2169 
-35.250824 295.719849 -175.245987 18.084337 234.968857 -110.135033 -61.203907 236.783325 -123.476631 33.453537 205.081467 -70.896523               2178 
-39.105103 293.866272 -169.511917 17.196440 234.403061 -105.656418 -61.119614 238.093353 -115.868896 34.450195 205.509323 -66.457062               2187 
-44.375778 290.250793 -163.094940 16.175865 233.869476 -100.187119 -61.191387 236.843674 -107.463631 36.152191 207.161667 -60.731209               2196 
-48.780281 287.364685 -155.649673 15.261642 232.952682 -94.399422 -61.441196 236.699448 -97.884567 37.656101 207.871353 -55.175133               2205 
-52.866871 286.317139 -148.232498 14.023993 232.956665 -89.039635 -61.870815 236.190186 -90.552406 38.330303 208.715958 -50.429783               2214 
-57.709484 281.034424 -140.775589 13.322020 231.531311 -83.002937 -61.831711 233.828140 -81.060745 40.386665 209.901199 -44.678364               2223 
-60.864799 280.254395 -133.242630 12.150537 230.972809 -77.767296 -62.040859 234.475464 -73.045761 41.012115 210.363083 -40.198982               2232 
-51.520401 210.818512 -102.476463 11.085335 228.695786 -71.944565 -62.005486 228.022659 -64.844185 43.082161 211.895630 -35.024555               2241 
-44.798641 195.389084 -84.784561 12.531023 229.487320 -64.532913 -59.274708 229.975677 -56.728230 45.445763 211.395905 -29.058271               2250 
-43.645920 195.179443 -72.881439 13.906776 230.188065 -57.187988 -56.743492 234.294418 -48.062962 47.011101 209.260605 -23.494156               2259 
-42.757473 193.032532 -61.354446 13.713185 228.807312 -50.761425 -55.993244 234.299149 -39.569988 47.739506 207.031937 -18.556276               2268 
-40.992332 190.201263 -49.646400 13.161231 226.663437 -44.602100 -55.836914 233.214584 -30.672369 48.246330 204.641815 -13.727947               2277 
-38.100712 188.490021 -38.163860 13.364661 225.104706 -37.962708 -54.940853 232.711365 -21.972708 49.153202 202.729431 -8.169130               2286 
-33.332085 188.482147 -26.971466 13.655158 224.605225 -32.005478 -53.812477 233.149536 -13.453761 50.265587 201.675613 -3.667532               2295 
-27.866604 185.465973 -17.468811 13.081878 222.473511 -26.240873 -54.122593 229.213898 -6.195713 50.834709 200.135452 1.051335               2304 
-25.253658 183.897247 -8.933609 12.076172 221.072357 -20.699709 -54.480274 226.894913 1.602622 51.000008 199.125015 5.230542               2313 
-23.020638 182.756058 -0.548824 10.698300 220.157928 -15.200585 -54.920975 224.622849 9.775435 51.055023 198.796661 8.968823               2322 
-20.492487 184.137970 10.679688 8.007242 219.449265 -13.276390 -56.503105 224.098434 15.116909 50.888023 205.039108 11.677883               2332 
-18.765759 186.211929 18.428625 6.852713 219.521271 -10.530332 -56.832439 223.738556 20.390749 51.210918 209.643188 14.044102               2340 
-18.113298 188.210464 25.383919 5.717427 218.541122 -7.993515 -57.373837 223.919327 24.421635 50.929340 212.852280 16.350876               2349 
-17.406034 187.868820 31.273376 4.854532 217.298706 -3.915662 -57.585884 221.956451 30.084213 50.758270 213.652206 19.508238               2359 
-16.714186 186.456436 35.818207 4.628349 215.948486 0.163239 -57.460247 220.105988 36.512352 50.892059 213.018890 22.971483               2367 
-16.565577 185.982178 39.788376 4.379403 214.846420 3.555147 -57.720322 219.497284 41.127274 50.688477 212.486435 26.337364               2376 
-16.791580 182.250519 42.977081 4.589591 212.556808 8.353122 -57.663906 216.238602 46.581089 50.735218 208.285858 31.188829               2386 
-17.203320 179.454941 45.719650 4.498138 210.337616 12.092258 -57.862000 213.929565 50.653549 50.458588 204.459763 34.944336               2395 
-17.236610 177.318924 48.722553 4.900509 208.610336 15.997305 -57.644699 212.220505 54.619446 50.612148 201.324677 38.942776               2404 
-16.491030 172.964630 50.106056 4.812776 206.620575 19.901781 -57.853886 206.232452 58.649593 50.490086 197.500992 42.252300               2413 
-15.556414 170.588242 52.684929 5.266707 205.465469 23.913273 -57.018532 203.852219 64.433815 51.052418 194.997009 45.435574               2422 
-14.747606 169.568024 55.474041 5.729645 205.019226 27.368799 -56.547649 202.233856 69.516350 51.510090 194.351212 48.804138               2431 
-13.438831 167.306229 57.941353 5.256503 204.056778 30.456207 -56.313789 198.119888 74.412193 51.579205 194.172729 51.087303               2440 
-12.512905 165.876480 60.382797 5.303287 203.188065 33.086788 -56.561153 195.094666 76.838997 51.628693 194.706909 54.327232               2449 
-11.838645 163.325348 61.849449 5.764214 201.841156 36.133331 -56.344929 191.145386 79.464432 51.985554 193.066498 57.480988               2458 
-11.053839 162.919540 64.946106 5.918630 202.846054 41.017010 -55.620041 188.901993 84.548973 52.412647 193.491394 61.509109               2467 
-10.669172 161.322891 66.362617 5.655516 202.099365 43.284882 -55.215687 185.931702 87.210777 52.447048 192.705872 63.069824               2476 
-9.789420 160.026871 70.741158 5.197379 201.142685 46.843628 -56.772152 181.302063 87.746582 51.208389 196.129410 69.799751               2485 
-9.380075 158.776474 72.480530 5.217529 200.113174 48.014450 -55.272564 179.624817 90.926041 51.914169 195.252579 69.576630               2494 
-9.458141 158.066299 73.125282 5.225748 199.693283 48.491982 -54.457047 178.324478 92.760262 52.189445 194.892197 69.479828               2503 
-9.674477 156.887665 74.852272 5.414834 198.302856 49.255497 -53.585663 176.527695 94.435349 52.543316 193.911545 69.961823               2512 
-10.102851 156.336151 77.065811 5.405878 197.475250 50.163227 -53.165100 175.571259 96.142113 52.531853 194.284882 71.093910               2521 
-10.975206 155.618118 78.331245 5.483842 197.013077 50.721703 -52.353405 173.091599 95.924843 52.584534 194.678879 71.821602               2530 
-11.529422 157.564896 84.428085 6.358360 197.617218 54.524155 -53.117023 172.953323 96.421219 51.761021 199.213120 79.124573               2540 
-14.245131 161.096436 89.787964 8.604836 198.402908 58.819717 -55.912628 176.500198 93.955261 50.072411 203.026535 89.285957               2548 
-17.043896 161.499146 90.222305 9.775813 198.596115 61.285789 -58.354679 175.398453 87.456299 46.018791 206.260605 97.297340               2557 
-18.340759 161.181900 89.868965 10.461329 198.329590 61.850670 -57.316395 172.716537 84.010422 44.735764 206.969803 99.530098               2566 
-18.315958 161.087265 89.697922 12.340779 198.352417 62.205559 -54.972801 171.360077 82.334389 45.430367 207.990234 100.693489               2576 
-17.650976 159.171844 89.350929 13.583659 197.323059 62.475727 -51.336239 166.818848 80.876160 46.517086 207.044678 101.076363               2584 
-16.898485 158.392456 90.003502 14.124140 197.084488 62.361015 -46.690304 161.938934 80.414314 47.567234 208.027939 100.188644               2593 
-15.699641 160.047577 90.853500 16.625463 199.945969 64.716812 -42.299744 161.372620 80.528488 48.728233 211.781937 103.426651               2602 
-15.220456 162.055725 89.957664 20.363863 202.484970 66.676239 -38.809319 163.312241 79.387703 50.685215 214.010803 106.886940               2611 
-13.304119 162.163925 87.838791 24.753126 203.294678 68.156212 -34.795303 163.613190 77.114235 52.915920 214.181061 110.078438               2621 
-11.303506 164.260696 88.419472 25.925316 207.913177 71.247314 -31.656218 165.075043 78.390938 53.259182 218.698868 113.740349               2629 
-11.648739 164.249420 87.342850 28.240841 207.101791 72.417587 -30.485134 165.451431 77.193420 53.375473 218.254791 116.155327               2639 
-11.583792 163.891785 86.567741 30.483202 205.959717 73.802040 -29.368910 165.697006 76.595398 54.269718 216.693542 118.390335               2648 
-12.265188 163.643280 86.070244 30.824654 205.759567 74.846252 -29.172876 165.576645 76.465591 53.252666 217.166565 119.968239               2657 
-10.568371 163.656540 85.445747 34.257458 205.203537 76.580711 -26.495548 166.007034 76.093468 54.798321 216.948044 122.507492               2666 
11.142217 142.924240 23.910791 12.609324 202.530716 79.280029 -20.387251 146.394043 51.241776 -2.702196 220.998825 125.036079               2675 
64.976967 133.486969 33.543331 11.510698 194.560196 76.708588 16.550659 128.879150 53.076614 -26.406620 208.613907 108.862892               2684 
91.331284 139.510498 42.479919 16.445854 188.862762 73.155853 38.957718 126.281723 52.425606 -29.060097 195.083466 96.812576               2693 
105.950592 143.006302 46.935902 23.242861 185.100662 70.501610 53.049095 125.914337 49.565182 -25.085291 186.780457 88.686699               2702 
113.635391 144.736008 49.355125 27.736660 182.871185 69.591682 60.952129 126.210953 47.177425 -21.718449 182.053314 84.513229               2711 
118.475563 144.016220 50.491169 31.768114 181.576920 69.142853 65.746544 126.033539 45.331123 -18.218199 180.317307 82.139442               2720 
126.500305 147.271255 48.698643 37.327332 177.662201 69.165787 74.883919 129.810593 36.011158 -13.277061 172.355728 78.119339               2729 
129.752502 154.044678 47.098934 39.217575 177.853119 70.345848 78.487900 135.956161 44.010334 -11.517597 169.940750 76.043732               2738 
132.279938 152.379959 47.497253 42.095516 177.350052 71.017448 80.086037 134.268097 49.440216 -8.963958 170.718826 75.270256               2747 
132.785416 153.745819 49.154991 42.865646 180.695160 71.572357 80.610252 135.244080 56.845448 -8.070168 174.348099 77.436394               2756 
133.402771 148.446991 49.595501 44.868240 180.477158 70.889061 81.118172 132.460495 62.641712 -5.959023 176.286774 79.144936               2765 
132.974701 146.086655 50.039669 45.066975 180.261505 70.650650 80.667381 131.458694 65.196182 -5.697253 177.125992 79.722099               2774 
133.598007 144.841263 49.950863 45.958427 179.622314 70.746834 81.087303 130.544388 65.124985 -4.862719 176.877762 79.624207               2783 
132.883453 144.962952 50.428352 45.106876 179.623352 70.894325 80.310555 130.591888 65.589493 -5.749235 176.813858 79.548332               2792 
131.683975 144.977081 50.752331 44.022747 180.133530 70.906807 79.030739 130.926773 66.136917 -6.851156 177.590439 79.538620               2801 
130.566376 145.374451 51.083805 42.934093 180.815292 70.901955 77.898994 131.535065 66.771866 -7.938106 178.406403 79.582153               2810 
131.108276 144.818069 50.388615 43.295406 179.575531 70.647896 78.312592 130.462173 65.296799 -7.644260 176.875183 78.832520               2820 
131.607269 144.659805 49.495781 43.227901 177.653534 70.263733 78.840935 129.163071 63.450634 -7.747251 174.084824 77.874741               2828 
132.674698 144.223969 48.970818 44.223598 176.645920 70.352341 79.829559 128.348785 62.302391 -6.786274 172.890625 77.633812               2837 
135.104111 142.908066 49.676434 46.829475 176.009354 70.768013 81.971573 127.430527 62.423367 -4.277392 172.717499 77.578384               2846 
135.857651 142.264740 49.954411 47.665630 175.596619 71.050873 82.509735 126.926460 62.051521 -3.514235 172.552048 77.413361               2856 
66.232719 135.823318 28.246735 29.278240 188.013275 80.207291 26.075020 141.727936 39.487381 -8.675296 200.825287 112.834129               2864 
20.406343 133.550491 40.291431 22.805523 195.069595 86.602318 -13.086534 151.314850 53.131180 4.805305 220.586380 127.760735               2874 
4.135671 136.584732 51.500057 19.963074 199.053574 89.831573 -26.176575 157.331635 64.899544 11.237864 228.689056 131.240967               2883 
-1.270769 139.146957 57.350712 20.835070 201.372879 90.732872 -29.971346 161.546768 70.319969 16.576025 233.013962 131.350983               2892 
-3.066209 140.055771 59.540913 21.222414 202.177551 90.996704 -31.374357 163.236618 72.106941 18.547421 234.473389 131.232910               2901 
-2.900115 140.767044 60.411167 22.574032 202.802017 90.646042 -31.086987 164.495361 72.351402 20.624254 235.558548 130.550156               2910 
-2.964397 141.230072 61.025455 23.246719 203.145004 90.467628 -31.042614 165.129654 72.615799 21.740532 236.125397 130.206192               2919 
-3.068210 141.538879 61.502342 23.616343 203.333466 90.369591 -31.048733 165.472076 72.759987 22.350849 236.433411 130.017059               2928 
-3.179966 141.776962 61.909000 23.855928 203.455627 90.306046 -31.218525 165.868042 72.656738 22.745298 236.631760 129.894424               2937 
-18.583706 140.626526 70.236336 18.414700 205.203644 93.357315 -34.814968 162.978302 81.617142 19.290396 235.423645 135.251404               2946 
-26.716576 140.304520 74.135887 15.885374 207.225357 93.079269 -37.248875 162.117935 85.403610 17.815639 237.273209 135.061768               2955 
-28.102030 142.274628 74.065514 17.597799 209.047134 93.275742 -36.745232 164.262100 85.161926 19.437626 238.711945 135.533798               2964 
-26.798662 144.507889 73.535744 20.403971 211.056747 93.205116 -34.006950 165.883835 85.463150 22.259827 240.527054 135.598343               2973 
-26.577408 146.958298 75.258438 21.984241 214.176849 90.419327 -32.802887 168.649582 86.639961 24.559643 246.210220 130.871277               2982 
-27.088207 149.187973 74.086472 21.780373 216.747269 88.467636 -32.774208 170.648941 86.032341 24.780102 248.973343 128.736877               2991 
-26.700413 152.996201 72.547127 24.037121 219.111176 88.381058 -31.833799 174.506027 84.730110 27.132586 251.040558 128.878738               3001 
-24.831764 156.754791 73.897034 29.084583 220.426773 91.308304 -28.235676 177.640335 87.850830 34.396748 250.582169 132.920349               3009 
999.000000 999.000000 999.000000 999.000000 999.000000 999.000000 999.000000 999.000000 999.000000 999.000000 999.000000 999.000000             3018.0 
999.000000 999.000000 999.000000 999.000000 999.000000 999.000000 999.000000 999.000000 999.000000 999.000000 999.000000 999.000000             3028.0 
999.000000 999.000000 999.000000 999.000000 999.000000 999.000000 999.000000 999.000000 999.000000 999.000000 999.000000 999.000000             3036.0 
999.000000 999.000000 999.000000 999.000000 999.000000 999.000000 999.000000 999.000000 999.000000 999.000000 999.000000 999.000000             3046.0 
999.000000 999.000000 999.000000 999.000000 999.000000 999.000000 999.000000 999.000000 999.000000 999.000000 999.000000 999.000000             3054.0 
999.000000 999.000000 999.000000 999.000000 999.000000 999.000000 999.000000 999.000000 999.000000 999.000000 999.000000 999.000000             3063.0 
999.000000 999.000000 999.000000 999.000000 999.000000 999.000000 999.000000 999.000000 999.000000 999.000000 999.000000 999.000000             3072.0 
999.000000 999.000000 999.000000 999.000000 999.000000 999.000000 999.000000 999.000000 999.000000 999.000000 999.000000 999.000000             3082.0 
999.000000 999.000000 999.000000 999.000000 999.000000 999.000000 999.000000 999.000000 999.000000 999.000000 999.000000 999.000000             3090.0 
999.000000 999.000000 999.000000 999.000000 999.000000 999.000000 999.000000 999.000000 999.000000 999.000000 999.000000 999.000000             3100.0 
999.000000 999.000000 999.000000 999.000000 999.000000 999.000000 999.000000 999.000000 999.000000 999.000000 999.000000 999.000000             3109.0 
999.000000 999.000000 999.000000 999.000000 999.000000 999.000000 999.000000 999.000000 999.000000 999.000000 999.000000 999.000000             3118.0 
999.000000 999.000000 999.000000 999.000000 999.000000 999.000000 999.000000 999.000000 999.000000 999.000000 999.000000 999.000000             3127.0 
999.000000 999.000000 999.000000 999.000000 999.000000 999.000000 999.000000 999.000000 999.000000 999.000000 999.000000 999.000000             3136.0 
999.000000 999.000000 999.000000 999.000000 999.000000 999.000000 999.000000 999.000000 999.000000 999.000000 999.000000 999.000000             3145.0 
999.000000 999.000000 999.000000 999.000000 999.000000 999.000000 999.000000 999.000000 999.000000 999.000000 999.000000 999.000000             3154.0 
999.000000 999.000000 999.000000 999.000000 999.000000 999.000000 999.000000 999.000000 999.000000 999.000000 999.000000 999.000000             3163.0 
999.000000 999.000000 999.000000 999.000000 999.000000 999.000000 999.000000 999.000000 999.000000 999.000000 999.000000 999.000000             3172.0 
999.000000 999.000000 999.000000 999.000000 999.000000 999.000000 999.000000 999.000000 999.000000 999.000000 999.000000 999.000000             3181.0 
