-12.952170 114.751686 102.380363 11.323184 143.115723 83.741905 4.339149 190.146210 157.401611 54.194695 116.099838 93.806953                  0 
-13.913038 117.687492 103.054893 11.384503 145.174042 84.442505 8.417051 190.975769 159.163254 53.015827 115.808067 93.021652                  9 
-13.969724 118.208458 102.713425 11.477861 145.736710 84.408180 8.200264 191.094879 159.398315 52.953907 116.170174 93.050323                 18 
-13.955688 117.974464 102.697731 11.378578 145.606293 84.423111 7.468906 190.839493 159.223785 52.940613 116.164848 93.079224                 27 
-13.891786 116.990707 102.286659 11.109320 145.151733 84.428024 3.171001 189.981552 158.414917 53.144390 116.680077 93.996025                 36 
-12.870337 115.664253 102.668655 11.340475 144.371384 84.605080 1.558379 189.110062 158.186447 54.125427 117.084297 94.300011                 45 
-12.620646 115.938950 102.749367 11.844872 144.309082 84.515717 1.877408 189.521606 157.650986 54.380234 116.742035 94.512230                 54 
-12.243889 117.125969 103.412407 12.555825 144.806656 84.601456 3.134892 191.399643 156.852356 54.719315 116.827896 95.020615                 63 
-10.840399 118.981087 105.145439 14.355717 145.631363 85.393631 7.252021 193.712219 156.868103 55.937057 116.724693 95.617416                 72 
-10.655908 118.583664 104.717949 14.358628 145.661575 85.332191 4.199339 192.947144 156.004425 56.243534 117.350494 95.974876                 81 
-10.371445 120.111214 104.807693 15.643479 146.552628 85.908257 6.813753 192.150284 157.146591 56.336037 116.213036 95.539169                 90 
-10.279483 120.089310 104.431046 15.749004 146.599686 85.950684 -2.306871 188.198120 153.556671 56.343075 116.232368 95.904427                 99 
-9.569025 120.446724 104.828804 16.003983 146.783325 85.715317 -6.722697 187.431900 150.582397 56.901546 116.958199 96.058449                108 
-9.090038 120.304680 104.881653 15.764215 146.943787 85.628532 -13.304766 184.865570 147.702209 57.266075 118.250893 96.739006                117 
-8.712296 119.971275 104.789825 15.780884 146.518433 85.374016 -18.212566 182.305573 144.641693 57.429081 118.412720 97.400070                126 
-8.135718 119.694710 104.701233 15.893179 146.075470 84.898415 -22.820274 180.027084 139.531769 57.776604 118.928253 98.237709                136 
-7.615193 119.567795 104.626732 15.863310 145.736313 84.319443 -26.166430 178.336502 134.887238 57.972042 119.571312 98.858238                144 
-7.146607 119.486816 104.604233 15.842744 145.502792 83.920799 -27.868332 177.497757 131.791382 58.094376 120.037407 99.264946                153 
-6.683171 119.444786 104.610779 15.829123 145.348145 83.656784 -29.305435 176.027710 128.559601 58.169815 120.355835 99.524345                163 
-6.185604 119.337456 104.646149 15.955940 145.161423 83.515114 -30.151556 174.570877 125.694481 58.346561 120.456993 99.697083                171 
-5.611538 119.704369 104.719666 16.027826 145.241196 83.061356 -30.642708 174.730316 123.029732 58.580135 121.338211 100.004730                180 
-5.136716 120.309319 105.041962 16.009552 145.387451 82.629646 -31.069710 175.356750 120.888359 58.758251 122.438622 100.378716                189 
-4.884686 120.608673 105.268372 15.985396 145.424713 82.528084 -31.299604 175.198578 119.904686 58.732803 122.613014 100.456139                198 
-4.672873 120.850677 105.430580 15.969392 145.459732 82.441765 -31.468473 175.003937 119.051773 58.723328 122.765694 100.503075                208 
-4.256354 121.620819 105.752472 15.975328 145.782272 82.075935 -31.588451 175.074997 117.689941 58.925087 123.575172 100.277374                217 
-4.051645 121.725609 105.430389 16.068405 145.934418 81.821846 -31.773209 174.613297 116.723007 59.000618 123.791229 100.142151                226 
-3.900020 122.219284 105.328613 16.181274 146.202774 81.663063 -31.701691 174.963928 115.837593 58.926777 123.928543 100.259048                235 
-3.772838 122.420921 105.113091 16.314474 146.378845 81.481567 -31.711830 174.587936 115.003975 58.980022 123.994858 100.129288                244 
-3.296272 123.988434 105.338692 17.723270 147.132141 81.742668 -28.013599 177.938736 115.742310 59.358616 122.434181 99.788124                253 
-1.925832 127.269638 107.236984 20.737009 149.193909 84.014503 -20.752396 184.940918 118.833733 60.459209 121.352638 101.794830                262 
-1.570436 126.947556 106.534622 21.599949 148.768951 83.720634 -17.919466 186.290695 119.252884 60.699970 119.901886 101.242340                271 
-1.411104 127.064163 106.509407 21.944443 148.698471 83.707954 -16.408476 187.239502 119.603188 60.756615 119.343575 101.058311                280 
-0.603274 129.162521 107.691635 22.889559 149.370041 83.751335 -13.261543 190.536362 119.129280 61.199780 119.504326 101.343819                289 
-0.662092 130.835876 107.576721 23.734978 150.212143 83.854889 -10.364894 193.046692 119.588219 60.700058 118.656815 101.375534                298 
-0.292390 132.678024 107.809830 24.616840 151.567612 84.225906 -8.504994 195.298325 120.186050 60.799526 119.154839 101.814400                307 
-0.292053 133.484833 107.451477 25.308907 152.185242 84.449127 -7.063131 196.363327 121.111153 60.537327 118.682121 101.931374                316 
-0.198040 135.087189 107.608170 26.132360 153.192352 84.941902 -4.581389 198.577286 122.533218 60.117176 118.372063 102.311676                343 
-0.280426 135.076508 107.432930 26.168243 153.227768 84.899101 -4.144030 198.909454 122.923325 60.015804 118.254044 102.228584                352 
-0.334330 135.068939 107.375534 26.162539 153.251572 84.874962 -3.571697 199.414978 123.436905 59.947498 118.200584 102.170456                361 
-0.233391 135.787460 107.916237 26.245138 153.670044 85.119789 -2.016246 201.027054 124.295479 59.892570 118.481941 102.404961                370 
-0.103907 136.149155 108.434441 26.060364 153.909576 85.142761 -1.165699 202.086319 124.763390 59.991581 118.933678 102.303444                379 
0.120255 136.558060 109.175873 25.784140 154.301376 85.273506 -0.623586 203.001785 125.281479 60.207401 119.661003 102.132133                389 
-0.420206 135.740692 108.563591 25.060974 153.811478 84.675957 -1.590178 202.384933 124.979828 59.843262 119.498848 101.467766                397 
-0.790364 135.522659 108.366989 24.465696 153.622437 84.251099 -2.471620 202.509872 124.227707 59.630539 119.865784 101.369835                406 
-0.701837 135.668808 108.597954 24.315416 153.662643 84.140411 -2.169037 203.376785 124.233177 59.784832 120.344368 101.488091                415 
-0.837900 135.534958 108.922844 23.817846 153.389755 83.994774 -2.581592 203.935593 123.789742 59.781742 120.816826 101.735435                424 
-0.974778 135.174744 109.082573 23.340841 153.010452 83.813713 -3.129125 204.012497 123.462433 59.760941 121.055832 101.747139                433 
-1.116425 134.758316 109.196877 22.967930 152.672058 83.771416 -3.440971 204.071732 123.784805 59.709148 121.132217 101.783920                443 
-1.055979 134.733246 109.444405 22.806814 152.533188 83.759682 -3.415152 204.454086 123.840256 59.778725 121.339539 101.902542                452 
-1.731011 132.638290 109.307579 22.286659 151.292236 84.380814 -4.123036 202.065414 126.216568 59.182594 119.593483 101.787941                461 
-2.236626 131.136826 109.208656 21.909563 150.392593 84.831116 -4.627175 200.302536 127.948280 58.766361 118.350586 101.683891                470 
-2.929504 129.228119 108.331818 21.498251 149.326218 84.916687 -5.910710 197.930481 129.224060 58.268505 117.010460 101.432411                479 
-3.672463 128.311783 107.438499 21.096123 148.728043 84.659828 -7.054126 196.864746 129.207062 57.645630 116.288177 101.420448                488 
-3.797536 128.287567 107.133102 21.120901 148.691956 84.510201 -7.156263 196.917175 129.056503 57.526665 116.194443 101.470779                497 
-4.219874 127.741959 106.676094 20.968472 148.336807 84.531563 -7.755515 196.259476 129.267578 57.131321 115.654747 101.656403                506 
-4.566158 127.302971 106.301315 20.845776 148.050949 84.548759 -8.235678 195.728348 129.441116 56.811687 115.217712 101.798729                515 
-4.818420 126.974030 106.029900 20.755663 147.840988 84.561394 -8.578428 195.345947 129.584473 56.576256 114.895340 101.899170                524 
-4.989127 126.723869 105.691971 20.649611 147.654083 84.378380 -8.889251 195.111389 129.418655 56.376034 114.674507 101.845497                533 
-5.024914 126.414925 105.637825 20.607437 147.405212 84.377480 -9.004212 194.835663 129.489120 56.308693 114.416443 101.878647                542 
-5.331793 125.882263 105.044975 20.373528 146.936905 83.962524 -9.502741 194.336029 129.010742 55.922749 113.889778 101.661942                551 
-5.325677 125.998672 105.374115 20.194843 147.015640 84.028755 -9.689837 194.689117 128.856628 55.906860 114.227875 101.882141                560 
-5.658852 125.501945 105.848274 19.642633 146.754303 84.465469 -10.562598 194.215012 129.372849 55.625534 114.249672 102.292686                569 
-5.903257 125.119461 106.211220 19.223839 146.556107 84.796677 -11.218475 193.860321 129.772644 55.410393 114.267815 102.604797                578 
-5.353149 124.558502 105.557526 20.520483 145.902328 84.942375 -8.142422 192.515045 131.824692 55.518547 111.654816 101.415764                587 
-5.022748 126.502068 106.833977 21.273926 147.459167 86.229767 -1.444027 194.998001 135.838242 55.227219 111.307877 100.700005                596 
-5.244790 126.409401 107.309715 21.367197 147.429642 87.041946 1.829778 195.016357 138.364288 54.751900 110.324188 100.375206                605 
-5.618712 126.770012 107.914932 21.481403 147.673874 87.813095 4.601332 195.036072 140.535767 54.202271 109.597992 100.007416                614 
-6.077556 127.166786 108.318718 21.530357 147.949539 88.297104 6.226468 195.181061 141.765076 53.836960 109.321808 99.843155                623 
-6.495801 127.439972 108.308235 21.533190 148.129776 88.372581 6.896316 195.463684 142.040848 53.621517 109.289871 99.815079                632 
-6.250464 126.823509 108.225014 21.921843 147.637878 88.421928 6.766531 195.282928 141.751450 54.220650 109.121056 100.353874                641 
-6.322210 126.262695 107.417152 22.203184 147.193314 88.046593 7.284812 194.312485 141.972656 54.229977 108.343689 99.627655                650 
-6.480756 125.956871 107.204353 22.211618 147.014404 87.989075 7.117085 194.128860 141.925415 54.316872 108.261353 99.675972                659 
-6.615145 125.949211 107.146294 22.214245 147.036530 87.929817 7.169342 194.314560 141.784348 54.374954 108.363007 99.727127                669 
-6.535558 126.048080 107.194031 22.460922 147.100723 87.905441 7.646386 194.570694 141.693726 54.648956 108.461899 99.741898                677 
-7.453859 126.853401 107.564941 21.928173 147.899796 88.467682 7.398094 195.126877 142.583511 53.995716 109.085724 100.055145                687 
-8.220076 127.563240 107.859528 21.600790 148.561295 88.881088 7.359302 195.661331 143.216263 53.598740 109.633919 100.279327                696 
-8.452743 128.068008 107.954262 21.572472 149.024796 88.969528 7.614916 196.130783 143.400482 53.537018 110.038582 100.259880                705 
-8.921664 128.639053 107.838409 21.070354 149.835007 88.945038 6.763278 196.818680 143.417389 53.298927 111.071785 100.252617                714 
-10.404687 132.188751 109.387932 19.601862 153.421494 90.404037 8.263766 198.506760 147.155319 51.211868 113.493263 99.103088                723 
-11.409155 135.506332 111.162704 18.163223 156.446518 90.963081 12.312465 201.001968 149.453079 49.370285 115.755692 97.248398                732 
-11.843044 136.921799 111.871323 17.799109 157.599228 91.132996 14.957160 202.051712 150.341537 48.734558 116.560722 96.421524                741 
-12.169024 137.460907 111.882431 17.628006 157.944016 90.851212 15.839138 202.265259 150.317169 48.409882 116.732803 95.672195                750 
-12.415100 137.792328 111.887375 17.528759 158.143997 90.687759 16.370993 202.384003 150.319916 48.216900 116.832344 95.239090                759 
-12.613012 138.033020 111.890755 17.459284 158.283997 90.573341 16.715588 202.406433 150.456543 48.079788 116.901924 94.936615                768 
-11.886128 143.011230 113.222664 16.344645 160.843155 87.512756 17.596489 212.779099 140.905609 48.565212 121.273605 95.588348                777 
-12.749720 145.747986 113.575294 14.531135 161.982697 85.750793 15.715927 218.249893 134.697220 47.949226 124.019432 96.293602                786 
-14.400228 146.560547 113.639771 11.984560 161.884857 84.379669 11.566424 221.300888 129.595337 46.983700 126.011681 96.921776                795 
-14.655817 146.587326 113.666634 11.371389 161.563522 83.883286 11.074350 221.689087 128.269455 46.688847 126.080444 96.640930                804 
-14.749272 146.598251 113.675133 11.127873 161.435913 83.686157 10.863071 221.830002 127.800797 46.572151 126.108482 96.523804                813 
-17.045879 144.542252 111.537125 8.998497 160.263290 82.176041 5.607014 220.612534 126.300972 45.273617 126.141235 95.921227                822 
-18.835392 144.147629 108.451752 8.256599 159.776581 80.030006 2.316454 220.668228 123.197220 44.233852 126.227974 95.817894                831 
-20.258076 142.402222 105.807899 7.515500 158.959244 78.618332 -0.673457 218.883606 122.817520 43.379978 125.546844 94.942558                840 
-21.160645 143.394989 104.056129 7.341212 159.737350 77.513206 -0.856860 219.474365 122.013466 42.406937 125.706551 94.289024                849 
-19.712233 146.006332 101.129982 9.321796 160.803192 74.469765 2.737375 221.812439 117.533707 43.060127 126.015594 92.377213                859 
-21.414715 149.177032 97.021667 9.400684 163.461365 72.346138 4.291672 222.827087 117.876198 40.201191 125.984413 90.120735                867 
-21.646847 152.032257 92.923859 10.342361 165.958817 69.602539 5.370607 224.444672 116.307541 39.455914 127.228294 87.532341                877 
-21.029762 153.564590 88.033844 12.178652 167.143677 66.312584 4.939332 226.127640 112.115135 40.129196 128.498032 86.172379                885 
-20.308210 160.386063 83.229744 13.988883 171.000595 61.538147 8.909307 232.788986 103.828568 39.502300 132.182022 84.150375                894 
-20.256794 164.434814 79.630020 15.485888 172.637390 59.152622 11.899326 235.776321 99.588783 38.055408 133.241318 83.804108                903 
-17.639803 167.801239 73.490891 19.125053 174.567154 54.107285 15.686025 238.766190 92.880157 40.013016 135.318878 80.420685                912 
-17.703871 168.492477 66.388420 20.759476 176.705902 51.122627 0.499226 235.591019 93.521492 39.903294 136.580078 77.439201                922 
-17.073240 171.761581 58.659760 23.105736 178.755478 46.460373 -6.880757 234.146622 89.508514 39.794418 137.297638 72.380730                931 
-18.260805 177.832718 50.431728 24.262976 180.705399 42.836597 -6.143584 237.691528 89.899811 36.025738 137.687561 68.917862                940 
-18.169735 182.221710 41.591171 25.550606 183.495300 37.995792 -9.029332 240.954880 85.360558 35.216560 140.474579 64.920082                949 
-17.440760 185.608505 34.197041 26.975365 185.585342 33.632828 -13.811564 242.560104 78.348373 34.985363 142.637863 61.209705                958 
-16.874367 190.837845 26.577835 27.998442 191.009735 27.652372 -19.844763 247.182617 68.304840 36.342464 149.424606 57.151253                967 
-15.479053 193.484970 18.525381 29.585516 193.342514 22.864317 -29.233349 245.526123 60.035057 36.564240 152.149277 53.254181                976 
-14.075584 198.304550 9.377827 31.477575 195.615891 17.105579 -34.722424 244.124725 51.465607 36.882984 153.682266 46.795353                985 
-13.138580 202.639450 0.153340 32.773247 199.204208 10.966956 -38.174770 245.790848 42.147114 38.012363 158.085449 41.804081                994 
-0.449601 246.154907 -23.143402 40.803089 198.501221 13.909546 -30.044903 226.795151 30.803923 56.047798 160.655777 45.602612               1003 
-4.282565 254.755112 -33.285461 43.443386 198.363129 12.442534 -27.874086 217.114273 22.865452 63.215405 162.621826 44.077263               1012 
-6.347626 256.761383 -40.332153 44.727512 199.576752 8.562943 -27.672750 214.554459 17.196295 66.378212 165.170761 40.447170               1021 
-5.302019 259.349426 -46.833942 45.604591 200.975739 4.247351 -27.545448 213.715073 10.599583 67.554123 167.187698 36.584885               1030 
-4.502601 261.111267 -53.587368 46.066746 202.264740 -1.114725 -27.693485 213.263016 3.729867 68.173508 168.879562 31.532646               1039 
-4.146710 262.460297 -61.427921 45.574532 203.672302 -7.147835 -28.710358 212.760345 -4.684488 67.461624 170.799377 26.160660               1048 
-2.583061 265.723267 -67.389992 45.060577 204.344391 -13.406893 -29.590401 212.682999 -12.966606 66.111588 170.421921 19.384119               1057 
-1.896743 267.884064 -73.005295 44.540714 205.325531 -19.199200 -30.637157 212.856369 -20.145205 65.035240 170.595596 13.095317               1066 
-1.886456 268.720154 -80.333870 43.810455 206.427963 -25.533659 -31.943691 213.160248 -27.461241 63.961025 171.746002 7.027763               1075 
-2.047309 269.292053 -87.257462 42.837173 206.991882 -31.521776 -33.324966 212.858154 -34.204674 62.852764 172.519424 1.343926               1084 
-1.578377 270.251984 -94.256226 41.838459 207.594803 -37.259449 -34.993874 212.188004 -40.809837 61.561367 173.479584 -3.848537               1093 
-1.845630 269.404663 -100.086685 41.688629 207.732590 -41.807144 -35.604820 210.211639 -45.905334 61.745892 174.377502 -7.832532               1103 
-2.820534 268.787140 -105.786598 40.998920 208.647614 -45.902229 -36.545559 209.081528 -50.692970 61.362598 176.268066 -11.174502               1111 
-3.435722 268.328369 -112.445679 40.329159 209.415146 -50.906624 -37.359676 208.264969 -56.015583 60.960575 178.076462 -15.390985               1121 
-3.771791 267.251648 -117.144440 39.949722 209.437119 -54.082577 -37.628223 206.467865 -59.673771 60.911900 179.174545 -17.834904               1130 
-4.913883 265.173523 -120.930374 39.954876 209.152756 -56.756462 -37.428062 204.314957 -61.869095 61.736019 180.127762 -19.983368               1139 
-6.527162 262.857574 -124.615852 39.707611 209.377426 -59.156609 -37.224308 202.054886 -64.449982 62.245937 181.774628 -21.750210               1148 
-8.722670 262.547180 -130.530121 38.235130 209.962799 -64.758324 -38.531704 201.686462 -69.858345 61.163200 182.825775 -27.248129               1157 
-10.831234 258.309082 -134.887161 37.659657 209.587173 -67.194252 -38.600559 198.982468 -71.805695 61.410099 184.582016 -28.726240               1165 
-11.718872 255.383972 -137.437592 37.686005 209.350021 -68.442284 -37.941818 196.923309 -73.068977 61.911243 185.830933 -29.338324               1175 
-11.867952 254.057281 -138.990402 37.714912 209.335709 -69.151749 -37.340874 195.581894 -74.359444 62.021267 186.588394 -29.643650               1184 
-13.094769 251.336517 -143.381439 37.657337 208.776703 -72.800476 -37.072250 194.934937 -76.165367 62.717396 187.477844 -32.957268               1193 
-14.457541 249.493668 -145.639481 37.311165 208.601486 -74.707832 -36.709057 193.707626 -77.459846 62.930676 188.277115 -34.711704               1202 
-15.630390 247.529068 -147.079727 37.104141 208.634735 -75.539207 -36.386543 192.548920 -78.086357 63.077934 189.317535 -35.273373               1211 
-16.496746 246.491501 -148.096542 36.721447 208.938095 -76.080475 -36.079399 191.525131 -78.887184 62.923454 190.379974 -35.606041               1220 
-19.949747 245.697067 -150.512909 35.195942 209.906616 -78.709061 -36.520790 190.597107 -80.270691 62.580402 192.613510 -38.457733               1229 
-21.462139 244.876755 -152.404114 34.442280 210.725449 -79.840027 -35.869511 189.242264 -81.159821 62.486156 194.981354 -39.407440               1238 
-24.537045 240.856018 -153.832123 33.405968 211.715790 -80.574013 -34.882145 186.193420 -81.489395 62.410545 198.652252 -39.865200               1247 
-25.671829 240.906052 -153.946899 33.160404 212.542801 -80.997093 -33.834896 185.323914 -82.263901 62.604908 199.918228 -40.465988               1256 
-26.380112 240.152573 -155.268204 32.763386 212.574203 -82.084442 -33.333233 185.005203 -83.578781 62.279110 200.416855 -41.462399               1265 
-26.683474 240.462952 -155.260925 32.809227 213.049133 -82.095337 -32.063351 184.578690 -84.512177 62.331631 200.965576 -41.456135               1274 
-28.599140 235.977188 -157.909454 31.830328 214.137726 -83.469971 -31.069103 183.130219 -85.193275 61.634850 205.041290 -42.262272               1284 
-34.970821 222.898193 -161.553314 29.272324 213.345688 -87.611305 -30.974684 181.797897 -85.051559 60.707298 210.604187 -46.703411               1292 
-39.209568 222.745758 -159.311096 27.788095 214.383911 -87.785339 -30.273062 181.856476 -86.486130 60.143295 211.409698 -47.617882               1301 
-42.765057 216.652603 -159.945236 25.874622 213.180435 -89.607498 -31.026806 180.346878 -86.825546 58.913979 212.506470 -49.895081               1310 
-43.618458 218.168823 -161.033112 24.495365 213.274689 -90.279198 -31.499516 179.666702 -90.017670 57.102856 211.504486 -50.244873               1319 
-44.153679 220.726334 -161.729889 23.490086 213.764572 -90.703033 -32.342556 180.396820 -92.280106 55.753342 210.690292 -50.469212               1328 
-44.858162 221.627914 -161.257278 23.050055 214.151993 -90.731186 -32.934513 181.448196 -93.072891 55.221886 210.232529 -50.497616               1337 
-45.889679 223.760666 -160.529617 22.354963 214.805283 -90.635979 -33.586060 182.446899 -94.108513 54.527687 209.597412 -50.549530               1346 
-48.070663 220.658829 -160.427597 20.942474 214.989868 -91.146004 -34.220722 181.609482 -94.188065 53.373325 210.931854 -51.134735               1356 
-50.737850 212.700500 -161.300232 18.916395 214.780060 -92.766182 -34.942734 179.629929 -94.018463 51.497227 214.157516 -52.675896               1364 
-52.605812 207.939194 -160.915894 17.449326 214.994751 -93.500099 -35.430138 179.023346 -94.424637 50.067669 216.215302 -53.454086               1373 
-53.450134 204.522842 -159.749878 16.678829 215.285904 -93.438896 -35.421432 178.869675 -94.985962 49.078617 217.460129 -53.256115               1383 
-53.400543 205.861862 -159.959595 15.730981 216.593857 -93.064453 -36.223297 180.585541 -97.142517 47.474567 217.610291 -52.315941               1391 
-53.202511 209.923691 -160.175095 14.992774 218.210358 -92.232452 -37.216808 183.328049 -99.189171 46.098507 217.105164 -50.997261               1400 
-50.868580 214.734375 -160.972733 14.704374 220.094437 -90.347488 -37.926823 186.878555 -100.901428 44.119987 216.934097 -47.993465               1410 
-49.815475 223.368210 -161.122971 13.943950 221.858871 -88.681526 -39.272102 191.226303 -103.149811 42.151058 214.771561 -45.981895               1419 
-51.517860 226.723602 -159.979782 12.671674 222.622604 -88.046890 -40.947544 193.122528 -103.197327 41.091240 213.990280 -45.774666               1428 
-52.365597 235.169510 -159.548904 10.853553 224.226196 -87.473740 -43.238232 197.307022 -105.429443 38.581398 211.760330 -45.701759               1437 
-54.044014 240.316650 -158.203217 8.716686 225.604630 -86.376900 -45.434170 199.914749 -105.929977 36.218323 210.990067 -45.155499               1446 
-54.804272 244.707260 -156.354279 7.438169 227.123550 -84.731598 -47.434879 203.393463 -104.747467 34.502125 211.063812 -43.758968               1455 
-56.481049 248.438721 -153.929245 5.983978 228.507797 -83.125549 -49.199921 205.773331 -103.538612 33.151131 211.126862 -42.764942               1464 
-65.457901 260.114929 -141.568436 -0.659574 233.509521 -75.388039 -56.707077 213.202957 -96.053902 27.799208 212.063629 -37.980816               1491 
-67.333908 262.276917 -140.410400 -2.926719 234.947495 -74.294113 -58.960911 215.149582 -95.538620 25.290665 212.896576 -37.056160               1500 
-69.885406 263.481079 -138.328140 -5.501286 236.439499 -72.449585 -61.579613 216.964996 -93.982903 22.706099 214.017548 -35.426239               1509 
-73.677956 259.575195 -134.287628 -7.132114 237.500839 -69.068336 -62.805393 215.537750 -89.140877 22.621298 217.101883 -32.085278               1518 
-77.358337 257.997162 -131.567245 -9.749209 238.716232 -66.699066 -65.252686 215.575089 -85.783768 20.805178 219.564529 -29.702162               1527 
-81.460670 257.752350 -129.184616 -13.408175 239.509781 -64.798477 -68.901886 216.256180 -83.781464 17.562494 220.433105 -28.110228               1536 
-85.511681 258.136902 -126.475258 -16.558056 239.965302 -63.229168 -72.310791 216.918350 -81.787361 15.031951 220.580811 -27.236912               1545 
-89.689552 257.020508 -123.185692 -19.604219 239.831116 -61.481903 -75.496620 216.756805 -79.536125 12.793871 220.219833 -26.340893               1554 
-94.277695 254.739410 -121.039711 -23.922846 239.610138 -60.299885 -80.161491 216.979156 -77.940239 8.707351 219.893311 -25.433762               1563 
-97.893829 254.350647 -118.462044 -27.082499 239.264252 -58.883682 -83.859161 217.488586 -76.125679 5.804267 218.869812 -24.654205               1572 
-102.728912 250.294540 -115.527931 -31.269493 238.141235 -57.730328 -88.414169 216.402176 -74.333260 2.184090 217.597076 -24.145737               1581 
-107.300323 246.621216 -113.015282 -34.869576 236.314865 -57.039551 -92.523209 214.772781 -72.427231 -0.801608 215.725159 -24.106785               1590 
-111.693756 243.848022 -110.694992 -38.894199 235.185394 -55.901562 -97.046638 214.148911 -70.569008 -4.644825 214.398148 -23.282553               1599 
-116.272301 242.401901 -107.719261 -42.417297 232.824905 -55.050312 -101.315041 212.994217 -68.699913 -7.756668 210.919418 -23.619114               1608 
-121.152153 240.277084 -106.019066 -47.007381 230.726944 -54.175636 -106.361580 211.379807 -67.352264 -12.182094 208.303101 -23.296839               1617 
-126.108849 238.537537 -103.085686 -50.596924 227.373932 -53.679718 -110.715660 208.659882 -65.392159 -15.015504 203.878036 -24.507212               1627 
-130.702316 235.473145 -101.306557 -54.245846 225.710098 -53.414261 -114.928619 207.091339 -63.190632 -18.184792 202.673676 -24.465120               1635 
-136.352280 232.901154 -100.320389 -58.689041 224.929718 -54.730137 -119.906273 206.290115 -62.301167 -21.931196 202.284683 -26.354223               1645 
-140.796677 230.188095 -97.129692 -61.956234 223.274002 -53.884041 -123.405151 204.394135 -59.760632 -24.404001 200.738068 -26.478004               1654 
-144.548248 226.919128 -95.156837 -64.900650 222.600449 -53.300877 -126.430466 203.174011 -57.088585 -26.714460 201.444031 -25.672077               1663 
-149.031281 224.074234 -95.744171 -69.927933 220.209381 -52.862892 -131.480118 200.064240 -57.307594 -31.857208 199.120972 -25.023561               1672 
-154.130539 222.362076 -95.418930 -74.448471 217.319946 -53.772087 -136.477478 197.391632 -57.232719 -36.056324 195.464584 -26.985603               1681 
-158.429810 221.862808 -94.783043 -78.250198 216.193573 -54.160835 -141.100067 195.987549 -55.827133 -39.640289 193.975510 -27.992889               1690 
-161.909546 214.397598 -92.398178 -80.952843 210.985611 -53.223526 -143.147888 186.591888 -54.423302 -40.697147 189.367264 -29.114290               1699 
-164.894196 211.076080 -91.790932 -83.706879 209.101486 -53.402424 -145.841248 183.516571 -53.857407 -42.942463 187.825882 -29.849497               1708 
-168.714951 208.820129 -92.422935 -87.606003 208.035828 -54.302036 -150.122437 182.297256 -53.627728 -46.863338 187.066422 -30.438915               1717 
-171.421295 204.503571 -92.100769 -90.584488 205.987885 -54.635864 -153.298386 179.295883 -53.026051 -49.589279 185.257065 -30.997858               1726 
-174.277710 199.537628 -93.287727 -93.872322 204.480194 -55.446438 -156.161148 175.818863 -52.991169 -52.490288 185.379684 -31.118946               1735 
-176.923859 195.946060 -93.129501 -96.503853 203.031052 -56.201775 -158.521881 173.640106 -52.810806 -54.775105 184.749496 -31.837332               1744 
-178.755402 192.076202 -93.668449 -98.783119 201.090363 -56.702858 -160.537872 171.117737 -53.361599 -57.038795 183.491669 -31.866856               1753 
-180.851395 190.914841 -92.725273 -100.564522 199.682663 -56.641365 -162.494751 170.060638 -52.811131 -58.737850 181.746246 -32.188477               1762 
-182.950180 190.200623 -93.417793 -102.715195 198.950531 -57.380089 -164.904160 169.920364 -53.344921 -61.151272 180.967056 -32.517174               1771 
-184.466202 189.065399 -94.813850 -104.601784 197.785843 -57.987389 -166.944473 169.059082 -54.531937 -63.454628 179.785110 -32.452816               1780 
-185.362091 188.647888 -95.519844 -105.662315 197.162445 -58.251804 -167.997971 168.558929 -55.442799 -64.778633 179.055801 -32.371250               1789 
-186.004364 188.603699 -95.937317 -106.510254 196.716446 -58.066647 -168.974380 168.543472 -55.923103 -66.040016 178.446106 -31.656733               1798 
-186.250504 186.962097 -96.047318 -106.904366 195.425873 -57.876324 -169.295944 167.058304 -55.979507 -66.520287 177.345520 -31.205063               1807 
-186.456848 185.803223 -96.801460 -107.506447 194.109695 -57.729031 -169.887543 165.663116 -56.740768 -67.417328 175.895187 -30.706383               1817 
-187.450516 185.840317 -97.100304 -108.186012 189.569412 -57.967094 -171.521942 163.294357 -58.480705 -68.788589 168.529907 -31.999577               1825 
-188.251556 183.274094 -97.321381 -109.228493 187.829971 -57.875000 -172.685303 161.836548 -58.697380 -70.199318 166.949310 -31.231970               1834 
-190.528229 180.853348 -98.388634 -111.436516 186.698425 -59.409760 -174.926437 160.762604 -60.063248 -72.496536 166.105392 -32.414680               1844 
-191.273376 180.619324 -99.376862 -112.169052 186.280121 -60.213715 -175.754578 161.059052 -61.294312 -73.669029 165.598938 -32.660732               1852 
-192.545563 183.178497 -99.267265 -112.975075 187.132477 -60.716965 -176.756165 163.371613 -62.078644 -74.822586 165.551331 -33.371552               1861 
-193.292297 181.899841 -99.758171 -113.646652 186.782028 -61.357498 -177.247375 163.241043 -62.751942 -75.694328 165.802155 -33.275562               1870 
-193.640747 178.938232 -99.437706 -113.919144 185.743759 -61.389202 -177.210693 161.840118 -62.353157 -75.924904 165.970856 -32.499756               1880 
-193.751175 177.502167 -99.734039 -114.057396 185.053589 -61.666000 -177.173920 161.032135 -62.811436 -76.173569 165.730087 -32.330925               1888 
-194.152237 181.384735 -101.847198 -114.608467 184.884995 -62.802975 -178.485092 163.402130 -65.544907 -77.914650 163.324265 -33.514275               1898 
-193.649460 183.274002 -96.931831 -112.613503 179.410614 -60.858562 -177.815598 162.501221 -62.252274 -76.546600 154.107239 -33.876213               1907 
-192.203156 185.253281 -95.386047 -110.921249 176.503235 -60.284241 -176.445465 162.061905 -62.155491 -75.606644 148.845245 -34.651375               1916 
-191.367630 182.629166 -94.940300 -109.912880 175.146851 -59.815464 -174.518356 159.062546 -63.076218 -73.991676 147.858932 -34.632805               1925 
-190.990494 179.073227 -95.206757 -109.567383 174.085236 -59.408241 -173.633621 156.424835 -63.010117 -72.894165 147.833679 -34.207840               1934 
-190.791565 176.985947 -95.429924 -109.340630 173.388489 -59.140980 -173.111160 155.064362 -62.748661 -72.201233 147.840515 -33.900234               1946 
-190.734467 176.446548 -95.560562 -109.256760 173.245728 -59.102013 -172.931183 154.718658 -62.718307 -71.958427 147.915756 -33.875912               1952 
-190.725739 173.951035 -95.292870 -109.190430 172.515457 -58.591827 -172.379364 152.549286 -62.390457 -71.255409 148.007599 -33.503410               1961 
-190.787170 174.229691 -94.645523 -108.989616 172.238602 -58.383015 -172.378922 152.890930 -61.636669 -71.079491 147.560898 -33.423805               1970 
-189.976929 173.090286 -94.790001 -108.081413 171.993774 -58.564007 -171.443344 152.527039 -61.277866 -70.062462 147.947571 -33.157932               1979 
-189.487732 173.062134 -95.331535 -107.674225 171.717377 -58.610020 -171.069366 152.405045 -61.352707 -69.784576 147.870712 -32.825531               1988 
-189.185974 173.343658 -95.971893 -107.499947 171.482513 -58.720497 -171.167511 152.789200 -61.153870 -69.791092 147.614395 -32.691963               1997 
-188.954742 173.972687 -96.598862 -107.379555 171.306900 -58.790352 -171.281433 153.143585 -60.929585 -69.807777 147.407333 -32.592999               2006 
-188.692932 174.618469 -97.800629 -107.534485 170.823074 -58.775494 -171.540161 152.889801 -61.269901 -70.192963 146.849045 -32.318241               2015 
-188.514496 176.747131 -97.644867 -107.386246 169.729691 -58.593304 -171.935028 153.649017 -60.502407 -70.505234 144.752457 -32.419697               2024 
-188.605682 177.158905 -97.490471 -107.440697 168.627991 -58.534496 -172.307571 153.571411 -59.707378 -70.698837 143.295761 -32.506752               2033 
-188.391083 177.224182 -97.745346 -107.399040 168.360046 -58.304871 -172.327148 153.211349 -59.465820 -70.576576 142.987030 -32.431229               2042 
-188.130539 177.794922 -98.161942 -107.376030 168.212051 -58.178040 -172.386932 153.140640 -59.206669 -70.507469 142.818817 -32.390022               2051 
-187.949554 178.133255 -99.520248 -107.766800 168.525436 -58.350563 -172.844849 153.173355 -59.593407 -70.857582 143.262436 -32.492886               2060 
-188.315338 175.921707 -100.158356 -108.367371 167.941864 -58.144802 -173.171280 150.903427 -59.597500 -70.887398 143.530640 -32.289955               2070 
-188.387939 176.191254 -100.225426 -108.577583 167.989578 -57.957260 -173.454269 150.829544 -59.325325 -71.005608 143.545715 -32.267303               2079 
-188.073929 177.663834 -100.743057 -108.536674 167.945480 -58.015083 -173.656494 151.400131 -58.936756 -71.109550 143.417114 -32.194569               2087 
-187.609894 179.761993 -101.358444 -108.473007 167.954819 -58.059029 -173.817001 152.039444 -58.597183 -71.195564 143.264954 -32.175987               2096 
-187.268250 181.060532 -101.865051 -108.444405 167.930664 -58.101089 -173.928925 152.377579 -58.444038 -71.266014 143.154358 -32.158226               2106 
-186.008698 186.572861 -103.642540 -108.494026 169.564697 -58.722252 -174.598770 156.732330 -59.785271 -72.658844 143.251587 -32.405148               2114 
-185.972626 188.694199 -105.171555 -109.391418 170.223358 -58.958271 -175.540680 157.581329 -60.800213 -73.921577 143.759094 -32.300022               2124 
-185.877762 190.118042 -106.094482 -109.898865 170.595810 -59.091732 -176.245880 158.257889 -61.010590 -74.637337 144.044601 -32.244247               2133 
-185.979752 192.162643 -106.638824 -110.517570 172.003265 -58.924664 -177.012634 159.849167 -61.036819 -75.451286 145.401138 -31.872635               2142 
-183.631775 193.830109 -107.821709 -107.680779 175.633484 -59.977882 -174.752121 166.326324 -58.652554 -72.840385 150.797485 -31.021889               2151 
-182.168259 195.237808 -108.082771 -105.844398 177.834976 -60.446846 -173.159485 170.398026 -57.168060 -71.024994 153.943283 -30.682343               2160 
-181.989410 196.631516 -107.430061 -106.127457 178.034897 -59.437622 -173.530273 170.614487 -56.724426 -71.535385 153.527527 -29.909559               2169 
-181.819122 197.005264 -107.574730 -106.097122 177.979599 -59.468739 -173.532028 170.311432 -56.948135 -71.486481 153.265564 -30.135323               2178 
-182.711517 197.217316 -106.637085 -106.628975 180.130066 -58.319759 -173.814392 170.128052 -56.111656 -71.291809 156.295288 -29.125277               2187 
-181.863068 201.415268 -105.328087 -106.191818 182.584045 -56.970154 -173.586899 173.807541 -54.805901 -71.308640 157.960693 -27.884365               2196 
-181.762756 201.031967 -102.688416 -104.830620 183.812485 -55.670525 -172.053619 174.093796 -51.787346 -68.924957 160.142029 -27.041483               2205 
-169.920624 171.593002 -75.253456 -103.125946 185.242630 -53.702591 -170.253555 176.408585 -46.743114 -66.339241 162.849030 -25.164997               2214 
-164.084625 170.284744 -59.816071 -99.064026 189.725784 -52.600494 -166.097321 187.433090 -40.871044 -62.377728 167.073227 -24.138117               2223 
-159.410446 162.910034 -60.752644 -97.001015 187.466614 -50.851315 -164.247330 180.712326 -42.365528 -60.303513 163.468384 -23.529020               2232 
-159.758545 169.190887 -58.037579 -95.994637 190.954422 -49.713993 -163.330322 186.635941 -39.655270 -59.660431 165.530624 -23.207668               2241 
-160.560043 176.274567 -52.222717 -95.145844 195.062775 -49.463329 -161.947449 194.813675 -35.127087 -58.411076 170.308945 -22.875099               2250 
-160.987534 178.964874 -49.652920 -94.914810 196.147858 -49.454510 -161.186554 196.903625 -32.586670 -57.624012 171.036026 -24.000208               2259 
-160.532867 180.924484 -47.298206 -93.924896 196.912613 -49.997417 -159.340759 197.942734 -29.425308 -55.524334 171.592957 -26.472086               2268 
-160.487335 181.656281 -46.412991 -93.714882 197.970688 -49.916374 -158.545975 197.190414 -26.790813 -54.215794 172.326355 -28.672085               2278 
-162.386353 180.438202 -54.258492 -95.881546 198.885300 -50.214909 -161.917755 191.586304 -31.440445 -56.288128 172.399002 -30.215734               2286 
-161.394577 176.056625 -50.990967 -96.199951 199.534988 -48.679657 -160.645569 186.098083 -27.366426 -53.632050 176.932541 -30.072323               2295 
-143.552963 166.891037 -41.032131 -94.470398 200.420761 -45.931610 -156.344055 179.697174 -22.546122 -49.090832 182.102158 -29.371000               2304 
-132.072388 172.971527 -33.253899 -86.505760 204.592224 -40.708012 -149.916992 189.059952 -17.141981 -42.826500 182.367477 -24.358316               2313 
-126.942635 182.324097 -28.230673 -78.170135 207.506317 -34.891083 -143.753128 201.843765 -12.634940 -38.944832 178.255386 -18.311348               2323 
-121.918037 186.935867 -24.552450 -70.934807 206.831085 -30.378025 -136.886078 208.220505 -8.340895 -35.626617 172.408554 -14.965361               2331 
-116.658119 195.521637 -20.314056 -63.814064 209.549744 -27.153770 -128.907806 218.566727 -4.205209 -32.252007 171.764938 -11.492550               2340 
-111.030281 199.123566 -16.165569 -57.486919 209.797256 -23.131659 -121.829597 223.015945 0.045266 -28.437300 170.001694 -7.589374               2349 
-106.671577 204.711853 -13.724794 -52.656429 211.766846 -21.214025 -115.921318 229.892838 1.740088 -26.172766 170.709396 -4.420263               2358 
-103.540009 204.927292 -11.834145 -49.120964 211.318893 -15.910228 -113.009567 228.365585 6.248749 -24.498661 167.727859 -3.155150               2368 
-100.842697 204.540863 -7.795687 -46.569904 211.726471 -12.077629 -110.218338 226.659698 7.520530 -21.389793 167.985229 -1.041551               2377 
-97.564941 204.315857 -3.467327 -43.200443 210.554428 -7.734356 -105.892639 225.514816 9.301106 -18.982378 165.670685 0.515796               2386 
-92.349564 203.039810 0.635439 -38.086433 210.084808 -3.375451 -100.982033 224.184402 11.567722 -13.262174 165.662430 5.542938               2395 
-87.049713 201.679672 5.664875 -32.922775 209.347198 1.235303 -95.886551 223.007797 15.794708 -7.505886 165.453354 11.055814               2404 
-82.434242 197.099350 10.316813 -28.647600 206.809387 5.927402 -92.007538 218.453903 19.648790 -1.616092 164.124329 16.716898               2413 
-77.484207 192.963135 17.268421 -23.965214 203.583313 12.126029 -86.595337 214.545166 26.187965 3.790838 161.005188 21.390724               2422 
-72.473312 189.248276 24.598982 -19.201021 200.117935 17.879902 -80.279755 211.351913 31.736891 8.855556 157.382980 25.341923               2431 
-68.362183 186.529861 29.989492 -15.463108 198.276337 22.225616 -75.785950 209.412704 34.565910 13.469468 156.405746 31.107567               2440 
-64.679192 182.422867 35.057537 -12.076572 195.292542 27.316668 -71.433800 205.950714 38.554054 17.532825 153.697861 35.209446               2449 
-61.149815 178.066910 40.391613 -9.265388 193.105255 31.979342 -67.319595 202.308609 41.560726 22.075109 152.770981 39.728420               2458 
-57.401382 173.066864 44.634842 -5.820201 189.467651 37.169292 -62.809776 198.218262 45.370632 26.286545 149.656754 44.475365               2467 
-54.635174 170.428421 48.414623 -3.258657 187.372589 41.228115 -59.071281 196.443237 49.192043 29.110611 147.689941 48.057980               2476 
-52.749233 168.318115 51.056297 -1.021424 184.314041 44.342804 -55.939621 194.746552 52.743607 30.360811 143.537552 48.986404               2485 
-50.155033 167.354126 55.138718 1.445272 183.227356 47.312252 -53.064205 194.030823 56.540195 32.911228 142.561859 52.346130               2494 
-48.127392 164.688446 58.719147 2.854324 182.015198 50.353378 -51.726837 191.526611 58.944214 35.586639 142.546371 56.672997               2503 
-46.300365 163.034561 62.370251 4.171504 181.381714 53.408237 -50.338596 189.996246 61.727699 37.802456 142.795013 60.419300               2512 
-44.334190 159.460266 65.686157 4.656036 180.942078 56.761475 -50.168377 186.425751 64.548828 40.532112 144.552551 64.366669               2522 
-41.520992 157.181946 68.361290 6.460578 180.130585 58.689274 -48.411686 184.115402 66.170074 43.530983 145.244446 67.513771               2530 
-39.469852 155.638077 71.817322 7.624401 179.807999 62.210587 -47.304974 182.617004 68.960434 45.452435 145.996536 71.955055               2539 
-35.839481 154.656906 75.301491 10.376436 179.188828 63.970478 -44.376682 181.700836 71.457550 48.748184 146.156204 74.245918               2548 
-34.376316 151.035522 78.520660 10.325458 177.698914 68.151016 -44.365028 178.333023 74.901169 49.662689 145.653839 77.888809               2557 
-30.742176 145.988022 82.010048 10.734724 176.492126 70.689461 -43.607872 172.540222 77.567093 52.799007 148.235428 80.753464               2567 
-25.940166 146.355652 86.543396 13.319605 177.010315 71.130569 -41.487717 172.602524 84.740837 56.391178 150.378525 81.363716               2576 
-23.209183 146.867722 88.816391 14.940435 176.906723 70.935272 -40.161709 173.292557 88.419731 58.290649 151.032852 81.909386               2584 
-19.372192 145.504929 91.485115 18.095106 174.880783 72.041054 -36.829800 172.380447 92.380302 61.398945 148.663406 82.363625               2593 
-17.659212 145.698395 92.617676 21.062414 172.904648 73.059830 -34.392754 174.972717 99.888489 62.854168 144.664322 84.242989               2603 
-17.805279 147.484192 92.479988 23.471670 171.547531 74.067566 -30.391359 183.006958 111.553368 62.574226 140.099167 86.360619               2612 
-17.565439 146.188782 92.167168 26.502769 167.714478 76.856880 -26.865623 184.255722 120.636925 62.507423 132.769028 89.169861               2639 
-17.496120 144.855270 91.111649 28.190086 164.410629 77.861198 -25.611349 182.694351 120.683449 61.884659 127.172783 89.991638               2648 
-17.862400 144.544174 90.135231 29.265675 161.712906 78.310417 -24.200830 182.049240 120.628075 60.504093 122.211128 89.838676               2657 
-17.962162 143.103363 89.264099 30.067137 158.728989 78.418396 -22.728106 179.937958 121.133003 59.583958 117.559868 88.566788               2666 
-18.274687 141.690781 88.206619 30.446232 156.071594 78.318672 -21.960728 178.020538 121.104698 58.553913 113.711494 87.522461               2675 
-18.874584 138.833191 85.135788 30.554695 152.323074 77.291512 -22.954521 175.162704 118.160652 57.475353 109.344032 87.150978               2684 
-18.892954 134.184464 82.660110 30.628584 148.595993 76.858833 -23.642111 169.593369 117.807716 57.821533 105.509766 85.417419               2693 
-18.810221 129.857788 81.149422 30.439713 146.212357 76.912041 -24.916199 164.486679 117.807465 59.002972 103.865120 84.656815               2702 
-18.763105 128.365845 80.768326 30.517101 145.481964 76.838829 -24.995481 163.256210 117.816200 59.705513 103.580421 84.676376               2711 
-18.554747 128.662582 81.832100 30.743465 146.138474 77.029816 -24.324125 164.902237 118.126999 60.421871 104.770187 85.804031               2720 
-18.172531 128.999130 83.236282 31.057209 146.773621 77.220924 -23.256632 166.817886 118.596245 61.262463 106.000572 86.933273               2729 
-18.061749 129.184143 84.167679 31.159353 147.107208 77.428604 -22.889042 167.833160 118.607658 61.674690 106.710457 87.726501               2738 
-17.683079 129.215591 84.876236 31.312735 147.292862 77.502266 -22.667412 168.416931 118.178535 62.086796 107.199013 88.205994               2747 
-17.109669 129.180527 85.520493 31.392353 147.423660 77.571236 -22.856209 168.600357 117.191689 62.330395 107.542000 88.590302               2756 
-16.588760 129.238998 86.230164 31.500891 147.438004 77.693092 -22.878859 168.854248 116.535469 62.441048 107.635406 88.988655               2765 
-16.286173 129.303879 86.847122 31.525503 147.352615 77.813095 -22.965639 169.046448 115.961548 62.394241 107.565521 89.355927               2774 
-16.141033 129.300339 87.334221 31.508991 147.217789 77.895050 -23.382458 168.812729 114.878708 62.332573 107.460892 89.660439               2784 
-16.097368 129.427444 88.087463 31.482283 147.074097 78.057800 -23.432205 168.933868 114.507095 62.215183 107.301071 90.004524               2792 
-16.987034 128.138596 88.432663 30.759443 145.053558 78.074829 -23.677698 167.374924 114.730553 60.885342 104.643410 89.414139               2801 
-17.083067 127.842918 88.949684 30.500753 144.458893 78.265617 -24.226362 167.154526 113.926102 60.299744 103.934647 90.052666               2810 
-19.190746 122.599564 85.790512 28.306511 139.995834 76.882912 -27.706175 161.291519 111.342674 58.031929 99.352676 88.444153               2820 
-20.151768 121.052826 85.407867 26.992699 138.557907 76.027481 -28.983807 160.809662 109.941299 56.573700 98.088509 88.530334               2829 
-19.482521 116.372528 84.114441 26.476274 135.118027 72.791245 -28.565981 157.213928 108.764481 57.323792 95.526253 85.040802               2838 
-16.858295 112.341576 86.219566 26.814356 133.149612 71.315407 -27.563370 154.616791 108.800720 60.354984 96.060875 84.299294               2847 
-16.264896 112.547432 87.911217 26.169975 133.895935 71.342056 -28.430412 156.688873 107.926109 60.454617 98.295982 86.386551               2856 
-15.304706 115.012314 91.248650 25.193796 136.253006 70.882950 -29.915548 161.668121 105.218819 61.140015 104.472565 90.040260               2865 
-14.402163 113.845070 92.421684 24.541298 136.155762 70.929489 -30.529810 161.536713 106.123466 61.300610 105.433571 90.269318               2874 
-13.679548 114.093193 93.586388 24.202845 136.679474 70.937782 -30.848684 162.714188 106.264717 61.503826 107.055634 90.942642               2883 
-13.148180 113.276955 94.355537 23.699343 136.704269 71.324562 -31.662878 162.241867 106.955093 61.484642 107.783134 91.448387               2892 
-12.961943 111.624489 94.315590 22.951189 136.224945 71.705276 -33.089470 160.572403 107.290207 60.947140 107.565018 91.806152               2901 
-12.717746 110.481689 94.370239 22.454948 135.893265 72.045197 -33.961929 159.479782 107.807053 60.586281 107.348679 92.053627               2910 
-12.740337 110.081451 94.888077 21.853632 135.830414 72.512466 -34.486507 159.187027 108.709778 60.039940 107.165276 92.241776               2919 
-12.820864 109.591515 95.334808 21.320860 135.618286 72.948669 -34.997368 158.762451 109.510155 59.563766 106.900459 92.490837               2928 
-13.104045 108.692558 95.064034 20.831125 135.227371 73.234772 -35.741661 157.647079 109.949707 59.000687 106.228348 92.503151               2937 
-13.268041 108.419724 94.940201 20.492197 135.137878 73.519409 -36.098129 157.405746 110.422646 58.381531 105.612175 92.539398               2946 
-13.351727 108.217278 94.695938 20.189240 135.098221 73.662209 -36.552010 157.254318 110.504463 57.791115 105.174988 92.631348               2955 
-13.141887 108.014404 94.689438 20.009899 135.056747 73.848724 -36.761700 157.191574 110.737930 57.419792 104.833572 92.721687               2964 
-12.620337 108.126778 95.090279 19.919855 135.122620 73.933418 -36.817944 157.514801 110.790474 57.340721 105.016716 92.971352               2973 
-12.193462 108.106949 95.655228 19.633808 135.142197 73.940361 -37.105659 157.610596 110.954865 57.358624 105.555771 93.191628               2982 
-12.443860 109.937149 96.976982 19.029745 136.234970 74.117157 -37.393024 159.700211 111.227348 56.830883 107.019211 93.780396               2992 
-12.316691 109.819214 96.963257 18.991396 136.159363 74.129692 -37.569748 159.524246 111.284760 56.766720 106.953232 93.856720               3001 
-12.198382 109.805923 97.191032 18.844856 136.104019 74.152916 -37.882721 159.395142 111.298935 56.697830 107.115433 94.051262               3009 
-12.285467 110.167046 97.620293 18.599922 136.298782 74.310715 -38.312160 159.524338 111.495239 56.479797 107.463387 94.379707               3018 
-12.291087 109.456276 97.269409 18.578909 135.834198 74.325821 -38.809761 158.657883 111.288307 56.403137 107.082153 94.618118               3027 
-12.246554 108.911690 97.013741 18.528677 135.487671 74.343170 -39.293926 157.954193 110.938805 56.282806 106.805756 94.863968               3036 
-12.161016 108.750679 96.810127 18.503922 135.307129 74.321091 -39.817539 157.295807 110.343987 56.049896 106.476013 95.013985               3045 
-12.325642 107.732010 95.888214 18.445110 134.609650 74.263977 -40.438206 155.849472 109.807076 55.588379 105.204384 94.875565               3055 
-12.154242 107.769333 95.967209 18.394981 134.610550 74.281265 -40.874905 155.458893 109.217407 55.484715 105.298401 95.120644               3064 
-11.991898 108.033669 96.411064 18.244589 134.673645 74.270416 -41.072788 155.607483 109.010353 55.440857 105.661934 95.339058               3073 
-11.873734 108.174171 96.774292 17.990309 134.646408 74.115425 -41.521412 155.492828 108.457024 55.410088 106.216904 95.578262               3082 
-11.716015 108.333992 97.068069 17.811157 134.645035 73.954979 -41.846077 155.374771 107.982475 55.425907 106.696526 95.706795               3091 
-11.525764 108.469284 97.310272 17.785738 134.684647 73.962479 -41.813774 155.498016 108.047508 55.486050 106.881073 95.751862               3100 
-11.434719 108.725990 97.653900 17.683790 134.800278 73.996727 -41.812981 155.765213 108.211533 55.497490 107.180573 95.823441               3109 
-11.459434 108.982338 98.076218 17.550585 134.903259 74.177940 -41.642273 156.124573 108.878387 55.404869 107.163170 95.780487               3118 
-11.488677 109.187256 98.358528 17.422438 134.985092 74.353447 -41.663479 155.993683 109.259735 55.261364 107.014938 95.684532               3127 
-11.341474 109.756233 98.773827 17.602549 135.155151 74.580231 -40.541035 157.011948 110.649551 55.192841 106.268333 95.114380               3136 
-11.433909 110.340256 99.124832 17.340219 135.485031 74.804260 -40.235474 157.941788 111.820892 54.841854 106.240730 94.991577               3145 
-11.367225 110.521919 99.237396 17.113585 135.576126 75.043518 -40.093410 158.213684 112.858795 54.526905 105.950653 94.835030               3154 
-11.199480 110.546906 99.420906 16.926331 135.589874 75.276520 -40.284695 158.012054 113.206093 54.402618 105.953140 94.931572               3163 
-11.031578 110.749313 99.682083 16.858850 135.687225 75.506775 -40.219780 158.186966 113.628609 54.336224 105.972176 95.041153               3172 
-10.872693 111.083794 100.001701 16.777483 135.843384 75.660408 -40.337547 158.406189 113.639648 54.312462 106.277641 95.310379               3181 
