-7.727494 212.588455 121.701134 10.676335 123.768402 72.060242 -34.401157 148.657120 117.092438 19.065857 74.319016 61.132545                  0 
-6.589185 211.836258 122.152435 11.159827 123.250671 72.055428 -33.851044 148.580276 117.056259 18.412882 73.763474 60.503342                  8 
-4.198728 210.393677 123.904984 11.755335 122.495125 72.202751 -32.768646 148.086716 117.810867 17.343763 73.103851 59.384331                 17 
-2.801106 209.286179 125.013756 12.071643 121.937988 72.259132 -32.273285 147.646240 118.363403 16.419949 72.673515 58.506149                 27 
-4.720727 209.947678 123.508263 11.786144 122.074501 72.193619 -33.289051 147.479523 118.541359 16.656109 72.699387 59.024654                 36 
-10.718742 209.146820 119.728561 12.531197 120.769958 72.128578 -34.974087 144.560684 117.570511 20.636658 71.369888 60.771877                 45 
-17.643400 207.093521 115.448616 13.362409 119.147369 71.783401 -36.599560 140.656555 116.202263 25.321623 70.124977 62.358837                 54 
-22.659628 205.604080 111.982086 13.478497 118.296494 71.314293 -38.050266 138.339874 114.979744 27.875778 69.680199 63.300922                 63 
-27.311550 205.204575 106.807510 13.064358 117.782112 71.119080 -40.202385 137.944809 112.892242 28.947649 69.306244 65.387474                 72 
-30.338015 204.473297 102.824112 13.195189 117.223534 71.153374 -41.079212 137.511566 111.821899 30.174732 68.938019 67.248940                 81 
-30.939787 203.545670 100.707718 13.914830 116.152199 71.585793 -40.941990 136.784027 111.533531 31.342344 67.942268 68.916565                 90 
-33.309498 202.774185 98.991302 13.764490 116.092072 71.581886 -41.746349 136.152969 111.082512 32.131855 68.195671 69.680557                 99 
-32.831654 202.658325 99.137978 14.212602 116.009827 71.704758 -41.566696 136.039017 111.030197 32.369987 68.038750 69.673637                108 
-31.868233 203.035263 99.784210 14.462003 116.188065 71.770958 -41.194031 136.333344 111.398117 32.251431 68.093163 69.435081                117 
-34.155987 206.105896 98.846855 13.982308 119.723640 72.391228 -42.697239 139.229813 111.106239 32.613716 71.916954 70.831680                126 
-35.790619 207.272202 97.390678 13.773719 121.222549 72.325188 -43.797684 140.158417 110.295143 33.125072 73.684181 71.507713                135 
-36.458042 207.798004 95.898216 13.361760 121.476974 71.933174 -44.704113 140.232193 109.812531 33.106243 74.093498 71.891052                145 
-36.805492 207.694962 95.228966 13.360160 121.315125 71.885780 -45.240974 139.688675 109.562050 33.461861 74.083984 72.311096                153 
-37.535122 207.379410 94.298492 13.331577 121.129944 71.808281 -45.845810 139.033386 109.142151 33.908802 74.112022 72.774239                162 
-39.683800 206.947189 91.958511 12.897520 121.163261 71.704758 -46.852795 138.588882 108.640526 34.483700 74.643196 73.931953                171 
-43.206757 205.573868 89.008331 12.513180 121.170830 71.492836 -47.860065 137.444153 108.161263 35.860668 75.609077 75.242737                180 
-45.769489 204.102036 87.303696 12.205506 120.993240 71.174026 -48.847252 136.039825 107.283882 36.652931 76.074837 75.612534                189 
-47.095867 203.213638 86.256027 12.167981 120.899345 71.158707 -49.318375 135.363510 106.785736 37.088039 76.287338 76.037209                199 
-47.788471 202.729828 85.737946 12.194424 120.915382 71.163246 -49.627659 135.069901 106.291756 37.211308 76.373535 76.185158                207 
-48.558491 202.188187 85.142754 12.225300 120.934113 71.168549 -49.921329 134.773880 105.757271 37.355610 76.475258 76.356834                216 
-49.608223 201.357513 84.419128 12.252659 120.950706 71.173241 -50.216316 134.464432 105.214287 37.483795 76.566353 76.507973                225 
-50.987320 200.141647 83.486938 12.298236 120.911690 71.154884 -50.757019 133.719711 104.112221 37.740955 76.673790 76.697128                234 
-52.075134 199.129440 82.670158 12.377127 120.864510 71.114967 -51.337082 132.846756 102.931587 38.032791 76.778214 76.879189                244 
-53.015373 197.999008 81.736420 12.659098 120.757034 71.080162 -51.449112 132.173477 102.280174 38.601669 76.883316 77.172806                252 
-53.889252 196.648575 80.601250 13.054882 120.473282 71.189133 -51.298973 131.631790 102.032639 39.272751 76.835777 77.779434                262 
-54.881344 195.221756 79.596573 13.339186 120.269455 71.267418 -51.182251 131.240097 101.906693 39.753891 76.805931 78.211884                270 
-56.057617 193.450485 78.502129 13.584791 120.030411 71.291916 -51.134434 130.794708 101.671036 40.154709 76.712013 78.544235                280 
-56.969124 192.073303 77.471634 13.707665 119.844070 71.265877 -51.380089 130.436035 101.006790 40.215443 76.528534 78.758705                289 
-57.330383 190.868118 76.599510 14.027122 119.441055 71.309967 -51.463192 129.948822 100.341972 40.363243 76.055573 79.000832                298 
-56.880138 189.252563 76.231300 15.016854 118.605888 71.610619 -50.815811 129.031845 100.014313 41.152607 75.114601 79.386925                307 
-56.792641 187.022827 75.669540 15.899711 117.631935 72.068283 -50.424175 127.824547 99.545273 41.864243 74.061729 79.975281                316 
-56.884571 185.269257 75.272820 16.549976 117.041702 72.426666 -49.965832 127.205978 99.580414 42.444630 73.458977 80.492233                325 
-57.215897 183.640793 74.906090 16.923241 116.702888 72.632385 -49.720783 126.825844 99.609451 42.777313 73.112968 80.788704                334 
-57.296158 182.720886 74.831177 17.194624 116.445107 72.856476 -49.504555 126.595703 99.744049 42.994274 72.833870 81.070992                343 
-57.388096 182.116898 74.978729 17.232990 116.164429 72.923637 -49.487244 126.333618 99.881409 42.929142 72.469177 81.015198                352 
-57.318756 181.670624 75.131050 17.306479 115.851143 73.053810 -49.346046 126.229446 100.337830 42.878605 72.081497 81.136147                361 
-56.635208 180.748688 75.599792 17.773375 114.759285 73.125809 -48.465000 125.701241 101.213112 43.220066 70.920181 81.227623                370 
-56.286880 180.473251 76.064720 17.900591 114.340569 73.154961 -47.910324 125.891792 102.452248 43.173260 70.392616 81.211632                379 
-56.141808 180.094757 76.265892 18.102737 114.180710 73.167809 -47.350864 126.217880 103.683121 43.272377 70.172646 81.218887                388 
-54.654411 181.012329 77.477318 17.186052 113.368523 71.728149 -46.605431 128.049988 104.651878 40.612167 68.213684 78.605515                398 
-54.408859 178.857437 77.185799 17.597597 113.057663 71.559868 -45.650639 128.605331 105.147194 40.651478 67.716225 78.467323                406 
-54.294346 175.738068 76.872910 18.055542 113.146523 71.550247 -44.608742 129.627975 105.799332 40.792744 67.673012 78.636864                415 
-53.301697 175.539993 75.641563 18.453602 114.561363 71.565994 -42.328762 134.436111 108.819168 40.565765 69.054100 80.236702                424 
-52.062523 174.897125 75.027679 18.805576 115.625916 71.135132 -40.133732 138.127121 111.215263 40.275455 69.950348 80.506721                433 
-49.478870 176.192566 73.936104 19.603584 117.360199 70.089355 -37.519314 142.702545 112.454552 39.869411 71.250824 80.002060                442 
-46.264648 178.165771 72.033997 21.094540 119.395363 68.291252 -33.905190 147.450317 113.281792 40.300812 72.958794 78.769997                451 
-43.341343 181.095154 69.577324 22.734131 122.247978 67.109299 -30.918726 152.197952 114.461441 40.803318 75.453629 78.010353                460 
-40.133503 184.226379 67.035950 24.457476 124.631149 65.301178 -27.466532 156.504501 115.189621 41.339558 77.473961 76.536591                469 
-37.400604 187.125046 62.837582 25.540377 126.288292 62.362858 -26.149792 159.657639 112.389397 40.943760 78.706100 73.926193                478 
-33.741558 191.823349 60.109310 27.000086 129.192520 59.366524 -23.826761 163.722046 109.925613 40.637791 80.958664 70.436676                488 
-31.733717 196.473602 55.493767 28.752016 133.966736 57.253807 -22.960676 169.725479 106.238197 42.008900 85.946976 69.639168                497 
-29.321671 201.078506 50.828762 30.260036 138.066452 54.412453 -22.254507 174.832336 102.161041 42.629314 90.002838 67.524666                506 
-28.147694 205.528290 44.139568 31.749210 143.262161 50.632046 -22.207609 180.788239 96.505661 44.162048 95.650612 65.264244                515 
-27.919844 210.947220 37.888832 31.269024 148.148453 44.340408 -22.256731 186.281296 90.404854 43.192928 100.421021 59.001682                524 
-27.168669 216.176361 31.297277 31.538462 153.176254 38.846455 -22.944584 191.189636 84.313644 42.872910 105.277725 53.417000                533 
-26.278803 220.819229 22.693104 32.776970 158.871277 34.355614 -24.101742 197.181320 77.099724 44.023563 111.456810 50.493237                542 
-25.260313 225.602249 14.961409 32.811653 163.152985 28.287519 -25.403336 201.314240 69.927261 43.045742 115.425293 44.173710                551 
-24.952118 230.278458 6.281292 32.756699 168.164352 22.020950 -27.311790 205.973099 61.688614 42.544811 120.449265 38.222897                560 
-24.510857 233.596497 -2.340033 32.891300 172.357269 16.964340 -29.823061 209.531769 52.984058 42.416653 124.871422 33.976143                569 
-23.356949 237.720856 -11.202583 33.076118 176.824005 11.358085 -31.930914 213.503448 43.552719 42.018654 129.442963 28.967974                578 
-23.367439 241.547836 -21.111771 32.969978 182.033264 4.833230 -34.154026 217.843887 33.480598 42.072231 135.129929 23.602001                587 
-23.268475 245.835693 -31.111959 32.010891 186.722458 -2.299459 -36.920372 221.814270 22.760790 40.594685 139.907990 16.929804                596 
-22.598059 250.020706 -40.097103 31.939466 191.275955 -9.272271 -38.705814 225.027969 12.760173 40.356716 144.434189 9.964112                605 
-22.577608 251.798859 -48.962196 32.107143 194.445267 -15.929717 -40.731556 225.506577 2.799620 41.216118 147.779022 3.417881                614 
-23.266306 253.992249 -59.287247 31.357088 198.578766 -22.908211 -43.325443 227.353638 -8.045807 41.254051 152.712326 -2.090926                625 
-22.613787 258.404541 -65.335007 30.124199 200.930328 -29.330698 -44.661251 230.191895 -15.277573 38.994621 154.435226 -9.467134                632 
-23.149815 259.350494 -73.506058 29.443174 203.063171 -35.273529 -46.961376 229.989136 -24.061398 38.988525 157.085129 -14.538387                641 
-25.089262 260.307068 -82.260612 28.368380 205.954941 -42.396908 -49.208466 230.598251 -32.435768 39.038578 160.719223 -20.604290                650 
-26.777145 260.876282 -92.226242 26.633354 208.802139 -49.083630 -52.610249 230.414597 -42.251984 38.185665 164.720154 -25.453943                659 
-27.210014 260.866760 -100.538139 25.920019 210.184082 -55.159519 -54.755379 229.215683 -50.320698 38.014988 166.930374 -30.302557                668 
-28.167322 261.148926 -108.312302 23.666098 211.128784 -60.413887 -57.993145 228.002731 -59.024155 35.659866 168.539276 -34.388432                678 
-29.143002 259.635162 -115.433403 23.590584 211.457626 -66.310265 -58.905640 225.165131 -65.988571 36.819874 169.991150 -39.097099                686 
-31.076908 258.513092 -122.755531 22.065248 211.779968 -72.203339 -61.073685 222.233444 -73.439003 36.351929 171.695541 -43.494984                695 
-31.638191 257.916595 -128.311310 21.719683 211.968353 -76.775024 -61.919331 219.492279 -79.292931 36.780605 173.256638 -46.615246                704 
-32.687298 256.081116 -134.163681 20.929682 211.792816 -80.937080 -62.948299 215.434402 -85.516953 36.734661 175.081207 -48.726826                713 
-34.133984 252.826584 -139.751648 20.350870 211.478485 -84.499977 -63.199547 210.135468 -91.078537 37.346668 177.495316 -49.984375                722 
-36.746483 249.447449 -145.664734 19.017681 211.025787 -88.969009 -63.693928 204.899689 -96.585373 37.356274 179.803497 -52.583500                731 
-37.967617 245.905106 -150.818024 17.937325 210.069351 -91.906982 -63.767704 199.762100 -101.184212 36.822960 181.874023 -53.392094                741 
-39.691513 243.696091 -152.534073 16.572386 206.852478 -94.065826 -63.986778 195.117844 -104.252632 35.990421 179.210114 -55.415085                749 
-44.269707 239.885849 -155.893417 14.932204 206.439362 -98.009125 -64.034981 191.720154 -106.524696 36.490055 181.219040 -58.839821                759 
-46.071712 236.033127 -158.288803 14.274941 205.783493 -99.789078 -63.103279 189.045670 -108.540138 36.666676 182.493240 -59.899055                768 
-47.563889 234.293686 -159.109726 13.748839 205.260910 -100.949196 -61.611401 187.310959 -110.566002 36.827724 182.853363 -60.945354                777 
-49.585304 233.320435 -158.349274 12.767097 204.074280 -101.364861 -58.887447 184.964966 -113.423477 36.580791 181.629471 -61.815155                786 
-57.591324 229.873444 -151.395889 10.017517 200.435226 -100.822235 -58.217751 177.874542 -112.918015 37.706974 176.612625 -64.755386                795 
-58.926258 227.777100 -155.012787 9.036886 201.829010 -102.889847 -56.033619 180.072968 -114.361000 36.893631 181.802002 -64.706596                822 
-59.669991 227.028168 -155.830917 8.893628 202.582092 -103.726555 -55.210148 180.526901 -114.507065 37.188030 183.993683 -65.139793                831 
-60.084740 225.251190 -158.816269 8.365407 203.673111 -105.224632 -54.940830 181.180161 -115.300026 36.592823 187.666946 -65.449570                840 
-61.615948 224.465515 -160.502136 7.369581 205.040237 -106.681343 -54.947559 181.558975 -116.505600 36.016769 190.660522 -66.586426                849 
-64.107918 216.675797 -163.394470 6.695995 206.268112 -109.363609 -54.155590 179.988266 -115.058525 36.734745 198.346619 -68.498421                858 
-65.494347 215.856705 -164.985306 6.153200 208.853745 -111.432182 -53.308266 180.806213 -116.370148 36.856770 203.180359 -70.687325                867 
-63.810326 219.434769 -170.602707 5.411662 212.183243 -113.915474 -53.650032 184.709885 -121.499123 34.320972 206.769043 -71.844368                876 
-64.349960 223.278427 -173.378387 4.835958 214.248383 -116.843521 -54.296646 187.486496 -125.128502 33.753376 207.844086 -74.917297                885 
-66.222343 223.280228 -175.285828 4.105855 216.204102 -119.838272 -54.497826 188.272064 -126.987099 33.884628 210.890152 -78.365067                894 
-67.966698 223.641617 -175.915237 3.211632 217.517700 -121.387993 -54.544033 188.012634 -128.618347 33.644905 212.242676 -80.387627                903 
-67.093834 226.647186 -178.633606 3.055564 219.437607 -122.867271 -54.698032 190.360428 -131.600876 32.722260 213.470306 -81.402603                912 
-66.251175 228.388351 -178.828888 3.327395 219.856857 -122.491951 -53.994198 190.509583 -133.069946 32.585789 212.657257 -80.932930                922 
-65.764267 228.478561 -179.179749 3.503451 219.811996 -122.465080 -53.802414 190.560760 -133.453735 32.532707 212.552109 -80.756134                930 
-66.190804 227.138794 -179.021408 3.248355 219.565002 -122.348244 -53.653267 189.852417 -133.400299 32.411919 212.840103 -80.643295                939 
-63.031429 222.035629 -179.586075 5.135293 214.151169 -121.416435 -53.431343 187.922928 -131.874191 33.329926 208.440765 -78.901802                949 
-63.039433 225.024155 -184.992157 3.760867 214.833511 -125.599968 -55.003147 190.309753 -138.047333 30.963150 207.816818 -82.636703                957 
-64.300804 221.520065 -189.229385 1.736827 216.945465 -128.288864 -55.240551 189.345535 -141.430038 28.400757 212.775711 -84.623215                966 
-64.805565 219.292465 -190.458252 1.025301 217.756180 -129.123337 -55.290424 189.274673 -142.179672 27.554018 215.268845 -85.247589                975 
-61.264778 226.142960 -193.479645 2.578274 220.333542 -130.313736 -53.327740 193.650040 -147.856857 27.714603 214.388092 -85.953201                984 
-61.512978 223.505081 -194.566528 2.203940 220.528519 -131.065735 -53.467140 193.180206 -148.339096 27.287794 216.082397 -86.500359                993 
-49.801376 184.308289 -171.322098 0.909493 218.205032 -136.331055 -53.569637 186.744354 -150.128967 24.816536 222.386124 -91.098190               1003 
-35.375465 176.498367 -143.842163 0.152331 216.460983 -139.457520 -53.912567 183.577698 -151.521362 23.019079 225.244476 -94.346519               1012 
-31.677189 177.045074 -139.919495 -0.362027 217.914398 -143.273682 -54.463120 184.884689 -155.067627 22.876186 226.655579 -98.344650               1021 
-30.595333 177.416946 -139.542099 -0.609316 218.613159 -145.108368 -54.638409 185.387894 -156.749146 22.807234 227.339294 -100.269104               1030 
-31.433323 177.286728 -140.133942 -1.423368 218.707581 -146.166214 -56.233822 186.663010 -158.112778 22.296431 226.423889 -101.301193               1039 
-31.943842 177.263046 -140.581802 -1.868793 218.759247 -146.745026 -57.404423 187.636505 -158.801178 22.010637 225.921646 -101.872841               1048 
-32.243603 177.263367 -140.864975 -2.118220 218.788177 -147.069153 -57.786232 187.906525 -159.224503 21.848627 225.640091 -102.195084               1057 
-36.356495 177.853256 -145.289032 -5.204671 219.264587 -149.918793 -62.131187 190.858688 -162.390488 20.196110 222.475357 -105.426865               1066 
-38.710266 178.345459 -145.919907 -6.396257 219.216995 -151.618423 -64.556221 192.700150 -162.541260 20.323690 221.508087 -107.848167               1075 
-40.444035 178.614044 -145.039383 -7.376147 219.131607 -152.425293 -66.055550 193.332367 -161.536636 20.604376 221.501740 -109.454224               1084 
-40.825863 178.271759 -144.167725 -7.788643 218.954239 -152.991364 -66.668678 193.189789 -160.496384 21.306576 221.529892 -110.779106               1093 
-42.614834 178.432343 -144.779526 -9.046535 219.031738 -154.314316 -68.209526 193.957611 -161.205185 20.617939 221.197952 -112.476936               1102 
-43.704014 177.128403 -148.376694 -9.633270 218.074020 -156.138687 -68.531616 193.380264 -165.271881 19.097483 218.795868 -113.605598               1111 
-44.610092 176.761230 -150.332001 -10.256027 217.890442 -157.480270 -68.968224 193.356903 -167.107788 18.703239 217.466202 -115.098427               1120 
-45.050705 176.415512 -150.623978 -10.463884 217.568604 -157.897354 -68.584633 192.522903 -168.180023 18.135542 217.383026 -115.270149               1129 
-45.308735 176.178299 -150.790131 -10.583625 217.406311 -158.091095 -68.030792 191.754120 -168.962219 17.811136 217.291580 -115.327034               1138 
-45.604538 174.069275 -149.528076 -11.442102 215.708084 -157.854019 -68.232071 188.975113 -168.496201 17.059225 216.420410 -115.166702               1147 
-45.337669 173.227142 -148.784592 -11.561508 215.244034 -157.398483 -67.557068 187.690308 -168.496094 16.877056 216.122131 -114.672409               1156 
-45.646240 172.160355 -149.046295 -11.708349 214.105743 -157.830704 -67.528389 186.569305 -169.453339 16.278940 215.145126 -114.811279               1165 
-46.299686 173.326401 -149.015869 -11.440454 214.538971 -157.829483 -67.068375 187.742981 -170.425034 16.022034 215.010071 -114.463257               1174 
-46.146603 172.764511 -149.937454 -11.223962 214.198349 -157.531235 -66.732750 187.725067 -171.777267 15.236841 213.891449 -113.545197               1183 
-45.954586 172.154129 -151.027176 -11.045352 213.827530 -157.424500 -66.554054 187.631012 -173.124084 14.436438 212.859360 -112.873619               1192 
-45.739902 171.508408 -152.131241 -10.902022 213.413345 -157.459946 -66.445786 187.439865 -174.400757 13.678420 211.924637 -112.419685               1202 
-45.562248 171.043411 -152.907196 -10.799772 213.117859 -157.485245 -66.359077 187.308624 -175.313187 13.134742 211.248795 -112.112495               1211 
-45.480824 169.474182 -154.625168 -10.323045 211.286362 -158.703537 -65.755119 185.805832 -177.741318 12.386188 209.567093 -112.699455               1220 
-43.684971 167.324783 -154.446793 -9.111629 209.498734 -159.755768 -64.553627 182.830917 -178.179642 13.109305 209.744690 -113.482559               1229 
-43.294220 165.726746 -154.369476 -9.280799 208.322861 -160.012054 -64.748901 180.962997 -178.239532 12.689079 209.316437 -113.629112               1238 
-43.073387 165.007401 -152.288971 -9.481616 207.603607 -160.115433 -65.146523 179.347595 -176.131149 13.715257 210.001556 -114.385849               1247 
-43.508671 164.969406 -151.118134 -8.297573 206.141281 -159.485886 -65.333382 180.285828 -174.592667 15.872295 207.286407 -114.213974               1256 
-44.988937 162.563309 -148.870987 -8.837567 202.579788 -158.743469 -66.691681 177.885910 -172.540314 15.952815 204.158981 -113.821503               1265 
-45.372238 161.344208 -148.054459 -8.831195 200.876816 -158.461487 -66.976128 176.699829 -171.871216 16.139763 202.565491 -113.643631               1274 
-44.772999 160.729568 -145.626740 -8.217339 199.825165 -157.554199 -66.596550 175.560333 -169.651794 17.315697 202.550980 -113.105644               1283 
-44.438419 160.415894 -144.333374 -7.894156 199.271484 -157.076538 -66.418503 175.000885 -168.465729 17.939867 202.535110 -112.838631               1292 
-44.378757 160.069061 -143.610916 -7.949037 199.020508 -156.410706 -66.575584 174.825195 -167.639954 18.061420 202.157990 -112.267159               1301 
-42.657711 158.142075 -141.433456 -7.659276 198.273590 -154.595825 -65.572029 172.159088 -165.415710 18.473299 202.432022 -110.609047               1310 
-41.174503 156.953369 -140.252853 -6.820388 197.589539 -153.581238 -65.781548 172.000076 -163.694397 19.168638 202.368134 -109.572426               1319 
-40.373661 156.320587 -139.608170 -6.372563 197.224380 -153.039627 -67.387459 173.729019 -162.102478 19.533447 202.332031 -109.018822               1328 
-39.404282 155.122726 -136.891235 -2.749847 193.735596 -150.139435 -67.123894 176.923492 -159.781540 21.629019 198.856064 -105.256340               1337 
-42.123589 155.822662 -137.076492 -1.709924 190.760956 -149.585236 -68.429634 182.264633 -160.114624 21.923088 193.867889 -104.122421               1346 
-43.621899 160.273148 -136.640549 0.492392 189.848175 -150.425354 -67.201103 188.527802 -161.315079 23.745275 193.124344 -104.778778               1355 
-46.926628 163.701172 -129.963028 0.994140 183.885849 -147.441101 -66.482780 192.447067 -157.455200 25.609968 188.283188 -102.610703               1364 
-46.924320 170.369034 -127.082298 3.113024 181.885849 -146.294495 -63.220440 197.452759 -156.577515 28.500288 186.712097 -101.940971               1373 
-49.427502 176.131393 -131.277878 2.619776 182.719223 -147.062256 -61.693687 203.280716 -161.574310 25.102468 185.402878 -100.993103               1382 
-48.593185 193.359177 -140.108429 4.866716 186.113235 -148.833694 -46.461647 229.238037 -172.606476 20.884270 185.316742 -100.070557               1391 
-45.284050 203.873810 -142.963043 6.606831 188.460831 -148.640732 -33.140297 243.491348 -176.379227 19.425783 186.889297 -98.959305               1400 
-12.847987 210.845032 -214.196228 4.587778 199.010605 -138.889648 -31.710903 258.164734 -155.098938 -5.661113 177.426926 -93.456787               1409 
-5.368216 252.503098 -211.102386 2.337337 205.398819 -133.041443 -54.744274 255.473099 -127.646355 -3.052434 166.377792 -100.127151               1419 
-14.890496 272.963013 -198.677139 -1.353020 211.607193 -128.000977 -65.345963 249.581787 -111.730270 -0.249571 166.847992 -102.892464               1427 
-24.638639 280.484924 -190.873627 -5.491867 215.918549 -123.347641 -70.200325 247.378265 -98.449142 -0.272223 169.824921 -101.366425               1436 
-37.405083 291.856171 -173.211365 -8.456889 219.875229 -116.208862 -72.444984 241.587357 -82.937294 3.065300 172.877502 -99.077194               1446 
-47.566269 298.648621 -158.019165 -11.608261 221.988220 -110.748184 -73.036491 237.919006 -71.356544 3.307813 174.589508 -97.867447               1454 
-55.277462 302.670593 -143.672440 -14.225313 224.569839 -102.706367 -72.212051 237.821594 -58.896465 2.670308 177.121170 -92.796692               1464 
-61.110611 303.203583 -134.856033 -16.617094 224.950958 -97.428047 -70.468781 238.315506 -49.343128 1.228488 177.625885 -88.658089               1473 
-65.362343 304.915802 -126.417450 -19.927790 225.210144 -92.965576 -68.936195 239.842117 -41.042259 -2.471836 177.510696 -85.543106               1482 
-65.060165 309.564331 -115.713730 -22.412703 226.058884 -88.052277 -69.122223 239.815948 -34.235790 -6.819403 177.354019 -83.611023               1491 
-88.433144 260.035339 -87.469666 -18.548820 204.762024 -64.875893 -66.696068 206.697708 -104.303741 22.709063 176.738815 -77.021957               1500 
-81.555832 237.262192 -110.786942 -20.769953 198.398315 -56.299603 -43.598713 210.854691 -123.303467 29.231440 188.383545 -50.416988               1509 
-62.582874 245.302734 -114.008659 -23.230349 197.318924 -50.301941 -30.342590 225.718262 -115.961792 24.356075 186.389297 -34.455307               1518 
-54.863358 250.139053 -108.902611 -24.729660 196.897141 -44.671516 -25.603151 233.764725 -105.539665 21.070904 184.649384 -24.990536               1527 
-54.528950 249.900177 -105.676155 -26.374147 197.494034 -39.967239 -27.105322 237.233902 -96.969498 19.061834 186.306473 -18.861547               1536 
-56.698399 246.527847 -101.168076 -27.464411 196.696411 -33.979874 -29.909468 235.894241 -90.600830 18.405838 186.885086 -13.130456               1545 
-60.497673 241.219345 -92.919670 -27.012918 193.226059 -26.397331 -33.400555 231.908691 -82.782608 20.088219 184.743073 -7.834948               1554 
-37.303104 228.905167 -77.127716 -26.402237 189.726349 -18.245087 -36.647686 226.101456 -75.458626 21.732798 183.561630 -1.510247               1563 
-27.500639 218.978683 -64.708145 -23.134136 184.182632 -8.693054 -38.628025 218.484451 -65.939285 26.238251 180.110489 4.754075               1572 
-17.141853 216.692963 -53.139011 -22.943182 180.027603 -0.317080 -31.822990 218.860077 -56.009445 24.990803 171.036896 15.699803               1581 
-8.200559 215.373917 -44.920391 -23.349085 178.413559 5.160929 -23.469025 219.942947 -49.267155 21.927868 164.388199 24.866943               1590 
-5.661706 216.172104 -36.262554 -22.879108 176.782455 10.971681 -21.198874 221.730362 -40.668972 21.785000 160.757294 30.551058               1599 
-4.677890 212.996277 -31.419939 -22.555820 174.722519 16.351425 -20.397680 218.468979 -36.289997 21.916510 160.154953 37.447353               1608 
-5.793254 208.371292 -25.530226 -20.801783 171.598099 24.170427 -22.124565 212.629120 -30.646973 24.718521 161.668915 45.719284               1617 
-9.045612 205.901688 -22.461655 -20.701990 169.238998 28.088652 -25.823605 210.177338 -26.460255 26.078007 160.940338 47.525841               1626 
-18.185593 200.244080 -21.638895 -21.191908 167.722031 32.694000 -35.661064 204.403992 -22.383057 27.811947 166.224136 47.906452               1635 
-23.201244 195.562225 -19.889740 -20.878902 165.823151 35.935478 -40.894676 200.936539 -17.422855 28.998926 167.998383 47.873272               1645 
-26.521814 191.499344 -16.503937 -19.699675 162.070633 39.035946 -44.722260 198.118729 -8.806787 30.786070 165.742096 47.565319               1654 
-27.873566 186.659576 -12.766335 -17.514889 159.408463 43.270710 -45.147572 195.964417 -0.533817 33.294044 164.217148 48.781540               1663 
-29.671646 184.586456 -8.045038 -17.700645 156.523605 47.214714 -45.122257 196.503036 9.019512 33.058064 162.549484 51.935123               1671 
-30.303045 181.620956 -7.409737 -17.253363 155.879105 48.684814 -44.736118 195.881256 11.720430 33.456455 162.881653 52.495159               1680 
-46.820702 158.570023 1.615760 6.615545 141.112350 61.301712 -20.470043 178.781357 15.890611 57.032139 147.824890 68.240662               1690 
-46.160755 147.683380 6.432376 17.895142 132.071152 70.605652 -7.200929 167.881989 18.225292 68.029625 137.996094 79.904495               1699 
-42.923515 142.775314 9.944309 23.656410 127.496010 75.963104 -0.421230 162.275909 20.659616 73.688438 132.901932 86.092896               1708 
-40.841507 137.987091 13.826225 26.862160 126.098259 80.936241 2.906329 157.788864 22.990292 76.878975 131.888443 90.927841               1717 
-40.194805 143.337143 19.740273 27.807655 123.011612 83.906166 4.302915 156.668304 26.387295 78.577751 123.696625 91.453911               1726 
-39.657959 141.757477 26.567253 32.166248 123.674171 86.798958 4.641548 153.854355 28.779577 83.362381 124.093895 90.516434               1735 
-37.900223 140.082077 29.854908 33.552486 122.808807 90.122047 5.299018 150.870132 31.174520 84.792732 123.201447 93.175415               1744 
-36.254269 141.346420 32.152557 34.165943 123.308090 92.725548 5.701452 150.509125 33.180866 85.415230 123.629959 95.631920               1753 
-34.758884 142.466797 32.634823 34.753830 122.559105 93.052254 6.030931 150.668015 33.939804 86.005493 123.053116 95.891808               1762 
-34.181107 142.074829 32.899883 35.152283 122.191460 93.287506 6.053046 149.754013 33.910126 86.405945 123.021072 96.010406               1771 
-33.499275 141.332535 33.070019 34.909962 120.910316 94.210175 6.466475 148.256470 34.177090 86.131248 121.641800 97.509438               1780 
-33.030373 141.021042 32.854733 34.519222 120.235023 94.654137 6.531626 147.299408 33.992310 85.691139 121.305969 98.569290               1789 
-32.737251 140.446335 32.674969 34.463272 119.643135 94.783310 6.657376 146.556183 33.849560 85.606056 120.962105 98.992332               1798 
-32.776844 140.495941 33.490177 34.537437 118.468513 94.954170 6.480343 146.312378 34.543446 85.701782 119.641983 98.938255               1807 
-32.015343 140.274643 33.790699 34.479885 116.858940 95.273361 6.737736 145.204926 34.913734 85.642075 117.651276 99.377296               1816 
-30.527788 140.942078 34.463139 34.771011 115.775208 95.695534 7.037419 144.421463 35.367775 85.940826 116.342087 99.741417               1826 
-28.122202 141.038269 35.714535 36.944660 113.605103 95.475731 8.435176 143.291733 35.946449 88.172653 113.829292 98.744118               1834 
-26.711468 139.435867 38.902321 39.795338 109.840881 95.875710 9.698584 141.312790 37.982803 91.095154 109.860367 97.711128               1843 
-26.672480 137.854706 40.397106 41.268303 109.764168 96.348869 9.608385 139.986237 38.554718 92.588371 110.523842 97.193451               1853 
-26.907036 136.814453 41.632385 42.086330 109.646774 96.644608 9.248207 139.019623 38.991516 93.404037 110.884155 96.691978               1861 
-27.168756 136.175217 42.972603 42.629780 109.271461 97.031555 9.018179 138.104431 39.489544 93.945267 110.403183 96.338432               1871 
-26.884769 135.618896 43.498470 42.954922 108.777794 97.452583 9.317602 137.220795 39.691204 94.273010 109.676796 96.624527               1879 
-26.831478 135.844589 44.097019 43.017860 108.185738 97.582733 9.451405 137.062729 39.942013 94.339310 108.681557 96.632545               1889 
-26.719585 135.489594 45.236614 43.567131 107.698471 98.077744 9.677379 136.515671 40.512936 94.882477 108.082756 96.801880               1898 
-26.734989 135.250397 45.949497 43.895210 107.361992 98.334709 9.860481 136.064438 40.691124 95.206886 107.606293 96.888138               1906 
-26.115709 134.828766 46.773499 44.812527 107.058174 98.822243 10.573923 135.471588 41.013657 96.120720 107.392464 97.273705               1915 
-25.773506 134.310745 47.659248 45.590118 107.123337 99.442551 11.022459 134.826172 41.348835 96.890770 107.574593 97.687592               1925 
-25.736387 135.092209 47.871830 44.800392 105.115204 99.279594 11.247355 134.703537 41.403217 96.106789 104.351418 97.826797               1934 
-25.736053 135.171570 48.269379 44.901508 104.551903 99.183067 11.360189 134.633606 41.486481 96.202957 103.618195 97.656830               1943 
-27.521591 136.548782 49.898804 44.148819 105.993546 99.404175 9.480638 135.665771 42.026554 95.408234 104.948616 96.870316               1970 
-27.643082 136.501862 50.068481 44.170742 105.973633 99.396606 9.380335 135.588501 42.042442 95.424858 104.922287 96.760170               1979 
-30.331429 135.917923 52.049358 44.668777 110.711075 99.606613 6.327111 136.045151 42.450813 95.769913 111.571503 94.813530               1988 
-31.528030 135.463211 52.625183 44.951012 112.615387 98.937714 4.820682 136.051453 42.165207 95.906021 114.480110 93.008965               1997 
-31.887672 134.792618 52.492092 44.781258 113.691277 99.084953 4.180955 135.416641 41.959396 95.690590 116.089256 92.958832               2006 
-31.475342 134.917496 52.780342 44.784439 113.834320 99.531189 4.006433 135.122498 42.359921 95.674973 116.271309 93.265823               2015 
-31.029779 135.175339 52.652740 44.815258 113.830963 99.525444 3.967072 135.027939 42.367321 95.698433 116.261040 93.197906               2024 
-30.685369 134.443497 52.311111 44.782719 112.230980 98.988144 3.841614 134.097382 42.209698 95.655373 114.584557 92.548103               2033 
-30.787786 133.663605 52.534477 44.843304 111.580872 98.741997 3.394266 133.477859 42.460583 95.653763 114.102768 91.887985               2042 
-31.165152 132.692947 53.749512 45.009441 110.630852 98.762321 2.540935 132.561523 43.404186 95.681610 113.127411 90.943214               2051 
-31.581575 131.967285 54.193371 45.047935 110.667641 98.480537 1.677891 132.140015 43.811272 95.584984 113.517181 89.940811               2060 
-33.382374 131.200821 54.947788 44.246761 112.645721 98.313278 -0.771218 131.786789 44.281490 94.502167 116.245949 88.491241               2069 
-34.794567 129.706696 54.642094 43.290802 113.427834 97.737320 -2.671805 130.808868 44.076084 93.350227 117.851959 87.272072               2078 
-35.372997 129.016281 54.702507 42.639290 114.098404 97.738388 -4.032225 130.201355 44.477341 92.534340 118.901207 86.672340               2087 
-35.811390 127.988998 54.172928 41.847992 114.849976 97.726257 -5.101247 129.921875 44.822884 91.626640 120.250008 86.414063               2096 
-35.859623 127.502197 52.806980 40.912781 115.434875 97.634537 -5.569020 130.211853 44.747505 90.736938 121.178314 86.698059               2105 
-35.466438 127.118515 52.739098 40.979240 115.626915 97.620026 -5.919969 129.731644 45.082836 90.699562 121.444153 86.258286               2114 
-35.220684 126.747665 52.728115 40.986656 115.797653 97.631989 -6.291156 129.224884 45.336277 90.612045 121.704529 85.907242               2123 
-35.422390 126.244324 53.113968 40.905827 116.358910 97.699684 -6.982000 128.568253 45.710716 90.378166 122.249863 85.337471               2132 
-36.602543 126.087921 54.584438 40.449024 117.395477 98.141602 -8.322982 128.353027 46.788155 89.697388 123.050072 84.812515               2141 
-36.901226 126.299942 54.763298 40.120598 117.274414 98.156891 -8.769287 128.710983 47.293308 89.340172 122.681686 84.620461               2150 
-37.045971 126.210487 54.797588 39.756908 117.281647 98.250710 -9.225445 128.964798 47.954288 88.932014 122.496857 84.479340               2162 
-36.811646 126.241318 54.742584 39.511513 117.404900 98.474541 -9.532104 129.092133 48.518188 88.651024 122.447746 84.513237               2169 
-36.086395 125.952377 54.007755 39.114193 116.933800 98.442200 -9.842700 129.014008 49.014336 88.232544 121.600777 84.277214               2178 
-35.498100 125.946655 53.609608 38.879162 116.862099 98.469147 -10.053149 129.495758 49.665379 87.944557 121.368011 84.070396               2187 
-35.026520 125.958618 53.279091 38.721725 116.830750 98.465004 -10.154249 130.001068 50.148991 87.747559 121.233932 83.900673               2196 
-34.663082 125.871651 53.005093 38.571789 116.993401 98.442886 -10.367625 130.221588 50.459614 87.538689 121.366325 83.672630               2205 
-34.212910 125.693871 52.426994 38.511288 116.864258 98.174583 -10.346603 130.451706 50.493275 87.459534 121.265793 83.351112               2214 
-34.067394 124.789230 50.931744 38.149704 116.834076 97.419769 -10.270828 130.371841 49.701542 87.173119 121.367798 82.887367               2223 
-34.286388 124.899574 50.556885 37.714756 118.167816 97.284286 -10.755037 130.607147 49.478233 86.708107 122.250481 82.518646               2232 
-35.327755 124.276031 51.838669 36.978275 119.613342 97.437347 -12.905232 129.978485 50.634350 85.502762 124.041946 81.287979               2241 
-35.401096 124.821602 52.090466 36.035095 120.981049 97.602898 -14.693426 129.805649 51.417210 84.279099 125.015297 80.535934               2250 
-35.289970 124.844025 50.674324 35.075905 120.963539 96.960999 -15.616656 129.530792 50.739941 83.342140 125.229210 80.013588               2259 
-37.006245 126.458778 47.409855 31.712364 123.300461 95.114822 -18.572914 130.771423 48.333508 80.127373 127.198097 78.506516               2268 
-41.920731 129.371078 49.673428 27.581139 123.428207 94.958107 -24.399639 132.360764 50.407001 75.287682 124.077278 76.018600               2277 
-46.982216 128.069641 51.958992 24.374149 124.095490 94.100838 -29.861153 130.825638 52.003761 71.010651 123.180458 72.670959               2286 
