-48.012646 149.108170 86.170059 27.457386 139.219315 82.207314 -27.645901 164.093033 130.637436 42.021275 90.149567 86.092361                  0 
-47.702354 148.312363 84.535057 27.845737 138.704865 82.437187 -28.472202 163.328812 129.593796 42.417362 89.656242 86.553123                  8 
-47.411030 147.677795 83.172073 28.168684 138.277054 82.628349 -29.140856 162.702148 128.661377 42.740768 89.244865 86.934044                 17 
-47.215656 147.746597 83.375565 28.324350 138.183868 83.012001 -28.943502 162.875900 128.975983 42.736969 89.114876 87.433685                 27 
-47.070770 147.752411 83.518135 28.433561 138.118484 83.281158 -28.705744 163.020218 129.339218 42.734100 89.024086 87.783905                 36 
-46.963318 147.729874 83.619362 28.511236 138.071991 83.472595 -28.422352 163.144577 129.774231 42.731964 88.959717 88.032837                 45 
-46.880684 147.704407 83.696144 28.570395 138.036575 83.618393 -28.191435 163.244537 130.118073 42.730286 88.910805 88.222343                 54 
-46.924274 147.451126 83.474846 28.541245 138.036484 83.656075 -28.397165 163.174850 129.902695 42.810349 88.950409 88.345482                 63 
-46.958931 147.214996 83.279625 28.515530 138.036392 83.689316 -28.568081 163.143250 129.601639 42.880463 88.985603 88.454666                 72 
-46.599140 146.617172 82.687912 28.896061 137.706360 83.457825 -28.512474 162.621613 128.765350 43.390404 88.691833 88.204544                 81 
-46.246601 146.138947 82.251808 29.255226 137.379349 83.236923 -28.359781 162.212616 128.046921 43.813770 88.382362 87.968140                 90 
-46.065884 145.808929 82.094490 29.444624 137.245697 83.176163 -28.317112 162.082886 127.521431 44.096336 88.285568 88.000290                 99 
-45.968639 145.603577 82.046104 29.555569 137.205124 83.172180 -28.357981 162.001099 127.039764 44.300449 88.277916 88.046272                108 
-45.922184 145.340179 82.028717 29.626331 137.198868 83.166588 -28.438061 161.880829 126.644043 44.527683 88.323883 88.088577                117 
-45.862648 145.174377 82.264214 29.712002 137.281021 83.147461 -28.302088 161.808380 126.659950 44.781105 88.452637 88.020927                126 
-45.837807 144.984619 82.226646 29.750341 137.232468 83.120720 -28.332277 161.701187 126.452827 44.907131 88.433891 88.020828                135 
-45.698597 144.697037 82.461143 29.899426 137.113678 83.004120 -28.013987 161.549393 126.566086 45.166203 88.349197 87.902214                145 
-45.697853 144.655548 82.431793 29.903358 137.120956 83.002167 -28.042154 161.543488 126.490585 45.196606 88.366394 87.916328                153 
-45.660370 144.578888 82.467377 29.950512 137.148407 83.009773 -28.004831 161.520676 126.506050 45.310947 88.416908 87.943130                162 
-45.650612 144.531982 82.399712 29.962408 137.131973 83.005814 -28.044029 161.496399 126.405045 45.337482 88.407089 87.958961                172 
-45.634270 144.460892 82.333076 29.983942 137.127258 82.992455 -28.086212 161.468384 126.268112 45.396614 88.417313 87.975540                180 
-45.666611 144.342728 82.880981 29.977577 137.399643 82.901802 -27.837494 161.454391 126.673325 45.656349 88.759262 87.731827                189 
-45.680141 144.516052 83.692932 29.950855 137.821701 82.838661 -27.407265 161.684662 127.306625 45.783062 89.205482 87.404228                198 
-45.584446 144.310608 84.064941 29.965973 137.655945 82.772583 -27.063871 161.559784 127.640007 45.700916 88.988548 87.124229                207 
-45.491138 144.134506 84.467171 29.982401 137.475784 82.700768 -26.666058 161.433197 128.028625 45.608990 88.753349 86.820786                216 
-45.400589 143.951477 84.789406 29.995552 137.331558 82.643280 -26.322229 161.342651 128.367477 45.533436 88.565498 86.578560                225 
-45.322453 143.788254 85.046127 30.006004 137.216934 82.597595 -26.027298 161.275848 128.663834 45.472145 88.416489 86.386490                235 
-45.324032 143.608398 85.221199 29.938435 137.126602 82.576157 -25.891129 161.221039 128.884323 45.340347 88.296967 86.248810                243 
-45.332951 143.476730 85.374100 29.879160 137.047348 82.557350 -25.718182 161.191284 129.139923 45.224255 88.192291 86.128227                252 
-45.909081 143.492737 85.175995 29.297188 136.907089 82.579109 -26.381960 161.056732 129.039093 44.523872 88.008568 86.060913                262 
-46.355152 143.502319 85.024086 28.847275 136.798660 82.595940 -26.828766 160.981796 129.027008 43.982780 87.866936 86.008217                271 
-46.659779 143.518494 84.922752 28.544346 136.725647 82.607269 -27.093296 160.952164 129.029785 43.618645 87.771774 85.972420                280 
-47.018204 143.540451 84.722145 28.182072 136.638718 82.627075 -27.528408 160.929321 128.785889 43.171421 87.655853 85.949432                289 
-47.284019 143.545212 84.572220 27.910549 136.573578 82.641930 -27.803257 160.919861 128.698822 42.836407 87.569130 85.931778                298 
-47.475449 143.543243 84.464027 27.713820 136.526367 82.652687 -27.889692 160.963287 128.720886 42.593773 87.506378 85.918762                307 
-47.604969 143.632919 84.151268 27.574152 136.462021 82.561455 -28.067675 160.992828 128.309021 42.337418 87.401611 85.749352                316 
-47.706078 143.702591 83.906158 27.464325 136.411423 82.489716 -28.202316 161.050629 127.850166 42.136139 87.319588 85.615463                325 
-47.792229 143.761795 83.696953 27.370214 136.368057 82.428238 -28.312567 161.097672 127.466347 41.963890 87.249550 85.500275                334 
-47.857334 143.807739 83.542923 27.300430 136.335892 82.382652 -28.396580 161.145233 127.113808 41.836296 87.197762 85.414581                343 
-47.916523 143.850403 83.404419 27.237368 136.306839 82.341461 -28.477299 161.189819 126.754822 41.721092 87.151077 85.336945                352 
-47.967697 143.895782 83.295288 27.187096 136.283676 82.308624 -28.544029 161.208939 126.504440 41.629322 87.113937 85.274918                361 
-48.011951 143.933899 83.199753 27.142967 136.263351 82.279800 -28.594912 161.207565 126.403473 41.548820 87.081390 85.220375                370 
-48.047874 143.959854 83.116524 27.104671 136.245697 82.254784 -28.639585 161.213821 126.253708 41.478996 87.053185 85.172966                379 
-48.078430 143.981552 83.044350 27.071547 136.230438 82.233147 -28.674742 161.224579 126.081894 41.418629 87.028824 85.131897                388 
-48.106422 144.001984 82.978752 27.041512 136.216599 82.213524 -28.708380 161.230087 125.934349 41.363914 87.006760 85.094620                397 
-48.129791 144.017990 82.921951 27.015669 136.204697 82.196648 -28.729284 161.225845 125.890579 41.316856 86.987793 85.062508                407 
-48.153805 144.040314 82.870857 26.992168 136.193863 82.181297 -28.692955 161.231964 125.897430 41.274078 86.970558 85.033287                416 
-48.178104 144.069717 82.826324 26.971411 136.184296 82.167740 -28.566641 161.251862 126.034859 41.236305 86.955353 85.007446                424 
-48.200256 144.094208 82.783653 26.951750 136.175232 82.154892 -28.361439 161.283463 126.291634 41.200539 86.940956 84.982956                433 
-48.221493 144.122192 82.745087 26.934071 136.167099 82.143349 -28.099615 161.311905 126.661827 41.168385 86.928024 84.960922                442 
-48.239441 144.143845 82.710205 26.918127 136.159744 82.132935 -27.854689 161.343735 127.017403 41.139393 86.916367 84.941032                451 
-48.278225 144.154541 82.726326 26.886385 136.228500 82.156410 -27.722126 161.376633 127.290665 41.145470 86.994545 84.937904                460 
-48.300571 144.516876 82.437996 26.883396 136.760101 82.482658 -27.987385 161.719025 127.429771 41.228546 87.551910 85.277420                469 
-48.177670 144.971146 82.226822 26.986547 137.051163 82.724998 -27.958143 162.043152 127.600883 41.205395 87.804848 85.493698                478 
-48.091587 145.282654 82.082588 27.057262 137.250687 82.891129 -27.941570 162.260666 127.718948 41.189793 87.978477 85.640862                488 
-48.033276 145.491684 81.986351 27.104586 137.384216 83.002296 -27.932035 162.398056 127.807793 41.179482 88.094780 85.738838                497 
-47.986298 145.660019 81.909576 27.142460 137.491089 83.091278 -27.938978 162.501266 127.865837 41.171307 88.187920 85.816971                506 
-47.947853 145.786377 81.849373 27.172171 137.574921 83.161079 -27.951864 162.580170 127.897713 41.164944 88.261024 85.878082                515 
-47.914730 145.880005 81.800911 27.196035 137.642258 83.217140 -27.975039 162.645737 127.898903 41.159863 88.319771 85.927048                524 
-47.886986 145.959213 81.760208 27.216106 137.698898 83.264297 -27.995138 162.699799 127.899475 41.155617 88.369194 85.968163                533 
-47.855892 145.999649 81.725899 27.232882 137.746231 83.303711 -27.996206 162.732132 127.949669 41.152081 88.410515 86.002464                542 
-47.836876 146.060303 81.696953 27.247200 137.786636 83.337349 -27.952557 162.733246 128.130249 41.149075 88.445793 86.031708                551 
-47.820404 146.116547 81.671249 27.259983 137.822693 83.367378 -27.786907 162.706970 128.595215 41.146400 88.477287 86.057777                560 
-47.806095 146.164780 81.649170 27.271046 137.853912 83.393364 -27.427422 162.677887 129.421265 41.144096 88.504555 86.080322                569 
-47.568623 146.710007 81.839279 27.466660 138.006256 83.489861 -26.754770 162.952774 130.324722 41.086620 88.580383 86.062744                578 
-47.487129 147.076462 81.933876 27.522867 138.152771 83.581528 -26.429609 163.133865 130.941101 40.999546 88.683975 86.083015                587 
-47.423607 147.358643 82.007317 27.566240 138.265839 83.652260 -26.041018 163.264969 131.668381 40.932266 88.764267 86.098610                596 
-47.353603 147.707413 82.068146 27.596695 138.274948 83.648041 -25.605373 163.399582 132.326462 40.742851 88.711708 86.036270                605 
-47.346771 147.985489 81.980705 27.568697 138.284454 83.633369 -25.496439 163.503342 132.559097 40.537407 88.672501 85.980011                614 
-47.316673 148.183899 81.980362 27.572227 138.275223 83.649994 -25.356209 163.551834 132.825653 40.405376 88.625671 85.946037                623 
-47.284203 148.327896 81.976730 27.585033 138.274277 83.651642 -25.270344 163.596649 132.957214 40.322392 88.598595 85.915573                632 
-47.093685 148.873779 82.047798 27.704239 138.294022 83.657288 -24.888283 163.923676 133.197250 40.094379 88.528839 85.882446                641 
-46.915199 149.375198 82.112564 27.813820 138.312164 83.662476 -24.516645 164.203766 133.502106 39.884106 88.466888 85.852753                650 
-46.700745 150.023972 82.491440 27.947897 138.399460 83.713791 -23.836426 164.596130 134.231812 39.650471 88.464203 85.849197                659 
-46.528934 150.693619 82.977043 28.037666 138.539627 83.801788 -23.040485 165.104828 135.197006 39.389645 88.524986 85.971718                668 
-46.438660 151.125412 83.263466 28.069887 138.646240 83.845505 -22.447262 165.419373 136.055725 39.197544 88.582909 86.054077                678 
-46.387447 151.409760 83.394028 28.080359 138.720245 83.841789 -22.004532 165.628998 136.731689 39.058620 88.626419 86.105942                686 
-46.355263 151.626343 83.512756 28.077244 138.771744 83.861626 -21.558691 165.759842 137.477325 38.933338 88.653015 86.163651                695 
-46.342396 151.857147 83.647491 28.053988 138.846527 83.905914 -21.143034 165.952560 138.185272 38.790615 88.704964 86.269958                705 
-46.348454 152.064468 83.760857 28.017454 138.936752 83.952469 -20.773527 166.168442 138.836288 38.658546 88.778984 86.403099                714 
-46.321110 152.322388 83.960762 28.007771 139.053406 84.014626 -20.237806 166.433197 139.647903 38.536209 88.876595 86.560143                723 
-46.301231 152.528397 84.096390 27.998081 139.146515 84.055580 -19.721651 166.651718 140.432083 38.437145 88.956474 86.706314                732 
-46.246689 152.501831 84.250717 27.999990 139.199219 84.103111 -19.192993 166.783356 141.201080 38.381119 89.001167 86.828369                741 
-46.433033 152.374908 84.094025 27.851902 139.385818 84.122116 -19.227018 167.130463 141.481400 38.410736 89.245514 87.204445                750 
-46.996857 151.618225 82.880234 27.431911 139.710968 84.152359 -20.701191 167.624298 140.683762 38.617748 89.770508 88.135796                759 
-47.312279 150.970154 82.163544 27.212151 140.010895 84.227928 -21.661011 168.051819 140.140366 38.927841 90.254906 88.931679                769 
-47.477612 150.550964 81.753700 27.083256 140.186798 84.272255 -22.196766 168.290802 139.869263 39.102772 90.545464 89.401520                777 
-47.598904 150.124649 81.405289 26.970604 140.340530 84.310989 -22.675055 168.505814 139.599380 39.251328 90.803246 89.813812                786 
-47.658257 149.706589 81.036530 26.914127 140.441269 84.299591 -23.106930 168.585770 139.273407 39.428440 90.993637 90.075760                795 
-47.698208 149.377487 80.755875 26.870672 140.518768 84.290825 -23.436638 168.646744 139.022171 39.562717 91.141632 90.278374                804 
-47.689674 149.150574 80.580597 26.851620 140.546326 84.271996 -23.574120 168.699387 138.914886 39.616825 91.204361 90.392479                813 
-47.618786 148.988556 80.168655 26.902863 140.468109 84.164078 -23.697786 168.730301 138.627365 39.669971 91.148895 90.461449                822 
-47.098587 150.444046 79.704414 27.251909 140.817123 84.403107 -23.506350 169.449860 138.546204 39.247177 91.281349 90.515465                831 
-46.950615 149.772842 78.875725 27.445185 140.823761 84.155426 -23.995533 169.013092 137.895340 39.841339 91.401474 90.385452                840 
-46.288494 149.842621 78.330101 28.146366 141.355164 83.708420 -23.624414 168.582916 137.627747 40.860741 91.950020 89.410820                849 
-46.554348 147.839203 76.987625 28.087875 141.950363 82.922783 -24.680904 167.956528 136.503326 42.441357 93.060829 89.154236                858 
-46.779221 151.726013 74.490356 28.026031 149.057526 80.357109 -25.231710 176.919296 132.530197 44.196293 101.283401 89.906792                867 
-45.829372 152.816132 71.359268 28.990948 151.606064 77.373070 -24.673168 179.030594 129.385803 46.022312 104.224846 87.372726                877 
-45.503433 156.233261 68.249931 29.242317 154.496948 75.009270 -24.475449 183.135208 126.393219 45.785736 107.114510 85.791641                886 
-45.076077 159.781708 64.811882 29.560366 157.364136 72.508492 -24.357315 186.631699 123.390495 45.528797 109.848808 83.569366                894 
-43.165813 167.405975 62.100964 31.350266 160.773666 69.334389 -20.531591 192.304382 121.030617 44.882957 112.377708 79.809921                903 
-41.614838 174.877899 58.425392 32.526928 163.172867 65.964188 -17.404617 198.053604 117.475410 43.195702 114.144653 76.801697                913 
-39.686420 184.897949 54.266182 33.643604 166.132706 61.691090 -13.119621 205.267288 113.157608 40.786674 116.605370 73.139198                921 
-36.169617 209.180634 25.387520 29.134367 173.177856 45.336193 -20.946957 216.114197 90.505737 25.099682 122.430656 51.930351                948 
-34.619701 213.111664 21.177649 29.696638 175.208435 41.697495 -20.029316 219.071686 86.473595 24.580290 124.544281 48.178753                958 
-36.111153 216.824661 12.587046 28.975054 180.872040 35.595329 -23.931894 223.367996 78.209541 25.755192 130.160553 42.876598                967 
-35.294422 222.007645 3.286080 27.937717 184.511765 30.620756 -27.737652 227.620361 69.178482 24.101143 133.903580 38.310577                976 
-34.240456 226.634583 -5.808620 26.704504 186.366287 24.617208 -30.930988 230.024109 59.912834 21.826090 135.794373 31.946861                985 
-32.177124 234.276627 -14.775043 25.090565 187.978638 17.498558 -33.700455 232.298553 50.427917 18.443632 137.397598 23.192122                994 
-28.645418 242.518738 -22.753929 24.043558 189.423660 10.922829 -36.404682 233.922226 40.954853 15.905775 138.849747 14.254090               1003 
-25.681280 247.349930 -29.807869 24.321182 190.790298 4.964441 -37.556633 235.233704 32.627445 15.658909 140.237579 7.068553               1012 
-25.035831 253.047745 -38.719456 24.631691 194.635880 -2.828048 -43.267403 233.588165 21.137218 19.123497 143.600006 -3.026793               1021 
-26.608030 256.802155 -48.945179 24.698277 199.429611 -10.306919 -47.272369 234.693207 10.513749 22.094721 148.197830 -8.418442               1030 
-26.846128 258.738464 -57.967262 24.277893 201.257706 -16.899954 -50.393444 234.388962 0.452905 23.031015 150.028091 -13.897851               1039 
-27.447893 260.561127 -67.069580 23.693346 202.614395 -24.268179 -53.466278 233.063934 -10.079085 23.968824 151.421005 -20.499811               1048 
-29.059084 261.625366 -76.892952 22.954870 205.173660 -31.284315 -56.354710 232.750931 -20.060078 25.059738 154.220261 -25.422474               1057 
-30.628313 262.311035 -86.167015 22.871479 207.893845 -37.783848 -58.555470 231.524200 -29.629101 27.356438 157.433289 -29.497828               1066 
-32.165581 262.910950 -95.548027 21.502817 208.814911 -45.223804 -60.817135 231.553894 -38.477043 26.434092 158.844360 -34.562309               1075 
-33.808361 261.822693 -104.543465 20.805246 210.543060 -50.870445 -62.295113 231.774475 -46.215012 26.741686 161.643112 -36.427643               1084 
-35.863773 259.263977 -114.560097 19.568029 211.950607 -56.969105 -64.609985 230.564499 -55.461685 26.714746 164.548340 -38.611813               1093 
-36.640167 259.673798 -120.791885 18.999605 212.081146 -62.131382 -65.882652 229.176117 -62.723026 26.505470 165.461487 -41.999069               1102 
-37.942017 257.311462 -128.360153 18.166239 212.330490 -66.541634 -67.759315 225.566422 -70.806252 26.589437 167.534821 -42.931507               1111 
-40.121151 253.583969 -134.310959 18.474722 211.746246 -71.284973 -68.266571 220.538071 -76.468735 28.667261 168.949051 -44.835915               1121 
-41.886742 249.927185 -140.292694 17.542053 210.156097 -75.644035 -69.284775 216.426254 -82.682526 28.296213 169.279007 -46.515820               1129 
-46.151752 242.192398 -144.429077 16.703302 208.258163 -79.127106 -68.899361 209.491760 -87.869949 29.708239 170.330368 -47.074108               1138 
-47.735504 239.570007 -149.983612 16.508146 209.457321 -84.121216 -68.523582 208.773941 -93.658966 30.166348 173.523270 -50.103027               1147 
-50.271976 233.191956 -154.812439 15.759671 209.253448 -88.359680 -69.163757 205.207306 -97.285797 30.855085 175.799927 -52.470535               1156 
-51.549477 224.644989 -157.465378 15.208775 207.746170 -90.809387 -69.488899 200.639862 -99.368912 31.573162 175.845291 -54.072758               1165 
-51.711605 220.243866 -159.037033 15.117952 207.637939 -92.162575 -69.301964 199.681885 -100.725342 31.747730 177.113541 -54.390202               1174 
-51.978985 217.077530 -159.878876 15.247440 207.312943 -93.423943 -68.765266 198.802292 -101.998108 32.205444 177.704681 -55.072716               1184 
-52.200817 214.242020 -160.317841 15.184254 206.856445 -94.390671 -68.131279 197.844818 -103.584892 32.365452 177.808289 -55.711845               1193 
-52.044201 213.817795 -160.489670 15.295003 206.594696 -94.689438 -66.677956 197.181534 -105.996429 32.256458 177.617584 -55.860626               1202 
-52.356621 212.716949 -160.250793 15.421640 206.476273 -94.889381 -64.484779 195.284393 -108.570679 32.664711 177.979584 -55.829739               1211 
-52.799271 211.376175 -160.048691 15.592975 206.358368 -95.288933 -62.675205 193.615204 -110.398796 33.240170 178.503387 -55.947903               1220 
-53.132988 210.344437 -159.870804 15.723808 206.268326 -95.594040 -61.262482 192.288849 -111.754669 33.686111 178.905365 -56.050842               1229 
-53.438213 209.010864 -159.835281 15.763840 206.338196 -95.902039 -59.596306 190.630753 -113.336021 34.092983 179.649033 -56.067738               1238 
-54.165375 207.613495 -159.695023 15.696567 206.579224 -96.478127 -58.257980 189.170898 -114.486061 34.612747 180.707245 -56.380013               1247 
-54.918804 206.144211 -159.809540 15.340234 206.702423 -97.063957 -57.536041 187.830902 -115.440422 34.712395 181.609344 -56.689499               1256 
-56.213669 203.692322 -159.805405 14.744903 206.840698 -97.963470 -57.116894 186.321365 -115.953369 34.757072 183.217239 -57.018559               1265 
-57.360924 202.227356 -160.155853 14.201320 207.604324 -99.199570 -56.862129 185.564224 -116.690491 34.881577 185.166260 -57.921242               1274 
-57.936745 200.941940 -160.357361 13.824499 208.253738 -99.865799 -56.079887 184.742294 -117.538330 34.820126 186.920288 -58.163193               1283 
-59.311241 196.836014 -161.104691 12.993217 208.404877 -101.964188 -55.848412 182.971817 -118.341911 34.445869 189.976166 -59.124882               1292 
-60.236038 195.342529 -160.942108 12.778014 208.767456 -103.104439 -55.399685 182.491318 -118.581573 34.683132 191.765121 -59.905754               1301 
-61.138237 196.335831 -159.924515 12.828936 209.666443 -103.393654 -54.808842 183.022232 -118.486198 35.465122 192.477112 -60.648239               1310 
-61.942333 196.068192 -159.233078 12.379704 210.938049 -103.657921 -54.534908 182.986755 -118.305206 35.697754 194.330368 -61.049313               1319 
-61.905922 198.100555 -160.170715 12.164084 212.192703 -104.046402 -54.577782 184.550217 -119.467781 35.130722 195.206909 -61.396004               1328 
-61.697964 200.203720 -161.421555 12.045008 212.978165 -104.312500 -54.640514 185.654404 -120.380226 34.673393 195.629837 -61.627235               1337 
-60.952824 202.183624 -161.709976 12.162525 214.677231 -103.527679 -54.046227 186.812897 -120.413216 34.575233 197.259659 -60.756916               1346 
-60.708046 204.960297 -161.539429 12.134995 216.598099 -102.699120 -53.686131 188.530380 -120.366013 34.465973 198.703857 -60.082645               1355 
-60.656990 208.150879 -161.810303 11.646032 218.694656 -102.009315 -53.681679 190.433838 -120.951088 33.802494 199.964874 -59.661629               1364 
-60.918388 212.154510 -162.229141 10.662457 220.623047 -101.169197 -54.312477 192.784317 -121.863983 32.442326 200.452759 -59.290363               1373 
-60.725925 215.355804 -162.719559 10.217351 222.324448 -100.677223 -54.709984 195.270432 -122.473221 31.348812 201.469299 -58.801640               1382 
-59.497486 218.391220 -164.458237 9.849225 224.673782 -100.520157 -54.429222 197.839035 -124.239944 29.848112 203.519913 -58.240150               1392 
-58.375851 215.891632 -161.604889 8.494795 226.911163 -99.720657 -55.748940 201.244110 -124.602158 27.889282 204.685898 -57.709564               1401 
-58.336098 217.930130 -158.513718 7.110021 228.192383 -98.378441 -57.653751 206.545639 -125.387337 25.403259 202.440674 -57.915535               1410 
-60.395203 225.189941 -157.626831 5.321005 229.297302 -96.878365 -60.060780 211.321930 -125.047684 22.935583 200.402634 -58.279594               1419 
-62.675571 230.814682 -156.202606 3.613162 230.982819 -95.887794 -62.255093 215.324249 -124.279388 21.052162 200.093857 -58.782623               1428 
-68.656906 231.361465 -152.100601 1.531999 233.575333 -96.376801 -65.625198 216.793732 -120.124214 21.208418 204.256592 -59.117039               1437 
-71.200638 234.437073 -147.837250 0.825779 236.578720 -94.437820 -67.045761 220.463669 -115.815742 21.003645 208.034195 -56.846542               1446 
-73.159966 239.860672 -146.250259 -1.417943 237.782990 -92.303085 -69.655563 224.481934 -114.416283 17.735430 207.379807 -55.644726               1455 
-75.403549 244.380814 -144.400833 -3.721654 238.504211 -90.365669 -72.231712 227.168839 -112.812347 15.086646 206.242157 -55.145672               1464 
-78.899666 248.297302 -141.988907 -6.811013 240.068344 -88.231888 -75.577583 228.936676 -110.174416 12.720387 206.725891 -54.440693               1473 
-81.419579 252.329269 -138.467941 -8.161902 242.551605 -86.133873 -77.866798 232.338379 -105.783447 11.977044 209.025375 -52.885483               1482 
-83.974739 254.446518 -135.532822 -10.345520 243.861740 -83.583641 -80.419350 234.132172 -102.283409 9.978327 210.254852 -50.529766               1491 
-86.831192 256.287811 -133.530029 -13.460761 244.506531 -81.331718 -83.955513 235.619934 -99.517433 6.922296 210.120087 -49.127007               1500 
-91.645500 259.430603 -130.808350 -17.748198 245.078735 -79.486183 -88.810318 236.941376 -96.333801 3.165730 209.665375 -48.769058               1509 
-95.699821 260.773407 -127.262497 -20.608557 245.025742 -77.773361 -92.147697 237.033722 -92.761879 1.226329 209.052185 -48.376396               1518 
-99.309563 258.876251 -123.973022 -23.076103 245.612915 -75.507652 -94.834496 236.303345 -88.704742 -0.201666 210.846161 -45.456467               1527 
-102.233154 257.469360 -121.155434 -25.425953 246.374863 -73.041161 -97.239105 236.166565 -85.154037 -1.995393 212.804367 -42.072285               1536 
-106.059013 254.802185 -118.071129 -28.000851 246.350403 -71.446228 -99.739906 234.100113 -81.910065 -3.023626 213.793060 -40.604725               1545 
-111.053680 251.507217 -114.563728 -31.915812 245.466721 -69.927261 -103.662758 232.235016 -78.431679 -5.600210 213.452820 -39.634697               1554 
-115.824188 248.379898 -111.685577 -36.285809 243.679214 -68.015366 -107.805748 229.304611 -76.020859 -8.925686 211.498016 -38.846306               1563 
-119.218758 246.742126 -109.462303 -39.923656 242.694702 -65.429436 -111.586411 228.121719 -73.146454 -12.405841 210.497147 -36.427227               1572 
-122.589912 245.720596 -108.190895 -43.714340 241.383820 -63.562428 -115.435570 226.885147 -71.691383 -16.199591 208.579666 -35.245182               1581 
-128.840424 242.011139 -106.608215 -49.545372 238.012527 -62.721046 -121.811958 224.444550 -67.694283 -21.152685 204.910904 -35.643787               1590 
-134.910583 244.455917 -103.646400 -55.263935 235.945206 -61.059616 -128.738190 223.988602 -64.423904 -27.210394 200.474411 -36.772533               1600 
-140.948822 242.829681 -102.329712 -60.409134 235.397980 -61.273777 -134.374466 223.182831 -61.944672 -31.753700 200.450836 -36.930321               1609 
-146.398819 243.617264 -98.801315 -64.562782 234.712540 -60.860790 -138.988647 224.097061 -58.206497 -35.773445 199.168976 -37.561218               1617 
-151.818970 237.632782 -99.067276 -69.934692 231.711563 -61.048157 -144.211884 219.031235 -58.181480 -40.229542 197.066132 -37.546303               1626 
-157.489517 235.042526 -97.698524 -74.813202 230.821854 -61.751488 -149.142288 218.480469 -56.323765 -44.604855 196.894974 -37.846207               1635 
-162.145538 229.028625 -97.151711 -79.313080 228.797363 -61.491249 -153.228333 213.824432 -55.508179 -47.878071 196.548874 -36.855598               1645 
-166.667114 227.910110 -96.391380 -83.678009 226.702362 -61.164318 -157.855728 212.741379 -54.722939 -52.621498 194.144989 -36.454990               1654 
-170.552078 219.751480 -93.989456 -87.346786 222.068909 -59.383808 -160.926651 203.268127 -52.050312 -54.230412 190.423462 -36.212456               1663 
-173.999847 214.657211 -92.742393 -90.878860 218.326004 -58.338600 -164.480820 198.004929 -50.162239 -57.205734 187.016418 -35.516014               1672 
-176.808716 211.398697 -92.896454 -94.064674 216.714172 -58.162182 -167.824677 195.994522 -49.449375 -60.360931 186.119339 -34.433422               1681 
-179.790131 203.890930 -92.107071 -97.678200 213.558945 -57.410126 -170.314941 188.550812 -48.951366 -62.347874 184.313324 -34.355797               1690 
-183.035507 202.052994 -92.352425 -101.244324 212.533585 -57.349232 -174.119827 187.840515 -48.702137 -66.189697 183.742813 -33.322048               1699 
-186.631042 200.007782 -93.106293 -105.153343 210.025391 -57.898960 -178.352646 185.790146 -49.695663 -70.449303 180.643982 -34.078751               1708 
-188.618820 194.705811 -90.973068 -107.152153 203.733978 -56.676273 -180.027283 177.985931 -49.251526 -71.750763 172.776047 -36.099854               1717 
-191.005371 187.943298 -90.022232 -110.166512 202.056885 -57.080235 -181.820984 172.557938 -48.075306 -73.014771 172.914108 -36.943531               1726 
-192.573456 178.349304 -91.765846 -113.878593 199.756851 -58.692364 -183.785629 166.189499 -49.290539 -75.327072 173.823761 -36.868168               1735 
-194.449066 174.245667 -91.663841 -116.775818 199.098312 -59.187237 -186.241821 164.707870 -48.597439 -77.974060 174.928909 -35.835491               1744 
-196.068436 172.774277 -91.856689 -118.622635 198.857925 -60.264942 -188.645508 165.848312 -48.267109 -80.307480 175.588318 -35.254654               1753 
-196.561478 168.981476 -91.176384 -119.702255 197.331223 -60.567303 -189.391052 163.846405 -47.436916 -81.133095 175.332108 -34.808838               1762 
-197.380463 164.726913 -90.179459 -121.195335 194.594193 -59.875435 -190.536621 160.309341 -46.492683 -82.391304 173.239212 -33.928326               1771 
-197.576614 157.249069 -90.027016 -122.628059 190.321640 -60.291161 -191.026733 154.306152 -47.026966 -83.583656 170.923157 -33.193680               1780 
-198.503571 154.007324 -91.105583 -124.229362 187.635559 -60.445484 -192.495163 150.974884 -48.525780 -85.481865 168.516342 -32.730373               1789 
-198.355225 150.590744 -90.559883 -124.498749 185.264847 -60.305317 -192.204742 148.164948 -49.401985 -85.894363 166.908539 -31.883718               1799 
-198.226257 149.081711 -90.266045 -124.611572 184.272018 -60.246613 -191.907394 147.155594 -50.307346 -86.066719 166.241394 -31.537189               1807 
-198.900635 148.733887 -89.910225 -124.439888 182.682037 -60.555420 -192.164825 147.268539 -51.048023 -86.301193 164.260422 -31.553280               1816 
-199.409363 144.862717 -89.244225 -125.161171 180.013184 -60.805557 -191.726074 143.340561 -51.511124 -86.294388 162.154419 -32.424622               1825 
-199.717896 144.299042 -89.177170 -125.152840 178.975937 -60.900444 -191.492035 142.503601 -52.235180 -86.178596 160.826599 -32.853157               1834 
-199.928909 144.326324 -89.235435 -125.147346 178.600418 -60.926929 -191.564255 142.640793 -52.414665 -86.184074 160.234940 -33.005383               1843 
-200.256271 145.162628 -89.383957 -125.130554 178.714676 -61.091766 -191.774902 143.487671 -52.705223 -86.240211 159.925491 -33.351044               1852 
-200.545212 146.093002 -89.288284 -124.935196 178.668961 -61.182976 -192.012177 144.557648 -52.743900 -86.248642 159.372696 -33.505455               1861 
-200.767471 146.862228 -89.213203 -124.773254 178.631058 -61.258587 -192.197495 145.440475 -52.774384 -86.263000 158.917068 -33.629631               1870 
-201.134949 148.642944 -89.322861 -124.309624 178.656891 -61.777630 -192.104523 147.523178 -54.053566 -86.267746 158.133118 -34.089546               1879 
-201.532547 150.531631 -89.457916 -123.860344 178.774292 -62.172127 -191.936951 149.404099 -54.960369 -86.204399 157.593277 -34.451473               1889 
-201.779465 151.793549 -89.609489 -123.574135 178.849075 -62.423435 -191.811890 150.592667 -55.546253 -86.174225 157.257492 -34.672932               1898 
-202.058868 156.611526 -89.812103 -122.177582 179.776489 -63.656658 -191.638596 155.604553 -56.176861 -85.854736 156.883743 -35.521042               1908 
-202.250107 159.488220 -89.103470 -121.199310 180.345520 -64.376465 -191.277725 158.943649 -55.736988 -85.394432 157.001541 -35.949203               1916 
-202.340317 161.475937 -88.727325 -120.548752 180.723938 -64.855141 -190.937485 161.161896 -55.588581 -85.090668 157.111282 -36.215889               1925 
-202.380096 162.462006 -88.595451 -120.237610 180.904922 -65.084076 -190.733551 162.212555 -55.600048 -84.945297 157.172943 -36.338890               1934 
-202.409515 163.128464 -88.538864 -120.034294 181.023178 -65.233681 -190.578079 162.890564 -55.661507 -84.850105 157.216492 -36.417797               1943 
-202.431961 163.599731 -88.515419 -119.894005 181.104782 -65.336899 -190.459473 163.353134 -55.732864 -84.784302 157.248062 -36.471600               1952 
-202.829056 163.146057 -86.328178 -119.977081 179.862991 -63.561157 -190.662003 163.014374 -53.654133 -85.037727 155.896149 -34.580605               1961 
-203.338486 164.120148 -86.973930 -120.206886 179.610443 -64.240517 -191.082153 163.795563 -54.368164 -85.596794 155.187637 -35.245537               1970 
-203.752792 164.944061 -87.525635 -120.401505 179.396561 -64.815842 -191.427673 164.457916 -54.975613 -86.076859 154.593628 -35.804237               1979 
-204.650101 165.954391 -90.035851 -121.264366 178.691849 -66.356255 -192.580765 164.786667 -57.433163 -87.613892 152.952515 -37.370522               1988 
-205.189789 166.596069 -91.588181 -121.797279 178.256607 -67.307640 -193.271011 164.993240 -58.971786 -88.570168 151.945145 -38.347221               1997 
999.000000 999.000000 999.000000 999.000000 999.000000 999.000000 999.000000 999.000000 999.000000 999.000000 999.000000 999.000000             2006.0 
999.000000 999.000000 999.000000 999.000000 999.000000 999.000000 999.000000 999.000000 999.000000 999.000000 999.000000 999.000000             2015.0 
999.000000 999.000000 999.000000 999.000000 999.000000 999.000000 999.000000 999.000000 999.000000 999.000000 999.000000 999.000000             2024.0 
999.000000 999.000000 999.000000 999.000000 999.000000 999.000000 999.000000 999.000000 999.000000 999.000000 999.000000 999.000000             2033.0 
999.000000 999.000000 999.000000 999.000000 999.000000 999.000000 999.000000 999.000000 999.000000 999.000000 999.000000 999.000000             2042.0 
999.000000 999.000000 999.000000 999.000000 999.000000 999.000000 999.000000 999.000000 999.000000 999.000000 999.000000 999.000000             2051.0 
999.000000 999.000000 999.000000 999.000000 999.000000 999.000000 999.000000 999.000000 999.000000 999.000000 999.000000 999.000000             2060.0 
999.000000 999.000000 999.000000 999.000000 999.000000 999.000000 999.000000 999.000000 999.000000 999.000000 999.000000 999.000000             2069.0 
999.000000 999.000000 999.000000 999.000000 999.000000 999.000000 999.000000 999.000000 999.000000 999.000000 999.000000 999.000000             2096.0 
999.000000 999.000000 999.000000 999.000000 999.000000 999.000000 999.000000 999.000000 999.000000 999.000000 999.000000 999.000000             2105.0 
999.000000 999.000000 999.000000 999.000000 999.000000 999.000000 999.000000 999.000000 999.000000 999.000000 999.000000 999.000000             2114.0 
999.000000 999.000000 999.000000 999.000000 999.000000 999.000000 999.000000 999.000000 999.000000 999.000000 999.000000 999.000000             2124.0 
999.000000 999.000000 999.000000 999.000000 999.000000 999.000000 999.000000 999.000000 999.000000 999.000000 999.000000 999.000000             2133.0 
999.000000 999.000000 999.000000 999.000000 999.000000 999.000000 999.000000 999.000000 999.000000 999.000000 999.000000 999.000000             2141.0 
999.000000 999.000000 999.000000 999.000000 999.000000 999.000000 999.000000 999.000000 999.000000 999.000000 999.000000 999.000000             2150.0 
999.000000 999.000000 999.000000 999.000000 999.000000 999.000000 999.000000 999.000000 999.000000 999.000000 999.000000 999.000000             2160.0 
999.000000 999.000000 999.000000 999.000000 999.000000 999.000000 999.000000 999.000000 999.000000 999.000000 999.000000 999.000000             2169.0 
999.000000 999.000000 999.000000 999.000000 999.000000 999.000000 999.000000 999.000000 999.000000 999.000000 999.000000 999.000000             2178.0 
999.000000 999.000000 999.000000 999.000000 999.000000 999.000000 999.000000 999.000000 999.000000 999.000000 999.000000 999.000000             2187.0 
999.000000 999.000000 999.000000 999.000000 999.000000 999.000000 999.000000 999.000000 999.000000 999.000000 999.000000 999.000000             2196.0 
999.000000 999.000000 999.000000 999.000000 999.000000 999.000000 999.000000 999.000000 999.000000 999.000000 999.000000 999.000000             2205.0 
999.000000 999.000000 999.000000 999.000000 999.000000 999.000000 999.000000 999.000000 999.000000 999.000000 999.000000 999.000000             2214.0 
999.000000 999.000000 999.000000 999.000000 999.000000 999.000000 999.000000 999.000000 999.000000 999.000000 999.000000 999.000000             2223.0 
999.000000 999.000000 999.000000 999.000000 999.000000 999.000000 999.000000 999.000000 999.000000 999.000000 999.000000 999.000000             2232.0 
999.000000 999.000000 999.000000 999.000000 999.000000 999.000000 999.000000 999.000000 999.000000 999.000000 999.000000 999.000000             2241.0 
999.000000 999.000000 999.000000 999.000000 999.000000 999.000000 999.000000 999.000000 999.000000 999.000000 999.000000 999.000000             2250.0 
999.000000 999.000000 999.000000 999.000000 999.000000 999.000000 999.000000 999.000000 999.000000 999.000000 999.000000 999.000000             2259.0 
999.000000 999.000000 999.000000 999.000000 999.000000 999.000000 999.000000 999.000000 999.000000 999.000000 999.000000 999.000000             2268.0 
999.000000 999.000000 999.000000 999.000000 999.000000 999.000000 999.000000 999.000000 999.000000 999.000000 999.000000 999.000000             2277.0 
999.000000 999.000000 999.000000 999.000000 999.000000 999.000000 999.000000 999.000000 999.000000 999.000000 999.000000 999.000000             2286.0 
999.000000 999.000000 999.000000 999.000000 999.000000 999.000000 999.000000 999.000000 999.000000 999.000000 999.000000 999.000000             2295.0 
999.000000 999.000000 999.000000 999.000000 999.000000 999.000000 999.000000 999.000000 999.000000 999.000000 999.000000 999.000000             2304.0 
999.000000 999.000000 999.000000 999.000000 999.000000 999.000000 999.000000 999.000000 999.000000 999.000000 999.000000 999.000000             2313.0 
999.000000 999.000000 999.000000 999.000000 999.000000 999.000000 999.000000 999.000000 999.000000 999.000000 999.000000 999.000000             2322.0 
999.000000 999.000000 999.000000 999.000000 999.000000 999.000000 999.000000 999.000000 999.000000 999.000000 999.000000 999.000000             2331.0 
999.000000 999.000000 999.000000 999.000000 999.000000 999.000000 999.000000 999.000000 999.000000 999.000000 999.000000 999.000000             2340.0 
999.000000 999.000000 999.000000 999.000000 999.000000 999.000000 999.000000 999.000000 999.000000 999.000000 999.000000 999.000000             2349.0 
999.000000 999.000000 999.000000 999.000000 999.000000 999.000000 999.000000 999.000000 999.000000 999.000000 999.000000 999.000000             2359.0 
999.000000 999.000000 999.000000 999.000000 999.000000 999.000000 999.000000 999.000000 999.000000 999.000000 999.000000 999.000000             2368.0 
999.000000 999.000000 999.000000 999.000000 999.000000 999.000000 999.000000 999.000000 999.000000 999.000000 999.000000 999.000000             2377.0 
999.000000 999.000000 999.000000 999.000000 999.000000 999.000000 999.000000 999.000000 999.000000 999.000000 999.000000 999.000000             2386.0 
999.000000 999.000000 999.000000 999.000000 999.000000 999.000000 999.000000 999.000000 999.000000 999.000000 999.000000 999.000000             2395.0 
999.000000 999.000000 999.000000 999.000000 999.000000 999.000000 999.000000 999.000000 999.000000 999.000000 999.000000 999.000000             2404.0 
999.000000 999.000000 999.000000 999.000000 999.000000 999.000000 999.000000 999.000000 999.000000 999.000000 999.000000 999.000000             2413.0 
999.000000 999.000000 999.000000 999.000000 999.000000 999.000000 999.000000 999.000000 999.000000 999.000000 999.000000 999.000000             2422.0 
999.000000 999.000000 999.000000 999.000000 999.000000 999.000000 999.000000 999.000000 999.000000 999.000000 999.000000 999.000000             2431.0 
999.000000 999.000000 999.000000 999.000000 999.000000 999.000000 999.000000 999.000000 999.000000 999.000000 999.000000 999.000000             2440.0 
999.000000 999.000000 999.000000 999.000000 999.000000 999.000000 999.000000 999.000000 999.000000 999.000000 999.000000 999.000000             2449.0 
999.000000 999.000000 999.000000 999.000000 999.000000 999.000000 999.000000 999.000000 999.000000 999.000000 999.000000 999.000000             2458.0 
999.000000 999.000000 999.000000 999.000000 999.000000 999.000000 999.000000 999.000000 999.000000 999.000000 999.000000 999.000000             2467.0 
999.000000 999.000000 999.000000 999.000000 999.000000 999.000000 999.000000 999.000000 999.000000 999.000000 999.000000 999.000000             2476.0 
999.000000 999.000000 999.000000 999.000000 999.000000 999.000000 999.000000 999.000000 999.000000 999.000000 999.000000 999.000000             2485.0 
999.000000 999.000000 999.000000 999.000000 999.000000 999.000000 999.000000 999.000000 999.000000 999.000000 999.000000 999.000000             2494.0 
999.000000 999.000000 999.000000 999.000000 999.000000 999.000000 999.000000 999.000000 999.000000 999.000000 999.000000 999.000000             2503.0 
999.000000 999.000000 999.000000 999.000000 999.000000 999.000000 999.000000 999.000000 999.000000 999.000000 999.000000 999.000000             2512.0 
999.000000 999.000000 999.000000 999.000000 999.000000 999.000000 999.000000 999.000000 999.000000 999.000000 999.000000 999.000000             2521.0 
999.000000 999.000000 999.000000 999.000000 999.000000 999.000000 999.000000 999.000000 999.000000 999.000000 999.000000 999.000000             2530.0 
999.000000 999.000000 999.000000 999.000000 999.000000 999.000000 999.000000 999.000000 999.000000 999.000000 999.000000 999.000000             2539.0 
999.000000 999.000000 999.000000 999.000000 999.000000 999.000000 999.000000 999.000000 999.000000 999.000000 999.000000 999.000000             2548.0 
999.000000 999.000000 999.000000 999.000000 999.000000 999.000000 999.000000 999.000000 999.000000 999.000000 999.000000 999.000000             2557.0 
999.000000 999.000000 999.000000 999.000000 999.000000 999.000000 999.000000 999.000000 999.000000 999.000000 999.000000 999.000000             2566.0 
999.000000 999.000000 999.000000 999.000000 999.000000 999.000000 999.000000 999.000000 999.000000 999.000000 999.000000 999.000000             2575.0 
999.000000 999.000000 999.000000 999.000000 999.000000 999.000000 999.000000 999.000000 999.000000 999.000000 999.000000 999.000000             2584.0 
999.000000 999.000000 999.000000 999.000000 999.000000 999.000000 999.000000 999.000000 999.000000 999.000000 999.000000 999.000000             2594.0 
999.000000 999.000000 999.000000 999.000000 999.000000 999.000000 999.000000 999.000000 999.000000 999.000000 999.000000 999.000000             2603.0 
999.000000 999.000000 999.000000 999.000000 999.000000 999.000000 999.000000 999.000000 999.000000 999.000000 999.000000 999.000000             2612.0 
999.000000 999.000000 999.000000 999.000000 999.000000 999.000000 999.000000 999.000000 999.000000 999.000000 999.000000 999.000000             2621.0 
999.000000 999.000000 999.000000 999.000000 999.000000 999.000000 999.000000 999.000000 999.000000 999.000000 999.000000 999.000000             2630.0 
999.000000 999.000000 999.000000 999.000000 999.000000 999.000000 999.000000 999.000000 999.000000 999.000000 999.000000 999.000000             2639.0 
999.000000 999.000000 999.000000 999.000000 999.000000 999.000000 999.000000 999.000000 999.000000 999.000000 999.000000 999.000000             2648.0 
999.000000 999.000000 999.000000 999.000000 999.000000 999.000000 999.000000 999.000000 999.000000 999.000000 999.000000 999.000000             2657.0 
999.000000 999.000000 999.000000 999.000000 999.000000 999.000000 999.000000 999.000000 999.000000 999.000000 999.000000 999.000000             2666.0 
999.000000 999.000000 999.000000 999.000000 999.000000 999.000000 999.000000 999.000000 999.000000 999.000000 999.000000 999.000000             2675.0 
999.000000 999.000000 999.000000 999.000000 999.000000 999.000000 999.000000 999.000000 999.000000 999.000000 999.000000 999.000000             2684.0 
999.000000 999.000000 999.000000 999.000000 999.000000 999.000000 999.000000 999.000000 999.000000 999.000000 999.000000 999.000000             2693.0 
999.000000 999.000000 999.000000 999.000000 999.000000 999.000000 999.000000 999.000000 999.000000 999.000000 999.000000 999.000000             2702.0 
999.000000 999.000000 999.000000 999.000000 999.000000 999.000000 999.000000 999.000000 999.000000 999.000000 999.000000 999.000000             2711.0 
999.000000 999.000000 999.000000 999.000000 999.000000 999.000000 999.000000 999.000000 999.000000 999.000000 999.000000 999.000000             2720.0 
999.000000 999.000000 999.000000 999.000000 999.000000 999.000000 999.000000 999.000000 999.000000 999.000000 999.000000 999.000000             2729.0 
999.000000 999.000000 999.000000 999.000000 999.000000 999.000000 999.000000 999.000000 999.000000 999.000000 999.000000 999.000000             2738.0 
999.000000 999.000000 999.000000 999.000000 999.000000 999.000000 999.000000 999.000000 999.000000 999.000000 999.000000 999.000000             2747.0 
999.000000 999.000000 999.000000 999.000000 999.000000 999.000000 999.000000 999.000000 999.000000 999.000000 999.000000 999.000000             2756.0 
999.000000 999.000000 999.000000 999.000000 999.000000 999.000000 999.000000 999.000000 999.000000 999.000000 999.000000 999.000000             2765.0 
999.000000 999.000000 999.000000 999.000000 999.000000 999.000000 999.000000 999.000000 999.000000 999.000000 999.000000 999.000000             2774.0 
999.000000 999.000000 999.000000 999.000000 999.000000 999.000000 999.000000 999.000000 999.000000 999.000000 999.000000 999.000000             2783.0 
999.000000 999.000000 999.000000 999.000000 999.000000 999.000000 999.000000 999.000000 999.000000 999.000000 999.000000 999.000000             2792.0 
-83.607567 221.847580 21.062317 2.324994 215.190353 45.239174 -70.566826 217.618271 59.904064 30.920853 180.018768 69.820313               2801 
-84.204620 223.216476 20.895765 1.447374 214.111069 44.439709 -71.312447 218.439270 59.316071 29.056265 177.722992 68.369865               2810 
-84.405685 223.790512 20.351664 1.180046 213.619141 43.638542 -71.502518 218.697845 58.571087 28.402092 176.801666 67.354134               2819 
-84.708687 224.488663 18.451612 0.572436 213.028946 42.251778 -72.182938 218.561371 56.640682 27.224884 175.501190 65.496368               2829 
-85.440262 225.176163 15.600453 -0.462942 213.021454 40.128548 -73.299355 219.105087 53.858345 25.687586 175.250092 63.547962               2838 
-85.757553 225.726532 12.824020 -1.222674 212.395004 38.258667 -74.165977 219.031876 51.126976 24.252445 174.055099 61.497974               2846 
-86.815353 225.614151 9.232204 -2.574431 212.246460 35.606171 -75.622299 219.251114 47.685081 22.538502 174.037094 59.446899               2856 
-87.594345 224.972290 6.000360 -3.587440 212.027130 33.256836 -76.775566 218.975830 44.539101 21.355713 174.019165 57.592602               2865 
-88.521156 223.776367 2.911968 -4.622483 212.271545 31.128052 -77.996140 218.527451 41.606583 20.533182 174.937805 56.275208               2874 
-90.993401 222.276840 -1.789197 -6.956378 214.709442 27.317411 -80.558121 219.499542 37.170528 19.077194 179.536102 54.595325               2883 
-92.787560 220.967682 -5.829382 -8.730837 216.545624 23.921124 -82.594299 219.721222 33.444984 18.067020 182.986832 52.463680               2892 
-94.712448 219.426422 -9.637705 -10.659812 216.564102 20.498110 -84.681725 218.816391 29.926228 16.541574 183.875702 49.662277               2901 
-95.897980 219.542816 -12.931149 -12.205425 215.089874 18.285109 -86.367439 217.896240 26.952951 14.333966 181.646103 47.201717               2910 
-96.808243 219.504700 -15.687163 -13.240450 214.078156 16.064600 -87.473053 216.910324 24.427494 13.085152 180.180405 44.646080               2919 
-97.852310 218.658569 -18.773222 -14.360764 213.873291 13.475698 -88.656174 216.609848 21.507547 11.957662 180.563995 42.747314               2928 
-99.244888 218.793457 -21.870192 -15.796382 213.956360 10.790899 -90.128548 216.569809 18.554066 10.487625 180.808548 40.275959               2937 
-100.315422 219.124893 -24.801535 -17.125448 214.105682 9.011997 -91.555183 216.350876 15.923914 8.986779 181.112579 38.821430               2946 
-100.907288 219.020370 -26.867434 -17.767998 214.112183 7.524209 -92.238914 215.736801 13.972260 8.442750 181.311890 37.459690               2955 
-103.744217 218.352661 -30.312004 -20.361080 215.101089 3.998091 -94.836159 215.154373 10.620086 6.627017 183.076660 34.082542               2964 
-106.152885 217.189362 -33.523445 -22.509014 215.867813 0.704886 -96.944870 214.140793 7.595606 5.370734 184.878815 31.059406               2973 
-107.360985 216.784882 -35.608383 -23.813902 215.363525 -0.646022 -98.234062 213.065796 5.637454 4.086360 184.572220 29.890289               2982 
-108.174950 216.259369 -36.920025 -24.698334 215.064285 -1.288176 -99.044113 211.959518 4.354712 3.325350 184.633316 29.495340               2991 
-108.932632 215.001389 -37.727867 -25.434092 214.744766 -1.776053 -99.661888 210.615829 3.518973 2.920120 184.945160 29.320854               3000 
-109.837120 213.891907 -37.898071 -26.067823 214.803345 -2.363221 -100.035408 209.621521 2.973491 2.823167 185.741486 28.937159               3010 
-110.510986 213.261749 -37.635990 -26.500168 214.822159 -2.509461 -100.193794 208.832703 2.792450 2.804972 186.174911 28.788136               3018 
-111.552795 212.530518 -37.030960 -27.206913 215.061783 -2.613084 -100.554176 208.255356 2.865393 2.619001 187.065506 28.781477               3028 
-112.605103 211.597229 -35.383240 -27.920643 215.868912 -1.893560 -100.699669 207.694382 3.585900 2.611122 188.918274 29.736645               3036 
-113.688965 209.411606 -32.580597 -28.509729 217.799835 -1.156923 -100.492348 207.275681 5.449085 3.490079 193.281845 30.997009               3045 
-114.780563 208.396088 -29.090103 -29.051189 218.829575 0.143000 -100.297615 207.066544 7.731341 3.985071 195.634415 32.230145               3054 
-115.424866 207.515594 -25.564575 -29.264006 219.396988 1.782331 -99.972527 206.996933 10.335121 4.536588 197.282349 33.836311               3063 
-115.884872 205.941254 -21.436014 -29.308563 219.125092 3.388289 -99.654778 206.854828 13.311082 5.129874 198.028992 35.449863               3072 
-116.437881 204.389938 -17.054356 -29.693851 219.213501 4.646429 -99.660271 207.342804 15.836919 5.326910 199.099579 36.708435               3081 
-116.202820 201.562363 -11.061183 -29.649046 219.186981 6.294183 -99.071442 207.471741 19.336981 6.317183 200.527939 38.188789               3091 
-115.710052 198.546326 -2.905180 -29.167027 218.488113 9.532062 -97.561745 206.025314 25.315401 8.477524 200.717499 39.963764               3100 
-115.191071 195.904022 4.519574 -29.126703 217.941849 12.236238 -96.512016 205.065567 30.091545 9.802807 201.031158 41.519638               3109 
-113.879646 192.881607 10.871814 -28.570314 217.298080 14.306463 -94.846741 204.264160 34.216202 11.563149 201.850372 42.761150               3118 
-113.640129 190.228409 16.253941 -28.959976 216.180222 15.790055 -94.273170 203.268127 37.668991 12.168437 202.158539 43.554092               3127 
-113.830711 187.766296 20.954287 -29.877441 215.173340 16.596325 -94.246002 202.378159 40.455070 12.171614 203.126297 43.904587               3136 
-113.181732 185.417648 26.349575 -29.904978 213.658508 18.068878 -93.225418 201.037308 44.170498 13.132715 202.968735 44.383915               3145 
-111.777924 183.992828 32.333279 -28.588596 210.607651 19.711470 -91.068726 200.205887 48.296783 15.176229 200.467682 45.025826               3154 
-109.571999 180.428223 41.308746 -27.628735 207.681778 23.430058 -87.676987 195.861694 56.069183 17.933638 196.173538 44.658020               3163 
-108.136658 178.327087 45.480236 -27.278408 206.703278 24.864098 -86.154686 194.587341 59.949646 19.032570 196.157242 44.940701               3172 
-106.526741 177.710754 48.920444 -26.207420 206.319656 26.750748 -84.451912 194.072510 63.697742 20.481106 195.846222 45.972717               3181 
-104.099068 176.724365 53.466839 -24.677952 206.326736 29.381466 -81.806412 192.932983 68.015358 22.612005 196.224777 47.286938               3190 
-102.267670 176.140320 56.969643 -23.281046 206.598770 32.468758 -79.840675 191.861465 71.600914 24.278795 196.413300 49.595142               3199 
-99.850449 172.934723 59.507050 -21.551949 205.511032 35.505386 -77.273682 187.706741 74.587799 26.379877 194.793137 51.210865               3208 
-98.315750 172.348907 62.063606 -20.359980 205.441757 37.637283 -75.569931 186.811798 77.047142 27.770317 194.605774 52.638996               3217 
-91.591599 165.945343 67.645638 -17.053032 204.958405 41.338734 -70.205589 182.997406 81.791618 31.891123 199.296570 56.550858               3244 
-88.166733 162.393661 68.789864 -15.029112 203.471603 41.698826 -68.136070 181.948547 82.521469 33.697971 201.456726 58.450161               3253 
-85.382477 159.948807 68.986740 -12.913285 202.762451 42.316013 -66.199371 182.314865 84.019722 35.525154 203.088348 59.996708               3262 
-82.245148 156.346588 69.080368 -11.144429 202.718597 43.660656 -65.012024 183.990631 87.006447 36.582779 207.053467 62.695309               3271 
-80.942635 157.048355 68.088371 -8.443645 202.949265 45.310452 -63.853191 186.102829 88.563644 38.813217 206.763947 65.589325               3280 
-79.427818 157.788376 68.531296 -6.432412 203.411179 46.500210 -62.210346 187.080521 89.876472 40.754971 206.891785 66.999771               3290 
-77.307831 157.476944 70.035324 -4.766084 203.855927 47.730152 -60.525101 187.540543 91.323265 42.251839 208.501007 68.387680               3298 
-77.097771 161.200027 73.501366 -3.804690 205.807358 49.980228 -61.173931 193.367340 93.064346 42.435516 212.389832 71.832222               3308 
-74.833488 166.025116 74.242683 0.458501 207.686661 51.294830 -58.284832 198.512955 93.593330 46.368778 213.602829 74.015762               3316 
-73.368965 166.724106 73.733986 4.057925 205.922867 52.716682 -54.303600 196.541962 95.530220 50.610146 207.876755 74.808952               3325 
-72.319603 166.624023 74.442772 5.562347 205.793503 54.714790 -51.281666 192.216797 97.269043 52.837749 204.546295 75.269028               3335 
-72.685028 166.803299 77.999313 3.005087 211.720520 62.366611 -52.471207 189.901093 102.382370 50.439083 210.679001 82.563805               3344 
-72.280220 163.546463 79.672371 0.712835 213.877090 68.341667 -52.578125 184.117661 105.632103 48.560661 212.843994 87.538376               3353 
-70.628387 166.576523 83.143845 2.298532 216.732590 70.718857 -50.183582 186.463547 108.447685 50.565884 215.208359 88.800194               3362 
-68.762001 167.363144 85.922318 3.688451 217.958862 72.867523 -48.093884 186.903824 110.725494 52.219894 216.341446 90.219139               3371 
-67.242287 164.119583 87.547562 3.992616 216.372986 74.607697 -46.519897 183.259323 112.461823 52.888397 214.971848 90.924400               3380 
-65.889259 166.771027 89.085892 5.755619 218.962387 77.932404 -45.493881 185.755676 114.979996 54.382755 217.295944 95.009293               3389 
-64.793709 163.514023 88.302895 6.134421 217.011307 78.358185 -44.162788 181.766479 115.077217 55.043365 215.286407 94.604279               3398 
-64.849510 164.009476 90.688385 6.270218 216.917358 78.754410 -43.584499 182.566299 116.931694 55.432590 215.217575 94.219437               3407 
-63.842205 162.177994 92.137192 6.136609 216.498276 79.530701 -42.504631 181.009979 118.205231 55.523281 215.733353 94.341743               3416 
-59.032154 155.151489 90.622078 6.271154 215.096298 79.787796 -40.842308 176.165970 116.905556 54.898102 218.589020 96.587090               3425 
-55.999577 151.086746 89.059624 6.300179 214.344162 80.091751 -40.428326 173.559418 115.543282 53.780964 220.765350 99.153198               3434 
-53.602753 148.155289 88.244751 6.569571 213.628616 80.732948 -39.706657 171.370117 114.834297 53.112373 222.011627 101.287460               3443 
-51.173306 145.719254 86.582390 7.663939 212.621048 81.552269 -38.629738 168.973114 113.453171 53.276237 221.935516 103.727806               3452 
-49.872490 143.768600 87.000549 6.667806 212.709625 83.594818 -38.339005 166.928528 113.509300 51.541702 223.385574 106.645905               3461 
-48.915653 143.092667 86.593079 6.904694 212.651306 84.169029 -37.637997 165.964676 112.464203 51.356747 223.733429 107.837509               3471 
-48.184227 142.649918 86.788254 7.067472 212.679916 84.726570 -36.940918 165.393402 111.911095 51.247864 224.186249 108.699310               3479 
-47.594688 142.364944 86.985916 7.282260 212.692749 85.077293 -36.386944 165.061951 111.540413 51.255993 224.514877 109.275307               3488 
-47.135612 142.061218 87.436440 7.331626 212.701904 85.580086 -36.092064 164.836548 111.522385 51.059132 224.905380 110.033630               3497 
-46.720444 141.893143 87.895065 7.470472 212.734451 85.986336 -35.622284 164.621689 111.652306 51.193935 225.087677 110.371819               3506 
-45.863342 141.862228 88.173126 8.075078 212.897781 86.525139 -34.842697 164.551407 111.761536 51.673580 225.388123 111.064041               3515 
-45.448288 141.905197 88.277779 8.305241 213.080841 86.795639 -34.275681 164.430939 111.149323 51.729103 225.749664 111.551735               3524 
-44.985405 141.703003 88.122734 8.332435 213.187866 86.895790 -33.706795 163.995880 110.395317 51.623222 226.062576 111.778412               3533 
-44.248219 141.414612 88.141129 8.330270 213.363251 87.201599 -33.250668 163.652969 109.609779 51.101971 226.773102 112.691856               3542 
-43.317932 141.421646 88.107262 8.938788 213.389923 87.262375 -32.377090 163.370743 108.537254 51.512375 226.768097 113.098579               3552 
-42.330593 141.282562 88.521614 9.253843 213.346527 87.297195 -31.641697 163.009659 107.445114 51.582958 226.830765 113.477661               3561 
-41.411243 141.196320 88.789543 9.848577 213.208038 87.242462 -30.967068 162.819443 106.636162 51.939182 226.736603 113.782143               3569 
-41.023842 141.192505 88.753494 10.309734 213.100647 87.200027 -30.470449 162.690369 106.071236 52.212730 226.668457 114.015114               3579 
-40.994598 141.229065 88.453430 10.606408 213.031570 87.172722 -30.132961 162.594421 105.693123 52.387531 226.626846 114.163490               3588 
-42.084423 141.746780 87.579819 10.658607 213.100281 87.261711 -30.099873 162.638916 105.380547 52.252205 226.672760 114.551926               3597 
-43.062912 142.233734 86.839622 10.730677 213.173126 87.326103 -30.074419 162.718369 105.142998 52.166225 226.726410 114.865150               3606 
-44.266212 142.929642 85.720230 10.887570 213.270737 87.304794 -28.354910 161.495575 103.939743 52.147938 226.707932 115.161911               3615 
-45.891048 144.522141 84.262878 10.610281 214.242706 87.240128 -28.529419 162.065201 103.413971 50.921230 228.078644 116.267532               3624 
-46.782700 147.961899 82.869598 11.802503 216.433609 86.474052 -28.533224 164.992584 103.402771 51.234718 230.665527 116.499847               3633 
-47.126923 149.685745 81.660027 12.251350 217.797974 86.870331 -28.604311 166.295044 103.782776 50.579456 232.554092 118.050591               3642 
-47.713192 152.036682 81.064835 13.217303 219.052719 86.379379 -28.916849 168.535385 104.074127 50.885303 234.171402 118.184143               3651 
-48.100407 153.275787 79.195595 15.984611 217.302795 86.025688 -27.991264 167.849030 102.955917 54.633671 229.801147 117.791031               3660 
-47.664928 153.579834 77.553055 18.246019 215.699982 85.617035 -27.594547 167.074356 102.799576 57.470528 226.403717 117.332390               3669 
-47.829685 152.304077 76.394478 18.073051 214.487045 85.117378 -27.855257 165.283340 102.790092 57.745056 224.649567 116.451874               3678 
-47.870377 151.937790 75.755165 17.797098 214.515823 84.945847 -28.257668 165.123901 103.204758 57.193951 225.169098 116.463959               3687 
-47.781441 151.325958 74.991669 17.592737 214.180695 84.916374 -28.743486 164.493225 103.489494 56.885353 224.809372 116.572609               3697 
-47.460934 150.711899 75.047684 17.405519 213.956284 84.841827 -29.121958 164.078140 103.644630 56.647987 224.556351 116.569771               3705 
-47.058216 151.048172 74.158447 17.482203 214.511932 84.544586 -29.250502 164.401840 103.131828 56.535473 225.000015 116.542053               3714 
-46.913006 151.276352 73.735359 17.760664 214.443146 84.465370 -29.330696 164.324677 102.764511 56.961807 224.304840 116.481194               3724 
-46.634167 151.358246 73.674507 17.980192 214.388931 84.402916 -29.385929 164.266876 102.468117 57.297935 223.755936 116.424309               3732 
-46.232983 151.561020 73.427170 18.813429 213.865234 84.423050 -29.023582 163.847046 101.940964 58.569664 222.020126 116.233971               3741 
-46.079784 151.647476 72.920303 19.476002 213.096024 84.246086 -28.965183 163.322525 101.154694 59.610989 219.975708 115.882271               3751 
-45.614788 151.476822 73.069595 19.860052 212.650162 84.143509 -28.956829 163.037827 100.746628 60.208851 218.790558 115.659622               3759 
-45.314766 150.673065 72.848999 20.564850 211.165115 83.147018 -28.377745 161.671768 99.599358 61.234089 216.500107 114.396767               3768 
-44.404594 149.036469 73.052223 20.211159 210.618240 82.651642 -25.930021 158.994705 97.735291 60.318718 216.858932 114.454674               3778 
-43.915295 148.101608 73.075348 19.913828 210.326324 82.286888 -24.439203 157.361771 96.530670 59.646297 217.103561 114.448914               3786 
-43.487652 147.444092 73.244629 19.720730 210.136749 82.050003 -23.674803 156.466660 95.898216 59.206921 217.263901 114.438889               3796 
-43.145172 146.900269 73.429077 19.484339 209.993561 81.774170 -23.382013 155.942841 95.442276 58.768204 217.399658 114.345985               3805 
-42.291740 146.082138 74.091515 19.306242 209.941940 81.749794 -22.964127 155.464096 95.367676 58.262966 217.908447 114.581238               3814 
-41.909164 145.719910 74.216438 19.215752 209.944824 81.767227 -22.818459 155.258408 95.331726 57.940899 218.192139 114.802666               3823 
-40.865990 145.976624 74.269791 19.372303 210.943314 82.002899 -22.324379 156.033813 95.474152 56.850098 220.402893 116.133919               3832 
-37.505928 152.234726 75.851440 26.137100 213.937866 82.504440 -19.328709 162.478897 97.166115 62.186958 223.612457 118.082603               3841 
-34.985676 153.897690 75.512024 29.573235 214.517105 82.607323 -17.886961 164.877884 97.151489 63.482765 225.473007 119.878052               3850 
-34.405098 154.395157 74.549797 30.723085 214.280884 82.486046 -17.732891 165.448288 96.450600 63.691166 225.400757 120.544548               3859 
-30.371943 152.367676 75.037605 36.461002 210.644440 80.305702 -12.456297 162.883163 96.218513 71.291176 220.829773 116.940575               3868 
-25.411835 148.714371 72.951988 39.425365 209.042816 79.836639 -9.484780 160.956970 94.774757 70.959534 222.361832 118.400810               3877 
-24.398602 148.976334 73.077560 41.986156 207.763840 78.457153 -8.152970 161.039124 94.868706 75.104156 219.880554 116.078674               3886 
-24.609907 149.111893 73.655945 41.859253 207.845154 78.565216 -9.283834 161.924820 95.880188 75.173943 220.007813 115.997780               3895 
-24.840654 147.965591 73.440712 40.540031 207.803207 79.417564 -10.037500 160.726746 96.224472 74.130783 219.353470 116.797348               3904 
-24.904503 146.710770 73.630531 38.680958 208.296326 80.863380 -10.888166 159.714920 96.824699 71.722900 220.192505 118.621910               3913 
-24.700272 146.497803 73.195602 38.679550 208.216431 80.909393 -10.623411 159.153549 96.539131 72.174927 219.389450 118.488892               3922 
