-35.297028 135.532227 78.549332 26.455423 140.587891 72.362450 -27.308725 162.479462 117.319229 38.443485 91.000282 66.670784                  0 
-34.806873 134.459305 78.626358 26.600702 140.616669 72.273293 -27.418350 162.256393 117.489647 38.692974 91.036476 66.739647                  9 
-34.652439 133.890854 78.712685 26.586834 140.561783 72.266327 -27.771254 162.018951 117.488785 38.624607 90.963989 66.771667                 17 
-34.668507 133.131714 79.048386 26.432096 140.212494 72.428703 -28.156546 161.356964 117.812752 38.427040 90.619469 66.798958                 27 
-34.701015 132.180466 79.388824 26.283623 139.849136 72.809502 -28.748768 160.813889 117.944504 38.559185 90.287170 67.521492                 36 
-34.458553 131.531479 79.576195 26.396120 139.668701 72.721031 -28.791876 160.407028 117.868263 38.853142 90.142418 67.523911                 44 
-34.251301 130.984909 79.733467 26.490194 139.517822 72.647049 -28.833326 160.060913 117.803696 39.099545 90.022346 67.524323                 54 
-34.398952 131.290695 80.237869 26.358437 139.106567 72.462059 -28.711079 160.224884 117.799171 38.318829 89.446724 67.373856                 62 
-34.581264 132.522964 80.760811 26.310087 137.960373 72.038559 -27.842274 161.365189 117.700684 36.305084 87.825890 67.383057                 72 
-33.404812 133.069809 81.913551 27.297411 137.127838 71.304504 -24.936115 160.967407 120.136833 35.926006 86.797951 66.061470                 81 
-33.249626 132.617752 81.935783 27.381296 136.074478 70.708115 -24.422377 160.322159 120.491165 35.493713 85.635986 65.689354                 90 
-32.953785 132.216446 82.206238 27.585545 135.327225 70.383316 -23.547556 159.541992 121.819504 35.361576 84.831726 65.405548                 99 
-32.886906 131.975815 82.056725 27.642668 134.966797 70.138962 -23.327084 159.042038 122.508751 35.305141 84.447464 65.227409                108 
-32.693790 131.742035 82.060989 27.807413 134.872803 70.022850 -23.103533 158.787796 122.941200 35.588715 84.358330 65.250099                117 
-32.567390 131.623535 82.004021 27.967897 134.896545 70.163620 -23.053413 158.923294 123.528831 35.973557 84.365791 65.969368                126 
-32.511433 131.658752 81.825790 28.078995 134.850983 70.235298 -23.028044 159.114670 123.924454 36.097176 84.286629 66.494339                135 
-32.575684 131.960754 81.702126 28.260004 134.767563 70.321846 -22.854454 159.334503 124.222305 36.132347 84.159378 66.875397                144 
-32.801056 132.331482 81.470520 28.399189 134.616379 70.326393 -22.778509 159.462021 124.295387 36.148766 83.972527 67.134956                153 
-33.064869 132.152557 81.147713 28.407833 134.278091 70.218239 -22.956125 159.227905 124.152939 36.278294 83.635071 67.323196                162 
-33.286572 132.214264 81.099075 28.553177 134.557098 70.332848 -23.138815 158.727036 124.466850 36.937580 84.006866 67.264290                171 
-33.524769 132.369019 80.845619 28.612896 134.480270 70.244865 -23.336775 158.540970 124.167542 37.079269 83.944229 67.167648                180 
-33.857944 132.858734 80.731804 28.630960 134.403046 70.238480 -23.578255 158.555862 123.764366 37.010956 83.852455 67.163773                189 
-34.133324 134.144333 80.773201 28.828760 134.352234 70.312889 -23.332216 159.067673 123.563522 36.781700 83.726387 67.343819                198 
-34.242748 136.346832 80.629547 29.062332 134.579865 70.582886 -22.912399 161.037491 123.168953 35.922146 83.761765 68.236847                207 
-34.270157 137.595627 80.258781 29.326464 134.705154 70.833076 -22.857143 161.644089 122.961922 35.579250 83.813370 68.389999                216 
-34.451694 137.500183 79.725090 29.227936 134.558167 70.680504 -23.226528 161.566528 122.497108 35.393822 83.655746 68.237968                225 
-34.448414 137.713837 79.593887 29.264370 134.527954 70.631393 -23.242062 161.649994 122.311867 35.226738 83.605446 68.103905                234 
-34.488750 137.306519 78.793228 29.367916 134.667007 70.507088 -24.076893 161.519119 121.066025 35.578613 83.775505 67.953110                244 
-34.575798 136.848663 78.191597 29.390423 134.748383 70.422920 -25.006767 161.454636 119.442421 35.817081 83.883072 67.881416                252 
-34.507679 136.268433 77.516830 29.597214 135.492447 70.213112 -26.116980 160.966248 117.680267 37.017437 84.776886 67.400307                262 
-34.453159 135.756897 76.999733 29.739836 136.074875 70.065430 -26.978621 160.607956 116.290176 38.016708 85.495827 67.185524                270 
-34.565228 135.309586 76.674812 29.722071 136.540405 70.111763 -27.656418 160.287857 115.338921 38.716805 86.093323 67.074326                279 
-34.571327 135.042770 76.559212 29.856344 136.794724 70.164810 -27.835110 160.019348 114.843483 39.299240 86.440315 66.954491                289 
-34.310711 134.136871 76.092140 30.373787 136.274323 70.031502 -27.762001 159.096817 113.942184 40.280144 86.007263 66.849174                298 
-34.507488 134.152985 75.946953 30.632505 136.511902 70.142365 -27.995899 158.933441 113.165298 41.135368 86.352425 67.183250                306 
-34.756813 134.190567 75.816010 30.892448 136.648849 70.195473 -28.176533 158.538803 112.510445 41.949337 86.605156 67.294655                316 
-34.991314 134.606201 75.766159 31.153166 136.590515 70.234085 -28.012226 158.441711 112.325752 42.315952 86.566513 67.400093                325 
-35.422604 135.019608 75.776413 31.208721 136.712936 70.224014 -28.026300 158.210983 112.296616 42.634365 86.754471 67.283432                334 
-35.678196 135.328293 75.779358 31.362350 136.646164 70.234749 -27.893288 158.018188 112.264542 42.901398 86.715912 67.258049                343 
-36.084946 135.191818 75.652695 31.271044 137.224655 70.275253 -28.401386 157.686142 112.015617 43.651100 87.493149 67.350792                352 
-35.980297 136.188232 75.918106 31.587692 137.283356 70.455132 -27.684296 158.752426 112.130424 43.422565 87.402908 67.825157                379 
-35.996464 136.539505 75.940712 31.619911 137.261246 70.483093 -27.442461 159.155258 112.214348 43.209511 87.318367 67.947380                388 
-36.258617 136.394455 75.595459 31.419369 137.476715 70.422928 -27.859922 159.069931 111.947655 43.295383 87.600487 67.900612                397 
-36.564133 135.728973 75.268867 31.164547 137.912155 70.352348 -28.532219 158.806046 111.573746 43.795502 88.210800 68.055725                406 
-36.765770 135.318710 75.021950 31.005146 138.218628 70.304337 -28.995628 158.620682 111.272949 44.172112 88.648888 68.180153                416 
-36.727879 135.855759 75.054543 31.116999 138.070694 70.390602 -28.641550 159.197601 111.291206 43.799076 88.369972 68.379822                424 
-36.840206 135.717514 74.790085 31.059172 138.101822 70.370827 -28.885706 159.133301 111.018532 43.884148 88.433525 68.467987                433 
-36.394905 134.448883 74.184090 31.582302 136.859604 70.291908 -28.690479 158.048401 110.316101 44.457794 87.192894 68.717308                443 
-35.858421 132.671692 74.078842 32.106159 135.707245 69.428604 -27.950403 156.660065 109.799873 45.470295 86.161308 68.147690                451 
-35.508759 131.522247 74.085854 32.630051 134.773056 68.828140 -27.233175 155.620071 109.478386 46.331978 85.313683 67.794533                460 
-38.017395 133.885193 73.777878 31.404272 136.394379 69.025917 -29.232954 157.129684 108.568848 46.131039 87.221970 69.513115                469 
-40.335186 137.126205 73.594841 30.670259 137.120270 69.377647 -30.351406 157.996902 108.210022 45.560474 88.005745 70.419167                478 
-40.665569 137.386444 73.405693 30.629370 137.510315 69.589005 -30.725918 157.721283 108.180824 45.778992 88.468941 70.276085                487 
-40.744324 137.168213 73.374023 30.573225 137.945175 69.684624 -31.037447 157.318558 108.223412 46.157497 89.036469 70.014923                496 
-40.660313 136.803238 73.323921 30.663235 138.128860 69.602097 -31.031898 156.972046 108.182632 46.523083 89.307739 69.666809                505 
-39.517834 135.811081 73.609940 31.791866 136.952072 69.197365 -29.452238 155.026184 108.730034 47.456207 88.087463 67.812210                515 
-38.603832 134.555695 73.833313 32.693577 135.671356 68.851463 -28.288054 153.324142 108.596092 48.302429 86.817635 66.679306                524 
-38.157616 134.246552 74.084808 33.180603 134.417572 68.548080 -27.379551 152.751373 108.281418 48.178089 85.384193 66.130806                533 
-37.704758 134.026169 74.114822 33.733494 133.110184 68.216156 -26.507015 152.481766 107.834946 48.138409 83.883873 66.140526                541 
-37.263348 133.867798 74.112846 34.315338 131.777313 68.013702 -25.676868 152.107254 107.440338 48.124165 82.369576 66.216026                551 
-37.385475 133.976669 74.147728 34.270584 131.860596 67.998474 -25.781099 152.142029 107.342873 48.135036 82.466873 66.244270                560 
-37.603142 135.167847 74.266556 34.235878 133.206131 68.499855 -26.235792 153.195145 107.361641 48.377995 83.884880 66.933128                569 
-37.865139 136.160492 74.346016 34.156883 134.075958 68.856422 -26.622253 153.898804 107.321609 48.404919 84.782600 67.373535                578 
-37.994553 136.079605 74.288597 34.043560 134.452667 68.699471 -26.887873 153.719284 107.193085 48.593849 85.253944 67.021729                587 
-37.950188 135.790802 74.141617 34.129917 134.530777 68.631165 -26.960875 153.476440 107.043777 48.918941 85.403259 66.954376                596 
-38.105865 135.538269 74.121918 34.000023 134.728302 68.511398 -27.102310 153.278137 107.020782 49.083160 85.694504 66.715370                605 
-37.323879 135.123154 74.277466 34.661987 133.335037 67.360260 -25.429455 152.610123 107.028900 49.029900 84.105797 65.105331                614 
-36.926674 134.664032 74.043854 35.016243 132.224487 66.313416 -24.292242 152.122330 106.777771 48.967121 82.880356 63.953365                623 
-36.713001 134.184402 73.600792 35.257702 131.752319 65.662666 -23.815466 151.524963 106.419296 49.218533 82.425262 63.021294                632 
-36.660603 134.012527 73.358025 35.392982 131.487778 65.298073 -23.419071 151.303207 106.154770 49.358841 82.170830 62.499111                641 
-36.446922 133.473236 73.197205 35.809441 131.114609 64.967529 -22.805658 150.477722 105.903015 50.075523 81.907585 61.775646                650 
-36.449162 133.424667 73.120796 36.114082 130.841629 64.725731 -22.257235 149.979599 105.556717 50.599133 81.718109 61.246765                659 
-36.857056 134.543335 73.240196 36.308125 130.667755 64.571716 -21.803381 149.748611 105.232880 50.932343 81.598778 60.910072                668 
-37.422195 136.030365 73.444489 36.254307 130.783859 64.543114 -21.479334 150.112701 105.231529 50.815475 81.701714 60.807446                677 
-38.614262 138.084122 73.075645 35.608189 132.874893 64.889557 -22.623713 151.782501 104.761742 50.871017 83.976624 61.566032                686 
-39.765617 138.608475 72.520927 34.897572 135.533951 65.158501 -24.065641 153.253464 104.208832 51.957714 87.173492 62.865433                695 
-40.843830 139.035187 72.044044 34.014568 138.365265 65.172600 -25.501909 155.176056 103.566017 52.849548 90.621361 64.276413                705 
-41.237236 139.308975 71.935478 33.720535 139.424866 65.221649 -25.947868 155.534424 103.515564 53.142143 91.917969 64.253944                713 
-41.492290 139.742844 72.055023 33.581451 139.771713 65.331795 -25.943453 155.671051 103.743393 53.062416 92.297592 64.012733                723 
-41.641159 140.016632 72.127777 33.512325 139.968719 65.367821 -25.697248 155.938095 103.995293 53.032654 92.515961 63.873734                731 
-41.691574 140.009827 72.128906 33.466991 139.995895 65.392418 -25.498829 156.017487 104.184227 52.994469 92.552483 63.707146                740 
-41.489651 139.733017 72.376015 33.650242 138.959991 65.345299 -23.981232 155.655670 105.206268 52.623264 91.333672 62.737797                750 
-42.286827 140.590073 72.077522 32.918900 140.528854 65.339516 -24.275307 157.761536 105.264847 52.470867 93.096451 63.628635                758 
-42.371822 140.757919 72.039230 32.863831 140.905777 65.325516 -23.061079 158.437912 106.706467 52.547897 93.542542 63.251614                768 
-43.832409 142.725632 69.406807 31.196472 135.433395 64.267952 -23.034731 154.688477 107.053802 45.857388 86.714073 57.446976                776 
-43.305725 143.901550 69.717583 31.659063 135.907883 64.534348 -21.854931 155.533401 108.031059 45.850277 87.103302 57.339760                786 
-41.028553 152.027328 68.531525 33.399395 144.115662 61.336395 -16.421871 172.046677 104.703300 47.608330 94.800270 62.403652                795 
-40.829021 153.731125 66.048988 33.070278 146.367661 60.568367 -15.875152 178.142227 102.202789 46.698486 97.079468 65.038956                804 
-40.707706 156.587616 65.150093 32.502369 149.670502 58.855385 -14.522681 185.536011 99.219299 45.758606 100.735458 66.897346                813 
-40.746670 158.395752 64.636055 32.021286 150.709808 57.884937 -13.391243 188.259995 98.285011 44.285149 101.585190 66.335304                822 
-40.599007 158.680191 64.619530 32.016216 150.648361 57.864613 -11.933207 188.979034 98.362244 43.774727 101.362877 66.093742                831 
-40.632568 159.494476 63.730721 31.960276 150.856613 57.710449 -11.307712 189.292389 97.324745 43.087540 101.317108 65.264389                840 
-40.380802 161.411423 62.097347 32.092049 151.197388 57.191975 -10.198502 189.853714 96.172859 41.894604 101.214439 63.568115                849 
-40.067772 163.638504 59.074760 32.353889 152.191620 56.710144 -10.528213 188.262604 96.586914 40.848980 101.609749 58.795219                858 
-39.615196 167.197540 54.871109 32.186832 152.170868 55.259529 -10.802298 186.580246 95.909676 38.098808 101.244019 52.701469                867 
-39.407364 173.364166 48.748505 31.688519 155.520523 52.872543 -12.669398 188.740616 92.940781 36.069492 104.697037 47.143631                876 
-38.618317 178.926727 43.017113 31.483112 157.508163 49.322750 -13.477025 190.624069 89.911942 33.983681 106.815529 41.638741                885 
-40.275742 182.237747 36.990913 30.497065 163.056396 44.822670 -17.291466 195.847931 83.971710 34.735386 112.195045 39.327259                894 
-39.337704 187.443436 31.755110 31.090580 166.924011 40.710873 -18.238062 198.906647 79.869591 34.908810 116.166931 34.064095                903 
-38.866703 193.737762 26.169554 30.976374 171.920990 37.383739 -19.735474 204.921356 74.803093 34.132580 121.028954 31.461044                912 
-38.708946 198.355469 19.776384 30.661325 175.076584 32.482880 -20.266214 210.333923 68.208160 32.848347 123.938034 28.596258                921 
-38.839561 201.954437 10.133317 29.079905 176.832779 27.635433 -23.717710 214.238983 59.015007 30.139780 125.557617 25.450314                930 
-39.430771 206.063293 2.161045 28.340712 181.102219 22.053114 -26.373631 218.989792 50.293892 29.801073 129.790848 21.826342                939 
-39.844810 211.192261 -5.702852 27.187315 184.390564 16.978014 -29.339745 223.148651 41.038624 28.239710 133.088272 18.394869                948 
-40.076183 218.463882 -11.769748 25.721323 186.733337 10.701254 -30.140100 228.092270 32.642017 24.224579 135.463165 12.743421                957 
-38.078960 223.388214 -21.523752 23.625381 186.121140 5.572452 -31.642403 231.149719 22.039499 18.479496 135.097946 7.851412                966 
-35.532539 227.979034 -29.927959 24.085083 187.935883 -0.393401 -32.363411 233.735229 12.671190 17.771641 137.045197 1.912849                976 
-32.608601 233.782043 -36.804256 24.529184 188.597519 -6.652116 -32.253376 235.695694 4.741735 16.551231 137.919357 -4.886840                985 
-31.338684 238.696503 -44.883850 25.553434 191.450104 -13.238915 -36.369053 235.552689 -4.070842 19.250925 140.535736 -11.493901                993 
-29.253729 243.500351 -52.714661 26.394978 192.353409 -20.436905 -39.083534 234.765152 -13.378767 20.420895 141.387939 -19.068943               1003 
-28.859547 245.187408 -63.261448 26.379099 195.710754 -25.499582 -42.118458 235.979919 -24.620157 21.462816 144.861603 -20.476248               1012 
-28.817007 246.068283 -72.855568 26.294846 198.184998 -31.324894 -43.830784 236.698212 -34.679974 22.062611 147.658310 -23.313524               1021 
-28.812916 246.131195 -81.124886 26.917929 199.842453 -36.485020 -44.691296 235.827347 -43.325417 23.872147 149.862915 -25.179697               1030 
-27.977386 246.670532 -88.467873 27.243195 199.750214 -41.651630 -44.771751 234.922623 -51.061413 24.175348 150.328293 -28.120106               1039 
-28.128319 245.959213 -96.329597 28.225538 200.752686 -46.873886 -45.242714 232.493439 -58.851376 26.787874 152.223785 -30.203003               1048 
-28.045496 246.488129 -104.374763 28.835672 201.601151 -52.838993 -45.474216 231.096466 -66.595596 28.258310 154.086304 -33.421329               1057 
-29.418690 244.960068 -111.405449 28.871487 201.773041 -58.417908 -46.400940 228.927200 -72.692383 29.476498 155.450699 -36.306507               1066 
-28.338287 243.644592 -118.894394 28.188288 200.544754 -62.716141 -46.931171 226.904221 -80.154900 28.145834 155.062210 -38.917473               1075 
-29.675085 240.390564 -127.489754 27.014599 200.509323 -67.994781 -49.170773 223.284485 -87.768036 27.945391 156.539734 -41.521229               1084 
-33.241547 234.187668 -133.772232 27.725292 200.355850 -73.228088 -51.159695 216.010666 -91.526001 32.565704 158.876450 -43.377296               1093 
-35.227039 232.780350 -138.425400 28.090904 199.678558 -77.450951 -52.005066 211.286682 -94.251869 35.232658 160.482178 -45.083073               1102 
-37.965755 226.162537 -141.664047 28.510115 197.791412 -80.725334 -52.630836 205.397934 -94.982475 38.326778 161.134811 -46.157040               1111 
-38.889519 221.546127 -146.181976 27.880375 195.965683 -83.431808 -53.504780 200.401718 -98.082550 38.710510 161.196182 -47.254047               1120 
-45.746010 213.592697 -152.148865 27.022095 196.003342 -90.108154 -54.727062 190.045776 -97.257904 44.442375 171.779068 -48.337841               1129 
-49.154358 213.125839 -155.504547 27.041290 196.108734 -94.064056 -53.907276 184.990234 -95.838913 48.277573 177.730316 -51.095535               1138 
-51.044189 210.984558 -159.109222 27.606936 195.502853 -97.716904 -51.892036 178.653915 -95.433517 51.846901 182.055420 -54.512383               1148 
-51.285473 211.646149 -161.365677 28.074877 194.679794 -99.721397 -50.785671 177.382813 -95.297951 53.421257 183.366470 -56.540272               1156 
-43.592270 176.461655 -136.369278 27.517471 193.957245 -103.067474 -49.221386 174.626450 -93.891525 55.585804 187.158722 -60.629414               1165 
-40.845455 161.241379 -130.176956 26.844801 189.413879 -107.071991 -49.604275 172.059143 -98.017326 53.925278 187.729004 -63.496204               1174 
-25.049065 150.344376 -107.495567 24.887268 184.221039 -108.862061 -50.891842 163.942184 -100.426964 49.436958 192.270370 -64.504860               1183 
-21.666779 144.998627 -100.939293 20.956017 180.432495 -113.311333 -53.105015 155.538727 -102.497536 44.464840 195.793839 -70.341522               1192 
-22.091837 144.877228 -104.166031 19.922890 181.043549 -115.320442 -54.604847 156.045441 -107.646416 42.525795 193.924744 -71.068619               1201 
-22.489426 145.390457 -107.616707 20.817804 181.270905 -114.948868 -55.002312 158.903824 -110.353683 43.501747 188.438828 -69.461510               1210 
-22.132742 144.626480 -107.715439 20.919271 181.237030 -115.041672 -55.243908 159.116196 -110.426231 43.603199 188.382843 -69.550827               1219 
-21.639393 142.668396 -108.948509 18.458939 182.298004 -118.008995 -56.423153 156.294357 -109.417496 43.338840 189.840363 -73.746780               1228 
-22.014744 144.107468 -113.504524 18.767681 184.084930 -117.330559 -56.712536 158.694580 -111.823090 43.908947 185.278824 -72.592079               1237 
-21.768950 144.529724 -112.246056 19.957516 183.446365 -117.317879 -56.221046 160.284607 -111.384491 44.828865 185.853241 -72.477455               1246 
-21.189196 144.403595 -111.197433 20.649813 183.164185 -116.957848 -55.670555 160.374268 -111.378632 44.849670 187.118073 -71.860466               1256 
-22.729643 144.750122 -112.832237 19.249146 183.509232 -117.791740 -57.094284 160.946121 -111.930153 44.134903 185.700272 -72.948250               1265 
-23.870047 144.269760 -113.437752 17.698484 183.721817 -119.336189 -58.108391 160.237488 -111.725822 43.596615 186.417633 -75.097527               1274 
-24.291735 144.130875 -114.417244 18.111004 184.254959 -118.349167 -57.332569 160.452148 -110.832008 44.815166 184.771790 -74.512421               1283 
-24.050627 146.490814 -114.518410 19.443329 186.687469 -117.547432 -55.219810 162.999466 -109.119400 47.802616 184.891571 -74.797394               1292 
-24.486414 147.947891 -116.217445 19.571884 188.175095 -116.284569 -54.530148 164.015472 -109.473427 48.567177 182.643982 -74.287903               1301 
-23.845438 153.454208 -117.169632 22.337698 191.232407 -113.669235 -52.223808 170.004395 -109.709206 50.990391 180.373642 -72.484886               1310 
-23.231586 154.630524 -115.244797 22.698650 192.952713 -113.498436 -50.828766 170.600739 -108.513634 52.279884 183.323853 -72.666145               1319 
-23.040148 162.040649 -120.423309 25.083809 197.131958 -111.517433 -49.579823 178.585068 -112.621696 52.055317 180.961639 -70.945282               1328 
-22.543285 166.701385 -123.375229 26.565092 199.547379 -110.372772 -48.592430 183.711670 -114.599457 51.958004 179.752716 -70.392639               1337 
-20.540915 169.651642 -127.403839 27.532015 202.436218 -110.096245 -48.177242 187.904007 -116.643631 51.613663 180.753677 -70.284409               1346 
-18.990116 171.093140 -129.818985 27.782034 204.457214 -109.728081 -48.283333 190.003540 -117.502174 51.263187 182.055069 -69.955986               1355 
-15.822347 179.728531 -131.433472 31.908535 207.618179 -105.784225 -45.605804 200.017303 -115.914063 52.472710 179.351807 -68.192101               1364 
-12.034285 187.271835 -130.371063 36.714321 209.602081 -101.276939 -40.929043 208.005066 -113.361053 54.620918 176.781570 -66.102966               1373 
-8.197865 195.825272 -129.156235 41.193943 212.165054 -97.192978 -36.077080 216.790237 -110.814903 56.093834 175.249588 -64.784935               1382 
-4.278996 202.354340 -126.938606 45.178486 213.291000 -92.754082 -31.179291 224.044540 -108.012093 56.595531 173.611954 -62.253845               1391 
-0.826271 210.501190 -125.175713 48.806644 215.017593 -89.667175 -26.308847 232.770172 -105.150169 56.454838 172.696274 -61.641285               1400 
3.869643 215.030273 -122.048836 53.158585 216.282745 -85.672920 -21.079073 237.466034 -101.814957 58.546375 172.949081 -58.687637               1409 
8.356334 219.774658 -118.908524 57.661846 217.974014 -82.462265 -16.046944 241.814316 -97.948067 61.673985 173.506958 -57.131981               1419 
14.398757 222.812897 -118.520035 61.786388 219.577194 -79.196991 -11.416447 245.185028 -97.470078 63.382473 175.344482 -53.197754               1427 
19.741657 226.149994 -117.377823 65.472267 220.157013 -75.634506 -7.013836 247.834198 -95.705742 64.992775 175.620056 -50.114513               1436 
25.012093 227.833511 -115.689270 69.431137 220.367722 -72.121231 -2.603364 248.771515 -93.814796 67.842644 175.737076 -46.810711               1446 
28.425007 230.822250 -113.743240 73.038673 221.895096 -70.245743 0.720962 251.582581 -90.468155 71.063835 177.026398 -45.387341               1454 
34.255363 232.228409 -112.392662 77.459061 223.069870 -67.291832 5.005957 252.467072 -89.064781 74.977303 178.088654 -42.683472               1464 
39.670959 232.295593 -109.875793 82.344818 223.216522 -64.143677 9.643249 252.174576 -86.494545 79.868027 178.187332 -39.622707               1473 
43.641140 233.545074 -108.288452 85.990135 223.534180 -62.314438 13.556111 253.232971 -84.731293 83.058731 178.311691 -38.202744               1481 
47.519321 235.400528 -107.313812 88.429420 224.194595 -60.210304 17.331814 256.084869 -84.139526 83.592613 179.205002 -35.970203               1490 
51.283287 238.173355 -104.774597 91.081841 224.034119 -57.463490 21.085901 258.318970 -81.198830 85.011726 178.101913 -35.363110               1500 
60.593739 241.545074 -97.198235 100.240959 223.389725 -51.090149 31.596737 260.232788 -72.813972 93.703430 176.006775 -32.458008               1527 
62.892494 240.179703 -96.180756 102.333450 222.977051 -49.516331 33.737118 258.552155 -72.383965 96.472458 175.577530 -30.702158               1536 
65.165283 239.369476 -95.057083 104.778969 222.767319 -48.391777 36.133167 256.902313 -71.574059 100.147835 175.016754 -30.130434               1545 
68.412598 238.581467 -93.704292 108.729019 222.619080 -47.487976 40.266182 256.611816 -70.136269 104.456039 175.092117 -28.567902               1554 
70.932655 237.409729 -91.955872 112.230278 222.661530 -46.262363 43.844746 255.164474 -68.766052 109.297325 175.178375 -26.980558               1563 
73.211220 239.310349 -92.974350 115.561165 225.843430 -47.917629 46.874062 257.356628 -69.805954 113.553406 178.664032 -27.790190               1572 
76.742058 236.770279 -92.008034 118.905334 224.123199 -46.439281 50.757145 255.258499 -69.552567 116.786224 177.412781 -25.257053               1581 
78.608734 234.999756 -91.329086 120.768684 223.419540 -45.470383 52.714214 253.735641 -69.354073 118.949501 177.057419 -23.509390               1590 
80.565529 231.817444 -91.279243 122.897392 222.037979 -45.190491 54.969696 251.152771 -70.120102 121.443886 176.404236 -21.727970               1599 
83.435143 228.259750 -90.622726 125.748566 219.827316 -44.242950 58.375694 248.286377 -70.276482 124.312225 174.882324 -19.485661               1608 
85.798355 226.054245 -89.522560 128.083435 218.081665 -43.050743 61.417343 246.171158 -69.819725 126.765015 173.276062 -18.035555               1617 
87.835548 223.853317 -88.568283 130.125137 216.159286 -42.047520 63.736534 243.999344 -69.072845 128.972382 171.405014 -16.932465               1627 
89.682991 222.216324 -88.919327 131.448700 215.521133 -41.775471 65.248993 242.393951 -69.994789 130.436478 171.054703 -16.148281               1635 
90.081863 219.019653 -88.790314 131.554016 213.174072 -41.278824 65.480049 239.108032 -70.202408 130.932358 168.841522 -15.408404               1644 
88.330994 211.891418 -88.912109 131.445175 208.667969 -42.647808 65.452011 233.794540 -70.923737 131.363312 166.051300 -14.032197               1653 
86.404778 206.932602 -89.671074 130.795074 205.010162 -44.547081 65.026581 230.054260 -71.375023 131.619949 163.158127 -14.835675               1663 
84.679153 199.887222 -88.977837 130.869446 203.032898 -45.764065 64.366600 224.040237 -71.584229 134.712875 163.489365 -13.259036               1671 
85.233871 198.016098 -89.220924 131.305069 203.370331 -46.091423 64.948601 222.673706 -72.140617 136.242035 164.647507 -12.756618               1681 
85.005066 194.281174 -88.818390 131.549973 202.412628 -46.776711 65.381882 219.867767 -72.276321 138.106766 164.949127 -12.301573               1690 
84.724983 188.542175 -88.781631 131.823883 199.787201 -48.223423 65.549004 215.423904 -73.191589 139.724426 164.297546 -11.986618               1699 
86.848778 185.699600 -89.184654 133.300964 198.518341 -48.667412 67.267197 213.306747 -74.070091 141.561508 163.628387 -11.931944               1707 
86.793861 179.100159 -87.472710 133.576035 194.762146 -48.648540 67.140846 208.034409 -73.429512 142.871323 161.924088 -10.304053               1717 
85.327988 173.954147 -85.198196 133.891632 190.841919 -49.411190 66.805389 204.222977 -71.897278 144.406006 159.797485 -9.905102               1725 
85.974632 172.490585 -84.821777 134.901871 189.843262 -49.854801 67.821854 203.282791 -71.837982 145.769012 159.403137 -9.975681               1735 
86.123421 171.508286 -84.468239 135.147888 189.400757 -49.988777 68.129517 202.318619 -71.489189 146.722961 159.089783 -10.210603               1744 
83.942169 164.387192 -82.470001 133.829498 185.693451 -51.539032 65.541122 194.986771 -69.680481 149.087967 157.280670 -11.602412               1753 
81.938919 158.487442 -81.346977 132.538864 182.475113 -53.977329 64.030029 189.636368 -69.611954 150.432144 156.351624 -13.573943               1762 
82.591156 156.317535 -80.938545 132.724808 182.708984 -55.150578 64.411736 187.443771 -70.351990 152.024277 158.409378 -14.259267               1771 
80.923706 151.158539 -80.047714 131.382706 180.479950 -58.742825 63.067577 182.101532 -70.039375 154.454239 158.415771 -18.544363               1780 
79.031807 146.435120 -79.577499 129.713547 176.797562 -60.690735 61.711136 177.498566 -70.073448 154.516113 155.744156 -20.983969               1789 
77.917152 140.135361 -77.087425 127.838768 174.084442 -63.266041 59.953625 171.059631 -69.133156 155.821884 156.985748 -23.774019               1798 
76.337608 132.449326 -73.879288 124.720459 170.472168 -67.586952 57.174622 163.052765 -67.734444 156.731934 159.081375 -29.108963               1807 
76.027397 128.308472 -72.324448 123.418938 167.869263 -69.716202 56.340363 158.656921 -66.748558 157.402267 158.913681 -32.300014               1816 
79.739029 127.107544 -71.335854 126.666817 167.155945 -69.187981 59.870720 157.083420 -64.439812 161.913528 157.639633 -33.102673               1825 
82.336662 124.720543 -71.057655 128.158859 165.927750 -68.508354 61.729046 154.015808 -63.302284 164.058411 156.510788 -33.045940               1834 
83.029022 122.381836 -71.131279 128.633972 163.760452 -68.604973 62.219025 151.668335 -63.836025 164.287018 154.773453 -32.784096               1843 
83.816620 120.167534 -69.664627 128.380234 162.671616 -70.362114 62.496029 149.159424 -62.826008 165.452682 155.948654 -35.498436               1853 
84.669472 118.616066 -69.370293 128.387222 161.890259 -71.515633 62.855389 147.174225 -62.706188 166.104721 156.453415 -37.122738               1861 
83.680962 115.934448 -68.700119 128.686417 157.462448 -73.241943 62.856789 144.704849 -62.740795 166.836517 151.977005 -39.337383               1870 
80.725517 112.619804 -69.990196 127.186417 152.155548 -75.694382 60.809620 141.585968 -65.156204 164.908707 146.442047 -41.351627               1880 
80.905716 109.075089 -71.575333 127.364426 148.789780 -73.636696 60.572979 137.230209 -66.772476 163.375748 141.897202 -37.710144               1888 
80.436913 106.378067 -71.784035 126.922531 145.908997 -69.945580 59.721745 134.229706 -67.949951 160.301208 138.275757 -31.701130               1897 
77.851494 107.033249 -79.327866 123.665741 146.260742 -70.488693 56.570961 133.877777 -74.346329 154.387558 135.010925 -30.933018               1906 
76.834442 101.057869 -77.370071 122.511093 140.112686 -67.647095 55.322533 127.870903 -74.202644 151.149536 129.915359 -26.284140               1916 
76.647118 97.069206 -78.241905 122.008842 136.315430 -68.240173 54.850002 123.769913 -76.551003 149.183197 127.392220 -25.614225               1924 
75.283142 96.839188 -80.440170 121.097542 134.840485 -69.160538 53.725151 123.555305 -79.013252 147.098480 124.792747 -26.055613               1934 
74.532982 93.356102 -78.086578 119.977272 131.912979 -69.141190 52.356182 119.505775 -77.605881 146.510712 123.700096 -25.972155               1942 
74.404030 92.700958 -78.420464 119.754066 130.595856 -69.337898 52.043957 118.258392 -78.510437 145.733307 121.906059 -25.925838               1952 
73.747162 90.616982 -80.506775 119.224396 127.405289 -69.995155 51.622715 115.929237 -81.791924 143.223251 118.162781 -25.569134               1961 
72.757172 90.261475 -83.316635 117.449150 127.488518 -73.129250 50.088802 114.591072 -85.440361 141.086212 118.815681 -28.395472               1970 
72.432632 89.001961 -84.621727 115.988808 126.680397 -74.311668 48.915691 112.063316 -87.173065 139.452164 117.748940 -29.537342               1979 
72.584587 88.559334 -85.334793 114.186638 127.786858 -76.068169 47.595081 109.885239 -88.244499 138.403214 119.632851 -31.547277               1988 
73.182503 90.233925 -89.247566 110.448799 132.802246 -79.014351 45.750160 108.561432 -91.612877 135.644714 125.164604 -34.947674               1997 
73.264481 93.743538 -94.674835 109.844276 135.211853 -80.159363 45.478943 111.851166 -96.571106 133.763657 123.763786 -36.206600               2006 
72.464622 89.173950 -89.885727 110.833145 129.516235 -77.958092 45.144756 108.095963 -92.370857 134.882568 118.869705 -33.875031               2015 
71.900604 87.164894 -87.956413 110.722816 127.043419 -77.828041 44.424915 106.158501 -90.997299 135.003311 116.986000 -33.733299               2024 
71.522224 87.415382 -88.920578 110.904823 126.382843 -79.178947 44.370354 106.702942 -93.742981 133.471191 116.944763 -34.048897               2033 
71.647095 87.270531 -89.293663 110.586510 126.438850 -79.885811 44.162334 106.070496 -94.905640 132.576218 117.654053 -34.341103               2042 
70.311615 84.821266 -89.415184 109.348907 123.709984 -80.280548 42.671471 103.592056 -95.589767 130.745377 115.248863 -34.393288               2051 
68.272957 82.025070 -88.811829 107.632530 120.703629 -81.125244 40.057930 101.002129 -95.319817 128.848297 113.541107 -34.934010               2060 
67.985359 81.489388 -87.027969 107.145058 120.312325 -81.673317 38.890060 100.261559 -94.076691 128.717453 114.975906 -35.400276               2069 
68.206139 80.912590 -86.548149 106.688332 120.099693 -81.801964 38.397415 99.338753 -93.993614 128.211212 115.318100 -35.445282               2078 
68.408981 81.010071 -85.855751 106.625359 120.074318 -81.876404 37.914902 99.479782 -93.520157 128.232544 115.551239 -35.532993               2087 
68.676872 81.020844 -85.512711 106.519516 120.124336 -81.921738 37.159073 99.895615 -93.000793 128.151398 115.699593 -35.580360               2097 
68.843605 81.004951 -85.628220 106.433304 120.091377 -81.967842 36.368771 100.618881 -92.821251 127.897705 115.486473 -35.566177               2105 
68.637634 81.042984 -85.390160 106.327560 119.977745 -82.102867 35.925232 101.043686 -92.698021 127.727661 115.620224 -35.647644               2114 
68.599709 80.968361 -85.545113 106.352310 119.790565 -82.432648 35.574440 101.495453 -92.795242 127.708885 115.498367 -35.951317               2123 
68.676956 80.808090 -85.791924 106.355141 119.653374 -82.806023 35.162632 101.982208 -92.822433 127.755875 115.391838 -36.342186               2132 
68.924652 80.537605 -86.046898 106.343292 119.576981 -83.024345 34.905182 102.180786 -92.884842 127.758995 115.310654 -36.567848               2141 
67.606743 79.824150 -84.171913 106.028183 117.958313 -82.767708 34.062519 102.201096 -91.040794 128.165451 114.210052 -36.605686               2151 
67.772751 79.879112 -84.370979 106.151833 118.039124 -82.820518 34.247223 102.316505 -91.318832 128.219101 114.146545 -36.636929               2160 
68.065712 79.817108 -84.740234 106.302979 118.096291 -82.912117 34.464870 102.328728 -91.746666 128.230026 114.038200 -36.676025               2168 
68.516899 79.569778 -85.328835 106.268623 118.257347 -82.497757 34.665359 101.954178 -92.213417 127.874702 113.565720 -36.170593               2178 
69.278885 80.111580 -85.336006 106.770660 119.043655 -82.523727 35.419144 102.256546 -92.621704 128.156601 114.698692 -36.060806               2187 
69.757896 80.537201 -85.871574 106.865074 119.788490 -82.559326 35.804016 102.499405 -93.390266 127.911499 115.354927 -35.949970               2196 
70.104927 81.613937 -87.130424 107.386024 120.621788 -83.073647 36.357922 103.920074 -94.680779 128.069504 115.467308 -36.376057               2205 
70.473595 82.581779 -87.799271 107.981247 121.320160 -83.343079 36.924080 105.215294 -95.404617 128.414581 115.716545 -36.587135               2215 
70.572914 83.812416 -88.808769 108.433350 122.120049 -83.714325 37.283298 106.899323 -96.348961 128.551666 115.753281 -36.919476               2223 
71.056824 86.395805 -91.104614 108.978210 124.438148 -84.697281 37.877274 109.817749 -98.287498 128.712219 116.727386 -37.940964               2232 
71.922234 87.729683 -93.886093 109.655830 125.601662 -85.659225 38.416389 112.047752 -100.504234 128.655731 116.391418 -38.870178               2241 
73.000946 88.812332 -97.079109 110.288300 126.564049 -86.599968 38.527641 114.816757 -102.486725 128.417557 115.592003 -39.845459               2250 
73.007294 89.611450 -98.130386 110.161705 127.109573 -86.368835 37.524246 117.531311 -101.968430 128.022079 114.828094 -39.836994               2259 
73.680122 91.610558 -101.015205 110.448143 128.787888 -87.215286 36.674637 121.946800 -101.915146 128.196442 114.329445 -41.269760               2268 
74.955933 93.720459 -102.000793 111.012192 130.833237 -86.295380 35.987728 126.149353 -99.887054 128.536728 114.713753 -40.819088               2277 
76.466072 98.152336 -100.892395 112.185265 134.349747 -82.519035 35.670357 131.685028 -93.750160 130.264404 114.850693 -38.610363               2286 
82.449249 140.254791 -131.808899 120.904716 132.125534 -62.204762 41.234917 128.089050 -78.593102 133.468796 112.453110 -16.486279               2295 
88.657722 148.898697 -138.235626 126.671906 133.685349 -54.821941 44.888702 127.408829 -71.279305 138.257263 115.278496 -8.324553               2304 
91.818108 150.556122 -136.427109 129.906250 135.826614 -49.615803 47.341591 129.280487 -66.176514 141.040192 117.698006 -2.899331               2313 
94.427971 156.632767 -132.109360 130.727280 136.931625 -44.738274 48.416573 129.375137 -63.461250 141.292709 116.024864 0.937971               2322 
96.903023 174.011887 -124.165596 131.544617 140.919006 -39.793785 49.268009 138.021500 -60.128979 141.057083 113.681076 2.663818               2331 
100.105194 185.215530 -115.670845 133.409393 143.465363 -34.440662 51.115368 146.640045 -54.197609 141.694550 112.723541 5.825162               2340 
100.774971 194.421844 -109.517036 133.864502 144.160019 -33.026329 51.538799 151.823746 -51.006886 141.718140 109.776794 4.271846               2349 
95.205917 210.313446 -97.635239 129.758423 149.048630 -29.985846 50.155804 158.777649 -47.189243 138.454056 110.259262 2.492017               2358 
90.718269 218.878220 -88.983879 127.608994 153.593048 -26.216478 50.204487 163.130249 -43.404133 137.635712 113.301056 3.967298               2367 
83.702415 223.608414 -80.822510 127.512772 158.884811 -21.865181 51.106358 165.314224 -36.051861 141.204971 118.967155 7.360565               2376 
77.312431 228.319260 -75.489807 126.167725 164.543686 -19.377922 50.320324 168.529694 -30.740698 142.584915 125.332069 9.396470               2385 
70.708961 229.628662 -69.650650 124.027481 167.250229 -15.693071 48.486263 166.951828 -25.591301 143.378723 129.214844 12.835507               2394 
65.805214 237.177643 -63.985298 120.067406 172.305267 -13.867567 44.703300 172.536041 -22.285942 140.036407 133.283264 12.845021               2403 
60.913769 246.462784 -58.180569 114.295906 176.995392 -13.461220 38.923351 179.423920 -20.523743 133.865891 135.928085 10.319703               2412 
55.915001 252.946594 -53.741562 106.695740 179.715363 -12.042619 32.338631 185.702301 -19.271488 125.044479 137.084747 9.888975               2421 
50.877304 257.674469 -46.150791 102.886017 182.882599 -8.851101 29.685579 190.344864 -12.737415 122.240967 139.741837 11.131387               2430 
46.535866 261.150726 -39.128033 99.009628 185.293381 -4.618688 26.881485 193.606461 -6.415194 119.115318 141.978424 14.212577               2439 
41.261116 263.386505 -31.040213 95.028488 187.158081 0.769677 24.452026 194.786255 0.042591 116.532867 144.109665 18.642422               2449 
37.026279 263.196259 -22.068083 92.582329 187.195053 7.141085 23.549091 194.559875 8.769873 115.519585 144.481934 24.008598               2458 
31.717493 263.913147 -12.899867 89.094246 188.048660 12.992225 21.706875 194.846756 16.264515 113.399086 145.520599 28.344059               2467 
24.657120 262.566650 -4.145294 85.866638 188.682098 18.372049 21.306190 194.460373 23.674559 112.679863 147.130859 32.141068               2476 
19.063591 261.165497 3.635712 82.156738 188.021622 23.021318 20.168221 194.498703 31.775358 110.477608 147.051559 35.448036               2485 
12.566957 259.247833 11.014071 78.435181 187.936859 27.588703 18.675810 193.822403 39.169239 108.775528 148.048065 38.696686               2494 
9.018549 256.059265 19.610403 76.676064 186.000641 33.931889 19.300993 192.313599 48.921524 108.623764 147.115799 44.048885               2503 
4.752284 253.507462 27.247187 74.698570 185.291519 39.234596 19.304768 191.507050 57.628471 108.439568 147.676392 48.272732               2512 
0.039434 250.773468 33.413021 71.765633 184.212357 44.122509 18.365948 191.400726 65.657562 106.805130 147.675385 52.626896               2521 
-6.035610 247.745377 39.488796 69.061386 184.749985 48.466541 17.800631 192.153442 73.832451 106.269447 150.248398 56.228100               2530 
-11.515024 244.169769 45.432190 66.696022 184.855820 52.691250 17.003735 191.754608 80.604202 105.785950 152.323044 59.665295               2539 
-14.102248 242.249222 51.029263 63.971954 182.632141 57.032295 14.134439 188.727921 84.577126 102.980225 149.839523 63.199970               2548 
-18.131313 237.889801 57.407333 62.170284 181.099014 60.893444 12.568580 184.670639 89.045395 102.450424 149.640564 65.680550               2557 
-16.290874 243.742554 68.429161 59.129330 180.557343 66.152870 10.913485 186.619141 95.938301 96.805367 145.733582 67.844673               2566 
-17.886551 244.521133 75.467056 55.369774 179.050720 69.951408 8.562949 186.422379 101.392052 91.947502 143.035324 69.918968               2576 
-20.671143 245.133575 79.544228 52.559620 179.828201 73.097374 7.200933 188.241486 106.167023 89.107117 143.786530 72.532478               2585 
-22.203051 245.319717 81.930832 51.030273 180.194595 75.517532 6.513118 189.643356 109.284103 87.328384 143.903122 74.872025               2594 
-24.571287 244.542160 84.262886 49.107758 180.114578 78.314415 4.646551 190.183380 111.842293 85.045876 143.463455 77.881714               2602 
-25.879267 243.930328 88.028084 46.801327 178.439636 81.141838 2.531492 189.169907 114.596016 81.865250 140.957947 80.315002               2611 
-26.265774 244.079910 91.898872 45.415619 177.436310 83.179344 1.525053 188.782516 116.821274 79.736557 139.286118 81.884850               2621 
-21.084978 248.107162 95.567345 40.863426 172.243774 84.194817 -2.053015 188.158264 117.143196 69.593758 129.764084 81.940125               2630 
-21.883823 250.869125 89.617104 41.034874 174.813797 84.402512 -0.543991 194.358917 116.917717 70.536652 132.849030 86.311378               2638 
-26.910784 247.992432 89.421051 39.203876 174.407608 85.469635 -2.147744 193.826523 118.170021 70.636711 133.938416 88.512932               2648 
-40.465496 228.592911 103.596992 27.312437 157.831421 88.293213 -16.203655 169.921310 121.736130 59.379154 117.880997 85.017601               2675 
-41.285740 229.881119 106.818810 24.721191 158.023483 88.759346 -18.527021 169.967590 122.677689 55.814415 117.450935 84.056084               2684 
-40.900139 229.450027 107.574883 24.648861 157.220352 88.902489 -18.937021 168.961487 122.824341 55.552376 116.518982 84.063950               2693 
-43.109875 232.352142 107.967003 23.550180 160.661148 91.140724 -18.591532 174.926346 126.463799 54.634090 119.913132 88.237373               2702 
-45.727333 229.331314 109.867912 22.376102 159.537598 90.721176 -20.325571 172.201050 126.388023 53.867531 119.179337 86.907967               2711 
-49.827229 223.900818 109.340240 21.790705 157.682373 90.168114 -21.821587 167.871368 125.642632 55.295013 118.968369 86.463135               2720 
-52.697163 220.723480 107.902733 21.233082 156.617416 90.346008 -23.293201 165.631271 125.082756 55.986584 118.941956 87.554123               2729 
-52.668381 216.316727 107.378616 21.573582 152.711029 89.404617 -23.799688 160.713898 123.350746 56.223850 114.970642 86.232498               2738 
-53.478096 213.464264 107.803780 20.890598 150.134293 89.597198 -25.323046 157.325180 122.628746 55.313156 112.218872 86.054871               2747 
-53.989937 212.421097 107.332764 20.725830 149.429016 89.550194 -25.849337 156.395370 122.163109 55.189091 111.535469 86.173409               2756 
-54.096989 210.602509 107.284622 21.103090 148.387314 89.512619 -25.686750 154.983917 121.932198 55.599548 110.538071 85.981346               2765 
-53.560371 210.335510 106.691978 20.778246 147.371323 89.514435 -25.452705 155.708710 122.413307 54.305569 108.634689 86.284584               2774 
-52.346371 206.838440 106.924934 21.883240 144.396927 88.447304 -24.207209 152.520325 121.674156 54.973564 105.373672 84.293266               2783 
-50.764042 207.297852 105.948395 21.346266 142.827881 87.504013 -23.833078 153.359802 121.544861 52.702805 102.405861 83.276894               2792 
-51.405987 205.445145 104.742966 21.721554 142.338379 87.215836 -22.290236 154.021927 123.079285 53.388477 102.132492 83.249428               2801 
-51.937302 203.955948 103.772438 21.735617 141.815918 86.971748 -20.640722 155.213272 125.057533 53.379147 101.581429 83.109978               2810 
-52.522495 202.376755 102.580467 21.698435 141.313690 86.738358 -19.327656 156.116409 126.811188 53.311768 101.048309 82.951950               2819 
-53.127522 201.014801 101.433228 21.714891 140.973969 86.527184 -18.760401 156.380768 127.576050 53.461964 100.803246 82.856155               2828 
-52.494091 199.707672 100.604034 22.165627 139.652603 86.117371 -18.147554 155.284744 127.611717 53.617100 99.268929 82.243904               2838 
-53.394211 198.612732 99.369667 22.119549 139.810333 86.286674 -18.221695 155.871475 127.809090 53.819141 99.571716 82.965538               2846 
-53.723148 197.883224 98.453819 22.120350 139.797638 86.332047 -17.929302 156.579361 128.490585 53.709587 99.446846 83.336533               2855 
-52.780682 197.538864 96.442207 22.413233 138.615768 86.523056 -17.736078 156.927399 128.714569 53.139160 97.548691 84.413010               2865 
-53.675697 195.366989 94.624680 22.774769 138.220825 86.865242 -17.235867 157.583710 129.841003 53.980919 97.474892 85.872559               2873 
-53.457226 195.356018 94.232674 22.643387 137.792709 86.926910 -17.038157 157.880707 130.671356 53.483677 96.765732 86.087563               2882 
-52.756207 195.493179 93.053871 22.611603 136.823685 87.044281 -16.985966 158.069107 130.912735 52.882889 95.367020 86.859901               2891 
-61.332767 180.290527 82.875557 22.160936 133.624405 86.111786 -24.282162 149.592392 125.714684 58.129364 97.230026 90.205818               2900 
-29.535254 147.613388 104.915642 15.376643 149.028107 78.008827 -30.118914 157.687744 124.448799 46.041775 107.876633 76.892525               2910 
-16.910023 135.173660 112.357025 15.211090 150.750275 75.971230 -25.579378 153.014465 132.970123 37.576450 106.102829 64.078491               2919 
-13.890231 139.780167 112.976341 15.389319 154.044357 72.822624 -21.919724 161.475037 133.576889 31.845490 106.785690 61.383530               2928 
-16.825891 152.720276 114.198494 8.778979 162.958572 70.306808 -27.185270 177.593246 131.361786 28.688967 115.809601 66.356209               2937 
-15.668414 150.280930 114.419373 10.718077 161.824249 70.827606 -25.059376 174.695908 132.439545 27.270542 113.738205 63.842701               2946 
-11.691542 145.160278 112.954338 15.423491 156.032074 69.419586 -17.717800 169.391373 132.426376 24.858002 106.694916 58.842503               2955 
-11.138285 143.931061 114.043449 15.028812 156.058365 70.115845 -17.705547 168.113388 133.560303 25.343723 107.027267 58.953640               2964 
-11.447714 143.825256 114.040741 14.804926 156.240723 70.163765 -18.574955 168.099060 133.205978 25.363171 107.256081 59.025188               2973 
-11.608816 143.314728 113.599373 15.248993 155.943176 70.101250 -19.355646 167.539230 132.350388 25.623131 106.963127 58.771072               2982 
-10.794214 141.049789 112.581001 16.763926 153.566238 69.458992 -18.421227 165.214905 131.165207 25.611294 104.464798 57.383732               2991 
-10.077946 139.541855 112.271362 17.590525 152.086823 69.202728 -18.295240 163.653091 130.216858 26.139343 102.973114 56.963364               3000 
-8.787995 137.964432 112.110649 18.558168 150.521683 68.819633 -17.483189 161.973114 129.411652 26.540161 101.396255 56.249001               3009 
-7.186319 137.010788 112.287422 19.425402 149.525513 68.512749 -16.035557 160.952850 129.154572 26.652306 100.381012 55.565514               3018 
-6.291546 136.493088 112.374207 19.910063 148.924408 68.315140 -15.667757 160.362183 128.512421 26.634430 99.752762 55.201317               3027 
-4.868643 135.148880 113.031448 20.343220 148.000259 68.505814 -14.644735 158.790314 128.958878 27.246132 98.939049 55.074974               3036 
-4.826640 134.303329 112.856819 20.542751 147.280762 68.446716 -15.318083 157.802658 128.180740 27.643972 98.249115 55.011272               3046 
-4.803705 133.824982 112.759491 20.654299 146.878510 68.413673 -15.703301 157.252411 127.724388 27.866243 97.863556 54.976326               3054 
-5.006693 133.847443 112.705391 20.619339 146.865280 68.437325 -16.130440 157.279587 127.446281 27.922808 97.833824 55.110069               3063 
-5.101727 133.867401 112.677200 20.611860 146.869415 68.447868 -16.332687 157.310532 127.312515 27.963026 97.828468 55.181904               3072 
-5.558616 134.039047 112.798546 20.501204 147.046860 68.767181 -17.066526 157.475937 127.225990 28.171495 98.002579 55.695629               3081 
-6.690407 137.490707 115.632103 19.659140 151.082367 71.944626 -18.939543 160.607742 129.635040 27.478088 102.211609 58.322842               3090 
-5.884168 139.925583 118.249725 20.152866 153.864883 74.478676 -18.841125 162.733826 131.583786 27.340857 105.110352 60.113155               3099 
-5.501447 140.312775 119.829063 20.075912 154.832489 75.970367 -19.410147 162.748611 132.476944 27.337374 106.262398 61.028557               3109 
-9.341681 141.564209 118.009239 17.887001 156.406586 75.262070 -23.923937 163.824142 130.394409 26.776609 107.925331 60.923885               3117 
-15.382820 142.319855 115.536400 13.578691 157.879684 74.156456 -30.767017 164.195160 128.325912 27.545506 109.872734 62.524574               3126 
-18.385834 140.922821 114.342400 11.527928 157.435074 73.920250 -33.077976 162.953751 129.173370 29.277836 110.269264 64.154640               3136 
-19.652302 140.594574 114.012688 10.739913 157.264236 73.829483 -32.097359 163.369919 131.775040 29.880621 110.487419 64.851563               3145 
-21.591507 140.297760 113.729805 9.192963 156.945587 73.715881 -33.205463 164.245148 133.239990 31.575691 111.165306 67.533737               3154 
-23.012100 140.250015 113.552872 8.057874 156.645386 73.539459 -33.664871 165.604813 134.625809 32.744770 111.805809 69.665230               3163 
-24.729240 140.156021 113.373802 6.818711 156.154160 73.418533 -35.584965 166.514557 134.685989 33.731995 112.463531 72.060242               3172 
-18.201565 146.238464 121.106613 2.708933 156.539658 72.908150 -25.175978 178.095612 141.175812 36.110096 117.587807 74.376503               3181 
-11.519721 152.136017 124.734840 -1.629230 155.076187 71.660561 -14.274195 187.943130 141.369583 35.886707 120.043137 71.131203               3190 
-8.298959 156.568130 125.638405 -4.004980 154.274734 70.977325 -7.915995 193.616974 139.162750 34.939327 120.955528 68.111748               3199 
-12.646314 161.103256 121.712059 -8.461290 150.773315 67.441261 -12.061914 200.001450 129.549301 32.176311 119.415504 68.000259               3208 
-11.317656 158.728195 120.569405 -14.004225 146.529739 66.259064 -5.704888 197.824249 126.647606 23.942507 112.125519 62.877499               3217 
-9.693931 157.394653 119.635254 -16.966909 144.372513 65.718567 -1.022955 196.312698 124.272270 18.890360 108.104881 59.891430               3226 
-9.921156 157.769470 118.541840 -18.738993 143.214279 65.089279 -0.131044 196.664398 121.591187 16.392448 106.252968 59.199997               3235 
-9.919429 158.504715 118.014824 -20.192324 142.077286 65.117081 -0.167885 197.393021 119.331192 15.206476 105.434517 58.850334               3244 
-8.639109 156.170441 119.667900 -19.611238 141.704041 66.083519 2.045992 194.746704 121.989365 15.226619 104.931351 57.768909               3253 
-6.048623 155.252884 119.604515 -18.028749 141.596130 65.841194 6.048966 193.416916 121.958740 15.635145 103.988983 56.487896               3262 
-3.238697 153.283340 122.241791 -15.315396 142.321152 67.636559 11.030047 190.473312 126.006516 16.536261 103.582230 56.690876               3271 
1.618052 157.025620 121.939728 -12.526968 144.899445 67.731941 18.638016 192.907440 123.842140 16.550024 104.018326 56.855213               3281 
2.056213 158.791061 122.043396 -11.787173 145.869797 67.519073 20.264530 193.683823 123.326912 16.478451 104.335846 56.982227               3289 
-5.102879 161.957214 122.843651 -16.093613 145.682953 68.208130 9.208615 198.997070 122.797333 17.575737 108.104752 58.758560               3299 
-10.919218 161.265656 123.035088 -19.914761 144.045441 68.317734 0.238570 199.899872 122.713783 17.140120 109.718658 59.171814               3307 
-4.247662 147.539948 125.745003 -16.865215 139.276001 69.655663 12.891605 184.110397 129.707306 14.376814 101.404449 54.664959               3317 
8.477621 140.602386 123.651268 -12.714148 136.214951 69.739372 32.714531 177.596344 123.820389 12.273887 96.433228 49.049923               3325 
16.444221 133.860046 122.619316 -7.208078 133.935822 69.545959 48.251469 169.018311 120.661751 11.695135 92.023941 46.718281               3334 
18.967951 129.841324 122.528290 -3.944059 132.562973 69.187943 55.113571 163.401321 120.423576 12.214658 89.831505 45.779438               3343 
19.707636 124.263168 122.529045 -1.043758 129.848633 68.519432 59.367119 155.772308 121.884384 13.129236 86.757164 44.492523               3352 
15.519094 126.079727 123.561401 -2.593954 129.463425 68.419815 54.527260 159.893875 123.728783 14.989307 86.675858 46.169121               3362 
12.112049 127.371048 124.250626 -3.778532 129.169083 68.343697 50.790558 163.015381 124.928154 16.322664 86.738205 47.592712               3371 
8.730536 125.919334 125.391991 -4.960759 128.931305 68.947449 47.673267 162.408905 128.081558 16.561050 87.325844 47.951324               3379 
9.269022 123.509949 125.622284 -4.726250 128.559311 69.387741 49.352070 160.020523 128.877182 16.408476 87.578011 46.828999               3389 
9.390929 123.084435 125.633316 -4.732414 128.536728 69.434021 50.484329 159.844650 128.521362 16.239004 87.649773 46.553974               3398 
11.713990 117.928307 124.872139 -2.280248 127.308929 69.139236 56.002159 151.829971 128.980316 15.737270 86.373253 43.946381               3407 
14.610946 113.490746 123.450829 0.721012 124.993111 68.072090 61.766537 144.468124 127.518951 15.820313 83.561958 41.794510               3416 
12.169457 124.365425 121.941391 -0.665745 124.078026 65.124046 56.989536 159.531769 120.782639 18.610086 79.909569 47.442707               3425 
9.941920 128.761185 119.420685 -0.717060 122.061134 62.502090 53.287395 166.023758 115.961388 21.454170 77.497749 49.948925               3434 
8.530228 130.661713 118.033478 -0.790662 120.795921 61.247448 51.333839 168.754196 113.365921 22.823421 76.352562 51.137890               3445 
8.845860 129.354324 118.009895 0.145400 118.522446 61.223949 50.622417 168.589676 113.062042 25.210464 74.781021 51.555950               3452 
7.898703 127.307076 117.947418 0.032479 116.697823 60.897301 48.804367 167.580063 113.652916 26.418415 73.827888 50.847862               3461 
7.314202 126.632065 118.150253 0.076995 115.740509 60.968628 47.941326 167.286407 113.990685 27.107605 73.247856 51.030777               3470 
6.456988 126.794937 118.409248 0.026060 115.382095 61.067333 47.004036 167.569229 114.326294 27.609715 73.191124 51.366608               3479 
6.867279 126.267189 118.550949 0.792710 114.729355 61.044785 47.543270 166.964630 114.512970 28.586624 72.712158 51.191166               3488 
7.045897 125.489494 118.831604 1.181206 114.261002 61.137905 47.776684 166.170654 115.067581 29.118370 72.438087 50.871498               3497 
7.168539 124.973503 119.005379 1.429995 113.961075 61.197540 47.900536 165.684158 115.389473 29.459797 72.265572 50.668755               3506 
9.099045 123.206093 119.790428 2.129138 113.998314 61.771168 50.609097 163.052719 116.552010 28.980968 71.999382 49.519283               3515 
10.820457 121.713120 120.563622 3.044002 114.181961 62.365204 53.361320 160.333344 117.865013 28.481907 71.724495 48.752098               3524 
11.558521 121.233345 120.964279 3.352902 114.427612 62.722069 54.561676 159.213196 118.393524 28.027740 71.712387 48.523411               3533 
12.039509 121.056183 121.143639 3.521426 114.592514 62.889381 55.062336 158.717377 118.551369 27.795279 71.757828 48.363209               3542 
12.509835 120.884750 121.420090 3.751848 114.855026 63.137466 55.723495 157.994171 118.933914 27.432541 71.797783 48.293652               3551 
12.836695 120.749977 121.604774 3.899426 115.037239 63.300079 56.091427 157.453949 119.210182 27.158417 71.833817 48.216190               3560 
13.024090 120.693069 121.679108 3.973647 115.125153 63.358627 56.188869 157.204117 119.305290 27.029270 71.857773 48.146378               3569 
15.127887 121.175713 121.967323 2.693239 116.860481 64.140594 58.455570 156.223358 118.145172 23.593624 73.227585 46.982952               3578 
16.354225 121.316162 122.182198 1.949764 117.824448 64.729675 58.968090 155.355789 118.000893 21.653723 74.112007 46.398899               3587 
17.084921 121.466835 122.332344 1.514336 118.352470 65.135567 58.425915 154.641052 118.449265 20.603975 74.635155 46.177135               3597 
17.488554 121.385262 122.511635 0.973279 118.893059 65.524094 57.566982 153.872513 119.203468 19.646929 75.337738 45.794197               3606 
17.326805 121.750717 122.789253 0.371063 119.706337 65.893845 56.967453 153.739212 119.839050 18.679401 76.190292 45.739464               3615 
14.875087 122.758698 123.004013 -1.493726 120.122276 65.944328 53.237083 155.491684 120.631386 18.080053 77.016693 46.099533               3624 
13.387535 123.353149 123.131851 -2.617674 120.372978 65.974754 50.950409 156.519440 121.103470 17.712217 77.531425 46.319294               3633 
12.055318 122.732193 123.864098 -3.730402 120.339218 66.608162 48.895752 156.383148 122.551590 17.290346 78.088753 46.407513               3642 
11.624866 122.428856 124.570847 -4.333987 120.703270 67.329193 47.989346 156.243362 123.716591 16.899452 78.869827 46.493065               3651 
11.388572 122.261963 124.962021 -4.669164 120.905434 67.729584 47.504162 156.176682 124.346184 16.680828 79.307854 46.543282               3660 
12.206725 119.687424 125.819633 -4.329729 120.564339 68.706039 48.204151 153.599106 126.249527 16.844156 79.834557 45.732315               3669 
10.892870 118.495758 126.903099 -4.965203 120.802704 69.629501 46.676151 152.409821 128.641251 16.534536 80.689453 45.886524               3678 
5.378750 118.570854 128.756104 -8.574663 121.453560 70.895454 39.981350 153.300140 132.249878 14.898712 82.506516 47.080147               3687 
2.660993 118.486298 129.648102 -10.241642 121.790337 71.445793 36.543747 153.565231 134.108475 14.318009 83.594688 47.509296               3696 
1.534212 118.753632 129.945496 -10.953086 121.939468 71.554207 35.021255 153.995331 134.601715 14.116619 84.025505 47.698780               3705 
-3.103072 122.681458 129.979462 -16.323040 125.359070 71.640755 24.098671 154.641983 135.853149 8.894524 87.650848 47.615669               3714 
-4.530836 125.888321 129.615372 -18.937872 127.279953 71.447166 18.626108 156.315323 135.595856 6.693796 89.825195 47.463860               3723 
-5.245170 126.080780 130.010590 -19.862856 127.788147 71.842911 16.269506 155.343521 136.628006 5.709282 90.535774 47.483791               3732 
-5.539869 126.190315 130.195435 -20.220213 127.984482 71.995804 15.180310 154.848953 137.089783 5.328536 90.811020 47.492023               3741 
-5.726522 126.277664 130.326004 -20.432024 128.100845 72.086426 14.545099 154.560959 137.359711 5.102758 90.974342 47.497047               3750 
-6.166761 126.894058 130.150055 -20.804708 128.360489 71.843407 12.742465 154.642715 137.045761 4.719378 91.083084 47.472202               3759 
-6.330119 127.221756 130.107574 -20.942495 128.531952 71.754395 10.880639 154.463699 136.882202 4.572114 91.201172 47.455059               3768 
-6.449357 127.460419 130.088318 -21.038017 128.650833 71.692680 9.645909 154.355209 136.770493 4.470057 91.283150 47.443253               3777 
-6.690238 127.852142 130.066162 -21.240686 128.786438 71.625305 8.699834 154.568161 136.618866 4.333896 91.379265 47.507179               3787 
-6.755466 128.550186 129.908386 -21.341633 129.059128 71.444023 7.113016 154.923843 136.041489 4.252150 91.526611 47.541954               3796 
-7.059128 128.723389 130.036484 -21.597185 129.200104 71.521355 7.021457 156.178329 135.376007 3.976998 91.651375 47.623772               3822 
-7.079382 128.777588 130.053940 -21.604784 129.214920 71.523193 7.057493 156.571320 135.137482 3.975611 91.660362 47.641438               3831 
-7.163136 128.793091 130.069794 -21.632515 129.194061 71.503479 7.033174 156.944229 134.883636 3.975324 91.645020 47.642460               3840 
-7.476835 128.680557 130.033325 -21.730682 128.984039 71.393036 6.647700 157.152267 134.673157 4.108061 91.531357 47.629700               3849 
-7.955667 127.969040 129.934158 -21.725658 128.463135 71.160484 6.187270 156.609528 134.625000 4.289581 91.086189 47.470581               3858 
-8.213330 127.587021 129.734940 -21.665440 128.010605 70.868980 5.943883 156.377274 134.343857 4.472743 90.615387 47.343822               3868 
-8.404763 127.259628 129.562149 -21.626068 127.621788 70.626396 5.750167 156.176285 134.098785 4.623714 90.231598 47.217793               3877 
-8.732730 127.025658 129.493668 -21.646763 127.341301 70.474342 5.425831 156.032928 134.000290 4.722389 89.942398 47.214275               3886 
-8.329439 125.712845 129.339828 -21.368288 126.546898 70.337204 6.021559 154.688080 133.959763 4.746905 89.195251 46.717487               3895 
-8.071075 124.860214 129.241302 -21.186869 126.029366 70.247864 6.409577 153.823288 133.923309 4.763326 88.711700 46.393738               3904 
-7.871328 124.774963 129.072052 -21.146580 125.804626 70.097855 6.596738 153.826340 133.599686 4.797122 88.489120 46.233280               3913 
-7.751709 124.688248 128.977890 -21.141628 125.640312 70.015160 6.727044 153.802155 133.391449 4.775997 88.320328 46.129265               3922 
-7.674539 124.637245 128.918961 -21.140945 125.525558 69.961029 6.809350 153.803040 133.242783 4.765652 88.205223 46.063732               3931 
-6.980790 122.401276 127.938759 -20.226896 123.478668 68.922173 7.783374 151.459488 132.302444 5.404112 85.943268 45.064564               3940 
-5.882408 120.717087 127.557480 -19.243420 122.419800 68.570328 9.252855 149.594391 132.078659 5.883744 84.778732 44.346046               3949 
-5.362190 119.914116 127.379189 -18.771976 121.912216 68.401672 9.764764 148.743149 131.887299 6.113436 84.224922 44.000347               3958 
-5.091590 119.495941 127.290131 -18.523394 121.644585 68.312737 9.961207 148.322266 131.748230 6.234509 83.934074 43.817757               3967 
-4.726386 119.393242 127.259636 -18.215082 121.592239 68.287720 10.361605 148.177917 131.611755 6.305256 83.742508 43.768524               3976 
-4.452221 119.668648 127.451180 -17.766617 121.875221 68.430038 10.485988 148.371735 131.630096 6.469893 83.761993 44.037140               3986 
-4.159453 119.896912 127.564705 -17.418905 122.095154 68.522232 10.193516 148.597488 131.379715 6.522139 83.744537 44.209743               3994 
-3.954635 120.060646 127.646996 -17.175135 122.249336 68.586861 9.709716 148.822922 131.061218 6.557283 83.733849 44.330524               4003 
-3.807924 120.181694 127.708733 -16.999596 122.360367 68.633408 9.184061 149.231522 130.578110 6.581847 83.726959 44.417377               4012 
-3.700036 120.273872 127.756531 -16.869579 122.442596 68.667877 8.649270 149.454315 130.235413 6.599645 83.722298 44.481644               4021 
-3.650977 120.356148 127.777954 -16.807543 122.497604 68.677612 8.193259 149.654724 129.918564 6.576456 83.705994 44.523106               4030 
-4.133832 120.415466 127.917175 -17.141350 122.541374 68.775887 7.544116 150.435516 129.476746 6.396008 83.816017 44.664070               4040 
-4.554813 120.467896 128.038986 -17.431831 122.579468 68.861412 7.185269 151.883041 128.461609 6.238753 83.911957 44.787209               4049 
-5.722342 120.916794 128.169647 -19.552841 122.460083 69.183128 5.865610 154.477875 126.978943 4.917334 84.464539 44.839977               4058 
-6.261897 121.410072 128.411942 -20.906330 122.379654 69.603264 5.030424 156.338547 126.067261 4.071526 84.827240 45.088718               4067 
-6.531269 121.662956 128.529526 -21.580414 122.339592 69.812508 4.609171 157.326218 125.556847 3.641835 85.012337 45.204491               4075 
-6.685546 121.810883 128.597549 -21.962481 122.316887 69.931107 4.380446 157.937317 125.225548 3.395688 85.118454 45.267773               4085 
-6.778214 121.901405 128.639557 -22.188845 122.303436 70.001373 4.151330 158.216431 125.074150 3.248946 85.181717 45.304474               4094 
-6.739415 121.890419 128.683807 -22.352310 122.214142 70.092575 3.947697 158.317398 125.007629 3.191864 85.229256 45.300373               4103 
-6.710118 121.884003 128.718307 -22.477190 122.145927 70.162239 3.742478 158.385681 124.938797 3.147044 85.265892 45.296570               4112 
-6.687718 121.880699 128.746170 -22.574768 122.092628 70.216682 3.547175 158.450241 124.858315 3.111286 85.294708 45.293209               4121 
-6.724846 121.866585 128.788452 -22.706272 122.050491 70.279099 3.343903 158.515076 124.808624 3.035653 85.329727 45.299538               4130 
-6.754818 121.856461 128.822906 -22.811079 122.016914 70.328850 3.151160 158.577271 124.744713 2.975022 85.357727 45.304436               4139 
-6.732655 121.845543 128.859604 -22.858110 121.984390 70.379295 2.957044 158.592453 124.689529 2.965142 85.379608 45.313583               4148 
-6.714538 121.837433 128.891174 -22.897491 121.957153 70.421539 2.831594 158.615967 124.656898 2.956674 85.397980 45.321163               4157 
-6.700127 121.831596 128.917465 -22.929539 121.934998 70.455910 2.723370 158.625381 124.631187 2.949652 85.412956 45.327278               4166 
-6.687470 121.827026 128.941681 -22.958374 121.915054 70.486847 2.662577 158.646072 124.618950 2.943233 85.426453 45.332741               4175 
-6.676585 121.823593 128.963547 -22.983805 121.897469 70.514122 2.578386 158.655396 124.596710 2.937493 85.438377 45.337524               4184 
-6.724092 122.224808 129.060989 -23.326658 121.887970 70.691200 2.378202 159.042175 124.403564 2.566335 85.345146 45.607044               4193 
-6.810073 122.564674 129.149338 -23.635967 121.891388 70.841988 2.183553 159.361099 124.258514 2.233497 85.273453 45.843231               4202 
-7.007229 122.759445 129.264389 -23.894735 121.910973 70.972847 2.052705 159.589310 124.210640 1.931970 85.206551 46.056850               4211 
-7.215035 122.904633 129.354599 -24.103291 121.939217 71.060867 1.917741 159.747726 124.192986 1.696573 85.164146 46.221355               4220 
-7.429425 122.993439 129.422043 -24.303541 121.970505 71.121048 1.833326 159.898209 124.173264 1.479798 85.153801 46.326096               4229 
-7.774723 123.006645 129.514557 -24.533218 121.986450 71.176262 1.686826 159.958908 124.221825 1.243357 85.123489 46.443077               4238 
-8.177141 123.104057 129.660614 -24.746193 121.973457 71.266235 1.428418 160.064758 124.287018 1.081761 85.041214 46.690514               4247 
-8.474415 123.177025 129.768646 -24.903229 121.963882 71.332573 1.235046 160.138535 124.339928 0.962134 84.980644 46.873146               4256 
-8.714039 123.236809 129.856125 -25.029514 121.956177 71.385925 1.119663 160.210648 124.377861 0.865637 84.932007 47.020130               4266 
-8.900213 123.284050 129.924484 -25.127388 121.950203 71.427269 1.012383 160.245880 124.417603 0.790669 84.894341 47.134109               4275 
-9.050695 123.322906 129.980118 -25.206289 121.945389 71.460602 0.973514 160.304016 124.446770 0.730120 84.864014 47.226040               4284 
-9.180963 123.357140 130.028641 -25.274405 121.941238 71.489380 0.945917 160.341827 124.483528 0.677764 84.837845 47.305431               4293 
-9.212967 123.375458 130.064987 -25.287792 121.929703 71.517998 0.931622 160.383636 124.523148 0.728118 84.866684 47.340630               4301 
-9.242860 123.392822 130.099030 -25.300184 121.919029 71.544479 0.918434 160.422409 124.559830 0.774654 84.893471 47.373192               4311 
-9.268582 123.407936 130.128387 -25.310766 121.909912 71.567101 0.819602 160.337799 124.638725 0.814350 84.916428 47.400990               4319 
-9.292835 123.422356 130.156128 -25.320669 121.901382 71.588264 0.726484 160.255508 124.713943 0.851453 84.937981 47.426994               4329 
-9.335523 123.383469 130.214630 -25.366482 121.829842 71.645332 0.508116 160.171005 124.831635 0.953828 84.990868 47.455021               4338 
-9.146033 123.258987 130.346191 -25.414646 121.653267 71.840759 0.437689 160.032196 124.983025 1.021513 84.991531 47.507927               4347 
-9.244670 123.229546 130.456833 -25.495398 121.572357 71.944870 0.228964 159.962494 125.118027 1.042072 84.978409 47.620277               4356 
-9.267374 123.212128 130.506699 -25.543642 121.498787 72.000511 0.083445 159.915878 125.181335 1.087757 84.981033 47.664063               4365 
-9.133790 123.166611 130.558136 -25.472116 121.451935 72.066368 0.175610 159.827026 125.249863 1.157122 84.958061 47.691769               4374 
-9.106130 123.112816 130.621887 -25.486973 121.356171 72.140366 0.141835 159.738144 125.312286 1.170748 84.890327 47.754951               4383 
-8.178629 121.287476 131.094727 -25.139256 120.432747 72.755737 1.044661 157.940979 126.265839 1.239023 84.320641 47.553707               4392 
-7.515154 119.975922 131.423965 -24.889275 119.768883 73.198135 1.691276 156.637665 126.944221 1.284948 83.920403 47.413715               4401 
-6.953124 118.767845 131.740204 -24.749098 119.189629 73.640350 2.190237 155.449234 127.610481 1.260321 83.648453 47.270382               4410 
-6.602289 118.012985 131.934509 -24.661283 118.826752 73.917374 2.501002 154.694748 128.027069 1.243191 83.481743 47.182968               4419 
-6.375315 117.524170 132.059830 -24.604250 118.591072 74.097305 2.701019 154.196091 128.299149 1.231375 83.374954 47.127213               4428 
-6.196691 116.954620 132.252319 -24.568933 118.271149 74.337677 2.804177 153.633270 128.655823 1.259625 83.231621 47.131851               4437 
-6.251152 116.756020 132.350037 -24.664869 118.082237 74.446220 2.623706 153.442673 128.800003 1.259812 83.161575 47.179047               4446 
-6.278232 116.533394 132.448959 -24.736477 117.905220 74.557877 2.489270 153.226425 128.961243 1.264660 83.103363 47.211723               4455 
-6.048054 115.225929 132.843460 -24.784361 117.272102 75.059288 2.520209 151.982803 129.808212 1.257617 82.965996 47.131756               4464 
-6.309727 114.761421 132.807739 -25.106535 116.807686 75.040749 1.963866 151.570679 129.866211 1.182359 82.780769 47.003216               4474 
-7.098084 113.984146 132.573303 -25.831450 116.008392 74.782646 0.693956 150.890976 129.792557 0.944386 82.440231 46.653065               4482 
-7.377867 113.611000 132.291245 -26.044945 115.504745 74.472328 0.230143 150.535416 129.502533 0.935899 82.055626 46.396877               4491 
-7.529879 113.299248 132.184692 -26.166670 115.176582 74.353233 -0.037057 150.231720 129.431961 0.935415 81.833595 46.268318               4500 
-7.634401 113.086670 132.112701 -26.249985 114.951981 74.271713 -0.220757 150.019089 129.385315 0.934867 81.681854 46.180386               4509 
-7.649823 112.895958 132.096512 -26.257614 114.800880 74.252106 -0.277998 149.823349 129.412842 0.968336 81.591576 46.128632               4518 
-7.662150 112.747841 132.084473 -26.263563 114.683060 74.236824 -0.323077 149.668106 129.435226 0.994397 81.521233 46.088345               4528 
-7.672017 112.632614 132.075546 -26.268209 114.591049 74.224884 -0.358602 149.545013 129.453369 1.014728 81.466324 46.056923               4536 
