-36.986668 170.864258 115.591034 34.882732 126.225258 89.081352 -7.227661 143.485306 143.001251 51.105225 78.740677 78.260750                  0 
-35.443344 170.729904 116.465630 34.984699 124.829948 88.263054 -5.908424 142.306168 143.043137 49.955620 77.141747 76.569160                 18 
-35.749584 170.768082 116.340729 34.935593 125.024269 88.498650 -6.334913 142.448730 142.971313 50.089684 77.367378 76.913559                 36 
-36.455429 170.885635 115.991249 35.011898 125.750893 89.138847 -6.887537 143.175369 143.145996 50.846252 78.178139 78.132179                 54 
-36.340378 170.811600 115.935028 34.966393 125.420464 89.065742 -6.900699 142.942642 143.061722 50.619659 77.800217 78.005539                 72 
-35.556343 170.418564 116.065384 34.784523 123.909676 88.549667 -7.038131 141.367569 142.477737 49.365276 76.169846 76.576752                 90 
-34.017906 170.385010 116.412216 34.731564 122.156883 87.807686 -6.324847 140.057922 142.130234 47.765755 74.188927 74.992653                108 
-34.418865 171.295425 116.623390 34.711155 123.213707 88.350441 -6.506768 141.184921 142.527924 48.186954 75.263786 75.930794                126 
-36.376579 171.101257 115.767654 34.598156 124.820854 88.944046 -7.883583 142.100708 142.364136 49.747177 77.182800 77.275146                144 
-36.493969 172.463699 115.659454 34.356453 125.288315 89.254944 -8.344137 142.939728 142.375061 49.498158 77.563278 77.937233                162 
-35.463848 172.683792 116.182732 34.130692 124.216423 88.561493 -7.582274 142.345016 142.295395 48.220055 76.284729 76.768181                180 
-32.782001 172.016006 116.445099 34.492260 121.288712 86.999947 -5.887668 140.106079 141.471939 46.569912 73.058189 74.233299                198 
-33.550755 171.613525 115.942917 34.774899 121.845520 87.225105 -6.263473 140.319046 141.315903 47.731201 73.746979 74.827324                216 
-33.916904 171.139053 115.635941 34.987186 121.980934 87.259903 -6.258173 140.365570 141.212677 48.405739 73.940559 75.131203                235 
-34.221317 170.927841 115.243423 35.084484 122.137932 87.254547 -6.285567 140.659256 141.054092 48.777245 74.092857 75.455421                253 
-34.953732 170.127380 114.444611 35.366306 122.581978 86.983925 -6.339120 140.815857 140.625854 49.912392 74.690071 75.590210                271 
-34.471035 169.793961 114.097450 35.145630 121.793671 85.659142 -5.500466 140.494614 139.952103 49.219635 73.771118 74.222473                289 
-33.436176 169.914810 113.778641 35.196339 120.975311 84.534683 -4.588104 140.242233 139.252396 48.495831 72.764526 72.963860                307 
-34.093830 169.621460 113.327187 35.321045 121.333145 84.702301 -4.955431 140.432922 139.116043 49.328899 73.230293 73.524857                325 
-35.048618 169.500000 112.585587 35.521584 122.114655 85.106163 -5.426019 141.279572 138.994370 50.610237 74.138054 74.829079                343 
-36.037254 169.404007 112.410141 35.402138 122.907104 85.494858 -6.011895 141.823868 139.108658 51.326885 75.109451 75.654770                361 
-36.635422 169.290649 112.300842 35.329323 123.390182 85.731804 -6.304668 142.161530 139.235657 51.760883 75.710144 76.157982                379 
-36.697464 169.521042 112.225418 35.431244 123.781837 85.767403 -6.079084 142.711761 139.337219 52.067219 76.118225 76.468796                397 
-36.497246 169.759247 112.313438 35.752361 124.116325 85.916084 -5.159803 143.337418 140.016006 52.586845 76.452957 76.980568                415 
-31.950893 170.562897 113.371506 37.219940 121.783722 84.349106 -1.157292 142.225845 139.827194 51.369198 73.478691 74.276260                434 
-28.027567 170.335098 113.544029 38.787815 119.454727 82.674522 1.660733 140.107544 138.792450 50.648319 70.863457 71.130814                451 
-26.627012 172.609299 112.840904 40.587646 121.269119 83.607056 2.675717 142.617294 138.945480 52.461514 72.523735 72.747063                469 
-29.483587 172.600418 113.145134 39.311077 124.307640 82.427826 1.022340 143.017532 138.469910 52.737408 76.265732 70.313858                488 
-34.445286 187.125031 114.816391 35.701984 141.520233 83.060005 -1.450264 159.006638 140.552917 50.881348 93.974686 71.058029                506 
-30.264103 198.685654 108.289612 37.448071 148.531357 78.134781 4.610117 170.583618 137.559982 50.551102 99.791252 68.767105                524 
-24.548071 211.368805 98.048790 40.324623 154.917374 72.734108 8.106917 182.024353 130.881348 50.299202 104.984367 66.234627                542 
-22.001005 221.586746 79.314224 42.635357 160.715149 66.564224 4.030470 191.998215 118.848572 50.628151 110.092125 63.654758                560 
-18.553720 231.318848 62.836300 42.830124 165.978607 58.471409 0.768061 200.431259 106.353828 47.674133 114.897072 56.970345                578 
-15.820896 239.821243 46.566326 41.570881 170.760498 48.776779 -3.900226 207.316299 92.077118 43.541210 119.488701 47.240456                596 
-14.907965 248.425125 29.888475 39.963547 177.770905 38.947552 -8.973919 216.410370 76.837135 40.688129 126.443497 38.831532                614 
-14.981354 255.804703 10.875758 37.795452 184.793991 27.447628 -14.825015 224.977066 59.333012 37.963421 133.498779 29.400433                632 
-13.651140 260.340302 -6.115531 34.662830 187.592728 16.029533 -20.439554 229.523026 42.070282 32.949242 136.344162 18.414394                650 
-15.531331 260.877258 -25.610384 32.605846 190.994125 4.824745 -26.956083 231.901672 22.994131 32.246651 139.920853 9.966079                668 
-14.428517 264.276520 -46.891102 31.642015 196.356888 -9.006619 -29.891697 238.049164 3.344600 30.936245 145.893951 0.376046                686 
-13.346406 265.674561 -64.802597 29.693321 198.567307 -21.448633 -33.646709 240.446533 -14.236057 28.257498 148.707550 -9.324973                704 
-14.398357 264.733032 -80.397369 27.537584 198.984558 -33.541565 -37.799301 239.782196 -29.988968 26.176714 149.598099 -19.607220                723 
-17.973549 259.320709 -98.633286 25.527620 200.265228 -43.894745 -44.857689 233.261932 -48.149261 28.207523 152.376633 -25.604288                741 
-23.287605 253.254669 -114.687897 24.501266 202.238159 -54.969368 -49.640442 226.888824 -62.164860 31.745354 156.686707 -32.438755                759 
-23.977478 249.150757 -128.655396 23.084860 202.534271 -64.057823 -53.505589 221.775848 -74.507637 31.735699 159.500641 -37.443756                777 
-20.553804 243.792587 -146.820984 18.610586 201.271179 -73.661957 -57.770657 220.452179 -91.373512 23.734022 161.986298 -41.020126                795 
-29.523302 231.074829 -154.194275 19.354616 199.738068 -80.544266 -60.802479 204.805954 -93.585136 32.533276 165.161316 -44.966030                813 
-32.423279 227.884415 -157.530640 19.504723 199.576721 -84.332436 -61.413967 200.608627 -94.899376 35.094810 167.010422 -47.843723                831 
-32.073666 228.882950 -158.805298 20.080591 199.316528 -85.987839 -60.727764 198.250809 -97.416801 35.978466 166.631226 -49.739128                849 
-34.888985 221.621231 -161.278214 19.537418 198.705093 -87.633369 -59.896107 190.717926 -100.205223 37.541237 169.087814 -49.768887                867 
-35.413864 216.831055 -163.646805 19.511692 198.318985 -89.053429 -57.653461 185.219742 -104.024628 38.401012 170.871994 -50.003498                885 
-36.622337 211.167160 -167.002930 19.033550 198.200577 -91.665680 -54.730278 178.482285 -108.838654 39.340034 173.438690 -51.546658                903 
-36.765392 208.393265 -169.232544 19.330677 198.333282 -93.677917 -51.843075 175.285263 -112.174408 40.259251 175.183304 -52.921162                921 
-37.634815 206.392456 -171.766739 19.496418 199.210754 -96.581490 -50.506275 174.471939 -114.390564 41.027233 177.808136 -55.188347                940 
-38.793980 204.005249 -173.747421 19.335928 199.775299 -99.041328 -50.319683 174.332687 -115.331909 41.269119 180.270706 -56.927841                958 
-42.221874 199.532303 -172.775909 18.903801 199.667465 -100.361084 -49.883511 171.481857 -113.529877 42.940834 182.430359 -58.407017                976 
-42.518776 195.950714 -172.401733 19.654490 199.687073 -100.977097 -48.243156 170.298340 -112.573799 44.367611 184.611298 -58.585789                994 
-42.139206 194.728592 -172.075500 20.570621 200.176880 -101.323708 -47.099216 171.036682 -112.028809 45.468174 186.186890 -58.668907               1012 
-41.408005 197.849823 -171.815506 22.058861 201.307755 -101.742676 -46.313286 174.691177 -112.186172 46.827663 186.469879 -59.299961               1030 
-39.329739 203.573624 -172.747208 24.705729 203.145538 -103.183365 -44.943993 180.413300 -113.452515 48.983673 186.606995 -61.087067               1048 
-39.592587 207.386124 -175.853378 24.347336 205.333328 -106.079697 -46.258442 185.756393 -115.264778 48.186504 189.074493 -63.625198               1066 
-38.116795 217.945221 -177.077621 26.011847 208.368301 -107.957039 -45.393757 194.071640 -117.076385 49.286423 189.107498 -66.455765               1084 
-36.615265 227.025070 -175.259048 28.917929 213.597321 -108.019394 -42.016220 200.637009 -116.533234 53.009838 192.584518 -67.856201               1102 
-31.370230 237.063309 -172.875824 34.123398 217.777512 -106.963692 -36.636097 209.787506 -115.320259 57.431892 194.572983 -67.551712               1120 
-28.039192 246.413727 -172.358536 37.116657 222.249420 -107.677101 -32.914894 218.250778 -116.306793 59.768730 197.055466 -69.113022               1138 
-24.634378 249.398819 -168.987503 42.077034 227.417679 -105.073860 -26.459511 218.383575 -115.212646 66.703293 202.314575 -67.678383               1156 
-20.328005 249.724091 -171.046143 45.090343 229.029160 -105.354630 -22.269966 218.278137 -118.052948 69.410774 204.328476 -67.493919               1175 
20.287014 253.059692 -131.725998 78.128288 220.993332 -69.633804 11.339561 227.615433 -84.233994 94.671310 190.890167 -31.487146               1192 
32.235977 252.062454 -122.020844 88.001572 218.944290 -62.163151 23.291304 229.710968 -78.535316 101.938141 188.138031 -23.539497               1211 
36.799358 252.474518 -117.962524 92.923393 218.863480 -59.899960 29.334351 229.117355 -77.181206 106.795753 187.408478 -21.779354               1229 
41.605495 254.348160 -117.654778 96.624138 219.485214 -59.734802 34.035351 230.116531 -78.542625 109.571945 187.273956 -21.921709               1247 
40.981899 254.678070 -112.134071 99.783035 223.676636 -58.148643 37.656311 230.343216 -77.833420 114.668266 190.600494 -21.824558               1265 
41.480377 252.740448 -110.013969 101.942787 224.782654 -57.677876 40.689617 228.989304 -78.841331 117.630676 191.462646 -21.918858               1283 
44.057575 253.996552 -109.650261 103.999481 226.232376 -57.222507 44.565575 228.979218 -81.292877 119.180779 192.077591 -22.037014               1301 
43.117428 249.631027 -107.531075 105.275345 224.706787 -56.566605 46.518627 224.139999 -80.625183 122.258789 191.421448 -21.371584               1319 
44.905804 245.085831 -107.658905 107.525536 223.474396 -55.940647 49.948601 219.449081 -81.559319 125.464005 191.138016 -20.337145               1337 
49.792099 242.926941 -108.465836 111.186943 222.119980 -55.114803 54.655048 217.384674 -82.556770 128.274506 190.083710 -18.827982               1355 
52.135933 236.956070 -107.495323 114.029427 217.261368 -54.406521 57.389515 212.075775 -81.243858 131.154129 186.216614 -17.284996               1373 
54.889675 233.829468 -108.604172 116.290237 213.128693 -55.416454 59.591457 209.329010 -82.028969 132.236069 182.530319 -17.409740               1391 
55.308212 226.877350 -109.521233 116.529449 209.196762 -55.127254 60.773933 202.557190 -83.048111 133.054565 179.406830 -16.727764               1410 
54.614323 220.209335 -110.040527 116.605064 201.897903 -56.803341 59.950939 196.535919 -82.944321 132.771927 173.074554 -17.523737               1427 
54.582901 218.408386 -110.502586 117.057014 198.553482 -58.455017 59.965721 194.339539 -83.559547 132.955383 169.740967 -19.058050               1446 
54.834480 214.938828 -110.193192 117.441917 195.879898 -58.060581 60.746124 190.100327 -83.281898 133.268524 167.934082 -18.015732               1464 
53.481991 209.794250 -107.612587 116.491074 191.367218 -55.784012 60.665169 183.244904 -82.176727 133.254349 162.381104 -16.875935               1482 
52.339600 203.825638 -105.511925 116.335220 185.959885 -54.748928 60.185356 177.104630 -79.835213 133.540344 157.960419 -15.314755               1500 
52.576691 202.544647 -105.093307 116.803490 182.743942 -55.390202 60.268002 175.015930 -79.515213 133.546814 154.742798 -15.758938               1518 
49.659973 194.767548 -105.934616 115.764305 179.453400 -57.153381 59.414230 167.814499 -79.542847 134.330963 154.152512 -16.530912               1536 
48.488605 193.790237 -105.097710 114.947273 176.936569 -57.350407 58.833305 165.076660 -79.643654 133.621368 150.809448 -17.304281               1554 
48.048180 191.279968 -105.649406 114.487564 175.523239 -57.534248 58.947392 162.030045 -80.349754 133.342896 149.629288 -17.421658               1572 
46.933205 186.976639 -106.756981 113.402412 173.038406 -58.153721 58.531128 157.571884 -81.488152 132.642685 147.595230 -17.935600               1590 
47.298573 179.214935 -108.085358 113.117340 169.061951 -57.717739 59.310444 150.830521 -81.770721 132.344055 145.407455 -16.415945               1608 
47.061863 176.533585 -109.812004 112.459923 165.273895 -59.156857 58.253273 147.797699 -83.272263 131.016708 141.403809 -17.673063               1626 
46.387474 173.500381 -111.293465 111.328674 162.244919 -60.075283 57.595032 144.190002 -85.106277 129.699463 137.890686 -18.790594               1644 
45.834278 169.106308 -112.061745 110.982063 159.493195 -60.792259 57.081020 140.370163 -85.010757 129.535233 136.383011 -18.878775               1662 
46.177628 165.364777 -113.050438 110.833611 156.309753 -61.081257 56.928288 136.882462 -85.361603 128.888916 133.821671 -18.615597               1681 
43.262146 158.580887 -113.100380 108.836174 153.676178 -61.745876 55.632576 130.933182 -85.148590 128.535889 132.628891 -19.272676               1699 
42.967979 158.092926 -115.657379 107.986610 150.770859 -63.903553 54.099499 129.744110 -87.755951 126.710808 128.774704 -21.469908               1717 
46.222919 141.433167 -88.872627 106.892929 150.204407 -65.155510 52.964153 127.208214 -88.998543 125.946213 129.379959 -22.279469               1735 
46.902252 134.800552 -80.473427 106.175858 148.422119 -66.271484 51.522202 125.124199 -89.522751 125.228043 128.376389 -23.025402               1753 
46.860062 131.155563 -78.860596 105.476868 147.851151 -67.510338 50.531475 122.788673 -89.144875 125.384781 130.044937 -23.673662               1771 
46.975124 130.591476 -78.664444 105.459572 147.779236 -68.046501 50.169922 122.586426 -89.250481 125.413033 130.494446 -24.022242               1789 
47.212780 133.254623 -81.930321 105.934525 147.475845 -68.799812 50.251179 125.521645 -92.758812 123.329491 128.036469 -24.589340               1807 
46.880428 132.390793 -83.358757 105.217583 147.451538 -69.602440 49.664013 125.123093 -94.201889 122.559708 127.564857 -25.570507               1825 
46.917324 132.762192 -84.689575 105.052750 147.528214 -69.900703 49.357971 125.903305 -95.501137 121.719124 126.789139 -26.001242               1843 
47.471992 134.557648 -90.807419 104.293884 148.848297 -71.284241 48.578701 129.622543 -100.889397 118.267357 125.365273 -27.829327               1862 
49.137676 137.207748 -93.647537 104.999298 150.846085 -71.508270 47.600685 134.782486 -102.545853 117.429970 125.423241 -28.680733               1879 
54.954632 147.453156 -100.633362 107.944427 154.564636 -70.258194 52.097549 147.843338 -108.906952 112.868515 123.957016 -29.344051               1897 
56.967644 155.013702 -100.008919 108.205132 158.098434 -64.000282 48.781113 155.386581 -101.411018 113.188858 125.351212 -24.785208               1916 
62.727039 173.400894 -101.659912 110.452690 164.779434 -58.846558 48.727287 170.847122 -95.990677 112.874283 127.696739 -23.433985               1934 
62.957932 188.902985 -100.166306 109.334732 170.133713 -57.050346 44.640244 185.064133 -89.736336 110.133339 129.881149 -25.204878               1952 
62.851986 202.986237 -91.838043 107.489288 179.332870 -48.339977 41.330353 198.039063 -79.309975 107.706902 136.452774 -20.121374               1970 
58.093319 210.837692 -79.411575 104.480400 185.433762 -38.478027 35.416950 205.023239 -64.411537 106.663551 141.169144 -12.575944               1988 
55.187992 214.228989 -68.441589 102.465973 183.520157 -32.179047 32.682762 212.986801 -47.930874 102.055885 140.398315 -4.333431               2006 
52.267231 233.835724 -49.431580 99.352570 178.287048 -5.824659 31.674204 198.155029 -18.017540 109.305855 133.000046 16.199411               2024 
48.222775 236.382156 -42.143227 98.190681 174.470276 5.619417 32.864750 197.205032 0.175658 110.868095 131.349670 30.417343               2042 
70.590340 219.577499 -41.903877 86.592361 190.017563 28.442253 77.067162 201.194656 -37.155704 100.126389 142.445602 42.181980               2060 
58.722191 219.352020 -33.625469 80.332817 188.654785 34.705292 66.130493 201.066422 -29.747812 96.565445 141.334030 46.206970               2078 
45.039047 219.209412 -21.872271 74.585175 188.564438 43.444992 53.285519 201.090347 -18.968496 93.128708 141.593994 52.662079               2096 
32.074600 215.403076 -8.464356 69.812149 186.599564 53.379536 41.290276 197.651352 -6.299484 90.638031 140.300461 60.976692               2115 
20.248571 208.567444 4.286776 65.622421 185.291992 63.260498 31.249987 191.826202 6.140608 90.651604 141.055344 70.450714               2133 
11.557107 206.695724 16.548687 59.582733 181.094772 72.374870 22.894520 190.062073 17.155470 85.170685 136.778625 76.421707               2151 
4.601930 203.308609 28.126186 55.485382 176.963181 80.996078 16.721907 187.198608 27.557295 82.843315 133.540039 82.003563               2169 
-1.491830 199.438751 43.911381 55.684990 175.061874 90.975288 11.297305 183.951706 41.824203 83.902077 132.205109 89.514610               2187 
-4.057247 195.600128 56.056385 54.083260 166.524094 99.099373 9.869845 181.765839 51.085262 83.192383 124.877060 91.803932               2205 
-10.263027 193.694122 62.554619 51.419132 165.927780 101.320259 3.899798 180.532715 56.197647 80.463982 124.578484 92.282990               2223 
-13.626021 191.090347 68.287209 45.740871 154.106384 102.728348 0.255327 178.708847 59.958023 73.469841 113.897797 86.935509               2241 
-14.306919 186.649155 75.074203 45.557964 148.243896 107.006393 0.033531 175.368011 65.893768 74.494553 110.261345 88.163887               2259 
-17.185549 182.778702 78.116562 44.557034 147.657639 110.253738 -1.749757 172.989502 68.890099 76.761131 112.739830 90.793961               2277 
-16.554367 181.222778 81.002190 45.602558 145.041489 111.099747 -1.154623 171.794769 71.072777 77.388268 110.626366 90.116219               2295 
-15.748762 177.825058 81.441299 46.014496 140.327499 110.727234 -0.637072 168.054474 71.151802 76.579399 104.999725 89.448730               2313 
-16.206617 175.354126 81.233681 45.918163 138.337891 110.366875 -1.020748 165.677414 70.794601 76.593666 103.113312 89.076454               2331 
-16.883039 175.238922 81.828064 44.677628 136.575165 110.003059 -1.804776 165.576340 71.048912 74.776436 101.384933 87.850197               2349 
-17.206835 174.899719 81.939537 44.768650 136.658951 110.106026 -1.920733 165.175598 71.031586 75.033882 101.558182 88.038132               2368 
-17.791857 173.897324 81.866730 45.496170 137.728790 110.152618 -2.373494 163.816559 70.901451 75.978050 102.385071 88.781693               2386 
-17.705727 172.961960 81.684540 46.074657 137.651657 110.091026 -2.078723 162.979156 70.613800 76.677765 102.249077 88.992516               2404 
-17.760649 172.511551 81.491646 46.466019 138.415802 110.305023 -1.842744 162.951370 70.270851 77.030830 102.675583 89.726662               2422 
-19.462059 169.580261 81.623810 47.585388 141.968842 110.448853 -3.189929 161.236633 70.466408 79.710289 107.058853 90.844673               2440 
-21.742142 167.556168 80.326035 46.374752 146.203690 110.878090 -5.083305 160.892365 69.955414 80.964394 113.088303 92.385719               2458 
-21.922758 166.090637 79.143661 46.386654 146.837967 110.236649 -4.977119 159.407043 69.133110 81.663643 114.221176 92.161285               2476 
-19.919739 167.801880 78.525658 47.607246 143.607834 107.578026 -3.522413 159.477081 68.207329 80.071518 108.970024 88.050255               2494 
-20.881706 169.526077 78.601105 46.267639 143.609772 106.849823 -4.658766 159.688904 68.497520 77.595734 108.242065 86.782043               2512 
-21.100971 170.485229 78.464745 45.641464 143.582535 106.604820 -4.904013 159.190491 68.804260 76.342171 107.731674 86.425056               2530 
-21.846020 171.721771 77.774651 44.603485 144.701157 106.365501 -5.627294 158.528610 69.008919 74.998772 108.328964 86.661942               2548 
-22.437456 172.443085 77.577019 43.993046 145.624451 106.295151 -6.179193 158.001022 69.402832 74.324265 109.103271 86.769249               2566 
-23.223068 170.755630 76.771103 43.820824 147.536606 107.064301 -6.121179 156.218567 69.448189 75.961792 111.918953 88.805565               2585 
-23.185732 170.687408 75.911346 43.476273 147.257950 106.803551 -5.616951 155.532379 68.889023 75.804062 111.773956 88.614548               2602 
-22.703236 170.899078 76.388245 43.687412 146.490799 107.038704 -4.781580 155.565338 69.023979 75.693085 110.953857 88.389236               2621 
-22.721430 170.749435 76.839371 43.768162 146.275818 107.161392 -4.341929 155.402496 69.118668 75.698410 110.813843 88.241905               2639 
-23.085428 170.270126 76.222435 43.308296 146.790634 107.471062 -3.968431 154.995804 68.640625 75.858971 111.594788 89.120407               2657 
-23.262358 169.943237 76.079659 43.080029 146.864670 107.685532 -3.573317 154.651138 68.448036 75.935234 111.882690 89.469147               2675 
-24.083553 170.346054 77.188194 42.248829 145.782333 107.630119 -4.433803 154.651840 69.057381 74.299210 110.549538 88.486893               2693 
-24.314329 169.892532 77.558273 42.109467 144.741150 107.270355 -4.622035 153.937057 69.167717 73.752930 109.421463 87.617065               2711 
-24.562647 169.829880 77.957001 41.871017 144.528000 107.479012 -4.830467 153.717636 69.507278 73.258018 108.984161 87.818604               2729 
-25.279442 168.450333 78.509193 42.152660 145.922623 107.977631 -4.980272 152.775345 70.186150 74.471703 110.954216 88.801323               2747 
-25.493282 168.431976 79.188721 42.199333 145.686386 107.903442 -5.194611 152.712372 70.555702 74.272049 110.723946 88.307297               2765 
-26.719059 168.639481 81.717415 41.780880 144.254166 107.069534 -6.922947 152.672852 71.834930 72.471962 109.207031 85.510406               2783 
-28.691507 171.900787 90.291832 39.292522 137.449097 101.485718 -12.867398 154.585663 75.869232 61.380096 101.431358 72.332642               2801 
-28.967974 171.803329 94.045364 39.183453 136.324554 99.827003 -14.269053 154.461334 78.112625 58.930481 100.894424 68.365913               2819 
-29.350760 171.682007 95.163704 38.941513 136.283569 99.488876 -14.935536 154.163315 78.926399 58.158234 101.044899 67.488960               2837 
