999.000000 999.000000 999.000000 999.000000 999.000000 999.000000 999.000000 999.000000 999.000000 999.000000 999.000000 999.000000                0.0 
999.000000 999.000000 999.000000 999.000000 999.000000 999.000000 999.000000 999.000000 999.000000 999.000000 999.000000 999.000000               18.0 
999.000000 999.000000 999.000000 999.000000 999.000000 999.000000 999.000000 999.000000 999.000000 999.000000 999.000000 999.000000               36.0 
999.000000 999.000000 999.000000 999.000000 999.000000 999.000000 999.000000 999.000000 999.000000 999.000000 999.000000 999.000000               54.0 
999.000000 999.000000 999.000000 999.000000 999.000000 999.000000 999.000000 999.000000 999.000000 999.000000 999.000000 999.000000               72.0 
999.000000 999.000000 999.000000 999.000000 999.000000 999.000000 999.000000 999.000000 999.000000 999.000000 999.000000 999.000000               90.0 
999.000000 999.000000 999.000000 999.000000 999.000000 999.000000 999.000000 999.000000 999.000000 999.000000 999.000000 999.000000              108.0 
999.000000 999.000000 999.000000 999.000000 999.000000 999.000000 999.000000 999.000000 999.000000 999.000000 999.000000 999.000000              126.0 
999.000000 999.000000 999.000000 999.000000 999.000000 999.000000 999.000000 999.000000 999.000000 999.000000 999.000000 999.000000              144.0 
999.000000 999.000000 999.000000 999.000000 999.000000 999.000000 999.000000 999.000000 999.000000 999.000000 999.000000 999.000000              162.0 
999.000000 999.000000 999.000000 999.000000 999.000000 999.000000 999.000000 999.000000 999.000000 999.000000 999.000000 999.000000              180.0 
999.000000 999.000000 999.000000 999.000000 999.000000 999.000000 999.000000 999.000000 999.000000 999.000000 999.000000 999.000000              198.0 
999.000000 999.000000 999.000000 999.000000 999.000000 999.000000 999.000000 999.000000 999.000000 999.000000 999.000000 999.000000              217.0 
999.000000 999.000000 999.000000 999.000000 999.000000 999.000000 999.000000 999.000000 999.000000 999.000000 999.000000 999.000000              235.0 
999.000000 999.000000 999.000000 999.000000 999.000000 999.000000 999.000000 999.000000 999.000000 999.000000 999.000000 999.000000              253.0 
999.000000 999.000000 999.000000 999.000000 999.000000 999.000000 999.000000 999.000000 999.000000 999.000000 999.000000 999.000000              271.0 
999.000000 999.000000 999.000000 999.000000 999.000000 999.000000 999.000000 999.000000 999.000000 999.000000 999.000000 999.000000              289.0 
999.000000 999.000000 999.000000 999.000000 999.000000 999.000000 999.000000 999.000000 999.000000 999.000000 999.000000 999.000000              307.0 
999.000000 999.000000 999.000000 999.000000 999.000000 999.000000 999.000000 999.000000 999.000000 999.000000 999.000000 999.000000              325.0 
999.000000 999.000000 999.000000 999.000000 999.000000 999.000000 999.000000 999.000000 999.000000 999.000000 999.000000 999.000000              343.0 
999.000000 999.000000 999.000000 999.000000 999.000000 999.000000 999.000000 999.000000 999.000000 999.000000 999.000000 999.000000              361.0 
999.000000 999.000000 999.000000 999.000000 999.000000 999.000000 999.000000 999.000000 999.000000 999.000000 999.000000 999.000000              379.0 
999.000000 999.000000 999.000000 999.000000 999.000000 999.000000 999.000000 999.000000 999.000000 999.000000 999.000000 999.000000              397.0 
999.000000 999.000000 999.000000 999.000000 999.000000 999.000000 999.000000 999.000000 999.000000 999.000000 999.000000 999.000000              415.0 
999.000000 999.000000 999.000000 999.000000 999.000000 999.000000 999.000000 999.000000 999.000000 999.000000 999.000000 999.000000              433.0 
999.000000 999.000000 999.000000 999.000000 999.000000 999.000000 999.000000 999.000000 999.000000 999.000000 999.000000 999.000000              451.0 
999.000000 999.000000 999.000000 999.000000 999.000000 999.000000 999.000000 999.000000 999.000000 999.000000 999.000000 999.000000              469.0 
999.000000 999.000000 999.000000 999.000000 999.000000 999.000000 999.000000 999.000000 999.000000 999.000000 999.000000 999.000000              487.0 
999.000000 999.000000 999.000000 999.000000 999.000000 999.000000 999.000000 999.000000 999.000000 999.000000 999.000000 999.000000              506.0 
999.000000 999.000000 999.000000 999.000000 999.000000 999.000000 999.000000 999.000000 999.000000 999.000000 999.000000 999.000000              524.0 
999.000000 999.000000 999.000000 999.000000 999.000000 999.000000 999.000000 999.000000 999.000000 999.000000 999.000000 999.000000              542.0 
999.000000 999.000000 999.000000 999.000000 999.000000 999.000000 999.000000 999.000000 999.000000 999.000000 999.000000 999.000000              560.0 
999.000000 999.000000 999.000000 999.000000 999.000000 999.000000 999.000000 999.000000 999.000000 999.000000 999.000000 999.000000              578.0 
999.000000 999.000000 999.000000 999.000000 999.000000 999.000000 999.000000 999.000000 999.000000 999.000000 999.000000 999.000000              596.0 
999.000000 999.000000 999.000000 999.000000 999.000000 999.000000 999.000000 999.000000 999.000000 999.000000 999.000000 999.000000              614.0 
999.000000 999.000000 999.000000 999.000000 999.000000 999.000000 999.000000 999.000000 999.000000 999.000000 999.000000 999.000000              632.0 
999.000000 999.000000 999.000000 999.000000 999.000000 999.000000 999.000000 999.000000 999.000000 999.000000 999.000000 999.000000              650.0 
999.000000 999.000000 999.000000 999.000000 999.000000 999.000000 999.000000 999.000000 999.000000 999.000000 999.000000 999.000000              668.0 
999.000000 999.000000 999.000000 999.000000 999.000000 999.000000 999.000000 999.000000 999.000000 999.000000 999.000000 999.000000              686.0 
999.000000 999.000000 999.000000 999.000000 999.000000 999.000000 999.000000 999.000000 999.000000 999.000000 999.000000 999.000000              704.0 
999.000000 999.000000 999.000000 999.000000 999.000000 999.000000 999.000000 999.000000 999.000000 999.000000 999.000000 999.000000              723.0 
999.000000 999.000000 999.000000 999.000000 999.000000 999.000000 999.000000 999.000000 999.000000 999.000000 999.000000 999.000000              741.0 
999.000000 999.000000 999.000000 999.000000 999.000000 999.000000 999.000000 999.000000 999.000000 999.000000 999.000000 999.000000              759.0 
999.000000 999.000000 999.000000 999.000000 999.000000 999.000000 999.000000 999.000000 999.000000 999.000000 999.000000 999.000000              777.0 
999.000000 999.000000 999.000000 999.000000 999.000000 999.000000 999.000000 999.000000 999.000000 999.000000 999.000000 999.000000              795.0 
999.000000 999.000000 999.000000 999.000000 999.000000 999.000000 999.000000 999.000000 999.000000 999.000000 999.000000 999.000000              813.0 
999.000000 999.000000 999.000000 999.000000 999.000000 999.000000 999.000000 999.000000 999.000000 999.000000 999.000000 999.000000              831.0 
999.000000 999.000000 999.000000 999.000000 999.000000 999.000000 999.000000 999.000000 999.000000 999.000000 999.000000 999.000000              849.0 
999.000000 999.000000 999.000000 999.000000 999.000000 999.000000 999.000000 999.000000 999.000000 999.000000 999.000000 999.000000              867.0 
999.000000 999.000000 999.000000 999.000000 999.000000 999.000000 999.000000 999.000000 999.000000 999.000000 999.000000 999.000000              885.0 
999.000000 999.000000 999.000000 999.000000 999.000000 999.000000 999.000000 999.000000 999.000000 999.000000 999.000000 999.000000              903.0 
999.000000 999.000000 999.000000 999.000000 999.000000 999.000000 999.000000 999.000000 999.000000 999.000000 999.000000 999.000000              921.0 
999.000000 999.000000 999.000000 999.000000 999.000000 999.000000 999.000000 999.000000 999.000000 999.000000 999.000000 999.000000              940.0 
999.000000 999.000000 999.000000 999.000000 999.000000 999.000000 999.000000 999.000000 999.000000 999.000000 999.000000 999.000000              958.0 
999.000000 999.000000 999.000000 999.000000 999.000000 999.000000 999.000000 999.000000 999.000000 999.000000 999.000000 999.000000              976.0 
999.000000 999.000000 999.000000 999.000000 999.000000 999.000000 999.000000 999.000000 999.000000 999.000000 999.000000 999.000000              994.0 
999.000000 999.000000 999.000000 999.000000 999.000000 999.000000 999.000000 999.000000 999.000000 999.000000 999.000000 999.000000             1012.0 
999.000000 999.000000 999.000000 999.000000 999.000000 999.000000 999.000000 999.000000 999.000000 999.000000 999.000000 999.000000             1030.0 
999.000000 999.000000 999.000000 999.000000 999.000000 999.000000 999.000000 999.000000 999.000000 999.000000 999.000000 999.000000             1048.0 
999.000000 999.000000 999.000000 999.000000 999.000000 999.000000 999.000000 999.000000 999.000000 999.000000 999.000000 999.000000             1066.0 
999.000000 999.000000 999.000000 999.000000 999.000000 999.000000 999.000000 999.000000 999.000000 999.000000 999.000000 999.000000             1084.0 
999.000000 999.000000 999.000000 999.000000 999.000000 999.000000 999.000000 999.000000 999.000000 999.000000 999.000000 999.000000             1102.0 
999.000000 999.000000 999.000000 999.000000 999.000000 999.000000 999.000000 999.000000 999.000000 999.000000 999.000000 999.000000             1120.0 
999.000000 999.000000 999.000000 999.000000 999.000000 999.000000 999.000000 999.000000 999.000000 999.000000 999.000000 999.000000             1138.0 
999.000000 999.000000 999.000000 999.000000 999.000000 999.000000 999.000000 999.000000 999.000000 999.000000 999.000000 999.000000             1156.0 
999.000000 999.000000 999.000000 999.000000 999.000000 999.000000 999.000000 999.000000 999.000000 999.000000 999.000000 999.000000             1174.0 
999.000000 999.000000 999.000000 999.000000 999.000000 999.000000 999.000000 999.000000 999.000000 999.000000 999.000000 999.000000             1193.0 
999.000000 999.000000 999.000000 999.000000 999.000000 999.000000 999.000000 999.000000 999.000000 999.000000 999.000000 999.000000             1211.0 
999.000000 999.000000 999.000000 999.000000 999.000000 999.000000 999.000000 999.000000 999.000000 999.000000 999.000000 999.000000             1229.0 
999.000000 999.000000 999.000000 999.000000 999.000000 999.000000 999.000000 999.000000 999.000000 999.000000 999.000000 999.000000             1247.0 
999.000000 999.000000 999.000000 999.000000 999.000000 999.000000 999.000000 999.000000 999.000000 999.000000 999.000000 999.000000             1265.0 
999.000000 999.000000 999.000000 999.000000 999.000000 999.000000 999.000000 999.000000 999.000000 999.000000 999.000000 999.000000             1283.0 
999.000000 999.000000 999.000000 999.000000 999.000000 999.000000 999.000000 999.000000 999.000000 999.000000 999.000000 999.000000             1301.0 
999.000000 999.000000 999.000000 999.000000 999.000000 999.000000 999.000000 999.000000 999.000000 999.000000 999.000000 999.000000             1319.0 
999.000000 999.000000 999.000000 999.000000 999.000000 999.000000 999.000000 999.000000 999.000000 999.000000 999.000000 999.000000             1337.0 
999.000000 999.000000 999.000000 999.000000 999.000000 999.000000 999.000000 999.000000 999.000000 999.000000 999.000000 999.000000             1355.0 
999.000000 999.000000 999.000000 999.000000 999.000000 999.000000 999.000000 999.000000 999.000000 999.000000 999.000000 999.000000             1373.0 
999.000000 999.000000 999.000000 999.000000 999.000000 999.000000 999.000000 999.000000 999.000000 999.000000 999.000000 999.000000             1391.0 
999.000000 999.000000 999.000000 999.000000 999.000000 999.000000 999.000000 999.000000 999.000000 999.000000 999.000000 999.000000             1409.0 
999.000000 999.000000 999.000000 999.000000 999.000000 999.000000 999.000000 999.000000 999.000000 999.000000 999.000000 999.000000             1428.0 
999.000000 999.000000 999.000000 999.000000 999.000000 999.000000 999.000000 999.000000 999.000000 999.000000 999.000000 999.000000             1446.0 
999.000000 999.000000 999.000000 999.000000 999.000000 999.000000 999.000000 999.000000 999.000000 999.000000 999.000000 999.000000             1464.0 
999.000000 999.000000 999.000000 999.000000 999.000000 999.000000 999.000000 999.000000 999.000000 999.000000 999.000000 999.000000             1482.0 
999.000000 999.000000 999.000000 999.000000 999.000000 999.000000 999.000000 999.000000 999.000000 999.000000 999.000000 999.000000             1500.0 
999.000000 999.000000 999.000000 999.000000 999.000000 999.000000 999.000000 999.000000 999.000000 999.000000 999.000000 999.000000             1518.0 
999.000000 999.000000 999.000000 999.000000 999.000000 999.000000 999.000000 999.000000 999.000000 999.000000 999.000000 999.000000             1536.0 
999.000000 999.000000 999.000000 999.000000 999.000000 999.000000 999.000000 999.000000 999.000000 999.000000 999.000000 999.000000             1554.0 
999.000000 999.000000 999.000000 999.000000 999.000000 999.000000 999.000000 999.000000 999.000000 999.000000 999.000000 999.000000             1572.0 
999.000000 999.000000 999.000000 999.000000 999.000000 999.000000 999.000000 999.000000 999.000000 999.000000 999.000000 999.000000             1590.0 
999.000000 999.000000 999.000000 999.000000 999.000000 999.000000 999.000000 999.000000 999.000000 999.000000 999.000000 999.000000             1608.0 
999.000000 999.000000 999.000000 999.000000 999.000000 999.000000 999.000000 999.000000 999.000000 999.000000 999.000000 999.000000             1626.0 
999.000000 999.000000 999.000000 999.000000 999.000000 999.000000 999.000000 999.000000 999.000000 999.000000 999.000000 999.000000             1644.0 
999.000000 999.000000 999.000000 999.000000 999.000000 999.000000 999.000000 999.000000 999.000000 999.000000 999.000000 999.000000             1663.0 
999.000000 999.000000 999.000000 999.000000 999.000000 999.000000 999.000000 999.000000 999.000000 999.000000 999.000000 999.000000             1680.0 
999.000000 999.000000 999.000000 999.000000 999.000000 999.000000 999.000000 999.000000 999.000000 999.000000 999.000000 999.000000             1699.0 
999.000000 999.000000 999.000000 999.000000 999.000000 999.000000 999.000000 999.000000 999.000000 999.000000 999.000000 999.000000             1717.0 
999.000000 999.000000 999.000000 999.000000 999.000000 999.000000 999.000000 999.000000 999.000000 999.000000 999.000000 999.000000             1735.0 
999.000000 999.000000 999.000000 999.000000 999.000000 999.000000 999.000000 999.000000 999.000000 999.000000 999.000000 999.000000             1753.0 
999.000000 999.000000 999.000000 999.000000 999.000000 999.000000 999.000000 999.000000 999.000000 999.000000 999.000000 999.000000             1771.0 
999.000000 999.000000 999.000000 999.000000 999.000000 999.000000 999.000000 999.000000 999.000000 999.000000 999.000000 999.000000             1789.0 
999.000000 999.000000 999.000000 999.000000 999.000000 999.000000 999.000000 999.000000 999.000000 999.000000 999.000000 999.000000             1807.0 
999.000000 999.000000 999.000000 999.000000 999.000000 999.000000 999.000000 999.000000 999.000000 999.000000 999.000000 999.000000             1825.0 
999.000000 999.000000 999.000000 999.000000 999.000000 999.000000 999.000000 999.000000 999.000000 999.000000 999.000000 999.000000             1843.0 
999.000000 999.000000 999.000000 999.000000 999.000000 999.000000 999.000000 999.000000 999.000000 999.000000 999.000000 999.000000             1861.0 
999.000000 999.000000 999.000000 999.000000 999.000000 999.000000 999.000000 999.000000 999.000000 999.000000 999.000000 999.000000             1879.0 
999.000000 999.000000 999.000000 999.000000 999.000000 999.000000 999.000000 999.000000 999.000000 999.000000 999.000000 999.000000             1898.0 
999.000000 999.000000 999.000000 999.000000 999.000000 999.000000 999.000000 999.000000 999.000000 999.000000 999.000000 999.000000             1916.0 
999.000000 999.000000 999.000000 999.000000 999.000000 999.000000 999.000000 999.000000 999.000000 999.000000 999.000000 999.000000             1934.0 
999.000000 999.000000 999.000000 999.000000 999.000000 999.000000 999.000000 999.000000 999.000000 999.000000 999.000000 999.000000             1952.0 
999.000000 999.000000 999.000000 999.000000 999.000000 999.000000 999.000000 999.000000 999.000000 999.000000 999.000000 999.000000             1970.0 
999.000000 999.000000 999.000000 999.000000 999.000000 999.000000 999.000000 999.000000 999.000000 999.000000 999.000000 999.000000             1988.0 
999.000000 999.000000 999.000000 999.000000 999.000000 999.000000 999.000000 999.000000 999.000000 999.000000 999.000000 999.000000             2006.0 
999.000000 999.000000 999.000000 999.000000 999.000000 999.000000 999.000000 999.000000 999.000000 999.000000 999.000000 999.000000             2024.0 
999.000000 999.000000 999.000000 999.000000 999.000000 999.000000 999.000000 999.000000 999.000000 999.000000 999.000000 999.000000             2042.0 
999.000000 999.000000 999.000000 999.000000 999.000000 999.000000 999.000000 999.000000 999.000000 999.000000 999.000000 999.000000             2060.0 
999.000000 999.000000 999.000000 999.000000 999.000000 999.000000 999.000000 999.000000 999.000000 999.000000 999.000000 999.000000             2078.0 
999.000000 999.000000 999.000000 999.000000 999.000000 999.000000 999.000000 999.000000 999.000000 999.000000 999.000000 999.000000             2096.0 
-50.415161 120.990204 -11.944195 24.699200 90.043556 42.454762 -43.133945 106.772987 60.653713 55.342716 63.554539 74.350037               2114 
-51.087627 117.922874 -11.151794 24.332287 87.401833 42.466782 -44.021523 102.999405 60.204285 54.501072 59.555458 73.650513               2133 
-51.971813 113.387108 -10.219069 24.598806 85.530754 42.224602 -44.192398 99.824295 59.891537 54.842052 57.090961 72.794617               2151 
-52.694729 109.065010 -9.563039 24.768560 84.200607 42.222359 -44.345463 97.714752 59.706085 55.132450 55.648251 72.567024               2169 
-52.958649 106.843941 -9.541774 24.783722 83.272194 42.238182 -44.425549 96.837212 59.402092 55.122963 54.833076 72.713554               2187 
-53.188011 105.652702 -10.445563 23.545174 81.347626 42.494797 -45.423199 96.970604 58.208237 52.951855 52.807503 73.779137               2205 
-53.209686 104.463966 -11.213611 23.191938 79.444305 42.118065 -45.333954 96.952881 57.272175 52.140869 51.034672 73.943420               2223 
-52.516590 105.011177 -12.070810 23.668793 79.202911 41.944721 -44.825916 96.737633 56.929420 52.973724 51.556622 74.114662               2241 
-50.995365 108.404152 -13.391570 23.809856 79.151939 41.923195 -44.687996 96.705589 56.682606 53.283970 51.958332 74.323586               2259 
-49.392673 111.122665 -15.756146 22.291166 77.350479 42.123028 -45.648628 97.577141 55.803635 50.827366 50.465389 75.602554               2277 
-47.878181 113.433128 -16.572634 22.853027 77.581177 41.947163 -45.149509 97.161072 56.010757 52.121418 51.474125 75.410347               2295 
-47.507393 113.707367 -17.312370 22.797649 77.527924 41.795631 -45.246590 96.936531 55.766724 52.281281 51.777008 75.345703               2313 
-47.567356 113.042709 -17.578667 23.057613 77.442390 41.572842 -45.104897 96.341545 55.589424 52.903107 52.012268 75.047562               2331 
-47.626698 112.458099 -17.894159 23.072079 77.036415 41.302486 -45.163120 95.724350 55.318466 53.039932 51.536915 74.614716               2349 
-48.208931 111.240074 -17.819881 23.167757 77.030922 41.182770 -45.062630 95.500046 55.373241 53.410812 51.614437 74.309219               2368 
-49.213978 109.094429 -17.440716 23.207628 76.987938 41.108421 -44.967010 95.275131 55.356575 53.656216 51.603001 74.070366               2386 
-49.922764 107.381470 -17.043528 23.428205 76.736549 40.932095 -44.871140 94.117844 55.408180 54.260036 51.335938 73.523636               2404 
-50.089645 106.764359 -16.883955 23.630524 76.486877 40.828159 -44.725212 93.323006 55.467892 54.736423 51.146015 73.205086               2422 
-50.273228 106.514061 -17.185524 22.987289 76.043915 41.059525 -45.218044 93.547440 55.194405 53.799210 50.723705 73.732361               2440 
-50.074364 106.669037 -17.477013 22.511906 75.696068 41.529182 -45.306965 94.277763 55.042545 53.128597 50.774498 74.688416               2458 
-49.095520 108.417946 -17.809748 22.551306 75.321510 41.521389 -44.874744 94.314796 54.988922 53.434265 50.799870 74.731827               2476 
-48.167194 110.296837 -18.301567 22.354403 74.903534 41.410133 -44.671139 94.446983 55.017120 53.530544 50.807175 74.657913               2494 
-47.398613 111.511726 -18.535152 22.730709 74.918121 41.167500 -44.172543 93.995911 55.369591 54.645939 51.503723 74.200592               2512 
-47.400917 111.367638 -18.390980 23.435209 75.539406 41.124577 -43.672169 93.115440 56.021904 56.404625 53.284973 73.923347               2530 
-47.722141 111.239021 -18.372162 23.485191 75.699982 40.945671 -43.808346 92.275558 56.037579 56.835278 53.725456 73.547714               2548 
-48.134949 110.839073 -18.296703 23.481810 75.820129 40.862297 -43.864838 91.801399 56.020176 57.088814 54.028172 73.322754               2566 
-49.939972 108.720894 -18.517887 22.680630 75.908974 40.532608 -44.935181 90.117729 55.476414 56.719894 54.517918 72.808800               2584 
-51.868149 105.462837 -18.406822 22.033049 75.652428 40.188660 -45.564682 88.678123 55.148102 56.483704 54.447041 72.149345               2602 
-53.165310 102.996506 -18.545757 21.298737 75.234596 39.985725 -46.172657 87.652390 54.672646 55.891342 54.000790 71.773750               2621 
-53.275764 101.722656 -17.788263 22.018229 75.008926 40.121567 -45.371895 86.497292 55.276989 57.152142 54.047657 71.494087               2639 
-53.313972 100.889046 -17.168800 22.571680 74.733131 40.221889 -44.760056 85.589821 55.763500 58.102890 54.005226 71.300636               2657 
-53.381283 100.857475 -17.214775 22.266132 74.549484 40.432014 -44.903084 85.961716 55.799809 57.701973 53.857582 71.643356               2675 
-53.282276 101.863586 -17.251486 21.592199 73.743317 40.605713 -45.032410 87.138290 55.959553 56.699936 52.663891 71.928329               2693 
-52.541130 104.037506 -17.706781 20.953465 73.305443 40.714878 -45.135384 88.488441 55.892467 55.767784 52.060143 72.252182               2711 
-51.334202 106.536308 -18.249872 20.683905 73.225380 40.755360 -45.109318 89.186668 55.746956 55.404751 52.024017 72.425011               2729 
-50.347313 108.270378 -18.523560 20.804438 73.295807 40.693684 -44.853119 89.408836 55.810844 55.659977 52.241695 72.313568               2747 
-49.931675 108.957581 -18.392420 21.080851 73.619736 40.851906 -44.459572 89.865921 56.262756 56.163731 52.856834 72.412880               2765 
-49.757343 109.708389 -18.488276 20.833672 73.870132 40.977146 -44.476154 90.965515 56.265617 55.703323 52.919357 72.650070               2783 
-49.420612 111.491875 -18.441011 20.355244 74.422089 41.251209 -44.436508 93.218063 56.359341 54.747421 52.873466 73.044861               2801 
-49.103897 114.349022 -17.354431 20.403498 75.509132 41.541466 -43.564079 96.123207 57.284668 54.576496 53.044662 72.935013               2819 
-48.812595 119.890022 -13.551322 21.274412 78.365082 42.788467 -41.501900 100.508087 60.455761 55.673084 54.485271 72.863167               2838 
-47.595188 127.203934 -9.674673 20.519125 80.084961 44.627350 -39.663261 106.797630 63.458363 53.581799 53.234238 73.677299               2856 
-46.445583 135.786118 -4.082343 20.612768 83.465233 46.655529 -36.697590 113.659386 67.878746 52.884605 53.922577 73.927521               2874 
-44.661633 145.354095 2.953234 21.382675 88.133186 49.576904 -32.495625 121.640663 73.701752 52.971127 56.151360 74.822380               2892 
-42.910027 153.227249 12.395680 23.243393 91.876259 53.275711 -28.052752 125.955177 81.023407 54.873722 57.796532 75.548920               2910 
-39.671883 160.606888 22.409828 25.957174 95.120491 57.295212 -21.680769 130.701538 89.002998 57.292667 59.003441 76.573364               2928 
-36.284588 167.246841 32.011093 27.181091 96.791611 60.683113 -16.630674 133.431061 96.034943 57.347801 58.204029 76.775642               2946 
-34.504597 170.571747 43.296726 28.839310 97.837708 65.938812 -13.091536 132.853455 104.015564 59.015598 58.081837 78.856392               2964 
-30.763981 174.656357 55.071457 29.477198 97.591232 70.918121 -8.786434 132.418976 112.148010 58.181904 55.815323 80.342270               2982 
-29.598120 175.438385 64.573250 31.434769 97.836395 73.562630 -4.315332 130.536179 117.560738 61.032566 56.046703 79.528664               3000 
-27.802811 175.526764 72.674408 29.195713 94.405830 74.089043 -5.183269 124.241241 120.401154 56.890503 50.961781 75.990135               3018 
-25.948345 175.431091 79.867393 32.987583 95.717842 77.338562 0.087661 123.936295 125.265297 61.951187 53.066837 77.284401               3036 
-22.086733 138.866302 76.671608 6.655938 135.570465 57.938377 -18.157454 174.325256 131.485641 32.711288 93.921997 73.575668               3054 
-24.959137 143.674728 82.897537 -0.642810 146.505295 54.148933 -17.098097 195.697159 133.664917 26.913712 107.501335 73.573944               3073 
-25.081074 133.038467 93.635239 -0.300351 142.567276 64.349503 -8.786073 172.286484 156.260193 26.086102 99.075760 72.730690               3091 
-23.990105 126.407463 96.128250 2.072774 138.433472 67.853424 -3.358029 155.029816 163.127304 25.219090 92.380409 69.021729               3109 
-24.192719 124.544052 96.375237 2.286859 137.372971 68.621162 -3.344544 151.444916 164.039139 25.151913 91.166122 68.278389               3127 
-24.680475 113.756409 95.542068 4.069041 130.186142 72.239716 -9.210352 130.711136 167.753357 26.825811 84.234062 66.897629               3145 
-25.361372 111.775215 95.913551 4.072654 128.436752 73.584633 -9.841483 133.257538 167.026672 27.523539 82.726982 69.263290               3163 
-26.045055 110.211189 95.647720 3.741168 127.541199 74.247787 -10.585452 133.375946 166.523026 27.813519 82.170425 69.773827               3181 
-27.351246 105.113564 94.190475 3.597197 123.243401 75.167236 -12.993088 123.470642 166.843750 26.741869 77.737129 67.990547               3199 
-26.746277 105.241570 94.407669 3.781741 123.472427 74.739845 -9.501054 127.793961 165.643112 27.588364 78.204483 68.254547               3217 
-26.565807 105.277161 94.528000 3.883855 123.551888 74.712227 -7.071229 131.064377 164.172791 27.855757 78.355179 68.339882               3235 
-26.370882 105.233566 94.650887 4.013184 123.594849 74.749062 -5.873008 134.632568 161.604202 28.147055 78.481934 68.394341               3253 
-26.022036 105.175201 94.629333 4.283762 123.615677 74.618523 -4.810860 137.572815 158.849823 28.551497 78.577881 68.240784               3272 
-25.986553 104.640625 94.515991 4.475493 123.231461 74.824158 -3.573307 139.568573 156.073029 28.661177 78.210983 68.026329               3289 
-26.084595 104.684761 94.456985 4.468464 123.237816 74.810188 -2.266603 141.665222 154.120865 28.532656 78.168457 67.905884               3308 
-26.222040 104.757271 94.353699 4.456669 123.248466 74.786758 -1.946250 142.323517 153.313431 28.316801 78.098526 67.703064               3326 
-28.675869 108.823868 94.374619 3.330255 126.304230 75.520805 -4.520912 146.933762 153.439682 26.455626 80.582527 69.798500               3344 
-29.797331 108.713631 93.826477 3.004921 125.961288 75.657921 -5.072289 145.692032 153.723770 25.589968 80.029259 69.480080               3362 
-30.234482 108.475616 93.512245 3.021688 125.312088 75.360229 -3.900075 144.314392 153.676056 24.778343 79.087509 68.436493               3380 
-29.401012 110.514160 92.686821 4.870455 124.156670 73.236870 2.732001 143.886597 151.621170 22.202581 76.184158 65.737724               3398 
-30.610704 114.703796 94.989296 3.245786 129.250504 75.238632 -3.747223 157.138702 150.790207 25.112616 82.587502 73.686844               3416 
-30.388018 116.100006 97.257027 3.685564 130.056503 77.013954 -3.588545 161.060806 151.384277 26.126286 83.643173 77.481270               3434 
-31.083868 115.200516 97.521210 3.223038 129.876389 77.800987 -5.413204 160.396759 152.396057 26.712709 83.986687 78.410332               3452 
-32.256020 116.243240 97.700859 3.198451 130.462067 78.800186 -6.576350 160.759186 153.959946 26.611452 84.544418 79.984383               3470 
-35.143661 113.066116 93.844055 2.741534 125.999077 78.200943 -8.790827 149.442551 155.992874 22.897800 78.595131 76.058014               3488 
-35.434128 113.923035 94.348480 2.816429 126.645805 78.487328 -9.350004 150.548828 156.324203 23.393316 79.402267 76.862198               3506 
-35.097244 116.233749 96.431946 3.195080 128.801682 79.696632 -10.066337 155.249039 157.039673 24.922956 82.049515 80.065369               3524 
-35.328651 120.077667 98.827286 3.163215 131.578049 80.690765 -10.298861 162.988708 156.694107 25.775450 85.387085 84.307907               3542 
-35.691208 120.825012 99.423523 3.123806 132.456116 80.910789 -11.013766 164.260696 157.182022 26.842810 86.873451 85.109749               3561 
-36.143887 121.219376 99.647484 3.148705 132.564316 81.005203 -11.459293 164.116302 157.749161 27.122673 87.125290 85.311661               3579 
-36.045097 121.304749 99.915894 3.526656 132.265625 81.029510 -11.860860 163.610947 158.213013 27.553341 86.874947 85.546883               3597 
-36.441063 121.878098 100.079071 3.720792 132.234711 81.113747 -12.747037 163.339828 158.553558 27.720898 86.852013 85.847351               3615 
-36.527180 121.681892 98.224548 4.328391 130.173386 79.173782 -9.854717 158.382645 158.195358 25.562403 83.247055 81.418175               3633 
-35.861008 122.110329 98.118439 5.173158 130.271408 78.728088 -7.874874 157.214203 158.472504 25.990545 83.120987 79.943047               3651 
-36.167763 122.247139 98.614883 5.306547 130.546387 79.386444 -9.858569 158.374176 158.074326 26.964397 83.798775 81.283577               3669 
-36.801571 122.098518 98.536880 5.299411 130.317841 79.634300 -11.573752 157.903748 157.762817 27.298792 83.729614 81.522629               3687 
-37.211670 122.517113 96.963013 5.842497 129.174210 78.152321 -10.499833 154.910629 156.846863 26.248423 81.829781 78.474831               3705 
-37.992176 123.429504 97.424156 5.762915 129.524429 78.542870 -11.198411 156.037216 156.812027 26.630001 82.388954 79.444267               3723 
-40.304321 127.618645 99.218307 4.239386 133.314926 80.246841 -14.249660 163.422089 156.896500 26.734625 87.064903 83.838661               3741 
-39.485687 127.390839 100.170403 5.335764 132.821701 80.990356 -13.032123 163.067093 157.735794 27.972052 86.646164 84.653702               3759 
-39.625629 127.162704 99.867386 5.465910 132.462280 80.876602 -13.447444 162.989120 157.455597 28.211172 86.368614 84.880157               3778 
-38.903076 125.898537 99.378174 6.255941 131.123642 80.311050 -12.177689 160.564819 157.524857 28.719248 84.830261 83.524185               3796 
-39.488907 124.140678 97.371323 6.343581 128.522583 79.517281 -12.357695 153.313187 158.368469 26.656822 81.138474 79.863075               3814 
-40.102726 125.640282 95.333138 6.453995 126.850403 77.767212 -11.069661 149.850586 157.329865 23.335182 78.159111 76.289070               3832 
-40.089073 125.932724 95.508751 6.676669 127.307632 77.746017 -10.952170 150.355545 157.155914 24.124058 78.815483 76.296173               3850 
-38.722050 122.657249 95.554359 8.061818 123.557281 77.286995 -9.075373 146.404602 155.190186 24.789162 74.872040 74.468468               3868 
-39.161057 123.143898 95.881187 7.841695 123.800926 77.418770 -8.925857 147.561996 153.785004 24.574892 75.137436 74.277687               3886 
-39.126648 123.647812 96.058517 8.081639 123.552681 77.280319 -8.087134 147.539200 153.431244 24.377647 74.757393 73.894836               3904 
-39.170452 125.110451 96.646652 8.538542 124.953156 77.961830 -8.454640 150.382065 153.452011 25.872166 76.447624 75.780014               3922 
-39.409519 127.454071 97.729347 8.974146 126.900093 78.881653 -9.374171 154.447678 153.196915 27.654673 78.850380 78.366997               3940 
-40.186466 128.590515 97.600769 8.808316 126.811623 78.382690 -9.178555 154.285172 152.732605 27.366953 78.717598 77.645767               3958 
-39.612881 130.697739 97.128998 10.015074 126.552490 77.836731 -8.446665 154.684845 151.205185 27.432619 78.033607 77.096115               3976 
-37.480350 134.927643 96.019012 12.672225 126.930092 76.988670 -8.396116 158.508865 147.127258 28.490126 77.879013 78.325378               3994 
-36.139759 136.803452 92.597801 14.574439 127.892677 74.529198 -9.493294 162.404953 142.395996 30.938118 79.175659 78.638115               4012 
-34.074413 144.848602 84.719513 14.612922 127.438286 66.361786 -4.996171 166.881302 134.232422 23.874054 77.073868 72.333229               4031 
-33.957851 146.657288 78.363274 16.349661 130.402664 61.990536 -8.814437 170.925751 128.101059 28.485081 81.019585 70.478470               4049 
-33.860680 151.176178 70.550171 16.510630 132.590439 55.667282 -9.775105 173.978149 121.251350 27.082785 82.962204 64.792488               4067 
-32.624348 157.066116 60.665333 17.480532 135.350388 48.562332 -10.842234 177.815384 112.717873 24.917486 85.222565 58.043610               4085 
-30.167028 164.315277 49.582825 19.195141 139.262985 41.027451 -12.604202 183.919052 102.234871 22.959627 88.926697 51.519718               4103 
-29.661907 168.805054 36.210258 18.401222 140.454544 30.778530 -16.664032 187.902512 88.504402 18.471283 90.247475 42.493782               4121 
-27.580969 167.899796 17.106892 21.540724 141.311768 23.087139 -25.938007 193.027954 68.293419 21.226276 93.001991 41.089005               4139 
-25.314131 170.118149 0.352774 22.799107 143.539383 12.446815 -34.447491 194.591553 50.209194 20.588003 95.918457 32.077412               4157 
-22.124794 172.330078 -15.978330 24.105309 144.697922 1.646345 -39.210892 196.603333 31.690109 19.426107 98.060455 23.118479               4175 
-19.004478 176.778580 -33.389179 24.741434 147.725754 -10.002662 -42.149364 200.785873 12.362763 17.688334 102.146217 13.035572               4193 
-16.350279 180.764008 -50.437790 24.995031 149.846451 -22.649191 -43.848526 203.928635 -5.622647 16.002420 105.155411 1.430783               4211 
-13.391812 182.272324 -64.929253 26.853321 150.965591 -33.157158 -44.701767 203.857574 -20.929493 17.758411 107.089851 -7.658079               4229 
-11.456234 185.498215 -79.990967 26.018303 152.954742 -43.406258 -46.373455 206.688629 -37.378353 15.095885 110.410530 -16.411963               4247 
-11.161545 185.359741 -92.651543 25.700624 154.183975 -51.490597 -49.725319 204.856537 -50.840847 15.465762 112.766495 -22.545120               4265 
-12.040634 189.694031 -106.043648 22.453903 157.211182 -61.359192 -52.746578 208.976456 -64.308846 10.880826 117.314529 -30.825233               4284 
-14.218200 188.288239 -116.338676 20.267338 158.616028 -67.580788 -59.198048 204.138016 -75.137749 10.695574 119.648567 -35.209202               4302 
-14.217196 189.680832 -120.977936 28.446367 143.154892 -58.577007 -41.340828 172.124451 -59.093639 40.466141 110.183472 -20.809137               4320 
-26.274794 195.764084 -125.479660 21.759684 143.595612 -59.525986 -46.812832 161.730331 -65.791145 39.071049 110.631752 -23.865049               4338 
-38.999100 189.428558 -137.946350 14.652466 143.067230 -69.590752 -54.052662 157.487778 -75.059448 35.327713 113.865837 -32.471828               4356 
-54.029041 181.982971 -142.478531 11.443356 147.216476 -76.977333 -57.827850 152.416519 -77.677101 39.093941 123.650085 -40.397667               4374 
-68.224991 149.934875 -110.861214 14.359712 150.493195 -75.031029 -43.748165 123.850525 -88.375771 45.155720 126.065971 -41.670601               4392 
-73.940346 136.878845 -102.526115 12.494259 153.279099 -76.390213 -37.787762 113.414322 -95.243256 47.340935 130.400940 -46.053757               4410 
-68.627182 167.893173 -121.158981 17.235826 156.449280 -88.131149 -47.147366 136.891190 -96.521500 40.690006 135.919449 -47.065002               4428 
-56.041458 194.629913 -140.309708 18.171970 154.507507 -96.662811 -50.514648 159.292023 -106.449631 32.536633 129.003922 -54.221966               4446 
-44.757500 205.449570 -144.623779 22.973181 156.892288 -96.255295 -45.514774 169.737839 -106.682549 34.226563 130.631668 -53.339764               4464 
-28.184628 219.582886 -149.989609 29.027651 162.346390 -96.644791 -36.943558 183.647934 -111.890213 33.841751 133.975464 -53.867268               4482 
-18.537136 232.000397 -152.204163 34.138931 169.342789 -99.780113 -30.406120 197.518051 -113.717377 36.775902 139.301147 -57.964470               4500 
-15.069654 236.780960 -157.361557 36.237484 174.287933 -103.215042 -26.996962 208.056931 -114.889236 39.159519 146.786438 -59.704914               4519 
-4.266719 247.684326 -152.434021 44.630554 181.444138 -100.508087 -17.177252 220.745621 -109.647430 45.970619 151.496185 -58.563774               4537 
6.234099 252.991058 -151.050720 52.157677 185.512817 -97.963608 -7.869612 229.732224 -106.487183 51.514397 155.184189 -56.277134               4555 
16.937525 258.453613 -145.483215 59.695892 187.741089 -93.951897 2.308310 236.708878 -100.266403 57.513420 156.322250 -53.134068               4573 
27.945097 262.298279 -142.584671 65.218956 188.090698 -91.697998 12.577663 242.433701 -96.878098 60.941849 157.073685 -50.738842               4591 
31.306568 261.765625 -141.533051 71.409630 189.600372 -89.896545 17.480949 242.709488 -95.194931 68.590439 159.385712 -48.217678               4609 
42.711720 264.305603 -135.900620 79.183929 188.210709 -87.665062 27.841211 244.011444 -91.059006 74.270370 156.124252 -47.611126               4627 
49.177841 265.286285 -134.246567 82.708183 187.402573 -87.132813 33.874439 245.482925 -89.983276 76.181068 154.978409 -47.584461               4645 
60.887802 264.303680 -129.062180 86.661461 181.743378 -85.508606 42.810356 243.771164 -86.725098 75.836494 147.707199 -48.328506               4663 
69.633484 262.212860 -127.067581 92.412735 177.988129 -85.268059 52.101208 242.426743 -84.420860 80.739838 144.033920 -48.269993               4681 
71.065598 255.006973 -127.905525 104.245316 177.386612 -80.686058 53.095181 233.304214 -86.537285 94.952881 142.469406 -43.910503               4699 
72.548843 245.784241 -134.682266 109.441147 174.889175 -80.186813 54.401104 225.803604 -92.534988 101.140297 141.988068 -41.371689               4718 
81.329636 247.342850 -133.088104 115.444489 173.806808 -80.277122 60.879997 225.152679 -93.027557 105.124016 138.695282 -43.963631               4736 
75.100388 245.087769 -128.359940 120.551620 174.789185 -79.313515 57.695030 215.999817 -90.030342 116.508430 135.879883 -45.731956               4754 
81.165092 242.533463 -130.400253 120.640503 170.786865 -77.954903 59.841663 212.869904 -93.910172 113.291145 131.404434 -45.504765               4772 
83.193214 241.662399 -130.720413 122.154076 169.250931 -78.553421 61.857494 210.511536 -95.839302 114.681824 128.779709 -47.501087               4790 
80.509903 240.217010 -129.954178 122.837883 168.058762 -79.945908 61.983597 206.340729 -97.311920 117.445107 126.250351 -50.264664               4808 
78.547165 236.541351 -130.635788 124.140129 165.678802 -81.532982 63.286701 200.569839 -100.141396 120.788406 123.314690 -52.343098               4826 
80.732101 230.841476 -129.602905 124.205017 157.824387 -81.651428 66.155312 192.931168 -103.054169 119.723305 114.124451 -54.665676               4844 
76.555473 218.380096 -132.755768 127.783943 151.992661 -82.788094 67.256172 180.073212 -105.269867 128.148987 109.177849 -54.069450               4862 
76.878723 205.106415 -137.468979 128.793686 144.653900 -81.030464 68.691002 167.441650 -109.027176 130.045975 103.305931 -50.260700               4880 
80.001137 198.023285 -130.970459 129.680145 132.010193 -78.865929 71.160744 156.738510 -108.361366 130.166763 87.015404 -53.701790               4898 
68.546013 133.951370 -132.439758 123.651443 126.155266 -82.812386 64.126892 134.957520 -118.447502 130.151154 86.617233 -50.370144               4916 
77.220078 108.328514 -111.756248 122.278709 124.509224 -83.908813 63.258183 129.370316 -120.794037 129.890076 86.742317 -49.649082               4934 
80.032097 103.909622 -105.932426 122.326454 123.792168 -84.046158 64.455887 128.672882 -121.601692 129.814072 86.013840 -49.771755               4952 
81.290855 101.941330 -103.544495 122.959557 122.067772 -84.030182 69.170753 127.172691 -123.657242 129.843369 83.623314 -50.375492               4971 
79.891724 94.517487 -110.432243 117.158356 120.528435 -89.966988 72.427406 115.730820 -135.507629 127.298225 83.664948 -55.379887               4989 
79.546509 91.711815 -113.138489 114.830963 119.910866 -92.348793 75.001122 109.719643 -140.669708 126.159927 83.877060 -57.260036               5007 
79.322670 90.700035 -113.712891 114.041962 119.658134 -93.165642 75.688812 107.635498 -142.104477 126.085106 83.925552 -58.006767               5025 
79.271957 90.325798 -113.865021 113.765350 119.569534 -93.452019 75.988060 106.882629 -142.630539 126.056602 83.946953 -58.267384               5043 
78.834969 89.674889 -114.016739 112.979393 119.417618 -93.830116 75.046600 105.954636 -142.930923 125.872589 83.982674 -58.671448               5061 
78.504852 88.840347 -114.367294 112.095680 119.045441 -94.016747 74.230537 105.074562 -143.278519 125.638321 83.555046 -59.159462               5079 
78.320900 88.338692 -114.558174 111.569183 118.823708 -94.127937 73.138329 104.396225 -143.374268 125.500992 83.310051 -59.448170               5097 
78.222153 88.035576 -114.653938 111.257668 118.692513 -94.193726 72.480797 103.908661 -143.454498 125.420418 83.168549 -59.618221               5115 
79.628616 86.982124 -114.749329 113.136093 116.697502 -93.726036 74.294617 103.085999 -143.514969 126.069809 80.570587 -59.293980               5133 
79.865822 86.607925 -114.618904 112.981926 116.701111 -93.557167 73.526573 102.556366 -143.233109 126.271217 80.693245 -59.135815               5151 
78.837112 85.596748 -114.213593 112.906311 114.756279 -93.399925 71.992996 101.804901 -142.559174 125.842514 78.152161 -59.476555               5169 
80.314476 85.153053 -114.253403 113.581001 114.168617 -92.024490 73.522629 101.771133 -142.371017 125.970703 76.981255 -58.534241               5187 
81.173363 84.908714 -114.253250 113.963104 113.835808 -91.245537 74.321541 101.727386 -142.247070 126.061134 76.318230 -58.017979               5206 
81.529541 84.699287 -114.264297 114.074745 113.672905 -90.996948 74.400032 101.415550 -142.235840 126.078735 76.097343 -57.800819               5224 
81.976326 82.032631 -114.619888 112.433380 111.749596 -89.557236 77.673050 97.511185 -143.863968 120.780128 75.523140 -53.836414               5242 
84.005684 78.802971 -114.752663 113.022392 109.142715 -88.765930 82.136002 92.953163 -144.922592 117.984283 74.405106 -50.994526               5260 
84.246368 78.686981 -115.042419 112.752861 108.339760 -87.750076 83.335121 93.237854 -145.074692 116.245285 72.976280 -50.397320               5278 
83.001045 78.870895 -114.639359 111.869926 108.082611 -87.269630 81.966164 93.269684 -144.728592 114.570076 72.722168 -49.848377               5296 
82.216515 78.388992 -114.292633 111.204170 107.742432 -87.217667 77.570389 93.246552 -144.003494 113.410896 72.896416 -49.285004               5314 
78.702110 78.076820 -112.141594 109.178482 107.850388 -87.264458 70.507103 92.515091 -141.953552 110.644867 75.252998 -47.348782               5332 
78.041878 77.768318 -110.353668 108.897598 108.127190 -86.697083 68.751862 91.470947 -140.758224 108.896309 77.813011 -44.995140               5350 
77.286293 81.103851 -108.329391 109.500504 108.863777 -83.343849 69.558136 95.931557 -138.949905 105.330009 78.646065 -41.780666               5368 
72.279152 92.498055 -98.279663 110.812927 115.337875 -77.653290 63.181755 108.240120 -128.249664 106.675804 86.640205 -35.023148               5386 
79.619644 103.460640 -101.590027 117.794525 129.127457 -83.836075 71.036530 114.685875 -133.717865 112.822891 106.981483 -37.545258               5404 
88.450096 108.644249 -110.862595 120.961784 135.024414 -84.828636 82.301888 123.779442 -141.963715 113.377724 105.630371 -43.157627               5422 
94.561729 114.320526 -111.662773 125.644417 141.137131 -84.370987 89.723900 129.201996 -143.149765 116.330811 112.008209 -42.864803               5440 
131.085159 168.145126 -118.733574 130.109589 130.646042 -52.256294 128.803375 155.498779 -115.884148 93.036598 97.090569 -39.701412               5458 
155.590668 184.800674 -104.191711 135.406662 122.486992 -45.031567 136.460846 157.361847 -103.766998 90.935715 98.632164 -34.482483               5477 
160.165833 189.929337 -94.879890 138.008667 120.320671 -40.792252 136.847290 159.987183 -96.508018 93.242844 97.221718 -29.816782               5495 
163.075089 195.573166 -89.786087 138.347290 122.044022 -39.932178 137.748215 163.754608 -94.190079 93.670654 97.952759 -30.898279               5513 
164.237595 198.753723 -81.259598 139.570847 121.237358 -36.860527 139.498795 165.775528 -88.855057 95.474350 95.186707 -30.956024               5531 
160.530060 205.558411 -73.904472 140.810532 123.978142 -33.879471 138.968658 170.188217 -84.383980 99.248863 93.585922 -31.244707               5549 
157.871872 212.261597 -63.747959 143.348267 126.576073 -29.946945 139.097565 175.612930 -77.578957 104.403481 92.799713 -30.626400               5567 
153.425858 218.351425 -52.566231 146.097794 129.954147 -23.081964 136.374100 180.774017 -67.982643 109.732651 93.423409 -24.122210               5585 
144.936890 221.469147 -43.560146 143.799606 132.443176 -14.509131 133.434799 181.976318 -60.703144 111.927177 92.175400 -19.054031               5603 
131.471039 224.933105 -37.386959 154.431961 140.917755 -2.861426 127.037292 182.304611 -50.115322 132.242340 94.473656 0.065692               5621 
124.496765 232.946152 -31.582207 146.442032 148.740829 3.170718 117.878769 190.230331 -43.308350 122.867805 103.166893 8.197970               5639 
114.737854 234.784302 -22.213202 143.948730 150.874390 7.752788 109.940910 191.990616 -35.277725 123.652893 103.712112 12.421773               5657 
113.024849 241.522186 -15.023091 133.334305 155.182297 15.553663 100.032494 199.571487 -24.716549 107.166191 111.917442 25.622641               5675 
107.748817 239.735565 -9.709801 134.982407 153.668564 16.102772 98.722359 197.459000 -22.250315 112.666893 107.664909 22.712101               5693 
108.883026 241.227356 -6.798233 136.562286 154.959869 17.875666 98.669731 199.888474 -17.800291 114.225967 109.114532 25.445044               5712 
113.683624 241.938583 -7.502445 139.348099 155.092850 17.380182 100.616600 203.838211 -13.551843 115.879189 109.961372 25.768383               5730 
128.882797 245.964798 -12.420331 144.333160 156.248978 2.351778 82.736023 199.296616 6.816777 139.328949 107.816315 19.299833               5748 
140.151245 248.951157 -31.247110 153.870255 155.000732 -17.457491 84.041298 196.198395 -7.926663 151.963287 106.774025 0.668424               5766 
128.264557 237.219757 -74.622971 156.443390 152.726685 -37.063705 80.729584 180.798782 -42.298851 161.688782 111.036812 -7.189939               5784 
123.666481 214.619522 -113.204491 160.660461 144.765762 -57.237282 82.843185 159.702499 -71.075348 169.803421 111.696518 -18.755693               5802 
134.505920 189.339523 -139.502243 165.556870 136.017380 -64.767647 91.502029 137.707153 -95.626778 169.651245 111.874046 -19.398745               5820 
142.309433 165.628387 -161.579483 169.631149 124.778542 -78.008881 98.818787 117.382271 -114.660522 171.097107 107.182426 -29.570995               5838 
168.533478 133.880875 -178.153931 186.225967 108.840118 -86.324203 124.258835 88.326286 -132.224731 181.506439 96.970421 -36.375851               5874 
999.000000 999.000000 999.000000 999.000000 999.000000 999.000000 999.000000 999.000000 999.000000 999.000000 999.000000 999.000000             5911.0 
999.000000 999.000000 999.000000 999.000000 999.000000 999.000000 999.000000 999.000000 999.000000 999.000000 999.000000 999.000000             5928.0 
999.000000 999.000000 999.000000 999.000000 999.000000 999.000000 999.000000 999.000000 999.000000 999.000000 999.000000 999.000000             5947.0 
999.000000 999.000000 999.000000 999.000000 999.000000 999.000000 999.000000 999.000000 999.000000 999.000000 999.000000 999.000000             5965.0 
999.000000 999.000000 999.000000 999.000000 999.000000 999.000000 999.000000 999.000000 999.000000 999.000000 999.000000 999.000000             5983.0 
999.000000 999.000000 999.000000 999.000000 999.000000 999.000000 999.000000 999.000000 999.000000 999.000000 999.000000 999.000000             6001.0 
999.000000 999.000000 999.000000 999.000000 999.000000 999.000000 999.000000 999.000000 999.000000 999.000000 999.000000 999.000000             6019.0 
999.000000 999.000000 999.000000 999.000000 999.000000 999.000000 999.000000 999.000000 999.000000 999.000000 999.000000 999.000000             6037.0 
999.000000 999.000000 999.000000 999.000000 999.000000 999.000000 999.000000 999.000000 999.000000 999.000000 999.000000 999.000000             6055.0 
999.000000 999.000000 999.000000 999.000000 999.000000 999.000000 999.000000 999.000000 999.000000 999.000000 999.000000 999.000000             6073.0 
999.000000 999.000000 999.000000 999.000000 999.000000 999.000000 999.000000 999.000000 999.000000 999.000000 999.000000 999.000000             6091.0 
999.000000 999.000000 999.000000 999.000000 999.000000 999.000000 999.000000 999.000000 999.000000 999.000000 999.000000 999.000000             6109.0 
999.000000 999.000000 999.000000 999.000000 999.000000 999.000000 999.000000 999.000000 999.000000 999.000000 999.000000 999.000000             6127.0 
999.000000 999.000000 999.000000 999.000000 999.000000 999.000000 999.000000 999.000000 999.000000 999.000000 999.000000 999.000000             6146.0 
999.000000 999.000000 999.000000 999.000000 999.000000 999.000000 999.000000 999.000000 999.000000 999.000000 999.000000 999.000000             6163.0 
999.000000 999.000000 999.000000 999.000000 999.000000 999.000000 999.000000 999.000000 999.000000 999.000000 999.000000 999.000000             6182.0 
999.000000 999.000000 999.000000 999.000000 999.000000 999.000000 999.000000 999.000000 999.000000 999.000000 999.000000 999.000000             6200.0 
999.000000 999.000000 999.000000 999.000000 999.000000 999.000000 999.000000 999.000000 999.000000 999.000000 999.000000 999.000000             6218.0 
999.000000 999.000000 999.000000 999.000000 999.000000 999.000000 999.000000 999.000000 999.000000 999.000000 999.000000 999.000000             6236.0 
999.000000 999.000000 999.000000 999.000000 999.000000 999.000000 999.000000 999.000000 999.000000 999.000000 999.000000 999.000000             6254.0 
999.000000 999.000000 999.000000 999.000000 999.000000 999.000000 999.000000 999.000000 999.000000 999.000000 999.000000 999.000000             6272.0 
999.000000 999.000000 999.000000 999.000000 999.000000 999.000000 999.000000 999.000000 999.000000 999.000000 999.000000 999.000000             6290.0 
999.000000 999.000000 999.000000 999.000000 999.000000 999.000000 999.000000 999.000000 999.000000 999.000000 999.000000 999.000000             6308.0 
999.000000 999.000000 999.000000 999.000000 999.000000 999.000000 999.000000 999.000000 999.000000 999.000000 999.000000 999.000000             6326.0 
999.000000 999.000000 999.000000 999.000000 999.000000 999.000000 999.000000 999.000000 999.000000 999.000000 999.000000 999.000000             6344.0 
999.000000 999.000000 999.000000 999.000000 999.000000 999.000000 999.000000 999.000000 999.000000 999.000000 999.000000 999.000000             6362.0 
999.000000 999.000000 999.000000 999.000000 999.000000 999.000000 999.000000 999.000000 999.000000 999.000000 999.000000 999.000000             6380.0 
999.000000 999.000000 999.000000 999.000000 999.000000 999.000000 999.000000 999.000000 999.000000 999.000000 999.000000 999.000000             6398.0 
999.000000 999.000000 999.000000 999.000000 999.000000 999.000000 999.000000 999.000000 999.000000 999.000000 999.000000 999.000000             6417.0 
999.000000 999.000000 999.000000 999.000000 999.000000 999.000000 999.000000 999.000000 999.000000 999.000000 999.000000 999.000000             6435.0 
999.000000 999.000000 999.000000 999.000000 999.000000 999.000000 999.000000 999.000000 999.000000 999.000000 999.000000 999.000000             6453.0 
999.000000 999.000000 999.000000 999.000000 999.000000 999.000000 999.000000 999.000000 999.000000 999.000000 999.000000 999.000000             6471.0 
999.000000 999.000000 999.000000 999.000000 999.000000 999.000000 999.000000 999.000000 999.000000 999.000000 999.000000 999.000000             6489.0 
999.000000 999.000000 999.000000 999.000000 999.000000 999.000000 999.000000 999.000000 999.000000 999.000000 999.000000 999.000000             6525.0 
999.000000 999.000000 999.000000 999.000000 999.000000 999.000000 999.000000 999.000000 999.000000 999.000000 999.000000 999.000000             6561.0 
999.000000 999.000000 999.000000 999.000000 999.000000 999.000000 999.000000 999.000000 999.000000 999.000000 999.000000 999.000000             6579.0 
999.000000 999.000000 999.000000 999.000000 999.000000 999.000000 999.000000 999.000000 999.000000 999.000000 999.000000 999.000000             6597.0 
999.000000 999.000000 999.000000 999.000000 999.000000 999.000000 999.000000 999.000000 999.000000 999.000000 999.000000 999.000000             6615.0 
999.000000 999.000000 999.000000 999.000000 999.000000 999.000000 999.000000 999.000000 999.000000 999.000000 999.000000 999.000000             6633.0 
999.000000 999.000000 999.000000 999.000000 999.000000 999.000000 999.000000 999.000000 999.000000 999.000000 999.000000 999.000000             6652.0 
999.000000 999.000000 999.000000 999.000000 999.000000 999.000000 999.000000 999.000000 999.000000 999.000000 999.000000 999.000000             6670.0 
999.000000 999.000000 999.000000 999.000000 999.000000 999.000000 999.000000 999.000000 999.000000 999.000000 999.000000 999.000000             6688.0 
999.000000 999.000000 999.000000 999.000000 999.000000 999.000000 999.000000 999.000000 999.000000 999.000000 999.000000 999.000000             6706.0 
999.000000 999.000000 999.000000 999.000000 999.000000 999.000000 999.000000 999.000000 999.000000 999.000000 999.000000 999.000000             6724.0 
999.000000 999.000000 999.000000 999.000000 999.000000 999.000000 999.000000 999.000000 999.000000 999.000000 999.000000 999.000000             6742.0 
999.000000 999.000000 999.000000 999.000000 999.000000 999.000000 999.000000 999.000000 999.000000 999.000000 999.000000 999.000000             6760.0 
999.000000 999.000000 999.000000 999.000000 999.000000 999.000000 999.000000 999.000000 999.000000 999.000000 999.000000 999.000000             6778.0 
999.000000 999.000000 999.000000 999.000000 999.000000 999.000000 999.000000 999.000000 999.000000 999.000000 999.000000 999.000000             6796.0 
999.000000 999.000000 999.000000 999.000000 999.000000 999.000000 999.000000 999.000000 999.000000 999.000000 999.000000 999.000000             6814.0 
999.000000 999.000000 999.000000 999.000000 999.000000 999.000000 999.000000 999.000000 999.000000 999.000000 999.000000 999.000000             6832.0 
999.000000 999.000000 999.000000 999.000000 999.000000 999.000000 999.000000 999.000000 999.000000 999.000000 999.000000 999.000000             6850.0 
999.000000 999.000000 999.000000 999.000000 999.000000 999.000000 999.000000 999.000000 999.000000 999.000000 999.000000 999.000000             6869.0 
999.000000 999.000000 999.000000 999.000000 999.000000 999.000000 999.000000 999.000000 999.000000 999.000000 999.000000 999.000000             6887.0 
999.000000 999.000000 999.000000 999.000000 999.000000 999.000000 999.000000 999.000000 999.000000 999.000000 999.000000 999.000000             6905.0 
999.000000 999.000000 999.000000 999.000000 999.000000 999.000000 999.000000 999.000000 999.000000 999.000000 999.000000 999.000000             6923.0 
999.000000 999.000000 999.000000 999.000000 999.000000 999.000000 999.000000 999.000000 999.000000 999.000000 999.000000 999.000000             6941.0 
999.000000 999.000000 999.000000 999.000000 999.000000 999.000000 999.000000 999.000000 999.000000 999.000000 999.000000 999.000000             6959.0 
999.000000 999.000000 999.000000 999.000000 999.000000 999.000000 999.000000 999.000000 999.000000 999.000000 999.000000 999.000000             6977.0 
999.000000 999.000000 999.000000 999.000000 999.000000 999.000000 999.000000 999.000000 999.000000 999.000000 999.000000 999.000000             6995.0 
999.000000 999.000000 999.000000 999.000000 999.000000 999.000000 999.000000 999.000000 999.000000 999.000000 999.000000 999.000000             7013.0 
999.000000 999.000000 999.000000 999.000000 999.000000 999.000000 999.000000 999.000000 999.000000 999.000000 999.000000 999.000000             7031.0 
999.000000 999.000000 999.000000 999.000000 999.000000 999.000000 999.000000 999.000000 999.000000 999.000000 999.000000 999.000000             7049.0 
999.000000 999.000000 999.000000 999.000000 999.000000 999.000000 999.000000 999.000000 999.000000 999.000000 999.000000 999.000000             7067.0 
999.000000 999.000000 999.000000 999.000000 999.000000 999.000000 999.000000 999.000000 999.000000 999.000000 999.000000 999.000000             7085.0 
999.000000 999.000000 999.000000 999.000000 999.000000 999.000000 999.000000 999.000000 999.000000 999.000000 999.000000 999.000000             7103.0 
999.000000 999.000000 999.000000 999.000000 999.000000 999.000000 999.000000 999.000000 999.000000 999.000000 999.000000 999.000000             7122.0 
999.000000 999.000000 999.000000 999.000000 999.000000 999.000000 999.000000 999.000000 999.000000 999.000000 999.000000 999.000000             7140.0 
999.000000 999.000000 999.000000 999.000000 999.000000 999.000000 999.000000 999.000000 999.000000 999.000000 999.000000 999.000000             7158.0 
999.000000 999.000000 999.000000 999.000000 999.000000 999.000000 999.000000 999.000000 999.000000 999.000000 999.000000 999.000000             7176.0 
999.000000 999.000000 999.000000 999.000000 999.000000 999.000000 999.000000 999.000000 999.000000 999.000000 999.000000 999.000000             7194.0 
999.000000 999.000000 999.000000 999.000000 999.000000 999.000000 999.000000 999.000000 999.000000 999.000000 999.000000 999.000000             7212.0 
999.000000 999.000000 999.000000 999.000000 999.000000 999.000000 999.000000 999.000000 999.000000 999.000000 999.000000 999.000000             7230.0 
999.000000 999.000000 999.000000 999.000000 999.000000 999.000000 999.000000 999.000000 999.000000 999.000000 999.000000 999.000000             7248.0 
999.000000 999.000000 999.000000 999.000000 999.000000 999.000000 999.000000 999.000000 999.000000 999.000000 999.000000 999.000000             7266.0 
999.000000 999.000000 999.000000 999.000000 999.000000 999.000000 999.000000 999.000000 999.000000 999.000000 999.000000 999.000000             7284.0 
999.000000 999.000000 999.000000 999.000000 999.000000 999.000000 999.000000 999.000000 999.000000 999.000000 999.000000 999.000000             7302.0 
999.000000 999.000000 999.000000 999.000000 999.000000 999.000000 999.000000 999.000000 999.000000 999.000000 999.000000 999.000000             7320.0 
999.000000 999.000000 999.000000 999.000000 999.000000 999.000000 999.000000 999.000000 999.000000 999.000000 999.000000 999.000000             7338.0 
999.000000 999.000000 999.000000 999.000000 999.000000 999.000000 999.000000 999.000000 999.000000 999.000000 999.000000 999.000000             7357.0 
999.000000 999.000000 999.000000 999.000000 999.000000 999.000000 999.000000 999.000000 999.000000 999.000000 999.000000 999.000000             7375.0 
999.000000 999.000000 999.000000 999.000000 999.000000 999.000000 999.000000 999.000000 999.000000 999.000000 999.000000 999.000000             7393.0 
999.000000 999.000000 999.000000 999.000000 999.000000 999.000000 999.000000 999.000000 999.000000 999.000000 999.000000 999.000000             7411.0 
999.000000 999.000000 999.000000 999.000000 999.000000 999.000000 999.000000 999.000000 999.000000 999.000000 999.000000 999.000000             7429.0 
999.000000 999.000000 999.000000 999.000000 999.000000 999.000000 999.000000 999.000000 999.000000 999.000000 999.000000 999.000000             7447.0 
999.000000 999.000000 999.000000 999.000000 999.000000 999.000000 999.000000 999.000000 999.000000 999.000000 999.000000 999.000000             7465.0 
999.000000 999.000000 999.000000 999.000000 999.000000 999.000000 999.000000 999.000000 999.000000 999.000000 999.000000 999.000000             7483.0 
999.000000 999.000000 999.000000 999.000000 999.000000 999.000000 999.000000 999.000000 999.000000 999.000000 999.000000 999.000000             7501.0 
999.000000 999.000000 999.000000 999.000000 999.000000 999.000000 999.000000 999.000000 999.000000 999.000000 999.000000 999.000000             7519.0 
999.000000 999.000000 999.000000 999.000000 999.000000 999.000000 999.000000 999.000000 999.000000 999.000000 999.000000 999.000000             7537.0 
999.000000 999.000000 999.000000 999.000000 999.000000 999.000000 999.000000 999.000000 999.000000 999.000000 999.000000 999.000000             7555.0 
999.000000 999.000000 999.000000 999.000000 999.000000 999.000000 999.000000 999.000000 999.000000 999.000000 999.000000 999.000000             7573.0 
-5.438300 162.757309 73.296432 57.227375 171.774780 76.098625 -3.738572 177.275818 87.690674 84.862556 130.800842 94.893181               7592 
-11.232464 165.893097 77.616943 51.951828 169.106293 77.988495 -7.730627 179.957611 92.242599 76.420715 125.398895 94.921860               7610 
-15.033576 164.831467 81.014374 48.178955 165.009537 80.189262 -10.630511 178.002075 96.224083 70.801620 119.407539 94.488708               7628 
-19.922649 158.831909 85.465271 43.229256 159.734375 82.563950 -15.208704 172.473114 100.128693 66.930359 114.893486 97.508980               7646 
-27.692783 157.560593 92.567345 36.978359 159.737930 85.253311 -20.579676 169.479691 107.112831 64.057999 116.283455 98.451950               7664 
-31.849440 158.483017 95.363106 35.014885 155.415161 85.234108 -21.163858 166.316437 109.945755 61.401142 110.950432 96.300064               7682 
-29.599653 156.523819 96.704666 37.226528 147.248108 84.994057 -17.391747 161.330261 111.763161 59.795052 100.022011 92.487953               7700 
-29.974058 153.567749 96.447365 37.304123 145.573257 85.984703 -18.086679 158.607239 111.937286 60.729683 98.832703 93.881889               7718 
-29.402264 151.648804 97.499573 37.824345 143.490356 86.665428 -17.435577 156.271286 113.154350 61.107960 96.517883 93.540138               7736 
-28.936121 149.571976 97.679070 38.345531 141.058716 86.987656 -16.978754 153.348145 113.571220 61.301117 93.737640 92.424454               7754 
-10.882672 129.211319 88.700874 33.118790 148.103271 85.278183 -27.279392 160.031723 113.478806 61.854240 105.247208 96.829506               7772 
-6.111895 124.844948 88.152405 31.352230 149.445496 85.767128 -32.668446 162.975739 110.553810 60.529034 108.476654 102.078781               7790 
-5.719564 123.347214 88.041267 31.751362 147.986664 86.369431 -32.460552 162.727524 110.305267 59.899090 106.272362 102.599800               7808 
-7.155215 120.686958 85.774422 32.256844 141.992386 82.579895 -29.071009 162.242111 109.700615 57.168846 97.537796 96.686020               7827 
-7.138618 119.596970 86.273407 32.832424 139.738281 82.176208 -26.953949 161.565430 111.142242 56.729099 94.262573 94.694626               7845 
-6.567791 117.320465 87.061813 32.885597 138.082108 81.173691 -26.365242 159.609818 111.026772 58.020607 93.351639 93.949387               7863 
-5.963171 116.174232 87.873032 32.975002 137.799820 81.266754 -26.555693 158.208817 110.639145 59.295280 93.812126 94.233177               7881 
-5.905138 115.627968 88.201111 32.986862 137.678406 81.369209 -26.897795 157.311661 109.483818 59.854019 94.060928 94.464005               7899 
-6.052762 114.995895 88.795311 32.962326 137.422333 81.732185 -27.312883 155.746719 107.376595 60.366749 94.161194 94.895477               7917 
-6.008288 114.635689 89.249519 33.067757 137.313965 81.998192 -27.435171 154.831131 105.927879 60.779499 94.258865 95.193642               7935 
-5.929402 114.224205 89.651634 33.124657 137.212494 82.279053 -27.548876 153.171219 103.468140 61.169003 94.375710 95.482330               7953 
-5.776427 113.503868 90.770386 33.313828 136.792160 83.365532 -27.469149 151.075485 102.397400 61.661259 93.988441 96.017311               7971 
-6.336363 114.244339 94.377159 32.162029 138.446365 86.340401 -28.420273 148.677063 102.829552 61.601517 95.715561 96.498947               7989 
-7.264892 114.983406 95.856407 31.502644 138.977539 87.998077 -28.803013 147.355972 101.554573 60.500751 95.435173 95.677544               8007 
-7.968410 115.326614 96.575974 31.147020 139.128128 88.808815 -29.082169 146.605545 100.546608 59.808029 95.153297 95.177757               8025 
-9.741382 116.398247 97.338531 32.201939 136.199921 88.742485 -26.632015 148.462234 103.396042 56.680271 89.411690 91.476372               8043 
-10.459122 117.179138 98.559875 32.843479 135.425980 89.093597 -25.409641 148.650070 105.538193 56.157707 87.977524 90.038162               8062 
-11.381814 117.288849 98.844345 32.882519 135.056305 89.165169 -25.499475 148.012512 105.771049 56.277134 87.643700 89.898857               8080 
-12.548273 117.631409 99.387108 32.391495 135.111374 89.563408 -26.416851 147.589508 105.375275 56.007843 87.819664 90.814232               8098 
-13.453295 117.406082 99.601395 32.238903 134.238663 89.382607 -26.610489 146.865250 105.535278 55.644028 86.839027 90.512253               8116 
-14.599558 117.628983 99.879066 32.075375 134.018646 89.414764 -27.104425 145.931595 105.639809 55.914566 86.835258 90.520721               8134 
-15.758687 117.420219 100.004181 31.650009 133.679428 89.461838 -27.935280 144.820267 105.252861 55.924034 86.723694 90.778168               8152 
-16.772589 117.178001 100.133446 31.377874 133.287033 89.516434 -28.534494 143.757477 105.038864 56.032581 86.532944 90.931267               8170 
-17.674604 117.427719 100.463058 31.306704 133.246948 89.657845 -28.873119 143.272003 104.965019 56.254391 86.658295 91.364273               8188 
-18.411978 117.787170 101.084648 31.624380 132.923264 89.886803 -28.803286 142.612869 104.885849 56.754910 86.451775 92.045471               8206 
-18.929115 118.363922 101.856033 32.257504 132.084015 90.296906 -28.136917 142.509430 105.342758 56.786209 85.302933 92.679253               8224 
