-65.872055 140.063995 101.128624 23.919447 100.751778 81.739449 -29.566929 89.514481 87.481430 65.598000 71.114548 86.163559                  0 
-65.414017 139.218597 101.817696 24.097944 99.686905 81.597664 -29.417347 88.635086 87.457069 65.646484 69.795692 85.505913                  8 
-64.089546 139.475662 102.760025 24.696951 98.952736 81.337219 -28.908600 88.540916 87.781693 65.883949 68.487953 84.588127                 17 
-62.966999 139.763596 103.589386 25.208700 98.469910 81.138260 -28.493006 88.597229 88.380295 66.092140 67.544342 83.820442                 27 
-62.486507 139.957687 103.764915 25.502657 98.394470 81.078499 -28.205839 88.694313 88.682449 66.295143 67.339500 83.647949                 36 
-62.203854 140.071533 103.867821 25.675190 98.350189 81.043427 -28.033005 88.744766 88.873138 66.413918 67.219353 83.546936                 45 
-61.975094 140.125000 103.996002 25.824999 98.314934 81.028580 -27.878174 88.760284 88.973137 66.527397 67.130524 83.454903                 54 
-61.691868 140.148651 104.332161 26.001696 98.259003 81.102325 -27.690916 88.756027 89.142662 66.663170 67.010231 83.382500                 63 
-61.570412 140.196655 104.487808 26.078218 98.253754 81.182762 -27.611134 88.777672 89.254860 66.715996 66.971077 83.420052                 72 
-61.533302 140.275040 104.536324 26.102276 98.282936 81.268959 -27.584211 88.820557 89.334923 66.724106 66.981071 83.527336                 81 
-61.520828 139.341293 105.024818 26.266130 97.878235 81.380508 -27.330923 88.119583 89.389160 67.019577 66.730286 83.380898                 90 
-61.713001 138.688400 105.176659 26.272612 97.660461 81.510017 -27.217505 87.643097 89.363487 67.157761 66.683090 83.471436                 99 
-61.857216 138.194748 105.289902 26.277504 97.496040 81.607803 -27.076712 87.285072 89.286186 67.261688 66.648003 83.540558                108 
-62.016617 137.763016 105.381927 26.251680 97.356339 81.695442 -26.972013 86.979813 89.201935 67.321236 66.620590 83.604790                117 
-62.107304 137.468689 105.461502 26.311523 97.415840 81.733856 -26.773758 86.815308 89.232033 67.518654 66.864746 83.642654                126 
-62.299313 136.812683 105.731201 26.279028 97.234695 81.800766 -26.633144 86.384880 89.166962 67.624557 66.863113 83.576797                135 
-62.407475 136.578827 105.821114 26.256048 97.225769 81.833519 -26.529232 86.256317 89.120728 67.679031 66.958328 83.582367                144 
-62.413513 136.798080 105.872749 26.204462 97.347458 81.875458 -26.563177 86.431709 89.241272 67.612045 67.060059 83.643562                153 
-62.372936 137.105530 105.893661 26.191568 97.521584 81.916809 -26.551975 86.676285 89.399696 67.581276 67.212540 83.731804                162 
-62.508842 136.910751 105.733253 26.199360 97.547447 81.923317 -26.485151 86.566032 89.353409 67.677216 67.365311 83.838142                171 
-62.539761 136.779358 105.620071 26.230959 97.485077 81.927711 -26.414978 86.456596 89.334282 67.743324 67.355179 83.915833                180 
-62.291069 137.131210 105.760139 26.249054 97.362572 81.994827 -26.421251 86.626122 89.482819 67.596832 67.004639 83.943443                189 
-61.887798 137.534637 105.375320 26.503180 97.278458 81.875473 -26.229998 86.863312 89.900284 67.736244 66.778404 84.025078                198 
-61.395081 138.353500 105.264465 26.635487 97.256592 81.865540 -26.221678 87.386673 90.444054 67.604698 66.409195 84.102150                207 
-61.262970 140.095520 102.832787 26.950394 98.107384 81.825142 -26.167238 88.785782 91.403816 67.851082 67.316582 85.580215                216 
-62.056259 142.111465 101.395828 26.510742 100.018143 82.159431 -26.799116 90.862823 92.320091 67.479233 69.465416 86.971268                225 
-61.511124 143.732590 100.274330 26.964756 101.067894 81.894455 -26.864227 94.060669 99.204048 67.942558 70.647614 87.414093                234 
-61.384106 143.452988 100.728683 27.078125 100.957626 81.894348 -27.061493 94.864075 103.227814 68.066620 70.498856 87.114174                244 
-62.225159 144.278824 98.187576 27.097996 102.747261 81.372948 -27.284252 96.627838 103.468781 68.486580 73.065590 87.777931                252 
-60.785301 145.637192 98.880432 27.622797 102.687241 80.764908 -26.770494 97.300026 103.569298 68.429817 72.046692 86.331238                261 
-59.356327 148.018661 99.664055 27.828157 102.925369 80.658073 -26.498137 99.002083 104.686142 67.842628 71.168190 85.694328                271 
-57.319984 151.904892 101.389175 27.920681 103.697655 80.874161 -26.331476 101.701157 106.187576 66.626549 70.222900 84.915977                280 
-54.658737 159.701385 101.463280 27.707167 106.657669 80.286621 -25.445663 109.119278 109.905060 64.691803 71.259781 84.050453                289 
-53.538326 163.769592 96.698563 27.980183 108.268517 78.218765 -23.507334 115.872452 112.625938 64.060112 72.124130 83.401657                298 
-52.532570 172.114548 90.848381 27.624300 113.195831 76.862648 -23.349279 125.567024 112.582146 62.557674 76.383171 84.578033                307 
-48.809780 178.549225 86.709869 28.599813 115.330879 74.867386 -20.901539 132.383759 112.705429 61.825596 77.209427 83.690201                316 
-42.092934 185.452896 86.495674 30.048014 116.121819 73.961868 -17.730934 136.825394 113.379913 60.357735 75.533379 82.264854                325 
-37.305012 191.089279 83.376640 30.997511 117.602051 72.051285 -16.605759 140.525681 110.503731 59.060196 75.528114 80.843872                334 
-29.847946 197.506500 81.906937 32.978119 119.197571 69.732338 -13.432299 144.507584 108.315163 58.381287 75.380356 78.085228                343 
-24.642168 203.544724 80.967628 34.367908 122.634819 65.768723 -10.335170 148.744019 105.958885 58.436268 77.824684 72.682945                352 
-19.236258 210.085083 79.859146 35.614155 126.298523 63.946892 -8.268236 153.867416 104.178116 57.551140 80.340912 70.404999                361 
-16.437071 214.188812 76.327347 36.560493 129.004959 61.179123 -7.967948 157.231537 100.412025 57.206299 82.476585 67.804909                370 
-16.431423 219.103500 69.820137 36.787136 133.439392 58.580982 -8.801139 162.924805 95.953667 57.170780 87.101143 67.084785                379 
-14.340775 223.141052 63.836792 38.449669 136.844528 56.545849 -7.834602 167.982697 92.250809 58.174961 90.592400 66.875099                388 
-12.284776 229.294312 59.096985 38.610294 141.885590 54.313328 -8.532369 174.492966 88.327217 56.347553 94.981186 65.286362                397 
-9.787221 236.206406 54.985706 38.227837 147.442200 51.433498 -8.627425 181.951340 84.837364 53.590080 99.714088 62.436653                406 
-8.948830 240.803253 50.179295 38.173561 151.790802 47.993759 -9.558898 186.670578 79.804802 52.253471 103.669289 58.999031                415 
-7.493256 244.774033 44.559593 37.327415 154.824249 44.794853 -10.595357 191.262939 74.627708 49.400124 106.291588 56.365139                424 
-5.305229 249.453583 39.842567 36.340309 158.393799 41.941471 -11.418293 196.644989 69.798531 45.699848 109.273392 53.544250                433 
-4.572338 253.278732 35.016342 36.448730 162.421570 38.329559 -11.997305 201.021378 64.623589 44.490120 112.975517 49.530666                442 
-3.677470 256.645599 29.174797 36.234974 165.797974 34.906235 -12.899624 205.217560 58.862537 42.767342 116.167274 46.271149                451 
-3.099819 259.757080 23.180962 35.608795 168.907700 31.315971 -13.980006 209.224548 53.108566 40.739994 119.171471 42.935741                460 
-3.042587 262.909363 15.536873 35.649704 172.804321 28.186974 -15.619074 213.341003 46.029236 40.053452 123.267532 40.905235                470 
-2.622044 265.055450 9.250365 35.441849 175.242813 24.591623 -16.391283 216.374512 40.527985 39.204910 125.909233 38.269272                479 
-2.275740 268.213318 3.031652 34.914577 178.698853 21.138863 -18.263374 219.847717 33.569553 37.684181 129.361298 35.037575                488 
-1.434539 270.242432 -1.956754 34.892467 180.874802 17.729597 -19.064486 222.169739 27.891129 36.804073 131.478165 31.562809                497 
-3.056408 271.925232 -8.985737 34.940632 183.998627 13.383409 -20.701500 224.124084 21.355711 37.545021 134.883835 28.080168                506 
-4.215487 272.694885 -15.753004 34.994644 186.106873 9.337795 -22.086111 225.187164 15.191869 38.123417 137.342102 25.061911                515 
-6.321830 275.311737 -24.091618 34.557034 190.473068 4.015312 -24.392122 227.881210 7.498775 38.506252 142.153290 20.886690                524 
-8.097240 277.367828 -32.298180 33.886837 194.068390 -1.311471 -26.419132 230.246323 0.361613 38.453838 146.346252 17.040098                533 
-10.185663 277.545837 -39.425163 33.676620 196.191132 -5.785275 -28.407520 230.013901 -6.403692 39.350433 149.045181 13.711046                542 
-13.069804 277.309265 -48.315342 32.250591 198.516159 -10.631804 -31.448631 229.885712 -14.287660 38.800632 152.314606 10.758719                551 
-15.039637 277.125336 -56.936096 31.292175 200.515076 -15.918511 -33.697430 229.919662 -21.432581 38.506763 155.318771 7.325499                560 
-17.074526 275.531616 -64.969933 30.613811 201.730194 -20.292429 -35.778576 228.552429 -27.779148 38.736240 157.800247 4.990483                569 
-18.179092 274.370728 -70.527321 30.637278 202.036209 -24.355963 -37.181862 226.485611 -32.678558 39.641449 158.809586 1.824660                578 
-19.264240 273.958008 -77.838753 29.918108 203.205811 -29.177660 -39.147987 225.597153 -38.410515 39.502460 161.139557 -1.363801                587 
-20.625313 272.028748 -86.899513 29.058577 204.369888 -33.952591 -41.253475 223.769577 -44.894394 39.456661 164.351944 -3.530806                596 
-21.440130 272.193604 -92.856781 28.356800 205.168732 -38.745831 -42.897995 223.136230 -49.513187 39.308250 166.058472 -7.353251                605 
-21.609545 272.120331 -99.131851 27.146862 205.100052 -43.463268 -44.963230 221.639877 -54.814854 38.251305 166.884933 -11.038951                614 
-23.733126 270.382904 -107.119583 25.705460 205.809555 -48.846722 -47.748043 219.226273 -60.822182 37.676601 169.112381 -15.008159                624 
-23.381126 269.986755 -112.597412 25.088482 205.529449 -52.982220 -49.313049 217.684387 -65.166855 37.110649 169.602112 -18.345047                632 
-24.024921 269.720337 -119.139603 23.513405 205.792786 -57.856415 -51.949207 216.243469 -70.497269 35.546402 170.726379 -22.351568                641 
-25.347780 266.518646 -125.248573 22.805153 204.934326 -61.775463 -53.789440 212.678299 -74.034775 35.704472 171.581650 -24.948204                650 
-26.073370 264.232269 -131.110672 22.124872 204.138596 -66.069672 -55.509750 210.120697 -78.080696 35.302750 171.832413 -28.417397                660 
-27.960485 261.358032 -136.071930 21.338100 203.351440 -69.786377 -57.284096 207.173294 -80.714798 35.426083 172.421844 -31.316526                668 
-30.380173 257.505829 -142.203583 20.065046 202.540100 -73.962692 -59.251602 202.845810 -84.633263 35.152134 173.526794 -34.394421                678 
-33.805573 253.550446 -146.070816 19.077908 201.330719 -77.286606 -60.653667 198.025284 -86.329247 35.955963 174.124344 -37.161983                686 
-34.559071 252.562363 -147.328812 18.868484 199.829559 -79.067741 -61.093315 194.200012 -86.491524 37.116085 173.830322 -38.742752                695 
-36.130638 250.864319 -148.687637 18.314667 198.434601 -80.679703 -61.654179 189.912720 -86.944244 37.882694 173.709366 -40.172981                704 
-43.116028 245.091461 -150.224487 17.518497 198.645813 -82.993767 -61.296631 183.239807 -86.619118 40.460907 176.773865 -42.616737                713 
-46.941071 237.898834 -153.213531 17.296556 198.356537 -84.908348 -59.666168 178.561096 -86.842133 42.226830 180.204880 -43.871304                722 
-48.907223 233.629486 -154.673416 17.583258 198.037216 -86.326248 -57.418571 175.222443 -87.800194 43.804970 181.988388 -45.217888                732 
-51.394852 226.304871 -157.407593 18.092234 197.504700 -88.814873 -54.391579 171.001297 -88.421776 46.019157 185.200623 -47.538521                741 
-52.223209 223.153244 -161.100616 18.026939 197.547073 -92.000854 -52.948612 169.212982 -91.425339 46.399761 187.066711 -50.525738                750 
-55.004955 213.869812 -164.418350 16.657036 195.729645 -94.394180 -52.079803 163.969559 -92.223267 45.735600 189.245773 -52.591827                759 
-56.437298 213.976288 -166.217331 15.548352 194.871841 -96.769241 -52.891708 163.233307 -94.836319 44.883598 187.955978 -55.216213                768 
-57.130398 213.612701 -167.177399 15.098204 194.230682 -98.045631 -52.592201 161.886169 -96.733322 44.592834 187.145172 -56.634247                777 
-57.435951 211.745453 -167.887405 15.123597 192.954971 -98.926941 -52.729652 161.900543 -96.380898 44.944931 186.563828 -57.636734                786 
-58.581524 211.996902 -168.914886 14.376261 192.463364 -100.600792 -53.591297 162.351761 -97.671608 44.537075 185.713699 -59.615334                795 
-58.734718 214.241531 -170.297165 13.755683 192.535019 -102.155396 -54.439835 163.755417 -100.208092 43.754154 184.639832 -61.255543                804 
-58.481174 215.009613 -170.715012 13.778378 192.543732 -102.696945 -54.483608 164.616333 -101.474968 43.665913 183.957260 -61.855206                813 
-57.826397 216.217224 -170.935562 14.021685 192.757645 -102.964020 -54.286793 165.539597 -102.754227 43.679642 183.294907 -62.148552                822 
-56.042576 219.490036 -171.245544 14.670300 193.412140 -103.153145 -53.670376 167.553329 -104.859901 43.738293 182.362335 -62.312061                831 
-54.148800 222.315796 -171.668015 15.351844 193.752823 -103.377861 -52.952190 168.914703 -106.925262 43.794815 181.311829 -62.496826                840 
-53.612614 223.289627 -171.461990 15.251251 193.578430 -103.029816 -51.657654 166.472855 -110.010201 43.180645 179.966797 -62.167702                849 
-52.446003 225.464127 -171.614029 15.418564 193.929932 -103.004456 -50.072681 165.139099 -113.843178 42.638771 178.804169 -62.196217                858 
-47.966629 234.561935 -172.090942 16.859070 196.633789 -103.766533 -45.339527 166.048157 -124.083366 42.185577 177.084778 -63.623734                867 
-46.229866 244.222305 -169.845261 18.319918 200.188980 -104.994621 -41.332325 169.724670 -131.751892 43.429211 176.561539 -66.964264                876 
-37.276272 197.582123 -156.758453 19.126040 205.146164 -104.903839 -36.365170 170.705368 -135.313614 47.300499 180.772324 -69.588745                885 
-22.185926 221.431473 -147.099197 36.607651 208.190475 -92.555130 -27.179831 190.520920 -118.448448 59.052628 177.026596 -58.495235                894 
-10.270729 233.917206 -142.213669 46.189877 210.889954 -86.518738 -18.701759 202.363449 -112.367752 63.606350 177.200745 -51.924751                904 
-3.400555 240.627625 -139.936829 52.205143 213.688248 -84.109863 -12.382214 209.330429 -110.430763 67.180725 178.835190 -49.526100                913 
3.033715 247.589081 -139.759369 57.176289 217.049820 -83.674210 -7.033962 216.557907 -111.080917 69.780716 180.752625 -49.634785                921 
6.453699 247.726074 -138.961609 61.319695 219.511627 -82.030846 -2.706332 217.703171 -109.723076 74.179512 184.072998 -47.191666                930 
10.385362 249.270508 -138.410934 65.488785 221.325684 -81.276100 1.503494 219.638123 -109.031006 78.125465 186.096878 -46.143696                939 
14.896285 250.694855 -136.649368 70.109177 222.646713 -79.440063 6.282396 221.702072 -107.487137 82.126328 187.406708 -44.102116                948 
20.906969 252.048676 -135.424973 74.782951 222.963867 -77.249557 11.638422 222.839920 -106.734421 85.667412 187.373337 -41.895889                958 
25.658852 251.248962 -133.978378 79.647285 224.034760 -74.769173 16.824032 222.695267 -104.808258 90.473602 189.440552 -38.422619                967 
29.197609 250.303955 -133.694534 83.227486 224.622894 -73.629166 20.785963 222.326904 -104.300308 93.882614 190.803757 -36.510773                976 
32.781712 248.207367 -133.853455 86.828835 224.571136 -72.798981 24.903475 220.502579 -104.253532 97.656395 191.616623 -34.959801                985 
38.064438 247.610931 -133.526566 91.456940 224.811127 -71.445663 29.964451 220.373779 -103.584274 101.709633 192.565994 -32.842892                994 
41.078430 245.165314 -132.999741 94.793648 224.011459 -70.520607 33.502739 218.465988 -102.673607 105.288078 192.637634 -31.270256               1003 
45.622868 242.926712 -133.213562 98.335548 223.429428 -69.237106 37.844181 216.918396 -102.490822 108.157867 193.123825 -28.986235               1012 
49.341553 241.016098 -133.448425 101.519638 222.501114 -68.644073 41.655247 215.625031 -102.520813 110.904396 192.921143 -27.754066               1021 
53.548931 239.573914 -132.416321 105.207176 221.676682 -66.917084 45.915993 214.611633 -101.378769 114.205139 192.585434 -25.591839               1030 
61.347343 236.144547 -124.020004 115.568695 216.723129 -60.927052 55.986492 210.006638 -93.995193 126.369453 186.454910 -20.899324               1057 
63.006741 233.968979 -123.756195 117.202087 215.812485 -60.222466 58.036167 208.184647 -93.519699 128.102280 186.203445 -19.731348               1066 
65.060974 231.714722 -124.115868 118.842018 214.683182 -59.859455 60.168438 206.467316 -93.567810 129.441071 185.850723 -18.732958               1075 
70.001816 229.502350 -124.663155 121.852722 212.057327 -58.991901 64.033234 204.956390 -94.316254 130.642624 183.321823 -17.374010               1084 
72.873703 226.403732 -123.798019 124.161041 209.862122 -57.464939 66.795265 202.341476 -93.399284 132.504684 181.562500 -15.458326               1093 
75.382126 223.136536 -120.904297 125.950760 204.664581 -54.584335 69.043053 198.291321 -91.434677 133.823334 175.022141 -13.421386               1102 
77.352272 219.718155 -120.625175 127.355873 203.403503 -53.431477 71.120888 195.488129 -90.985901 135.180222 174.497803 -11.738792               1111 
77.425285 214.520020 -120.530876 128.300934 201.727097 -53.322819 71.743347 191.802887 -89.888161 136.777206 174.723175 -10.497816               1120 
79.403137 213.035873 -121.267166 129.813568 200.635361 -53.669266 73.278168 190.854813 -90.366653 137.780396 174.100296 -10.455148               1129 
79.612106 207.754395 -119.569496 131.212723 197.962997 -52.464272 74.283401 186.334274 -88.031784 140.248199 172.666153 -8.721044               1138 
78.975906 202.136719 -118.538841 131.995697 196.112961 -52.118427 74.743576 181.801224 -86.174728 142.449615 172.632477 -7.683947               1148 
79.404190 199.544159 -118.490227 132.660080 195.074142 -52.119381 75.385071 179.601730 -85.734398 143.536377 172.349594 -7.394208               1156 
78.636261 192.486298 -119.017082 132.231979 193.126984 -52.725090 75.893013 173.019623 -85.550194 144.805618 172.308731 -7.519507               1166 
77.412811 187.100372 -117.422539 132.522110 189.973587 -52.349735 75.359009 168.445679 -82.819504 146.507980 170.787750 -6.837766               1174 
76.338097 181.603622 -115.735352 132.483459 186.695694 -51.608967 75.068024 163.437790 -80.332535 147.810623 168.789124 -6.007729               1183 
77.167465 176.952255 -115.144936 132.940277 183.375732 -50.773899 75.427528 159.187271 -78.670944 148.539413 166.630722 -4.824888               1192 
77.724174 172.014267 -114.289436 133.193451 180.438217 -49.967907 75.745079 154.932388 -76.964806 149.221619 164.958694 -3.723744               1201 
79.039116 170.552551 -114.589478 133.705597 177.691589 -49.497040 75.877441 153.065506 -76.681740 149.354218 161.886017 -3.233181               1211 
79.868050 167.975235 -114.186729 133.954453 176.195099 -48.911995 76.333061 150.291809 -75.869118 150.116516 160.635468 -2.741381               1220 
80.438316 162.966080 -112.968803 134.032852 172.790863 -47.554497 76.067841 146.163498 -73.581573 150.273743 158.493301 -1.005028               1229 
79.038177 159.788788 -111.685867 134.089996 171.023865 -47.766850 75.400040 143.372330 -71.443871 151.982071 157.567245 -1.573420               1238 
77.810013 156.481812 -110.342758 133.514771 168.319733 -47.106056 74.685516 139.683044 -69.681129 152.613800 154.920151 -1.381685               1247 
74.811684 150.127869 -108.359253 131.332153 165.475250 -46.619282 73.646996 133.097794 -67.310707 152.696426 153.351395 -1.545781               1256 
74.272972 146.885391 -106.887375 132.118500 163.759094 -46.769081 73.858719 130.828949 -65.124695 154.636398 152.807205 -1.957915               1265 
72.504288 140.871170 -106.678391 130.279022 159.982574 -47.149143 72.604805 125.387939 -64.469650 153.427490 150.271866 -2.373135               1274 
71.125671 137.405426 -104.887794 130.509872 158.709366 -47.731815 72.580658 123.121902 -62.177017 155.219360 150.453537 -3.501478               1283 
68.522423 130.946655 -103.905785 128.984741 155.620239 -49.289867 72.024773 117.488281 -60.967579 155.620987 149.154663 -5.887714               1292 
67.778084 125.620766 -102.994049 127.922058 152.857971 -49.249939 71.846802 113.096153 -59.761559 154.990173 147.938065 -5.912288               1301 
64.426422 120.366035 -98.412643 130.410904 151.801041 -54.758495 72.714531 112.935234 -54.545467 161.807053 151.176224 -14.151454               1310 
61.743187 117.569160 -95.366356 130.574097 150.394257 -57.513832 72.574463 112.424919 -51.679104 164.368210 151.555573 -18.891954               1319 
60.988422 116.226311 -94.929764 130.378052 149.586914 -58.611031 72.138847 112.277184 -51.131683 164.523010 151.645111 -20.336674               1328 
59.895805 115.175117 -94.957474 129.757172 148.656464 -59.682678 71.666939 111.301910 -51.247055 164.470673 150.834625 -21.929941               1337 
61.280815 119.689407 -98.868324 131.707687 149.094711 -61.270767 71.942963 114.031509 -54.839176 165.772110 148.821335 -22.870495               1346 
60.585766 119.698303 -100.932388 130.438904 148.278656 -61.751553 70.459137 113.236389 -56.569794 163.996017 147.354675 -22.917212               1355 
57.593159 119.831123 -102.815872 127.835838 146.792969 -63.253162 67.381691 112.177444 -58.294819 161.678040 144.605743 -24.717960               1364 
58.822571 124.014847 -107.584152 128.554321 147.834778 -65.255028 66.554375 115.310493 -61.677925 161.298859 144.370987 -25.874357               1373 
59.270092 127.340683 -110.801598 128.312347 149.081177 -66.439064 65.498238 117.200783 -63.126152 160.697418 144.974991 -26.823578               1382 
67.473763 122.540001 -85.435928 127.297096 150.493683 -66.814728 63.731041 118.746155 -63.521629 160.031876 144.629089 -27.711258               1391 
79.139679 120.660469 -104.986099 124.953018 142.243774 -47.956093 54.948326 128.230652 -58.283985 144.601593 131.064957 -1.869138               1400 
90.721443 132.206894 -117.285599 123.596062 138.906525 -37.592892 50.940052 127.999023 -57.334118 136.599319 122.235168 9.183401               1409 
98.083763 145.283188 -117.713715 124.432037 140.323563 -31.027842 51.126190 131.572250 -55.646473 134.537750 119.217415 14.660728               1418 
99.182823 164.593048 -113.720016 123.257523 140.888168 -26.770378 49.694599 135.978592 -54.072678 132.423492 112.623840 15.088352               1428 
99.785675 173.570511 -110.247833 122.644325 142.593491 -24.144472 49.027130 140.099701 -52.612858 131.079773 111.432854 15.766657               1436 
98.463264 184.187485 -106.021812 120.996864 146.816147 -21.831490 47.457386 146.020981 -51.012787 129.290054 112.971611 15.862148               1447 
97.635040 189.888275 -102.273712 119.401932 148.749649 -19.450977 45.748047 150.636551 -48.604088 126.964325 113.332199 16.928339               1455 
91.802826 195.600967 -97.416046 116.955597 150.944016 -16.992016 42.113941 155.293655 -42.416489 125.578362 114.328484 17.936346               1464 
89.506180 212.464340 -85.464714 114.947151 154.099518 -13.315769 39.985115 163.667343 -36.586109 123.192734 113.325073 16.759054               1473 
87.721657 226.203033 -76.088570 111.730400 156.983032 -12.130439 37.522068 169.415283 -36.051918 119.196571 113.560112 14.208630               1482 
83.977257 235.342072 -67.247414 107.304718 158.417740 -11.456750 32.857502 175.674759 -31.380718 113.880646 112.698395 10.938303               1491 
80.209419 241.318451 -59.856152 104.145424 161.938065 -7.414625 29.469959 182.265549 -22.964445 110.333443 115.507507 13.584226               1500 
75.437347 246.223953 -52.811512 101.145020 165.803711 -2.503059 26.475954 187.401138 -14.799415 107.776138 119.106552 17.756350               1509 
69.593399 249.348663 -45.933090 99.595268 169.150650 2.560167 25.037287 190.417511 -6.351649 107.981049 122.540604 22.364775               1518 
63.755367 252.488144 -37.969177 97.280663 171.719025 7.412480 23.497786 193.393845 1.568183 106.985535 124.889870 26.064169               1527 
57.688389 254.998428 -29.032339 94.518890 173.529068 12.629214 22.125519 196.118546 9.875320 105.263443 126.373695 29.832872               1536 
51.224781 256.359924 -20.459909 91.377792 174.746689 17.873604 20.908968 198.254517 17.377592 103.007805 127.344101 33.772579               1545 
44.363277 256.626160 -11.562373 88.309708 175.356720 23.278784 19.572536 198.801300 24.613064 101.228607 127.870026 37.878654               1554 
38.107677 255.946182 -3.005573 85.506897 175.427643 29.010572 18.122730 198.258041 31.597898 99.786476 128.077209 42.760822               1563 
31.631262 254.311340 6.111137 83.629425 175.387833 34.806400 16.859226 196.641891 40.179760 100.014206 128.451065 47.593819               1572 
27.104036 250.703186 15.573138 81.947754 172.707886 41.294884 15.825960 193.020248 48.292877 99.560226 125.925980 52.969376               1581 
23.499496 246.595642 24.470394 80.471588 169.228546 46.943054 15.125428 189.362747 56.338940 98.765007 122.404533 57.330704               1590 
18.464594 243.318848 31.598713 78.903099 168.334671 52.814671 13.909028 187.240402 64.111771 98.747719 122.140663 63.175396               1599 
13.354506 239.258026 38.965206 77.575394 167.218430 58.795380 12.732837 184.325333 71.776009 99.236252 121.799049 68.940659               1609 
8.354229 235.038834 43.845795 75.463409 166.130188 64.100510 10.817482 182.363708 77.719643 98.262566 121.417717 74.872383               1617 
4.357064 232.615768 50.287666 70.031219 161.504990 65.622078 6.939241 180.302353 82.425880 91.075645 115.411949 73.844215               1627 
0.886430 228.709808 54.513405 69.138687 160.341736 69.846809 5.962054 177.972900 87.222061 91.323074 114.818253 78.243614               1636 
-2.350449 225.747345 57.717518 67.662933 159.491333 73.599632 4.368299 176.342072 90.962997 90.647682 114.452507 82.445244               1644 
-5.165935 224.055649 61.958401 66.319016 159.411133 77.428856 3.330667 175.970825 95.660637 89.998199 114.816902 86.685791               1654 
-8.086121 220.572708 64.208580 65.963631 159.114166 79.931526 2.906522 174.389145 98.931572 91.130089 115.525932 90.018944               1663 
-10.981338 216.927887 66.248962 65.105110 158.632431 82.972115 2.008904 173.332916 102.354431 91.299042 115.963058 94.296539               1672 
-13.351431 212.339890 68.751984 63.244148 155.217621 85.161034 0.114555 170.035568 104.400803 89.199448 112.349571 96.282791               1681 
-15.263831 210.248947 70.648590 61.769234 154.083954 87.244095 -1.194075 169.408401 106.597092 87.665779 111.346954 98.989616               1690 
-17.158644 208.785141 72.530159 60.398972 153.537201 89.180565 -2.646374 168.604538 108.075188 86.469841 111.028030 101.359215               1699 
-20.783035 205.339630 73.477341 57.675148 151.753098 90.712746 -5.959440 165.473114 108.410568 84.257530 109.628441 103.119621               1708 
-23.606047 202.917542 73.295128 55.587585 151.122498 91.678253 -8.629933 163.662338 107.752373 82.507965 109.400146 104.700478               1717 
-28.553522 197.094193 72.321442 52.107883 148.171646 91.454674 -12.903314 158.175262 106.156189 80.093002 107.104980 104.315575               1726 
-28.839417 194.907425 72.643776 52.702389 147.332169 90.901558 -12.235344 156.751648 106.306015 81.244545 106.659714 103.790962               1735 
-30.908030 191.360947 71.859200 51.368504 146.556366 90.773827 -13.808386 155.721191 105.610771 79.985107 106.108269 104.193237               1744 
-28.879930 189.722672 74.149910 52.010399 142.281281 90.844315 -12.686821 153.694214 106.571350 78.974525 100.278290 102.832840               1753 
-28.102379 186.915634 74.955360 52.504597 139.514374 91.117264 -12.131705 151.689667 106.977570 78.812660 96.999596 102.754272               1762 
-27.408558 185.188583 75.215546 50.865108 133.758224 88.989433 -13.032986 149.090820 106.531578 74.805138 89.494522 99.120590               1771 
-26.975065 184.097672 75.366859 49.980583 130.652695 87.841438 -13.541137 147.705673 106.855194 72.580521 85.517189 97.172508               1780 
-25.953028 186.191223 77.867722 49.813171 130.540222 87.487778 -12.374295 149.685486 109.172279 71.365036 84.782478 96.250595               1789 
-25.979506 186.328415 79.407944 49.624557 130.050964 86.942551 -11.812063 149.692795 110.366310 71.107185 84.188713 95.320534               1798 
-27.105629 185.564026 82.384781 49.102032 129.654419 85.601425 -10.786929 149.392624 113.019760 71.299179 83.993309 93.176994               1807 
-27.872934 184.664688 83.594322 48.906071 129.077103 84.548332 -10.260647 148.182602 114.114029 72.082985 83.848511 91.776360               1817 
-29.911709 181.128708 85.583931 48.265110 127.241737 83.136406 -10.744460 143.622421 114.644302 72.998581 82.584824 88.526741               1825 
-38.955910 178.997864 82.222725 43.050442 131.072098 82.953644 -16.838646 145.436874 114.263245 71.103065 88.927361 91.433731               1834 
-44.509293 176.786758 80.246735 39.644173 132.801224 82.801315 -20.586231 146.202301 114.825066 69.637886 92.422600 93.047485               1843 
-45.757389 177.634903 80.352486 38.967854 134.759918 83.275116 -20.632383 149.250366 117.007721 69.607880 95.156624 94.580368               1853 
-45.944424 179.918671 81.178497 38.164024 135.549454 83.617607 -21.090385 150.647461 118.286842 68.399094 95.522995 94.515503               1862 
-48.947399 174.542007 79.459938 37.360935 134.613007 83.149269 -22.127605 148.213516 118.923683 69.581352 96.369835 94.740005               1870 
-51.579105 168.518158 77.565666 36.345314 133.974152 82.308495 -23.015720 148.036301 119.261703 69.684525 97.105972 95.125458               1880 
-51.523506 165.255280 78.327957 35.803715 132.271454 81.969597 -23.278893 147.959732 119.019684 67.853073 94.188187 94.521233               1889 
-51.833012 162.018890 78.875633 35.056770 131.227844 81.672073 -24.165926 147.447617 118.334106 65.956017 92.023872 93.643951               1897 
-51.934937 158.414871 79.858223 34.714279 130.822556 81.434517 -24.462336 147.448059 118.024971 64.898132 90.933289 92.959366               1907 
-50.888668 156.158783 82.711273 35.439114 129.403748 81.361626 -22.631231 146.410004 119.562180 65.123779 88.764374 91.476067               1915 
-50.318188 154.815399 83.057327 35.730312 128.966263 81.084160 -21.690228 147.496933 119.772873 64.967438 88.102821 91.591759               1925 
-50.455978 154.015991 82.556053 35.375481 128.352356 80.908829 -22.067331 147.503906 119.334869 64.090446 87.149841 91.531616               1934 
-51.441109 152.590530 81.388634 34.341942 127.899078 80.792915 -23.770760 146.781433 118.344543 62.728077 86.482971 91.468765               1943 
-50.896893 152.139694 81.207489 34.322956 127.085686 80.470146 -23.689608 146.422943 117.949203 61.711166 84.835632 90.463074               1952 
-49.746353 152.945389 81.350426 34.683212 126.121788 80.020691 -22.912243 145.998398 117.851845 60.698566 82.730843 88.707878               1961 
-49.143894 151.550323 81.661011 34.652237 125.081802 79.249001 -22.374329 145.626450 117.560318 59.801952 81.049271 87.228249               1970 
-48.377323 150.946426 81.321693 34.750000 124.295738 79.017090 -22.185022 145.590256 117.026428 58.770866 79.559891 86.549828               1979 
-47.403023 150.653885 81.482307 35.224045 123.983559 78.999878 -21.639765 145.453644 117.017723 58.396423 78.676720 85.735695               1988 
-46.461445 152.252274 81.834511 35.413757 123.901840 79.640732 -21.545467 145.515274 117.419167 57.177464 77.722946 85.015770               1997 
-45.639465 153.704010 82.277985 35.682793 124.017303 80.073692 -21.416904 145.522614 117.588043 56.478542 77.274147 84.275421               2006 
-43.756252 155.947144 82.817032 36.143330 122.787025 80.134857 -20.711426 144.774597 117.659958 54.698895 74.963623 82.046204               2015 
-43.222282 157.014114 83.866325 36.275124 123.089279 80.248848 -20.395906 144.830368 118.123749 54.277889 75.023918 81.062439               2024 
-42.393581 158.774658 85.352089 36.582203 123.863136 80.539169 -19.926140 145.017136 118.951439 53.861240 75.534691 79.624596               2033 
-41.826977 159.889511 86.394264 36.787121 124.379539 80.732910 -19.559481 145.138626 119.618271 53.589989 75.919334 78.656281               2042 
-41.495235 160.443542 86.882858 36.883240 124.583206 80.854851 -19.443607 145.123825 119.915184 53.383392 76.051697 78.120331               2051 
-41.305435 160.644104 86.968590 36.895065 124.536263 80.801193 -19.386400 145.134247 119.935722 53.185600 75.945625 77.867149               2060 
-41.178127 160.974594 86.979683 36.850986 124.592720 80.971359 -19.514246 145.291138 120.021538 52.932789 75.937996 77.949158               2069 
-41.106335 160.891983 86.820343 36.892567 124.592285 80.913643 -19.713102 145.064865 119.799889 53.042637 75.964867 77.816994               2078 
-38.943207 165.461975 90.806030 37.192932 125.377945 82.043922 -18.318232 145.981842 122.479095 51.721142 76.428841 76.756500               2087 
-38.229809 167.247986 90.872826 37.143169 125.096817 82.021545 -18.586695 145.726181 122.200554 51.520927 76.112190 76.652519               2096 
-31.790627 170.978546 95.404854 39.420311 121.943924 82.246361 -14.412617 143.653610 124.449905 50.550751 72.542976 73.838058               2105 
-27.501356 175.109634 97.884018 39.897408 119.810028 82.994904 -14.394282 141.690186 124.553879 49.012386 70.471893 72.145676               2114 
-31.981760 171.728729 92.637794 38.914303 118.742554 82.539635 -18.858883 138.097961 120.513512 51.987934 69.838310 74.025223               2123 
-32.146488 169.508911 90.736870 38.840828 116.090569 80.428421 -18.249681 135.915649 119.260666 52.444988 67.110352 73.293633               2133 
-32.409336 170.226868 90.222298 38.834423 116.859711 80.383507 -18.302938 136.361496 119.753937 52.794167 67.938515 73.536415               2142 
-32.328522 170.904388 89.390800 38.778294 117.047928 80.755203 -18.685146 136.484619 120.240501 52.647327 68.094055 73.957535               2151 
-32.024044 172.143860 88.126221 38.863934 117.630249 81.472214 -18.185698 137.591751 122.320335 52.601479 68.525452 75.552826               2160 
-31.437241 172.922318 87.615738 38.502693 116.968124 81.779236 -17.858057 137.732605 123.974815 51.533371 67.642082 76.106209               2169 
-30.301048 173.570129 87.113968 38.090862 115.700806 81.337852 -17.468050 137.558685 124.549057 49.816227 66.079849 75.395035               2178 
-26.942650 173.777100 88.398605 36.749763 111.063179 80.011566 -16.873161 134.641891 125.226807 44.618095 61.066536 71.440384               2205 
-26.937237 173.862076 88.653290 36.763535 111.205719 80.031708 -16.564068 134.669067 125.785156 44.624935 61.218430 71.399803               2214 
-26.540342 172.728973 89.750633 36.739868 109.877769 79.768929 -15.706346 133.238770 126.641876 44.231773 59.918896 70.657272               2223 
-26.610424 172.875839 89.859695 36.629673 110.006554 79.902252 -15.544541 133.525742 127.065910 44.073689 60.014008 70.937218               2232 
-27.013144 173.210800 89.975258 36.803375 110.933945 80.689804 -14.658929 134.856247 128.670227 44.608727 60.832886 72.689774               2241 
-27.322380 171.767975 90.248154 36.786255 110.205200 80.739014 -14.657679 133.826126 128.878479 44.512897 60.160480 72.320847               2250 
-25.002270 172.104233 92.107903 37.231350 109.184464 80.959984 -12.595030 133.815170 130.293350 43.196892 59.031921 71.785278               2259 
-32.395344 171.651382 88.157387 35.913246 114.718567 83.017593 -17.685713 137.496948 129.188019 46.809689 64.888695 77.247719               2268 
-31.986248 171.260788 89.976067 35.859913 114.033951 83.277153 -17.186642 136.387360 130.270737 46.269089 64.233765 76.448448               2277 
-32.045208 171.493698 90.364830 35.762383 114.317642 83.358345 -16.819063 136.830093 130.840378 46.080811 64.491455 76.581833               2286 
-32.233734 170.975174 91.071808 35.627590 114.062515 83.172577 -16.371309 136.321869 131.452484 45.916119 64.274483 76.077629               2295 
-32.472553 170.779190 91.603615 35.376255 114.115425 83.247299 -15.876017 136.515350 132.367905 45.506989 64.296677 76.140930               2304 
-32.986721 170.652252 91.649246 35.158028 114.710564 83.097870 -14.698348 137.281723 133.930496 45.315220 64.851318 76.320946               2314 
-35.662262 170.387604 90.369171 34.457081 116.942993 83.084480 -14.643872 139.772446 134.916901 46.293224 67.229347 78.236809               2322 
-35.731178 170.067596 90.642609 34.430798 116.786751 83.008347 -13.946495 139.380020 135.909103 46.257736 67.087921 77.989357               2331 
-35.779839 169.629471 91.036125 34.507568 116.624527 82.936005 -13.299356 138.920380 136.668533 46.424091 66.965523 77.737930               2340 
-35.827351 168.644806 91.994781 34.392994 115.809761 82.759468 -12.965690 137.512817 137.146652 46.203175 66.201431 76.879509               2349 
