-41.086529 153.093491 99.625099 36.727627 125.760834 85.115158 -16.200541 139.350311 111.892746 62.390377 79.513718 84.370346                  0 
-41.079067 153.607864 99.660294 36.734600 125.689911 85.158348 -16.140514 139.389709 111.982643 62.324802 79.401764 84.468597                 17 
-41.093544 154.063370 99.631363 36.751747 125.677612 85.176071 -16.128368 139.349289 111.993011 62.325481 79.380699 84.464203                 36 
-40.918484 154.196320 99.577827 36.934608 125.421471 85.182175 -15.966525 139.078079 111.975044 62.440552 79.088951 84.362610                 54 
-40.817944 154.528198 99.584167 37.078499 125.445084 85.117882 -15.846513 138.906815 111.983597 62.665348 79.160568 84.125725                 72 
-40.564716 155.495728 99.607864 37.196259 125.356979 85.017914 -15.655629 138.927338 112.045296 62.600864 78.976807 83.829079                 90 
-40.401577 156.407959 99.658508 37.362514 125.403801 85.009369 -15.486891 138.833771 112.184082 62.856022 79.074997 83.724876                108 
-40.314327 157.123947 99.635162 37.390636 125.383675 84.994629 -15.442295 138.850021 112.222435 62.844379 79.033691 83.685646                126 
-39.877052 158.104568 99.546486 37.665268 125.104477 84.985077 -15.137336 138.804962 112.201660 62.870468 78.620430 83.621597                144 
-39.858604 158.826385 99.329430 37.749214 125.057869 85.083832 -15.157104 138.802750 112.178963 62.990643 78.588440 83.904770                162 
-39.802132 159.653091 99.196190 37.777824 124.999939 85.134361 -15.187232 138.844406 112.211105 62.970566 78.502357 84.026192                180 
-39.760002 160.573196 99.115067 37.778469 124.978271 85.126083 -15.259707 138.813904 112.212448 62.970692 78.480659 84.007385                198 
-40.111397 161.732651 98.192459 37.540039 125.162201 85.349686 -15.794455 139.214142 111.989037 62.858826 78.721558 84.958763                216 
-40.909683 162.452332 96.492722 37.041206 125.277458 85.340752 -16.816990 139.386169 111.443008 62.581154 78.957115 85.593964                234 
-41.953148 162.693802 94.479660 36.533161 125.679138 85.225899 -18.037104 139.627441 111.165245 62.558121 79.636177 86.047241                253 
-42.696728 163.011673 92.871407 36.034000 125.852554 85.093796 -18.987486 139.839355 110.909378 62.280273 79.943787 86.296082                271 
-41.989880 163.367493 91.317818 35.469780 123.484055 83.082733 -19.231936 138.640152 109.446335 60.245110 76.749588 83.087776                289 
-41.821125 164.189194 90.432945 35.358734 123.382332 82.360100 -19.706148 138.120071 108.598732 59.798882 76.487877 81.128494                307 
-41.176891 165.239685 90.241371 35.115372 122.464409 81.918152 -19.570848 138.068054 109.020744 58.652630 75.135887 79.934196                325 
-41.074577 166.246353 89.810463 34.901821 122.264473 81.886391 -19.807262 138.157883 109.147842 58.324879 74.873367 80.050423                343 
-41.393017 166.275070 90.096100 34.459202 121.667213 80.741425 -19.885710 137.107544 109.239182 58.131695 74.433434 78.189903                361 
-41.012207 168.403671 90.743896 34.304050 121.814537 80.631210 -19.979635 136.960617 109.468620 58.149529 74.682564 77.821060                379 
-39.144096 171.631226 91.633713 33.844921 120.252411 80.187241 -19.956656 136.495880 109.345840 56.230331 72.472313 76.461197                397 
-38.340881 174.761017 91.608932 33.596283 120.354965 80.629005 -20.463840 136.867096 109.150238 55.867310 72.489395 77.340271                415 
-37.993656 176.501511 91.839554 33.445126 120.336411 80.992607 -20.881180 136.676437 109.076721 55.824436 72.512451 77.836243                433 
-36.583652 177.669601 92.849701 33.096848 118.873917 80.996429 -20.669165 136.268036 109.532967 54.333778 70.564766 77.370621                451 
-36.005108 179.182846 92.899727 33.253063 119.046783 81.207802 -20.664631 136.386734 109.541939 54.612743 70.775200 77.809937                469 
-35.779129 180.208603 92.729691 33.315037 119.108368 81.430313 -20.869247 136.255112 109.468086 54.929455 70.931015 78.317902                488 
-35.662056 181.424255 92.800316 33.338600 119.364677 81.527199 -20.970695 136.191437 109.940582 55.349888 71.355560 78.602356                506 
-35.538033 182.369293 92.945313 33.426949 119.396812 81.784546 -21.151560 135.871643 110.116867 55.752136 71.528160 78.937515                524 
-35.021965 183.751999 93.105110 33.479263 119.400871 81.827415 -21.219179 135.742218 110.109100 55.927780 71.586853 79.032578                542 
-34.499554 184.408646 93.225006 33.597919 118.959633 81.956345 -21.099077 135.382278 110.262642 56.071289 71.147461 79.334999                560 
-34.249939 185.547958 93.142159 33.574715 119.126686 82.132469 -21.174892 135.593643 110.364944 56.127571 71.338997 79.759033                578 
-34.060577 186.784637 93.195534 33.669060 119.693733 81.995598 -20.850004 136.131851 110.909836 56.444862 72.006775 79.727509                596 
-33.858894 187.474442 93.065857 33.761688 120.137604 81.395752 -19.637165 137.156784 112.377319 56.553192 72.456306 79.166679                614 
-34.443092 187.811813 92.537415 33.619450 121.014084 79.424187 -18.000553 138.300354 113.837418 56.785091 73.540070 76.685829                632 
-35.143513 188.779861 90.026039 33.633411 122.308060 77.849274 -17.255857 140.285309 113.592674 56.983776 74.902473 75.525864                650 
-34.127735 189.921890 87.102303 34.149273 122.337906 77.322609 -16.718918 141.972305 112.453568 56.705387 74.510750 76.014366                668 
-33.066418 191.333725 81.369972 35.397556 123.409462 75.380859 -16.142582 144.510544 109.180893 57.399185 75.306984 75.466698                686 
-31.552031 194.823929 72.109512 36.243160 126.051750 71.303391 -15.657825 149.826904 103.419479 56.989426 77.447571 73.573586                704 
-31.485809 202.347412 60.210629 37.164589 134.735916 65.044395 -14.953667 160.602600 95.862244 57.899387 86.343620 70.161179                722 
-30.385454 209.233246 47.778660 35.827923 139.937469 57.375355 -14.963144 169.983047 86.969254 54.219177 90.911812 64.870255                741 
-31.107704 214.024902 33.174675 35.212650 146.396835 49.955013 -16.904354 178.013611 76.076401 53.239483 97.847099 60.719986                759 
-30.855850 220.236206 18.674868 32.613522 151.690765 41.029972 -20.025610 185.668488 64.081970 48.335217 102.764954 53.560753                777 
-30.015642 226.794464 4.601791 30.060583 156.670349 30.905111 -23.528511 191.786591 50.709019 43.521629 107.151237 43.734203                795 
-28.670902 234.203293 -11.118072 26.759130 162.248398 19.996288 -27.028463 199.538345 35.780727 37.369396 112.361305 34.018696                813 
-30.342194 239.390030 -29.121740 23.884914 169.211945 7.646014 -31.998642 205.985016 18.722424 34.183060 119.853958 23.635515                831 
-29.142292 247.772995 -44.537838 20.391541 175.716690 -4.870197 -37.601025 213.050293 2.115655 28.204590 125.890747 11.075299                849 
-28.041147 251.350998 -60.582394 18.352337 179.751770 -16.478296 -41.744720 217.002884 -14.503962 24.499514 130.272598 1.183831                867 
-26.825514 254.515060 -76.757973 16.164301 183.644318 -28.137060 -45.604218 220.362366 -31.555359 20.731985 134.515289 -9.073930                885 
-28.226818 250.865997 -93.540466 13.346504 184.101837 -38.163502 -51.326389 217.174149 -48.868439 17.563847 136.459534 -15.572525                903 
-30.558552 249.338608 -106.971237 14.112264 187.304123 -48.136784 -56.082993 212.021927 -63.197807 20.754597 141.091156 -23.273811                921 
-30.402153 246.653961 -118.297791 13.703573 187.122055 -55.634388 -58.603275 206.534439 -75.676735 20.661327 142.185944 -28.611027                939 
-31.441536 243.597717 -133.770737 11.357983 188.452011 -65.576973 -61.981831 203.362350 -89.864853 18.013166 145.865417 -34.917255                957 
-39.903141 229.877151 -149.307419 9.593298 189.228973 -76.118500 -65.893219 193.301666 -100.129486 20.736860 151.361008 -40.908195                976 
-45.473469 221.810486 -158.245926 7.858463 187.990051 -84.322578 -68.798965 186.225693 -106.771774 21.490257 152.721542 -47.332932                994 
-52.930801 211.331497 -168.651459 4.153555 186.337936 -94.103592 -72.664261 176.992599 -114.935715 20.957106 154.521027 -55.331802               1012 
-56.476482 200.970016 -177.036819 1.922313 183.651184 -101.393471 -73.647118 167.110458 -122.440109 20.814657 154.834625 -61.261044               1030 
-56.564606 195.074066 -180.408569 2.852694 184.492813 -104.341629 -72.363525 167.053040 -123.445900 21.623211 159.812973 -61.487213               1048 
-57.071308 197.448318 -180.038483 2.626515 184.397766 -104.597809 -71.713310 167.141052 -125.109924 21.465952 158.382065 -62.571793               1066 
-57.519905 197.372574 -179.333694 2.278353 183.576675 -104.372192 -69.131302 165.766251 -127.407150 21.294928 156.681274 -62.984581               1084 
-57.334835 197.664734 -179.158661 2.383362 183.732056 -104.422089 -66.329323 165.385605 -129.818741 21.375700 156.402740 -63.308506               1102 
-59.223888 188.076263 -178.331238 4.849734 186.635559 -106.133308 -62.924118 163.624817 -125.930901 26.527300 166.139954 -62.453327               1120 
-60.863529 198.015656 -173.283844 9.242095 194.140350 -107.156380 -58.652027 173.273392 -122.889984 33.663975 172.914520 -65.311867               1138 
-60.877953 209.516083 -168.916611 12.069427 198.360291 -106.914261 -55.123650 181.484207 -122.385300 36.785744 174.140549 -66.908829               1156 
-56.824730 220.940735 -165.900787 15.133948 201.431702 -104.895523 -51.268429 188.287979 -123.306740 38.225143 173.119675 -66.644341               1174 
-49.388508 232.401352 -158.444733 20.689188 203.124603 -99.246918 -46.116653 196.254395 -118.933929 41.383289 170.432556 -63.178772               1192 
-45.789597 240.415756 -153.105637 23.712828 207.055450 -95.466805 -41.826824 200.735550 -117.619110 44.085300 171.803131 -61.700497               1211 
-44.094353 244.903412 -150.481964 25.430950 209.186920 -94.585213 -39.109280 203.941147 -117.635956 45.341808 172.669052 -61.906013               1229 
-21.055357 258.914948 -153.440475 41.453037 219.444550 -87.955261 -19.897697 211.755127 -118.021484 56.134769 185.355026 -50.268677               1247 
-11.195023 265.988678 -153.051849 48.367958 221.769882 -85.102997 -12.455098 214.414551 -117.349663 60.904888 187.649094 -46.677429               1265 
-3.714815 270.232666 -149.461624 54.744698 222.316681 -82.070236 -6.611609 216.189362 -114.870491 66.508354 187.069550 -44.424736               1283 
1.349796 273.347961 -147.500793 58.978683 222.158020 -81.503578 -3.541797 218.638428 -113.322502 69.966446 185.991028 -44.501629               1301 
10.897471 279.426880 -143.291229 66.456467 223.858963 -78.909500 4.196986 223.223312 -111.914642 76.200302 185.587036 -43.720791               1319 
27.620222 287.914276 -137.571274 74.897934 225.256042 -72.943306 15.849188 230.259689 -111.940437 80.255112 183.491455 -40.928513               1337 
35.597866 290.750793 -135.718094 80.106415 226.156494 -70.906487 22.174574 233.182053 -111.837326 84.211143 183.355072 -40.098747               1355 
40.432117 291.592499 -133.395737 85.024986 226.486008 -69.047096 28.018353 233.539627 -111.135254 89.606735 182.919128 -39.401478               1373 
53.693581 296.326935 -132.122864 93.527618 227.486664 -68.442856 37.170967 239.255722 -110.297211 94.998619 183.397003 -39.256134               1391 
62.382355 291.104797 -134.164734 99.639366 223.415024 -67.705116 43.549641 236.171219 -109.568642 99.420830 180.589737 -36.658794               1409 
62.828201 282.460052 -136.626251 103.269859 219.357758 -67.525978 45.522697 229.853012 -107.574921 104.705940 178.498947 -33.963757               1427 
67.044952 275.334106 -139.034744 106.844376 214.887909 -67.197678 49.279720 224.933792 -107.573418 107.973778 175.332748 -32.097240               1446 
68.936783 265.358917 -140.274979 110.057457 209.159851 -65.723618 52.343777 216.801666 -106.142647 112.053642 171.339645 -28.796989               1464 
67.384109 251.513107 -145.325241 111.470581 204.239182 -66.349594 52.920238 206.723175 -105.867752 115.180389 170.548813 -25.740194               1482 
65.577339 241.217117 -146.685028 112.898956 200.737610 -65.742111 54.009319 198.147552 -104.670158 118.898132 169.487000 -23.488871               1500 
63.895599 231.737701 -148.290207 113.979149 195.822861 -66.722557 54.628384 189.821640 -104.564087 121.953239 166.259369 -23.590893               1518 
63.514801 221.832275 -149.674484 115.036964 188.242722 -67.764175 55.171162 180.423950 -104.521210 124.088196 160.025650 -23.948662               1536 
69.453911 220.459137 -145.789978 115.533249 178.830017 -64.111252 57.809277 174.871414 -104.831490 121.796890 146.920441 -22.392271               1554 
64.414780 205.524979 -149.565552 114.431221 172.536362 -66.040092 56.238655 161.773285 -104.830162 123.620178 144.466446 -22.158773               1572 
62.313931 195.564819 -152.482239 114.704887 168.090546 -68.287262 56.030762 153.677032 -105.131134 125.560570 142.746384 -23.145767               1590 
60.471230 184.523911 -155.992905 114.094055 161.939697 -71.044724 55.217266 144.599167 -106.322678 125.921890 139.158325 -24.794977               1608 
60.534103 175.282562 -158.415192 114.267502 156.410065 -72.599030 55.792591 136.633148 -107.097908 126.389488 135.502731 -25.547274               1626 
58.855968 167.091095 -160.346329 113.763412 151.842316 -74.539490 55.698471 129.339462 -107.898216 126.898415 132.460541 -27.108007               1644 
59.018074 161.340103 -161.348328 113.326492 147.073318 -74.988441 56.045235 123.288681 -108.713196 126.385063 127.955795 -27.428780               1662 
60.087124 157.368530 -160.792725 111.251808 141.311096 -72.835571 56.268658 116.810951 -109.716545 123.113556 120.688522 -25.592203               1681 
61.504898 157.385956 -162.093185 111.162621 139.617538 -73.611778 56.654762 115.828964 -111.649864 122.267296 118.144371 -26.563755               1699 
62.835098 158.178223 -162.002808 109.380096 137.669205 -72.467819 57.210892 114.164085 -113.730507 119.432625 114.175957 -26.154306               1717 
65.255821 159.829849 -161.422302 108.232300 135.891434 -71.016556 57.649929 114.795425 -114.836441 116.570732 110.598198 -25.314808               1735 
67.210518 160.821594 -161.262650 108.255539 135.563187 -70.408806 58.068161 116.375542 -114.968025 115.608490 109.633575 -24.894890               1753 
67.848076 160.955826 -161.323196 108.255539 135.569489 -70.371971 57.939079 117.509750 -114.908195 115.323860 109.442459 -24.925909               1771 
69.364830 162.057617 -161.244034 108.388611 135.838364 -70.056610 58.103199 119.235062 -115.033081 114.649109 109.306122 -24.727003               1789 
71.524635 164.756851 -160.934586 108.669930 136.468002 -69.679710 57.409142 122.773529 -114.976097 113.676163 109.120850 -24.679739               1807 
75.234505 168.819611 -161.924469 108.856361 137.865646 -70.199493 56.400478 128.175354 -116.167503 111.683525 109.679260 -25.528904               1825 
76.846237 171.914047 -162.960098 108.694763 139.831894 -71.011703 51.862804 134.536911 -115.227928 110.399628 111.376709 -26.454744               1843 
78.680847 175.133728 -162.817154 108.377144 140.383926 -71.137444 47.240173 140.855057 -113.342590 108.855827 110.850693 -27.257080               1861 
87.441460 190.595139 -159.095413 109.000359 145.013489 -69.978218 49.325268 153.596085 -115.006783 105.375084 110.708900 -29.878599               1879 
89.013504 199.345016 -157.196320 108.271080 149.566452 -69.826294 47.706493 161.780563 -114.439476 103.639359 113.376968 -31.527533               1897 
88.653671 210.201920 -148.852737 110.289871 155.337662 -65.162003 46.031281 170.210541 -106.290901 106.793259 116.885872 -29.007326               1916 
89.857590 226.781235 -143.014084 110.090271 163.778549 -64.837662 44.305378 185.320297 -102.411308 105.304901 122.645538 -31.927130               1934 
87.250427 240.562378 -135.029755 108.223396 172.564301 -61.152966 41.137569 196.231766 -96.088699 103.846130 129.772461 -30.369448               1952 
84.752487 256.497528 -123.873833 103.578697 180.997757 -56.477383 36.579254 209.487122 -88.139824 98.105980 136.595459 -28.256586               1970 
76.831665 267.648926 -109.234032 98.531128 187.344910 -47.810448 29.123686 216.240387 -74.460175 95.033043 141.913681 -20.946079               1988 
65.090927 275.990540 -90.000702 94.152168 191.486343 -37.213310 21.113495 219.485428 -54.377403 94.803177 144.724380 -12.498471               2006 
53.855213 282.520172 -69.175354 87.560982 194.741547 -24.071440 12.002975 219.790955 -34.595016 92.194138 147.781860 -0.170636               2024 
42.220802 285.255951 -48.443615 80.455154 196.027161 -8.829043 4.572890 218.380890 -13.860059 89.272530 149.747818 15.220972               2042 
28.603815 284.531403 -26.523294 74.573189 195.298767 5.217372 -1.117767 213.760056 7.693040 88.935501 149.573181 27.596418               2060 
13.342944 281.203613 -6.661370 68.966003 194.821274 17.416912 -5.379900 208.272888 28.989088 90.019203 150.794205 37.820545               2078 
2.167680 278.254395 11.553438 61.840500 192.662552 28.388687 -7.203796 205.921936 44.621311 86.572678 149.491409 46.346931               2096 
-0.807222 273.677277 33.601845 59.767258 187.569000 43.187740 -5.144588 202.469955 61.928642 85.568687 143.771439 57.816017               2114 
-3.619707 267.089233 57.282612 59.110229 181.951599 56.811775 -2.326306 195.633057 76.873512 86.015968 137.407028 66.287506               2132 
-7.598901 260.735931 78.743469 55.616474 176.894882 67.123810 -2.723245 189.878281 90.272850 82.529144 131.485748 70.536301               2150 
-15.844618 253.874283 88.424065 50.084743 173.081390 74.223862 -6.584021 185.798477 97.807892 77.172668 127.660156 75.264267               2169 
-17.984709 247.072159 98.496552 41.814087 163.324280 78.175667 -11.326838 180.460968 103.566528 64.300781 115.564308 74.819870               2187 
-34.960056 237.095215 109.950012 37.118660 165.219696 85.446320 -12.449120 175.213318 114.167206 67.082977 121.894096 80.654785               2205 
-46.421349 225.231506 119.025238 34.160236 164.016159 92.632538 -14.341570 168.326111 119.430450 68.760887 124.532837 86.168022               2223 
-49.670876 220.874298 119.313835 30.335268 158.649094 94.045448 -16.826256 164.955551 119.328026 63.958672 118.300728 87.768211               2241 
-51.562305 219.165771 116.871590 28.935408 156.345581 95.192223 -17.898615 164.080383 118.312752 62.171078 115.491272 90.268486               2259 
-52.036209 217.832367 114.760384 29.033224 154.965469 95.853210 -17.679237 163.549973 118.504959 62.396519 114.055374 92.509209               2277 
-52.496288 215.937943 111.214828 28.266047 151.964493 95.275345 -17.880098 162.451614 118.327034 61.435627 110.777466 94.119667               2295 
-52.733311 213.776016 110.058037 27.298588 148.877335 94.539131 -18.048271 160.906525 118.699265 60.099945 107.382767 94.093079               2313 
-49.527210 210.772812 109.384026 26.930984 142.132172 93.137276 -16.686584 157.645096 119.238792 57.446934 98.929131 92.688301               2331 
-48.409988 208.204529 110.140747 27.069973 139.328461 92.186584 -15.669672 155.984329 120.252945 56.555218 95.440041 90.652397               2349 
-48.771748 206.477875 110.491402 27.193712 138.583191 92.123985 -15.376147 155.448105 121.131294 56.585972 94.645927 90.242561               2367 
-41.742165 202.405197 113.523888 29.418221 131.644318 88.903099 -10.747343 149.910919 121.261497 55.750103 86.078964 83.577927               2385 
-41.698784 200.094788 114.364952 30.913029 131.546722 88.455482 -9.313494 148.861679 122.040802 57.894623 86.489380 82.150169               2404 
-40.078247 198.100662 112.040604 33.225006 129.856689 87.633659 -7.313506 147.670639 121.794731 60.404457 84.836342 81.943886               2422 
-39.016880 197.337280 109.734184 35.864712 130.627701 86.081116 -4.470890 148.510391 121.493195 63.995918 86.148407 80.774933               2440 
-33.356701 201.813171 105.446510 39.933994 132.843582 83.566948 0.202906 152.771591 119.284653 66.828346 87.516739 79.083786               2458 
-29.884596 203.884064 106.515923 42.858120 136.316071 79.945618 2.036460 153.036102 116.494812 68.557213 90.989601 70.835480               2476 
-20.444435 211.721512 96.555649 50.579693 141.969681 71.111351 9.412508 159.710724 107.060745 74.823441 95.855865 61.963455               2494 
-13.740268 216.348450 87.199608 57.579174 146.770538 62.182331 15.961436 164.240326 97.949959 81.892891 100.722511 52.889889               2512 
-11.507111 226.058212 59.897575 63.458347 156.983215 47.657867 16.984104 174.746246 76.859322 89.590172 111.188850 43.423435               2530 
31.143658 184.173355 6.701494 84.748123 181.585846 18.754473 22.617653 196.238617 13.625531 100.442352 134.187881 36.220188               2548 
41.324463 183.656189 -18.073563 94.861916 190.158386 -12.094271 34.293346 206.390488 -26.456808 105.808037 147.059113 16.551201               2566 
55.052753 183.063400 -45.949623 106.533012 194.928833 -36.719284 49.495285 203.074036 -63.329994 114.818344 156.170532 -1.689655               2584 
72.497307 177.989243 -77.100166 120.913414 195.784790 -61.459358 69.611053 194.208405 -98.120956 126.500893 161.272964 -21.765018               2602 
92.422157 173.243988 -109.263107 137.748047 192.506195 -87.201233 96.972267 184.471985 -130.975555 136.931763 160.517548 -45.082512               2620 
116.946510 168.639908 -139.767944 157.665314 189.490784 -111.148613 126.299652 178.076889 -160.236740 151.103638 157.871216 -69.255013               2639 
129.381943 157.161270 -151.749756 165.949402 185.514282 -123.991386 137.125595 167.494583 -172.508698 165.460541 154.043594 -81.479225               2657 
146.681839 143.409256 -157.056320 175.749695 179.887100 -129.903580 152.355316 154.549011 -178.074860 181.505859 150.349670 -86.402618               2675 
178.742279 119.349327 -146.921097 201.235870 163.279160 -125.049820 178.915253 130.257507 -169.220627 216.386337 139.449463 -80.322472               2711 
191.128418 113.236000 -141.448380 206.742111 158.376099 -116.282684 191.380722 125.424515 -163.427979 219.543427 134.625366 -70.785904               2729 
197.936874 109.542809 -140.249283 209.920212 156.145798 -115.752625 194.820923 122.460266 -162.460388 223.609085 134.231949 -69.597176               2747 
200.490875 104.730186 -138.060715 210.645233 153.416565 -117.018051 192.626175 117.212242 -160.681595 226.876434 135.351578 -70.027290               2765 
199.752060 94.194679 -122.865005 212.268829 146.026367 -114.177979 183.715027 104.128677 -145.395569 234.694046 138.024826 -66.944389               2783 
200.159286 91.103516 -117.645126 212.834167 143.453079 -113.189056 179.897614 101.184303 -139.229843 237.573547 138.820801 -66.665596               2801 
200.866226 90.338898 -116.857201 213.417816 142.642593 -111.385544 178.424225 101.619804 -136.820480 240.206528 136.841248 -66.145775               2820 
200.868896 88.279625 -117.475525 214.594635 140.146896 -110.652122 176.698654 101.317078 -135.250168 243.840851 132.145554 -67.309723               2837 
999.000000 999.000000 999.000000 999.000000 999.000000 999.000000 999.000000 999.000000 999.000000 999.000000 999.000000 999.000000             2855.0 
999.000000 999.000000 999.000000 999.000000 999.000000 999.000000 999.000000 999.000000 999.000000 999.000000 999.000000 999.000000             2874.0 
999.000000 999.000000 999.000000 999.000000 999.000000 999.000000 999.000000 999.000000 999.000000 999.000000 999.000000 999.000000             2892.0 
999.000000 999.000000 999.000000 999.000000 999.000000 999.000000 999.000000 999.000000 999.000000 999.000000 999.000000 999.000000             2910.0 
999.000000 999.000000 999.000000 999.000000 999.000000 999.000000 999.000000 999.000000 999.000000 999.000000 999.000000 999.000000             2928.0 
999.000000 999.000000 999.000000 999.000000 999.000000 999.000000 999.000000 999.000000 999.000000 999.000000 999.000000 999.000000             2946.0 
999.000000 999.000000 999.000000 999.000000 999.000000 999.000000 999.000000 999.000000 999.000000 999.000000 999.000000 999.000000             2964.0 
999.000000 999.000000 999.000000 999.000000 999.000000 999.000000 999.000000 999.000000 999.000000 999.000000 999.000000 999.000000             2982.0 
999.000000 999.000000 999.000000 999.000000 999.000000 999.000000 999.000000 999.000000 999.000000 999.000000 999.000000 999.000000             3000.0 
999.000000 999.000000 999.000000 999.000000 999.000000 999.000000 999.000000 999.000000 999.000000 999.000000 999.000000 999.000000             3018.0 
999.000000 999.000000 999.000000 999.000000 999.000000 999.000000 999.000000 999.000000 999.000000 999.000000 999.000000 999.000000             3036.0 
999.000000 999.000000 999.000000 999.000000 999.000000 999.000000 999.000000 999.000000 999.000000 999.000000 999.000000 999.000000             3054.0 
999.000000 999.000000 999.000000 999.000000 999.000000 999.000000 999.000000 999.000000 999.000000 999.000000 999.000000 999.000000             3072.0 
999.000000 999.000000 999.000000 999.000000 999.000000 999.000000 999.000000 999.000000 999.000000 999.000000 999.000000 999.000000             3090.0 
999.000000 999.000000 999.000000 999.000000 999.000000 999.000000 999.000000 999.000000 999.000000 999.000000 999.000000 999.000000             3109.0 
999.000000 999.000000 999.000000 999.000000 999.000000 999.000000 999.000000 999.000000 999.000000 999.000000 999.000000 999.000000             3127.0 
999.000000 999.000000 999.000000 999.000000 999.000000 999.000000 999.000000 999.000000 999.000000 999.000000 999.000000 999.000000             3145.0 
999.000000 999.000000 999.000000 999.000000 999.000000 999.000000 999.000000 999.000000 999.000000 999.000000 999.000000 999.000000             3163.0 
999.000000 999.000000 999.000000 999.000000 999.000000 999.000000 999.000000 999.000000 999.000000 999.000000 999.000000 999.000000             3181.0 
999.000000 999.000000 999.000000 999.000000 999.000000 999.000000 999.000000 999.000000 999.000000 999.000000 999.000000 999.000000             3199.0 
999.000000 999.000000 999.000000 999.000000 999.000000 999.000000 999.000000 999.000000 999.000000 999.000000 999.000000 999.000000             3217.0 
999.000000 999.000000 999.000000 999.000000 999.000000 999.000000 999.000000 999.000000 999.000000 999.000000 999.000000 999.000000             3235.0 
999.000000 999.000000 999.000000 999.000000 999.000000 999.000000 999.000000 999.000000 999.000000 999.000000 999.000000 999.000000             3253.0 
999.000000 999.000000 999.000000 999.000000 999.000000 999.000000 999.000000 999.000000 999.000000 999.000000 999.000000 999.000000             3271.0 
999.000000 999.000000 999.000000 999.000000 999.000000 999.000000 999.000000 999.000000 999.000000 999.000000 999.000000 999.000000             3289.0 
999.000000 999.000000 999.000000 999.000000 999.000000 999.000000 999.000000 999.000000 999.000000 999.000000 999.000000 999.000000             3307.0 
999.000000 999.000000 999.000000 999.000000 999.000000 999.000000 999.000000 999.000000 999.000000 999.000000 999.000000 999.000000             3325.0 
999.000000 999.000000 999.000000 999.000000 999.000000 999.000000 999.000000 999.000000 999.000000 999.000000 999.000000 999.000000             3344.0 
999.000000 999.000000 999.000000 999.000000 999.000000 999.000000 999.000000 999.000000 999.000000 999.000000 999.000000 999.000000             3362.0 
999.000000 999.000000 999.000000 999.000000 999.000000 999.000000 999.000000 999.000000 999.000000 999.000000 999.000000 999.000000             3380.0 
999.000000 999.000000 999.000000 999.000000 999.000000 999.000000 999.000000 999.000000 999.000000 999.000000 999.000000 999.000000             3398.0 
999.000000 999.000000 999.000000 999.000000 999.000000 999.000000 999.000000 999.000000 999.000000 999.000000 999.000000 999.000000             3416.0 
999.000000 999.000000 999.000000 999.000000 999.000000 999.000000 999.000000 999.000000 999.000000 999.000000 999.000000 999.000000             3434.0 
999.000000 999.000000 999.000000 999.000000 999.000000 999.000000 999.000000 999.000000 999.000000 999.000000 999.000000 999.000000             3452.0 
999.000000 999.000000 999.000000 999.000000 999.000000 999.000000 999.000000 999.000000 999.000000 999.000000 999.000000 999.000000             3470.0 
999.000000 999.000000 999.000000 999.000000 999.000000 999.000000 999.000000 999.000000 999.000000 999.000000 999.000000 999.000000             3488.0 
999.000000 999.000000 999.000000 999.000000 999.000000 999.000000 999.000000 999.000000 999.000000 999.000000 999.000000 999.000000             3506.0 
999.000000 999.000000 999.000000 999.000000 999.000000 999.000000 999.000000 999.000000 999.000000 999.000000 999.000000 999.000000             3524.0 
999.000000 999.000000 999.000000 999.000000 999.000000 999.000000 999.000000 999.000000 999.000000 999.000000 999.000000 999.000000             3542.0 
999.000000 999.000000 999.000000 999.000000 999.000000 999.000000 999.000000 999.000000 999.000000 999.000000 999.000000 999.000000             3560.0 
999.000000 999.000000 999.000000 999.000000 999.000000 999.000000 999.000000 999.000000 999.000000 999.000000 999.000000 999.000000             3579.0 
999.000000 999.000000 999.000000 999.000000 999.000000 999.000000 999.000000 999.000000 999.000000 999.000000 999.000000 999.000000             3597.0 
999.000000 999.000000 999.000000 999.000000 999.000000 999.000000 999.000000 999.000000 999.000000 999.000000 999.000000 999.000000             3615.0 
999.000000 999.000000 999.000000 999.000000 999.000000 999.000000 999.000000 999.000000 999.000000 999.000000 999.000000 999.000000             3633.0 
999.000000 999.000000 999.000000 999.000000 999.000000 999.000000 999.000000 999.000000 999.000000 999.000000 999.000000 999.000000             3651.0 
999.000000 999.000000 999.000000 999.000000 999.000000 999.000000 999.000000 999.000000 999.000000 999.000000 999.000000 999.000000             3669.0 
999.000000 999.000000 999.000000 999.000000 999.000000 999.000000 999.000000 999.000000 999.000000 999.000000 999.000000 999.000000             3687.0 
999.000000 999.000000 999.000000 999.000000 999.000000 999.000000 999.000000 999.000000 999.000000 999.000000 999.000000 999.000000             3705.0 
999.000000 999.000000 999.000000 999.000000 999.000000 999.000000 999.000000 999.000000 999.000000 999.000000 999.000000 999.000000             3723.0 
999.000000 999.000000 999.000000 999.000000 999.000000 999.000000 999.000000 999.000000 999.000000 999.000000 999.000000 999.000000             3759.0 
999.000000 999.000000 999.000000 999.000000 999.000000 999.000000 999.000000 999.000000 999.000000 999.000000 999.000000 999.000000             3795.0 
999.000000 999.000000 999.000000 999.000000 999.000000 999.000000 999.000000 999.000000 999.000000 999.000000 999.000000 999.000000             3814.0 
999.000000 999.000000 999.000000 999.000000 999.000000 999.000000 999.000000 999.000000 999.000000 999.000000 999.000000 999.000000             3832.0 
999.000000 999.000000 999.000000 999.000000 999.000000 999.000000 999.000000 999.000000 999.000000 999.000000 999.000000 999.000000             3850.0 
999.000000 999.000000 999.000000 999.000000 999.000000 999.000000 999.000000 999.000000 999.000000 999.000000 999.000000 999.000000             3868.0 
999.000000 999.000000 999.000000 999.000000 999.000000 999.000000 999.000000 999.000000 999.000000 999.000000 999.000000 999.000000             3886.0 
999.000000 999.000000 999.000000 999.000000 999.000000 999.000000 999.000000 999.000000 999.000000 999.000000 999.000000 999.000000             3904.0 
999.000000 999.000000 999.000000 999.000000 999.000000 999.000000 999.000000 999.000000 999.000000 999.000000 999.000000 999.000000             3922.0 
999.000000 999.000000 999.000000 999.000000 999.000000 999.000000 999.000000 999.000000 999.000000 999.000000 999.000000 999.000000             3940.0 
999.000000 999.000000 999.000000 999.000000 999.000000 999.000000 999.000000 999.000000 999.000000 999.000000 999.000000 999.000000             3958.0 
999.000000 999.000000 999.000000 999.000000 999.000000 999.000000 999.000000 999.000000 999.000000 999.000000 999.000000 999.000000             3976.0 
999.000000 999.000000 999.000000 999.000000 999.000000 999.000000 999.000000 999.000000 999.000000 999.000000 999.000000 999.000000             3994.0 
999.000000 999.000000 999.000000 999.000000 999.000000 999.000000 999.000000 999.000000 999.000000 999.000000 999.000000 999.000000             4012.0 
999.000000 999.000000 999.000000 999.000000 999.000000 999.000000 999.000000 999.000000 999.000000 999.000000 999.000000 999.000000             4030.0 
999.000000 999.000000 999.000000 999.000000 999.000000 999.000000 999.000000 999.000000 999.000000 999.000000 999.000000 999.000000             4049.0 
999.000000 999.000000 999.000000 999.000000 999.000000 999.000000 999.000000 999.000000 999.000000 999.000000 999.000000 999.000000             4067.0 
999.000000 999.000000 999.000000 999.000000 999.000000 999.000000 999.000000 999.000000 999.000000 999.000000 999.000000 999.000000             4085.0 
999.000000 999.000000 999.000000 999.000000 999.000000 999.000000 999.000000 999.000000 999.000000 999.000000 999.000000 999.000000             4103.0 
999.000000 999.000000 999.000000 999.000000 999.000000 999.000000 999.000000 999.000000 999.000000 999.000000 999.000000 999.000000             4121.0 
999.000000 999.000000 999.000000 999.000000 999.000000 999.000000 999.000000 999.000000 999.000000 999.000000 999.000000 999.000000             4139.0 
999.000000 999.000000 999.000000 999.000000 999.000000 999.000000 999.000000 999.000000 999.000000 999.000000 999.000000 999.000000             4157.0 
999.000000 999.000000 999.000000 999.000000 999.000000 999.000000 999.000000 999.000000 999.000000 999.000000 999.000000 999.000000             4175.0 
999.000000 999.000000 999.000000 999.000000 999.000000 999.000000 999.000000 999.000000 999.000000 999.000000 999.000000 999.000000             4193.0 
999.000000 999.000000 999.000000 999.000000 999.000000 999.000000 999.000000 999.000000 999.000000 999.000000 999.000000 999.000000             4211.0 
999.000000 999.000000 999.000000 999.000000 999.000000 999.000000 999.000000 999.000000 999.000000 999.000000 999.000000 999.000000             4229.0 
999.000000 999.000000 999.000000 999.000000 999.000000 999.000000 999.000000 999.000000 999.000000 999.000000 999.000000 999.000000             4247.0 
999.000000 999.000000 999.000000 999.000000 999.000000 999.000000 999.000000 999.000000 999.000000 999.000000 999.000000 999.000000             4266.0 
999.000000 999.000000 999.000000 999.000000 999.000000 999.000000 999.000000 999.000000 999.000000 999.000000 999.000000 999.000000             4284.0 
999.000000 999.000000 999.000000 999.000000 999.000000 999.000000 999.000000 999.000000 999.000000 999.000000 999.000000 999.000000             4302.0 
999.000000 999.000000 999.000000 999.000000 999.000000 999.000000 999.000000 999.000000 999.000000 999.000000 999.000000 999.000000             4320.0 
999.000000 999.000000 999.000000 999.000000 999.000000 999.000000 999.000000 999.000000 999.000000 999.000000 999.000000 999.000000             4338.0 
999.000000 999.000000 999.000000 999.000000 999.000000 999.000000 999.000000 999.000000 999.000000 999.000000 999.000000 999.000000             4356.0 
999.000000 999.000000 999.000000 999.000000 999.000000 999.000000 999.000000 999.000000 999.000000 999.000000 999.000000 999.000000             4374.0 
999.000000 999.000000 999.000000 999.000000 999.000000 999.000000 999.000000 999.000000 999.000000 999.000000 999.000000 999.000000             4392.0 
999.000000 999.000000 999.000000 999.000000 999.000000 999.000000 999.000000 999.000000 999.000000 999.000000 999.000000 999.000000             4410.0 
999.000000 999.000000 999.000000 999.000000 999.000000 999.000000 999.000000 999.000000 999.000000 999.000000 999.000000 999.000000             4428.0 
999.000000 999.000000 999.000000 999.000000 999.000000 999.000000 999.000000 999.000000 999.000000 999.000000 999.000000 999.000000             4446.0 
999.000000 999.000000 999.000000 999.000000 999.000000 999.000000 999.000000 999.000000 999.000000 999.000000 999.000000 999.000000             4464.0 
999.000000 999.000000 999.000000 999.000000 999.000000 999.000000 999.000000 999.000000 999.000000 999.000000 999.000000 999.000000             4482.0 
999.000000 999.000000 999.000000 999.000000 999.000000 999.000000 999.000000 999.000000 999.000000 999.000000 999.000000 999.000000             4500.0 
999.000000 999.000000 999.000000 999.000000 999.000000 999.000000 999.000000 999.000000 999.000000 999.000000 999.000000 999.000000             4519.0 
999.000000 999.000000 999.000000 999.000000 999.000000 999.000000 999.000000 999.000000 999.000000 999.000000 999.000000 999.000000             4537.0 
999.000000 999.000000 999.000000 999.000000 999.000000 999.000000 999.000000 999.000000 999.000000 999.000000 999.000000 999.000000             4555.0 
999.000000 999.000000 999.000000 999.000000 999.000000 999.000000 999.000000 999.000000 999.000000 999.000000 999.000000 999.000000             4573.0 
999.000000 999.000000 999.000000 999.000000 999.000000 999.000000 999.000000 999.000000 999.000000 999.000000 999.000000 999.000000             4591.0 
999.000000 999.000000 999.000000 999.000000 999.000000 999.000000 999.000000 999.000000 999.000000 999.000000 999.000000 999.000000             4609.0 
999.000000 999.000000 999.000000 999.000000 999.000000 999.000000 999.000000 999.000000 999.000000 999.000000 999.000000 999.000000             4627.0 
999.000000 999.000000 999.000000 999.000000 999.000000 999.000000 999.000000 999.000000 999.000000 999.000000 999.000000 999.000000             4645.0 
999.000000 999.000000 999.000000 999.000000 999.000000 999.000000 999.000000 999.000000 999.000000 999.000000 999.000000 999.000000             4663.0 
999.000000 999.000000 999.000000 999.000000 999.000000 999.000000 999.000000 999.000000 999.000000 999.000000 999.000000 999.000000             4681.0 
999.000000 999.000000 999.000000 999.000000 999.000000 999.000000 999.000000 999.000000 999.000000 999.000000 999.000000 999.000000             4699.0 
999.000000 999.000000 999.000000 999.000000 999.000000 999.000000 999.000000 999.000000 999.000000 999.000000 999.000000 999.000000             4717.0 
999.000000 999.000000 999.000000 999.000000 999.000000 999.000000 999.000000 999.000000 999.000000 999.000000 999.000000 999.000000             4735.0 
999.000000 999.000000 999.000000 999.000000 999.000000 999.000000 999.000000 999.000000 999.000000 999.000000 999.000000 999.000000             4754.0 
999.000000 999.000000 999.000000 999.000000 999.000000 999.000000 999.000000 999.000000 999.000000 999.000000 999.000000 999.000000             4772.0 
999.000000 999.000000 999.000000 999.000000 999.000000 999.000000 999.000000 999.000000 999.000000 999.000000 999.000000 999.000000             4790.0 
999.000000 999.000000 999.000000 999.000000 999.000000 999.000000 999.000000 999.000000 999.000000 999.000000 999.000000 999.000000             4808.0 
999.000000 999.000000 999.000000 999.000000 999.000000 999.000000 999.000000 999.000000 999.000000 999.000000 999.000000 999.000000             4826.0 
999.000000 999.000000 999.000000 999.000000 999.000000 999.000000 999.000000 999.000000 999.000000 999.000000 999.000000 999.000000             4844.0 
999.000000 999.000000 999.000000 999.000000 999.000000 999.000000 999.000000 999.000000 999.000000 999.000000 999.000000 999.000000             4862.0 
999.000000 999.000000 999.000000 999.000000 999.000000 999.000000 999.000000 999.000000 999.000000 999.000000 999.000000 999.000000             4880.0 
999.000000 999.000000 999.000000 999.000000 999.000000 999.000000 999.000000 999.000000 999.000000 999.000000 999.000000 999.000000             4898.0 
999.000000 999.000000 999.000000 999.000000 999.000000 999.000000 999.000000 999.000000 999.000000 999.000000 999.000000 999.000000             4916.0 
999.000000 999.000000 999.000000 999.000000 999.000000 999.000000 999.000000 999.000000 999.000000 999.000000 999.000000 999.000000             4934.0 
999.000000 999.000000 999.000000 999.000000 999.000000 999.000000 999.000000 999.000000 999.000000 999.000000 999.000000 999.000000             4952.0 
999.000000 999.000000 999.000000 999.000000 999.000000 999.000000 999.000000 999.000000 999.000000 999.000000 999.000000 999.000000             4970.0 
999.000000 999.000000 999.000000 999.000000 999.000000 999.000000 999.000000 999.000000 999.000000 999.000000 999.000000 999.000000             4989.0 
20.511631 205.095352 15.983540 59.619778 237.533920 13.449101 -5.435550 210.878479 -1.218135 87.522858 209.916992 48.898369               5007 
26.365229 200.980865 24.304306 56.855625 233.817352 23.483059 -6.905120 214.455292 5.646809 84.226051 204.491409 57.961693               5025 
16.072571 192.789017 33.632389 45.918278 228.215225 28.638361 -19.564812 208.643707 22.272650 79.078041 202.414200 60.773453               5043 
10.917610 187.625473 42.845146 39.452648 223.519791 35.957020 -27.090448 206.571365 38.381721 76.013336 197.926910 64.351524               5061 
7.456048 181.245163 53.237965 35.005650 217.387756 42.942020 -31.266096 200.585785 51.476749 73.862923 194.610245 70.676910               5079 
3.715640 170.263916 60.326534 30.551542 207.709900 49.664944 -34.997631 189.701477 61.221237 71.136856 185.866364 75.619118               5097 
0.512521 163.403931 68.053223 25.383295 201.742569 54.235535 -38.585808 181.825989 70.402863 68.265640 183.302536 79.115173               5115 
-3.160918 155.594070 74.756966 21.862127 193.543839 58.759815 -41.980476 175.000473 77.297600 65.169121 176.721115 84.046707               5133 
-5.852848 151.401474 77.892914 21.675600 187.849564 61.603828 -43.380562 175.073334 82.051872 64.085266 168.376450 86.506546               5151 
-7.923880 145.404938 78.734138 20.146931 182.622620 64.492554 -45.875225 169.375717 82.167061 61.595604 163.284103 91.062401               5169 
-11.915123 142.630371 82.623436 18.681667 177.376175 66.874474 -47.260483 170.848511 89.100204 59.722237 154.230606 90.913651               5187 
-14.573606 141.711029 84.714409 16.871181 175.473129 68.471436 -49.095562 172.147202 92.576202 57.497913 151.128769 92.024529               5205 
-15.401492 138.924591 85.400009 15.733533 172.762100 68.681786 -50.441189 170.288559 93.639503 56.546341 149.280487 92.782730               5224 
-14.397908 135.573959 86.209297 15.857109 170.227234 69.482330 -50.198540 166.499481 95.159935 57.348999 147.602081 93.240540               5242 
-13.566262 132.981903 86.921883 16.228823 168.178253 70.441101 -49.725906 162.818481 95.748367 58.085690 145.793640 93.783318               5260 
-13.478699 130.912384 87.661652 16.250704 166.557541 71.885704 -49.516567 159.586029 96.265572 58.262836 143.649506 94.427437               5278 
-11.552511 127.822014 88.771469 17.635395 163.935471 72.891701 -47.683868 154.580994 95.672096 60.061764 141.698944 95.329773               5296 
-11.368520 126.071838 89.699158 18.862091 161.638474 74.403366 -46.099785 152.406113 94.936836 60.705341 137.723862 96.201561               5314 
-11.750954 124.460167 89.931816 19.317465 160.011795 75.612144 -45.301170 150.185181 93.755516 60.767818 135.012955 96.939453               5332 
-11.503437 123.465729 91.980400 19.164007 158.722824 75.731911 -44.052872 147.393600 91.789001 61.153759 135.040070 97.501503               5350 
-11.668369 123.567146 94.235016 20.027683 157.966736 77.082191 -42.313107 146.638290 91.787659 61.907948 133.203293 97.836510               5368 
-12.312484 120.139931 94.672981 19.073164 155.117645 77.236374 -40.403324 140.384628 88.352104 61.519203 131.260284 97.902458               5386 
-13.237858 116.809128 95.488335 17.787066 151.978226 77.054543 -39.522987 135.856583 86.615181 60.807678 129.235489 97.789101               5404 
-13.582917 116.385880 95.659744 18.050543 151.491852 77.583176 -38.188030 135.105392 85.356171 60.844135 128.241684 98.224525               5422 
-13.754944 116.241188 95.821663 18.189392 151.338501 77.820206 -37.463924 134.729172 84.730186 60.922905 127.977455 98.460823               5440 
-13.904613 116.146454 95.910789 18.271702 151.247604 77.960716 -36.912426 134.329758 84.206497 60.969490 127.820892 98.600868               5458 
-14.734781 117.142097 96.709076 18.246700 151.600250 78.729324 -36.560120 135.238525 84.586014 60.585384 126.761070 98.436646               5477 
