-51.688461 130.215332 82.658150 8.041440 126.086807 106.921814 -48.577579 99.888054 102.987099 39.214958 88.928375 89.415863                  0 
-51.730061 130.118134 82.593269 8.031173 126.019608 106.899071 -48.731979 100.219269 102.473778 39.264519 88.849815 89.524376                 18 
-51.772701 130.089325 82.579247 8.029549 125.996719 106.886971 -48.726604 100.203796 102.389488 39.306057 88.830910 89.581528                 36 
-51.789948 130.173874 82.569054 8.044983 126.017220 106.878250 -48.705147 100.230225 102.370239 39.320839 88.825249 89.627930                 54 
-51.688152 130.498642 82.493004 8.070709 126.235336 107.053703 -48.711826 100.565582 102.390335 39.335018 88.899925 90.094765                 72 
-51.257362 132.337601 82.300949 8.153405 127.312996 107.625427 -48.738686 102.123451 101.891579 39.377415 89.918816 90.721832                 90 
-50.544533 133.962921 82.218452 8.419243 129.223679 108.684952 -48.058407 103.511284 101.490669 40.385292 92.353539 92.018822                108 
-50.544868 134.909454 81.196007 8.462758 129.148468 107.160873 -48.397129 104.114090 101.319809 39.359497 91.334473 90.593155                126 
-49.828785 137.555267 80.611900 8.958186 130.480423 106.647743 -48.361046 106.486000 101.502739 38.765335 91.638611 90.466194                144 
-49.873878 147.405060 83.256500 9.530549 138.548233 106.461830 -49.367085 118.172447 106.863564 35.519077 96.530678 91.693031                162 
-43.331249 146.238235 79.224510 16.411003 133.700378 99.185844 -44.777603 122.543472 99.670799 37.870480 89.075668 84.794151                180 
-43.489853 143.909286 78.764191 17.459639 135.420135 96.744484 -44.463013 125.967003 95.012993 40.424919 91.113106 83.764549                198 
-40.269070 135.974777 70.392105 20.078680 136.663284 91.291344 -41.812439 125.280602 79.150902 48.404865 94.247711 83.705696                216 
-38.727013 140.957932 65.664665 21.348507 146.062576 85.939728 -41.178352 134.754028 68.981789 49.668568 102.980049 86.870354                234 
-32.598709 149.651505 55.134449 25.682690 154.040436 80.206177 -35.449493 144.799484 53.747341 52.459244 110.278725 85.394974                253 
-27.850767 166.404755 44.195183 27.922380 164.766220 74.576607 -30.753639 162.667435 40.174709 50.963917 118.838463 78.903709                271 
-24.140692 185.607910 36.594620 31.029421 174.069214 65.871712 -27.341690 183.148849 31.268986 48.719326 125.654846 64.418686                289 
-21.149086 194.428696 25.183319 30.386061 179.637405 59.208374 -23.246105 193.354050 17.791975 48.577286 131.596909 54.715641                307 
-19.260752 202.307159 11.100574 28.848154 186.184891 49.258266 -19.894077 202.644928 1.949565 48.794636 138.988525 43.458588                325 
-16.330830 207.879318 -4.111502 27.990704 193.144394 38.860271 -15.274137 208.866913 -14.650023 49.190083 146.229721 35.928440                343 
-14.395955 219.020233 -17.061764 26.472784 200.210785 27.700180 -11.761859 221.032440 -28.626308 46.367188 152.810043 23.653196                361 
-10.271700 226.843918 -26.354780 29.074589 204.442001 18.269321 -6.087683 229.817886 -39.002239 48.035446 156.840973 12.470783                379 
-8.715567 232.804932 -39.775513 28.001617 210.946503 7.480206 -2.393603 236.107483 -53.309570 47.944580 163.551636 3.607170                397 
-7.594087 237.462723 -51.101639 27.016994 215.492126 -2.203006 0.613260 241.366028 -65.200485 47.661819 168.331909 -5.152746                415 
-7.838150 240.860901 -65.064117 23.081812 221.147446 -12.838962 2.631973 245.769424 -79.077225 46.180840 175.045502 -13.042778                433 
-8.039818 242.580841 -77.033752 20.787500 225.810043 -22.620331 3.960366 247.888977 -91.212593 45.446724 180.610001 -19.814157                451 
-9.861788 287.907043 -87.200180 43.448647 220.930618 -33.730690 -29.997751 213.533249 -37.499424 69.388145 189.831680 -1.809011                469 
-12.236963 286.385315 -94.977806 39.951481 220.210022 -39.394020 -33.317104 212.202316 -45.040535 65.266685 189.703506 -6.416930                488 
-11.611426 288.332672 -101.666534 37.737648 220.655197 -45.254406 -35.856289 215.433105 -51.096630 61.762135 189.576569 -11.848742                506 
-12.700225 288.560760 -110.487823 34.930714 220.881943 -52.583405 -39.283104 218.012955 -57.806145 58.144146 189.971405 -18.456137                524 
-16.528646 284.947021 -119.512711 32.952011 220.899445 -59.017807 -41.793861 216.153946 -63.308315 57.071854 192.165085 -23.640337                542 
-18.038731 283.384247 -123.939835 31.992458 220.495544 -62.596661 -43.062061 214.946487 -66.128113 56.609173 192.808105 -26.729986                560 
-20.050028 280.808685 -128.224823 30.607594 219.461899 -65.774635 -44.668541 213.005127 -68.682358 55.673382 192.936279 -29.345333                578 
-23.308182 276.827484 -133.985291 27.851753 217.823257 -69.670067 -47.541241 210.096130 -72.496994 53.175549 192.792923 -32.371506                596 
-27.272375 269.963745 -136.027237 26.489328 214.385590 -70.790970 -48.700569 203.229279 -72.748650 53.126575 191.423004 -33.079277                614 
-31.347410 262.099365 -138.465530 26.080738 212.565323 -72.095589 -48.492264 197.636368 -71.923744 54.584988 192.595886 -34.046608                632 
-37.315495 252.189926 -142.615311 23.610783 211.373657 -74.309067 -49.537388 190.889084 -72.692902 53.800274 195.631897 -35.581985                650 
-39.829552 243.410385 -147.794052 22.323645 210.372467 -76.893135 -49.168018 185.296768 -74.866592 53.086758 198.680267 -37.195286                668 
-45.490093 229.813156 -152.071609 20.412195 208.720718 -80.375717 -47.158798 175.179428 -76.201530 52.741547 203.047470 -40.606094                687 
-46.655094 225.680679 -156.798874 17.999887 206.236633 -83.773247 -48.661991 171.232239 -80.959824 49.730362 201.323196 -43.424385                704 
-52.251766 211.895538 -161.204773 14.311290 202.800583 -88.351036 -48.216003 161.817596 -83.333450 46.867374 202.737228 -48.362377                723 
-57.642368 196.432327 -168.948364 8.993108 198.905701 -96.154152 -49.848057 155.372467 -88.044212 41.667732 204.267212 -56.624180                741 
-60.266853 193.102951 -174.206879 5.871945 196.320679 -101.351723 -52.222984 154.167969 -94.099152 38.583366 201.648315 -61.847610                759 
-61.476624 191.519302 -174.467010 4.904824 195.855621 -102.263641 -51.825207 153.965347 -95.989273 37.870144 201.086182 -62.958115                777 
-61.382126 193.207962 -173.645157 5.525834 196.192093 -102.158951 -50.483215 155.643631 -97.927017 38.859123 200.022034 -63.002609                795 
-59.518105 200.493896 -171.742218 7.447512 197.628983 -100.475403 -49.156502 159.589447 -99.351822 40.902130 197.955048 -61.236679                813 
-55.849110 210.340530 -171.427689 9.975245 200.276276 -99.848175 -47.842194 165.761368 -102.053276 42.898743 196.583725 -60.333569                831 
-53.975616 213.978836 -169.785965 12.005698 203.676773 -98.449570 -42.780151 166.208206 -103.842316 44.913002 199.492844 -58.970463                849 
-40.154984 165.662262 -124.310547 13.295051 202.518677 -95.587318 -34.587315 158.187973 -106.432388 46.277237 199.110077 -56.096153                867 
-16.243746 158.683578 -95.964073 14.584603 203.017197 -94.191826 -29.793791 156.443253 -108.449715 47.822529 199.162643 -54.956917                885 
-14.255530 173.315231 -97.991272 17.562296 214.339828 -91.873360 -32.217155 177.933578 -114.600586 51.841045 196.937927 -57.505688                903 
-12.338451 182.498352 -94.969910 22.398403 219.817551 -88.770317 -31.816290 191.097977 -112.008148 56.028351 195.864807 -57.878773                921 
-5.823039 186.873505 -92.482300 27.376764 224.586700 -85.598999 -26.093468 196.118530 -110.538383 61.024574 199.917099 -55.296661                939 
-6.932784 216.195572 -102.674805 46.987263 240.068604 -85.491356 -12.825451 225.010223 -111.817833 67.283669 210.998215 -48.048553                958 
-3.401369 229.396408 -119.125587 54.912842 245.180435 -86.223366 -5.329896 234.487930 -117.923996 67.008698 216.111252 -45.386276                976 
0.742166 227.693176 -123.213127 58.274044 246.969360 -85.459488 -2.775404 233.930969 -117.545906 70.256889 219.426331 -43.545433                994 
5.268854 228.810059 -124.560287 62.772430 247.599121 -84.670708 0.334031 236.041901 -116.663979 73.568924 220.500336 -42.149101               1012 
9.486138 229.837738 -124.808952 66.682732 248.266190 -84.028351 2.807245 238.864868 -115.547218 77.030579 220.757446 -41.658710               1030 
15.565306 225.118256 -125.225380 69.930061 246.601318 -82.022430 6.292465 234.906647 -114.709915 81.127998 218.609711 -40.188572               1048 
25.947010 230.380127 -124.616058 77.850754 249.583298 -77.285187 15.612920 240.166412 -113.694862 87.316231 218.578278 -37.184200               1066 
33.457520 231.683594 -123.181557 84.222847 250.590012 -74.457199 22.625256 242.330750 -112.553749 92.714767 218.434464 -35.050301               1084 
39.477997 227.899811 -120.251205 89.942108 249.200638 -72.149094 28.470665 239.646866 -110.312218 98.271416 218.309769 -31.709358               1102 
47.102036 231.637497 -119.970520 95.427933 250.080765 -68.505699 35.483063 242.771759 -109.634499 102.520538 216.438675 -30.075237               1120 
53.022152 228.037247 -119.367767 99.344879 248.164749 -66.653336 40.735218 239.047424 -109.433685 106.159706 214.963501 -27.791645               1138 
58.910465 224.987473 -116.789093 104.792564 244.191376 -63.306843 46.633339 236.340561 -107.036003 110.241211 210.840561 -24.357767               1156 
63.482666 221.627335 -116.256584 108.398308 241.738922 -62.251942 50.809685 232.813736 -106.663017 113.914452 208.534241 -23.187685               1174 
66.955711 216.957977 -116.367592 111.157356 238.415527 -62.258396 53.952423 228.476044 -107.170120 116.053902 206.189728 -22.301962               1192 
70.747513 214.763626 -117.073860 114.272675 236.028748 -62.313705 57.431427 226.061737 -107.829262 119.106483 203.363068 -22.708355               1211 
73.518158 208.611237 -116.982803 116.734703 231.519699 -62.615131 59.912331 219.916748 -107.910049 122.016899 199.635147 -22.434675               1229 
77.672348 202.136230 -119.363541 120.660606 226.732117 -65.529709 63.970757 214.043396 -110.878235 125.035522 196.491470 -23.992260               1247 
78.684906 189.895493 -120.199272 121.881378 221.591858 -70.369926 65.001549 201.732834 -112.747948 128.343735 196.053818 -26.041136               1265 
80.558182 184.217010 -119.813950 124.755379 217.407043 -71.846161 67.110901 196.250427 -112.605217 131.703156 193.452118 -26.714296               1283 
83.309578 179.233948 -119.169281 127.883644 213.315125 -72.162407 70.108734 191.501404 -112.401672 134.401093 190.679932 -26.291212               1301 
87.032990 170.380341 -117.908051 130.997940 206.865112 -72.126205 73.727585 182.684052 -111.778099 137.342407 186.299103 -25.267029               1319 
89.193306 157.779373 -117.477982 132.486084 197.695877 -73.954330 75.612892 170.109863 -111.986687 139.361725 179.902908 -26.046803               1337 
91.286362 149.469711 -116.163116 135.081299 189.206909 -72.958839 77.883438 162.084244 -110.869354 141.490189 171.864960 -24.821760               1355 
92.775307 141.926224 -113.471245 136.442230 184.240936 -72.630516 79.166054 154.373703 -108.311043 144.336182 168.718170 -24.094706               1373 
94.114388 134.532242 -112.265533 137.265213 178.811157 -73.006927 80.328102 146.964035 -107.509529 145.684631 164.779465 -24.106817               1391 
96.086517 132.372101 -110.790268 140.145493 175.061554 -70.960670 82.964691 145.226425 -106.696167 146.958466 160.672089 -21.914545               1409 
95.417511 117.126160 -104.794701 137.789505 164.648056 -68.948853 81.589424 129.115997 -100.807297 147.966782 152.637161 -19.845314               1428 
96.698471 110.042839 -102.161049 138.672256 158.998856 -67.895340 82.724159 121.980156 -98.499504 149.381638 148.228745 -18.617460               1446 
97.627998 104.638847 -101.534554 139.174194 153.219528 -66.292870 83.598801 116.610458 -98.089043 149.093781 141.953888 -16.960506               1464 
97.929832 98.846855 -100.115860 138.065109 148.269226 -64.464104 83.395096 110.263565 -96.330956 148.950516 136.409058 -15.475944               1482 
97.759941 96.779259 -99.874573 138.113937 145.882751 -64.073776 83.161247 108.270660 -96.059860 148.955261 133.722839 -15.149368               1500 
97.647934 92.979904 -101.287918 136.198349 141.428635 -62.750362 82.547485 104.214439 -97.535431 145.662125 127.820892 -13.921458               1518 
98.404083 94.153336 -102.705032 136.971756 141.600754 -62.415119 83.276787 105.180908 -98.082573 145.967041 127.240753 -13.713266               1536 
98.328270 93.109619 -103.594009 136.508575 140.597885 -62.517033 82.997192 103.814148 -98.218536 145.594208 126.198257 -13.843658               1554 
98.070953 93.422005 -104.202110 136.465256 140.631561 -62.508888 82.757462 103.967293 -98.109467 145.432190 126.334145 -13.783397               1572 
97.717064 96.166527 -105.247719 137.673203 142.454773 -63.374470 82.821365 107.079109 -98.547462 145.737961 128.923737 -14.273896               1590 
97.481934 96.000954 -105.552345 137.354507 142.151566 -63.014790 82.513603 106.586220 -98.087669 145.587631 128.552307 -13.961031               1608 
97.408150 96.736267 -106.149200 137.401825 142.350952 -62.644707 82.446159 107.076180 -97.877197 145.420349 128.655304 -13.582214               1626 
96.943520 97.568405 -105.828667 136.744949 141.605667 -60.197262 81.840576 107.367828 -96.604149 144.672424 126.347137 -11.583191               1644 
97.041985 98.741707 -105.577797 135.725708 141.084061 -57.216385 81.548477 107.875259 -95.728203 143.035965 123.956902 -9.130877               1662 
96.645348 99.439919 -105.574905 134.712921 140.260925 -55.282799 80.806206 108.077583 -95.158646 141.712158 121.634048 -7.711318               1681 
96.548607 99.742805 -105.552498 134.307510 140.101822 -54.531334 80.515892 108.118073 -94.791405 141.235474 121.028648 -7.126558               1699 
96.191002 99.949081 -104.971985 134.271149 139.823563 -53.705517 80.120682 108.196632 -93.814819 141.430298 120.413200 -6.472262               1717 
96.090439 100.165955 -104.903122 134.154343 139.933777 -53.454594 79.786247 108.362083 -93.444237 141.379578 120.451050 -6.261217               1735 
96.055374 100.032745 -104.788712 133.868042 140.039124 -53.265617 79.322762 108.160652 -92.987511 141.330368 120.601830 -6.090404               1753 
95.828033 99.681290 -104.498894 133.271851 140.282669 -53.121246 78.452866 107.752312 -92.272026 141.200027 121.076035 -5.927555               1771 
95.982254 99.615021 -104.814697 133.190643 140.446777 -53.347462 78.372528 107.552834 -92.287476 141.230087 121.447548 -6.088685               1789 
95.828796 98.749542 -105.951187 132.961136 141.172211 -55.644627 77.891518 107.079353 -93.354469 141.076141 123.697227 -7.814020               1807 
95.274170 100.232162 -109.532738 132.359024 143.145721 -59.537415 75.898239 109.626152 -96.625443 139.769455 126.543114 -11.283566               1825 
94.696487 102.761330 -112.298729 131.658752 145.159821 -61.611458 72.369141 113.278732 -97.567635 139.325882 128.106735 -13.555211               1843 
95.169624 108.341064 -117.295479 130.600220 148.689865 -63.776421 65.186203 120.712654 -98.019127 138.422150 129.253952 -16.658930               1861 
95.646484 111.537933 -119.641907 129.140396 151.769531 -64.700104 58.443531 125.189751 -96.257797 137.247833 131.593033 -17.943567               1879 
94.085403 117.459007 -120.921875 126.494743 155.772659 -63.914421 52.677795 131.166779 -94.321426 134.930008 133.690369 -18.086323               1897 
90.498375 123.006912 -119.115494 122.653427 161.061676 -61.725628 46.569393 138.027069 -90.459976 131.366119 138.708252 -16.081257               1916 
82.164665 153.549393 -122.063644 119.547546 174.364029 -59.167965 39.961605 167.805908 -88.202652 126.008087 142.067474 -19.491915               1934 
74.721565 195.151855 -119.142624 113.245605 183.972427 -54.253765 35.405720 207.480499 -79.789139 109.796783 140.199402 -27.216341               1952 
69.805252 214.599976 -109.287033 106.389603 190.595169 -46.372658 31.094713 224.922058 -67.412643 98.561058 144.478561 -24.670891               1970 
60.708294 224.829971 -96.341095 98.377563 197.005051 -35.169369 23.184359 234.232361 -51.640480 90.128609 150.760269 -13.900375               1988 
52.432686 231.189804 -76.707954 91.192619 198.564224 -17.830887 15.087786 235.141785 -30.323175 84.477821 151.066742 1.087229               2006 
41.922482 233.614243 -58.531242 85.773453 201.381653 -2.350876 8.520187 233.243607 -10.239169 83.661774 153.640335 17.021860               2024 
29.856853 236.540970 -42.199921 77.637085 204.041565 11.325335 4.197692 234.901474 8.538111 79.451462 156.309433 30.750753               2042 
19.224804 235.774323 -24.250498 72.924400 205.922394 25.614918 0.053013 230.212921 25.830151 81.090317 158.252472 43.500439               2060 
7.043740 230.107254 -4.819600 68.246330 206.695175 39.546890 -3.110639 224.602386 44.661224 83.299309 160.482437 56.774406               2078 
-1.839346 224.750900 16.560610 64.928780 202.503494 52.530720 -3.799448 217.868851 63.551041 83.784317 156.402878 65.879807               2096 
-7.820680 217.158813 36.143497 61.405643 198.608566 64.978241 -5.221662 212.461166 79.262169 82.310097 152.626129 75.351997               2114 
-13.272278 212.580200 51.418316 56.557247 195.260635 75.248543 -8.499132 209.853592 92.227661 77.368645 148.766342 83.258682               2132 
-19.000158 205.071289 62.609249 51.928825 191.909805 83.798729 -12.670754 204.497101 101.627136 74.715561 146.339890 91.744957               2151 
-26.121416 202.938934 71.018143 44.501675 190.159790 92.205765 -19.686981 204.501236 109.194191 66.580063 144.539627 101.710579               2169 
-29.540129 193.773300 79.532341 42.639099 186.227692 97.254227 -21.537819 195.710236 116.530609 68.381203 142.261902 105.213394               2187 
-31.750113 190.097488 85.960663 40.481735 181.966263 101.958939 -23.288568 190.923691 122.146690 66.131653 137.586807 107.575157               2205 
-34.275005 187.616028 91.427353 38.203056 178.464340 105.172829 -24.884165 187.923111 126.773300 63.416744 133.682602 109.399094               2223 
-33.968632 186.397522 97.465164 37.470715 168.407684 107.208641 -23.287111 183.244156 132.126678 57.610962 120.938232 107.339050               2241 
-37.011932 173.316925 98.995461 35.973083 162.419907 107.784279 -25.118380 173.982086 133.430817 60.337719 117.087440 110.997932               2259 
-38.082561 175.356354 102.878067 34.580921 160.307571 108.562241 -24.558748 175.128357 136.721252 56.619446 113.738182 110.704697               2277 
-38.546196 175.134903 105.976059 34.214073 158.634903 108.830757 -23.125353 175.457520 139.188690 55.678768 111.826180 111.514969               2295 
-39.991013 172.071899 106.754234 33.198177 156.400452 109.029991 -23.958038 172.620926 139.785324 55.560898 110.031319 111.997887               2313 
-38.966255 167.918900 104.957825 33.148411 146.993271 107.851044 -23.891430 163.885422 138.239731 52.698822 99.282043 107.206482               2331 
-37.657204 163.931915 104.906296 34.811447 141.768890 106.567558 -22.192614 157.185242 137.494354 54.809830 94.294136 104.285545               2349 
-37.342655 162.826691 105.645401 35.666065 140.508087 106.831490 -21.422335 155.004852 137.668701 56.461567 93.382973 104.430290               2367 
-37.518932 162.932419 105.666664 35.483780 139.147507 106.818382 -21.578810 153.801117 137.152054 56.016247 91.924622 104.095848               2386 
-37.786980 162.856369 105.774757 35.475685 138.825043 106.932770 -21.638226 153.225601 136.657669 56.349880 91.743370 104.367661               2404 
-38.267689 162.660477 105.957672 35.220131 138.845612 106.759987 -21.795788 152.826584 136.179581 56.440918 91.926521 104.063103               2422 
-38.980000 162.548782 106.805725 34.152256 136.517639 106.095192 -21.877352 151.632278 136.060638 54.464569 89.217522 103.077766               2440 
-39.455830 163.200638 107.683723 33.916016 136.179367 106.090622 -21.795387 151.062943 135.864975 54.419754 88.972237 102.915871               2458 
-38.583340 161.541809 108.928406 34.583096 133.133850 105.280518 -20.504103 147.555817 135.937119 54.638081 85.887787 100.320366               2476 
-38.271927 161.284561 111.105751 34.148396 130.863403 104.336426 -19.511955 145.884735 136.942719 53.014572 83.313858 97.847733               2494 
-37.016640 162.412262 112.719292 34.552505 129.812637 104.813492 -18.428581 145.751205 137.856827 52.108265 81.893753 97.426247               2512 
-36.932999 162.574219 112.747955 34.736797 129.708099 104.767250 -18.440350 145.267044 137.316528 52.356308 81.890129 96.893898               2530 
-36.667973 161.782730 112.401657 35.122189 128.922989 104.064888 -17.782709 144.788696 136.694168 52.936455 81.073219 96.850502               2548 
-36.153137 161.644806 112.882637 35.597610 128.653107 103.557167 -16.901754 144.438400 136.822922 53.395882 80.834625 96.099960               2566 
-35.674725 162.041672 112.827065 35.601864 127.934387 103.175545 -16.669661 144.168625 136.551102 52.709095 79.937248 95.262749               2585 
-36.152439 162.441406 112.391647 35.784462 129.411667 103.830452 -17.405043 144.467972 136.234116 53.722660 81.770210 95.614166               2602 
-36.433357 162.367020 111.786194 35.737427 129.636917 103.957375 -17.825106 144.450653 135.748306 53.979595 82.082642 95.906906               2621 
-36.494625 162.428604 111.589111 35.683060 129.635696 103.933418 -17.902870 144.483917 135.547592 53.943001 82.077217 95.948357               2639 
-37.132870 162.900146 110.653061 35.221458 130.181534 104.104271 -18.792459 144.917603 134.830978 53.724155 82.669815 96.404755               2657 
-37.691204 162.555695 108.806068 35.019863 130.169189 104.641563 -19.715780 145.076935 133.689316 54.044552 82.668655 98.257561               2675 
-37.912914 162.657715 107.580956 34.791454 130.062088 104.750900 -20.221018 145.250183 132.805847 53.836674 82.499519 98.913376               2693 
-38.254814 162.601227 106.257050 34.596279 130.195007 103.926651 -20.623196 145.048569 131.564407 53.911488 82.744484 98.064423               2711 
-38.505741 162.667007 105.219749 34.446503 130.297012 103.294136 -20.963449 144.882355 130.612228 53.969017 82.933342 97.416161               2729 
-38.586891 163.064392 104.426071 34.281780 130.100784 102.780861 -21.166111 144.661636 129.865662 53.768242 82.737709 96.779808               2747 
-38.651215 163.494629 103.812698 34.160774 129.997269 102.382851 -21.294092 144.519241 129.308151 53.641819 82.644852 96.280998               2765 
-37.729969 163.124237 102.144157 34.912754 128.760452 102.325233 -21.070499 143.278671 127.960312 54.350872 81.392670 96.205734               2783 
-36.940037 163.431320 101.329582 34.947304 127.410095 101.873322 -20.676441 143.205215 127.359657 53.389931 79.633934 95.848076               2801 
-37.138523 163.037628 101.180153 35.041164 127.503807 101.582146 -20.564165 142.942886 127.228935 53.849812 79.861671 95.627571               2819 
-37.286488 162.786896 101.065964 35.093399 127.573593 101.353806 -20.516479 142.743439 127.099640 54.156147 80.029800 95.421272               2837 
-37.238503 162.805832 100.843071 34.953964 127.085327 100.810875 -20.460184 142.483185 126.782303 53.747135 79.460114 94.674767               2856 
-37.273132 162.649185 100.598213 34.982681 126.995514 100.496483 -20.463503 142.179718 126.467888 53.863132 79.433327 94.143303               2874 
-37.158634 162.456055 100.588654 35.166309 126.895294 99.874054 -20.130508 141.771454 126.234604 54.103256 79.425873 93.015320               2892 
-37.032894 162.501617 100.686752 35.080101 126.520554 98.549995 -19.747442 141.339005 125.839142 53.651283 79.048248 90.772652               2910 
-36.952850 162.637558 100.611061 34.868298 126.063408 97.880798 -19.745867 140.963028 125.476059 53.030773 78.552940 89.402840               2928 
-36.979874 162.638504 100.557846 34.874134 126.065941 97.894760 -19.731340 140.939621 125.439316 53.062355 78.566551 89.409935               2946 
