-6.076800 217.403702 66.448296 32.330112 134.493042 40.756161 13.259160 193.806671 72.450821 47.056744 90.541206 66.237335                  0 
-6.355803 219.761032 58.592735 33.459190 136.517670 35.268776 12.697194 195.837753 67.086510 45.121231 91.777802 60.964447                  9 
-13.361460 224.137817 51.906445 36.056103 142.902542 35.705765 2.417073 197.307938 67.190628 43.288795 95.942177 58.950962                 18 
-18.508934 229.065384 41.252167 37.483143 149.081512 37.145664 -7.727630 199.536072 68.093369 42.231518 100.944366 58.551182                 27 
-21.208231 234.320801 29.240297 37.465233 155.452789 38.205299 -18.550968 201.787415 62.294872 40.842216 107.036812 59.238987                 36 
-22.257996 238.431366 18.031874 36.481216 160.258774 35.789429 -25.718130 203.601959 53.712917 39.173008 111.822960 56.876236                 45 
-20.361868 241.387543 8.810987 35.376446 161.685089 30.983164 -29.468319 204.425491 44.576481 36.008110 112.742729 51.037449                 54 
-20.222479 243.328430 -0.668897 34.801201 164.105301 25.634756 -32.283367 205.492554 35.551552 35.120163 115.267029 45.948494                 63 
-20.040451 246.003937 -11.495229 32.829739 166.404434 18.703878 -35.733376 206.999573 24.560204 32.272438 117.531265 38.928360                 72 
-18.944906 249.279953 -20.770014 32.084446 168.654099 10.815087 -37.274055 208.844284 15.205425 31.141460 119.669029 30.752504                 81 
-17.575453 251.126953 -30.234552 31.808691 170.198029 4.237608 -38.781586 209.105362 5.795618 30.927704 121.371750 24.563602                 90 
-16.135592 252.003464 -39.573940 31.221939 170.838135 -1.973296 -40.316326 208.557236 -3.732329 30.204327 122.208176 18.811779                 99 
-14.957652 254.787811 -50.376312 28.234629 172.226898 -10.098621 -43.015045 210.889343 -14.784643 25.701609 123.842285 11.124968                109 
-14.416094 255.155502 -58.108185 28.201290 173.211182 -15.468372 -43.791878 210.709305 -21.812696 26.038767 125.256607 6.748966                117 
-14.010452 256.110840 -67.780205 26.881020 174.487305 -22.421349 -45.330566 211.644516 -30.645708 24.457977 127.103630 0.963342                126 
-15.288700 255.842697 -77.653076 26.397076 176.123718 -29.290524 -46.972134 210.954315 -39.028076 25.129169 129.520248 -4.301800                136 
-16.111431 256.132141 -86.098373 25.792675 177.807236 -35.202202 -48.640186 210.260452 -46.413357 25.591679 131.917160 -8.896532                144 
-16.831089 255.455078 -93.655540 25.484808 178.416138 -40.680115 -50.185684 207.741974 -53.262180 26.724209 133.123947 -13.385276                153 
-17.104277 255.250595 -101.221954 25.131964 179.175385 -46.217339 -51.537796 205.671341 -59.698162 27.745090 134.767365 -17.598682                162 
-18.217642 254.302521 -107.655746 24.584610 179.375793 -50.934277 -53.162655 201.873291 -65.673836 29.015039 135.820206 -21.249094                171 
-21.688421 252.273865 -116.323647 23.330961 180.544067 -56.825085 -55.532383 198.618668 -71.914459 30.015215 138.631073 -25.256920                180 
-26.309729 248.816498 -124.514458 22.358459 181.409973 -62.640694 -57.623661 194.547699 -77.229675 31.711212 141.385498 -29.346638                189 
-28.950024 246.049088 -131.634262 21.128532 181.454498 -67.636803 -59.409363 191.238083 -81.936783 32.117882 143.245743 -32.747654                198 
-33.936665 242.269699 -139.645798 20.050640 182.855103 -73.610802 -61.289181 187.431992 -86.076897 34.028133 147.369583 -36.959267                207 
-36.503815 239.710281 -144.674515 19.447269 183.486694 -77.441429 -62.015202 183.922501 -89.850555 35.129528 149.441498 -40.119614                216 
-38.069466 235.106247 -149.309311 18.967535 181.981979 -80.360573 -62.081532 180.331528 -91.893723 35.820496 150.188400 -41.591076                225 
-40.823505 235.689850 -152.685196 17.868473 182.644775 -85.017509 -62.591579 178.832336 -95.939362 36.095890 151.066864 -46.696182                235 
-46.806366 236.927170 -152.783447 15.446439 183.117355 -88.968109 -63.584438 176.066086 -99.198090 35.984524 150.994766 -52.304047                243 
-50.845448 231.894226 -157.639832 13.474907 181.303802 -93.235695 -64.180740 173.291183 -101.686363 35.397961 151.461502 -55.463428                253 
-53.755344 227.739761 -163.510147 12.469011 180.871231 -98.263176 -63.586929 172.096222 -105.219063 35.631622 153.554962 -59.337067                262 
-57.341835 223.513016 -169.028809 10.078754 180.341599 -103.197205 -64.187248 171.202698 -108.878929 34.635193 154.835526 -63.899006                271 
-62.437325 223.698380 -170.088257 7.989396 182.771164 -106.532883 -64.782204 170.924637 -110.893349 34.841690 157.716125 -68.465477                280 
-64.825401 218.436554 -173.712494 6.776839 182.121155 -108.965164 -64.847572 168.133377 -112.948624 34.620338 159.261353 -70.234093                289 
-66.787628 211.899826 -175.823166 6.660571 183.020111 -109.657333 -63.794598 165.459930 -112.830177 35.760227 163.577576 -69.994690                298 
-71.613869 205.968262 -175.735291 5.422307 184.881119 -110.956673 -63.346195 163.998917 -111.733315 36.828541 168.970657 -71.479675                307 
-67.992256 210.964172 -176.184174 8.545102 190.847397 -110.674652 -59.741688 168.699677 -112.861809 39.737942 174.900330 -71.043549                316 
-72.119865 207.710281 -177.206528 6.073308 192.861847 -112.362892 -61.008709 167.468933 -113.460716 38.502800 179.137497 -72.892677                325 
-75.802628 205.482422 -177.087509 3.992231 194.370804 -113.500847 -62.274509 167.491104 -112.761177 37.559704 182.543671 -74.369385                334 
-77.240387 208.097092 -179.851944 1.847799 196.882294 -115.491112 -64.186020 169.719879 -116.022011 35.051559 184.755478 -76.141678                343 
-80.631775 210.339798 -177.862457 0.251469 199.578445 -115.773827 -65.166893 171.632477 -115.386452 34.677528 187.362152 -77.517647                352 
-83.308334 214.882401 -178.022842 -2.680199 201.754471 -116.195267 -68.421860 175.680557 -116.658363 31.503040 188.222321 -78.164825                361 
-85.083916 220.960114 -176.464493 -5.108995 203.527451 -115.056465 -71.405464 180.490738 -117.113091 28.500181 187.524567 -77.476448                370 
-83.761887 231.721008 -175.918198 -6.879479 206.842194 -113.155739 -74.024719 188.518631 -118.518600 24.565298 187.226746 -75.414688                379 
-81.760017 244.591949 -173.662796 -8.264937 211.172714 -110.822319 -75.571388 196.550049 -120.357361 21.006775 187.019775 -73.974937                388 
-80.003052 260.553070 -165.201233 -11.400938 211.762970 -107.072014 -78.717232 203.607773 -121.669334 14.810718 179.503220 -74.358337                397 
-83.965080 261.781616 -162.492096 -14.607273 213.119110 -105.164444 -82.466896 206.569275 -117.200096 11.921859 181.256546 -72.317680                406 
-88.052261 262.436554 -157.972595 -17.613232 214.124756 -101.691116 -85.495964 207.855743 -112.366531 9.695178 182.488098 -69.267357                416 
-91.048218 263.804321 -154.176315 -20.220890 215.571228 -98.330650 -88.322403 211.299927 -107.008766 7.334232 184.194946 -65.862648                424 
-94.674316 267.345764 -149.706863 -24.276058 217.009720 -95.232758 -92.595222 215.290649 -102.817810 3.009951 184.496216 -63.668961                434 
-97.695412 270.664581 -144.414154 -27.401297 218.840210 -91.233383 -95.624992 218.534805 -98.156441 -0.194282 185.553940 -60.415703                442 
-102.204056 271.586334 -139.394852 -32.098755 219.222687 -86.993286 -100.216003 219.725952 -94.198586 -5.077085 184.796692 -57.284569                452 
-106.758766 270.495819 -134.361771 -35.501080 218.833298 -83.100777 -103.611862 219.348495 -89.213066 -7.767524 184.253677 -54.238579                460 
-113.531876 269.348938 -128.702911 -40.777481 217.576416 -79.897057 -108.771606 218.209702 -84.334053 -12.129519 182.523361 -52.538231                470 
-120.021835 268.537842 -126.487793 -44.693741 220.597031 -78.813744 -112.267471 221.074600 -81.851318 -15.080477 186.096130 -51.782848                478 
-126.582809 266.028809 -122.295555 -50.746250 218.458359 -75.853752 -118.087143 220.144974 -78.064766 -21.203709 183.213028 -49.720779                488 
-132.438889 262.677917 -118.128365 -55.450798 216.641800 -72.411293 -122.633896 217.534546 -74.383888 -25.229912 181.478851 -46.951664                497 
-137.986359 261.906006 -113.929817 -62.389549 212.712021 -69.436401 -129.534500 214.756393 -72.359665 -33.015808 175.504623 -45.968990                506 
-148.274551 253.770889 -112.848404 -68.841850 211.208878 -68.786949 -136.628067 209.375565 -68.790421 -36.733437 176.010376 -45.807774                515 
-156.761505 248.313202 -110.964966 -75.177124 209.956955 -67.545364 -143.258987 206.282883 -65.330986 -41.618393 175.881592 -44.948708                524 
-167.910919 242.602570 -113.327408 -83.735992 211.570404 -69.492767 -151.539444 206.353806 -65.028763 -48.595501 180.364243 -45.218327                538 
-170.995255 239.935577 -112.637810 -85.999702 211.221344 -68.987442 -153.428925 204.685898 -64.972397 -50.213879 180.737671 -44.737732                542 
-176.950272 234.534348 -109.638802 -90.974129 208.184189 -66.899414 -157.993607 200.544540 -63.640232 -54.663239 177.898743 -43.187847                551 
-184.307785 226.459305 -107.960503 -96.006958 206.158966 -67.112373 -162.324554 195.289734 -63.135075 -57.828918 177.852280 -43.893925                560 
-191.828140 219.317261 -109.355736 -102.672478 204.518845 -68.221764 -168.547363 191.952393 -64.256737 -63.768108 178.310608 -43.777832                569 
-200.210709 212.216339 -105.529396 -109.877930 196.768478 -67.191383 -176.188797 184.234573 -60.969715 -70.506935 169.926010 -44.227650                587 
-203.958313 211.571701 -105.171707 -113.924843 193.537125 -67.186134 -181.121170 182.597824 -59.881420 -75.280876 165.350311 -44.601299                596 
-209.772980 205.603790 -107.412224 -118.974487 193.248337 -69.109528 -186.119400 181.148819 -60.776691 -79.711105 167.504883 -44.745857                605 
-213.110535 198.866577 -105.707253 -121.935814 190.452972 -67.298141 -188.889160 175.939163 -59.103622 -81.977890 166.050903 -42.684509                614 
-216.021179 192.369675 -105.494438 -124.642242 186.536163 -66.874466 -191.387573 170.007126 -58.988373 -84.190842 163.111191 -42.118011                623 
-217.914413 181.410858 -103.980125 -126.157875 182.981918 -65.681854 -191.656067 161.702255 -57.268433 -84.113876 162.914474 -40.631371                632 
-219.235123 175.483765 -101.778450 -127.239166 179.463104 -64.103996 -191.609482 154.317673 -56.588684 -84.040474 160.012848 -40.577682                642 
-220.190414 171.210052 -98.658173 -127.841103 176.020462 -61.857815 -191.138550 147.721512 -55.608952 -83.605019 156.514542 -40.395866                650 
-219.892197 168.640060 -97.494820 -127.394264 170.883820 -60.731178 -190.326706 141.092667 -57.340107 -82.804581 149.794861 -41.627697                659 
-218.212036 171.477356 -92.220123 -124.342041 171.055786 -58.960743 -189.110977 146.648193 -50.038509 -80.652916 149.006104 -38.885906                668 
-218.242218 174.271973 -89.812172 -123.883759 170.615997 -58.096886 -189.619843 149.628220 -47.222889 -80.950768 147.225113 -37.908970                678 
-220.090332 172.674240 -83.059441 -124.316704 168.869843 -55.861046 -189.694138 148.849869 -41.261414 -80.695793 145.537277 -37.133137                687 
-221.037018 171.867722 -79.239510 -124.558609 167.894196 -54.611794 -189.673523 148.465683 -37.938515 -80.594711 144.550232 -36.718700                695 
-220.652939 175.636505 -76.143463 -123.694794 167.729538 -54.455406 -189.126343 152.039276 -35.095001 -80.353050 142.815384 -37.172318                705 
-220.542450 177.672699 -73.573448 -123.278198 167.528503 -54.247826 -188.613754 153.742310 -33.045902 -80.175125 141.689026 -37.744091                714 
-221.818710 173.752960 -72.009705 -124.056526 165.993225 -54.072071 -188.771347 150.762863 -31.848745 -80.136391 141.233398 -38.075207                723 
-222.297470 172.893158 -69.908875 -124.207497 165.510925 -53.607449 -188.510803 149.709503 -30.492376 -79.919304 140.829956 -38.529881                732 
-222.288635 172.347244 -69.256363 -124.102669 165.099670 -53.409309 -188.303726 148.975708 -30.132471 -79.706093 140.410782 -38.667171                741 
-222.435959 171.339554 -68.543350 -124.133095 164.652542 -53.113777 -188.164383 147.896729 -29.722591 -79.525078 140.143600 -38.713642                750 
-222.576584 170.074387 -66.684204 -124.036453 164.290817 -52.381969 -187.660019 146.735764 -28.387259 -79.038269 140.132797 -38.616768                759 
-222.665451 169.178238 -65.385925 -123.969200 164.039093 -51.872719 -187.303772 145.923019 -27.456163 -78.705307 140.131500 -38.548515                768 
-222.526184 168.946960 -62.744919 -123.575020 164.133698 -51.032955 -186.415146 145.683990 -25.540058 -77.999115 140.336792 -38.604301                777 
-222.667953 168.732513 -61.391617 -123.625832 163.933701 -50.399273 -186.287048 145.019363 -24.744543 -77.937752 140.036697 -38.589958                786 
-222.835526 167.505386 -55.194180 -123.410454 163.540634 -47.870323 -184.923248 142.638947 -20.948811 -77.064133 139.734558 -38.747978                795 
-222.874207 166.680069 -51.696194 -123.289108 163.319183 -46.445580 -184.113876 141.251480 -18.847483 -76.601524 139.646439 -38.843082                804 
-222.911469 166.566696 -52.145916 -123.335724 163.363678 -46.507065 -184.251038 141.156219 -19.171772 -76.646385 139.747269 -38.741901                813 
-222.877151 166.642746 -52.713135 -123.312790 163.655807 -46.660606 -184.311127 141.356094 -19.539362 -76.613243 140.137726 -38.661919                822 
-222.913940 166.310410 -52.951012 -123.347832 163.690353 -46.663380 -184.342239 141.069702 -19.754059 -76.583496 140.319092 -38.613049                831 
-223.034668 165.735779 -53.446568 -123.477654 163.776871 -46.703690 -184.458267 140.742065 -20.073395 -76.601982 140.706345 -38.436317                840 
-223.136444 165.228622 -53.883251 -123.592300 163.853271 -46.739288 -184.558578 140.453873 -20.353397 -76.621292 141.048203 -38.278732                849 
-223.215729 164.819183 -54.231907 -123.684570 163.914764 -46.767941 -184.638290 140.222092 -20.575214 -76.638885 141.323242 -38.150890                858 
-223.319656 164.227081 -54.774799 -123.813629 163.922775 -46.876144 -184.750031 139.848007 -20.954849 -76.674980 141.605225 -38.055576                867 
-223.404007 163.725830 -55.232880 -123.922867 163.929550 -46.967731 -184.843079 139.532150 -21.273874 -76.707954 141.843674 -37.973660                876 
-223.469513 163.324097 -55.596367 -124.010170 163.934967 -47.040928 -184.916779 139.279800 -21.525658 -76.735916 142.034058 -37.907387                885 
-223.521927 162.995132 -55.890427 -124.081390 163.939392 -47.100643 -184.976639 139.073776 -21.728197 -76.759773 142.189240 -37.852806                894 
-223.564545 162.723221 -56.130280 -124.140015 163.943039 -47.149792 -185.025864 138.903961 -21.892456 -76.780136 142.316864 -37.807541                903 
-223.600281 162.492493 -56.330952 -124.189522 163.946106 -47.191299 -185.067490 138.760269 -22.029079 -76.797829 142.424576 -37.769073                912 
-223.631775 162.287354 -56.506798 -124.233330 163.948822 -47.228031 -185.104431 138.632828 -22.148092 -76.813873 142.519836 -37.734859                922 
-223.779526 161.119019 -57.966125 -124.480789 163.697403 -47.831036 -185.335815 137.782959 -23.299980 -76.950073 142.694901 -37.949085                931 
-223.763443 159.684540 -59.628895 -124.600647 163.500885 -48.562954 -185.363480 136.816818 -24.606461 -76.909065 143.085114 -38.236469                940 
-223.439499 158.136093 -62.086075 -124.508926 163.375443 -49.585796 -185.223709 135.759445 -26.551231 -76.681290 143.630600 -38.604633                949 
-222.928268 161.572556 -65.166611 -124.142509 164.976776 -50.976105 -185.854156 139.189331 -28.448339 -76.962891 144.461609 -38.682247                958 
-222.895081 159.945938 -65.554459 -124.218224 164.779953 -51.003944 -185.630096 138.033554 -28.747648 -76.787498 144.933105 -38.579926                967 
-222.881897 164.442719 -60.608555 -123.587608 168.231308 -50.653698 -184.491409 144.938965 -23.605869 -76.059875 148.436295 -38.521145                976 
-225.574875 164.966858 -75.792274 -128.032364 168.119583 -54.604893 -190.927322 140.736771 -37.901226 -81.629173 147.190857 -40.229240                985 
-226.586380 166.037750 -83.428024 -130.382690 168.060486 -56.694229 -193.836853 139.116516 -45.667469 -84.638229 146.322922 -41.434830                994 
-226.362518 167.069733 -86.577316 -130.733505 168.160690 -57.795712 -194.422180 138.949478 -48.999680 -85.328194 145.906631 -42.270199               1003 
-226.076309 167.225784 -88.119995 -130.757965 168.273376 -58.315174 -194.463333 138.803055 -50.494850 -85.461632 145.975876 -42.535748               1012 
-226.272186 162.958206 -88.992645 -131.196152 167.909698 -58.801056 -194.110260 137.013275 -50.066616 -85.394943 147.558167 -41.889778               1021 
-226.361984 159.737778 -89.483192 -131.523514 167.638000 -59.164055 -193.811722 135.698807 -49.667938 -85.370140 148.791763 -41.483227               1030 
-226.168655 156.198669 -90.771217 -131.830750 166.779358 -59.708485 -193.379974 133.355484 -50.452240 -85.376762 149.267746 -41.452023               1039 
-226.070770 152.075684 -91.544342 -132.230865 165.544449 -60.086449 -192.805283 130.323380 -51.014523 -85.362221 149.468506 -41.571033               1048 
-225.131912 146.787598 -88.883453 -131.292374 164.524139 -59.609921 -190.013031 126.652832 -49.089352 -83.342506 150.605698 -42.145279               1057 
-224.137192 142.800171 -85.374413 -130.402847 164.625031 -58.627945 -187.773056 125.559799 -45.341537 -81.772102 152.940781 -41.410042               1066 
-223.441406 140.057800 -81.778404 -129.736481 164.796249 -57.577915 -186.107544 125.248634 -41.666302 -80.615036 154.788254 -40.700405               1076 
-220.907654 137.346252 -75.419205 -127.281815 165.322662 -54.673256 -182.046860 124.714218 -36.020763 -77.438271 157.143723 -38.968048               1102 
-219.743088 139.208694 -72.820938 -125.561249 166.580063 -53.856041 -180.487045 126.906982 -33.711456 -75.597504 158.169678 -38.663387               1111 
-217.951294 143.739517 -67.878418 -122.616997 169.333725 -52.523441 -177.975937 131.982452 -29.335281 -72.491028 160.210846 -38.307716               1120 
-217.025528 146.047714 -65.481888 -121.173416 170.683868 -51.870060 -176.706635 134.531998 -27.225933 -70.988754 161.182266 -38.117004               1129 
-217.546875 147.048294 -60.659782 -121.311516 171.618912 -49.923431 -176.461716 136.566833 -22.926453 -70.884117 162.305847 -36.951473               1139 
-217.141388 145.652740 -63.564816 -121.452011 171.432495 -50.934437 -176.508377 135.189682 -25.341017 -71.105560 162.643646 -37.299274               1148 
-216.679230 144.640808 -67.325600 -121.724930 171.278931 -51.356106 -176.832352 133.295914 -28.531080 -71.596863 162.688553 -36.819614               1156 
-216.169876 144.324646 -69.478203 -121.662506 171.359955 -51.627846 -176.766754 132.454361 -30.387821 -71.669548 162.850647 -36.587128               1166 
-215.277435 145.811218 -72.718918 -121.082520 172.221558 -52.439434 -176.728561 133.117065 -33.039143 -71.436958 163.283173 -36.522434               1176 
-217.195770 155.834961 -80.427635 -122.478615 175.472977 -55.434357 -181.682770 140.488434 -38.894375 -74.456604 163.032242 -37.075657               1184 
-218.097305 162.967468 -86.266853 -123.724266 178.178421 -57.210720 -185.247299 146.254013 -43.100822 -77.226845 163.565689 -36.658703               1193 
-216.943146 186.990295 -87.164322 -121.609993 187.734741 -56.653114 -187.142532 164.470947 -43.680408 -77.872917 166.717300 -35.599312               1202 
-215.294952 206.559692 -84.258331 -119.717094 193.827728 -56.155319 -187.016205 176.893753 -42.416882 -77.950310 167.578629 -37.064785               1211 
-212.872864 220.271805 -81.969246 -118.178085 197.336563 -55.945141 -186.162918 184.741058 -40.955173 -77.867989 168.163834 -38.001469               1220 
-212.637711 225.278748 -79.932304 -118.293480 198.622696 -54.949055 -186.258728 187.858017 -38.493549 -78.308311 168.975906 -37.055424               1229 
-213.317154 225.963531 -78.833435 -118.671730 199.948257 -53.634144 -186.371506 189.853348 -35.708111 -78.334404 171.430115 -34.725342               1238 
-214.012802 225.988693 -77.982841 -119.129684 200.621170 -52.597942 -186.657913 190.626831 -33.965427 -78.504807 172.873001 -33.166397               1247 
-213.044174 227.179260 -74.058891 -117.739502 204.236115 -47.680729 -185.037170 194.402863 -28.134876 -76.638939 178.224655 -26.894327               1256 
-209.331924 227.676590 -79.307182 -115.918396 206.453934 -45.550598 -184.322067 197.211807 -29.936573 -76.184837 181.820328 -20.804752               1265 
-207.522034 227.899811 -81.576126 -115.113403 207.434280 -44.609005 -183.926682 198.409866 -30.747929 -76.070885 183.466843 -18.167162               1274 
-204.433914 229.763519 -80.637932 -112.846626 209.889023 -41.281513 -181.936386 201.011108 -28.744423 -74.358391 186.445160 -13.587316               1283 
-201.527527 231.762131 -78.269218 -110.410652 212.158981 -37.625374 -179.638702 203.353760 -25.798292 -72.231850 189.003830 -9.267925               1292 
-198.908569 233.818039 -75.042412 -108.044563 214.303802 -33.729404 -177.341461 205.534256 -22.262600 -70.026802 191.297989 -5.036027               1301 
-195.006546 236.307220 -71.110756 -104.281960 216.792419 -29.436380 -173.615219 208.041214 -18.154760 -66.348846 193.864868 -0.568859               1310 
-192.820709 237.739868 -68.926346 -102.179962 218.182709 -27.038069 -171.534622 209.441803 -15.857520 -64.294365 195.298996 1.926474               1319 
-188.415985 239.208160 -64.917046 -97.825188 219.590958 -22.903303 -167.192505 210.855743 -11.774670 -59.965126 196.730789 6.113172               1328 
-185.138290 240.169586 -61.363892 -94.579109 220.485077 -19.272078 -163.954514 211.753113 -8.169299 -56.732891 197.637680 9.772508               1337 
-179.837082 240.545731 -56.472672 -89.298813 220.793671 -14.330230 -158.679749 212.063629 -3.238930 -51.459938 197.953033 14.729238               1346 
-175.177597 240.320343 -51.014717 -84.654053 220.503601 -8.837331 -154.039093 211.774750 2.250171 -46.819008 197.666504 20.229893               1355 
-149.486664 264.065002 -48.181290 -70.569542 219.937576 -1.344656 -140.033691 231.448517 6.145668 -42.279930 187.740616 29.655035               1364 
-128.583359 276.723358 -47.728828 -61.449337 219.651489 3.331104 -126.908554 249.029419 12.407147 -41.048439 183.435501 36.043983               1373 
-112.799370 251.301041 -27.429560 -49.429173 217.085922 5.977291 -104.911560 265.163788 10.629117 -41.028900 179.549576 42.286869               1382 
-55.270592 176.680328 14.286275 2.821168 177.923401 55.319595 -45.985607 166.943588 16.730062 31.159937 136.985764 73.178795               1392 
-54.750492 174.847717 16.584259 3.224091 177.903412 57.688293 -45.199139 165.146851 19.818342 31.909065 137.805435 76.852112               1400 
-54.559174 173.088120 19.039108 3.678553 177.650528 59.628307 -44.653683 163.428925 22.827589 32.980110 138.285751 79.370644               1410 
-54.625748 171.310516 21.528780 3.585957 176.806412 62.039566 -44.137470 161.389389 26.606236 33.398609 137.911743 81.947807               1419 
-53.986736 170.325668 23.747274 5.056697 176.620193 62.915924 -42.938103 160.166809 29.967085 34.969795 138.130066 83.449898               1428 
-53.556297 169.179169 25.830814 6.147742 176.200394 63.857929 -42.007118 158.832565 33.297554 36.131256 138.117554 85.038445               1437 
-53.220875 165.983170 28.398104 7.148586 174.398926 65.067368 -40.966869 155.815491 36.869118 37.691216 137.100082 86.835968               1446 
-42.825279 152.328781 36.022091 7.296386 171.918320 65.662239 -40.821571 151.943115 40.277786 38.501663 135.839691 88.520264               1455 
-35.721542 145.306793 40.614826 7.868472 171.608765 65.894302 -39.562206 150.227570 42.344227 39.857578 136.874481 89.730270               1464 
-33.053638 140.745377 44.732262 9.171033 167.347015 68.630165 -38.511467 148.039871 45.738831 39.908550 131.425400 92.352928               1473 
-31.018068 136.136230 48.422070 10.158284 164.944199 69.979591 -36.793140 145.095154 49.166515 41.745003 130.074631 94.152298               1482 
-30.053474 133.565002 50.091732 9.940687 162.246628 73.231544 -35.690353 143.427032 51.344707 41.457817 126.596489 96.332756               1491 
-28.980886 131.887131 52.093815 11.065065 160.480743 74.737473 -34.406258 142.573730 53.612434 42.406452 124.389191 97.387970               1500 
-28.561434 131.110535 52.935608 11.525862 159.757034 75.354637 -33.675804 142.269730 54.999580 42.791882 123.485756 97.821434               1509 
-28.259499 129.902634 56.373386 13.354377 157.254013 77.440109 -32.476925 141.949142 57.827232 41.856842 120.259575 102.278557               1518 
-28.668751 128.322830 58.585384 13.612484 153.688293 80.746193 -32.091568 140.941544 60.073105 39.716724 115.144302 105.863045               1527 
-28.128965 127.060997 60.907963 14.023815 153.590775 81.942024 -31.190058 140.229858 61.918461 40.484253 115.930344 108.008568               1536 
-27.683865 124.056427 62.657387 13.142301 151.212082 85.419403 -30.852037 137.652740 64.071426 40.468170 113.191299 110.029228               1545 
-27.261528 122.293327 63.676464 12.694596 150.003998 87.185493 -30.583590 136.414978 65.228081 40.492100 111.862778 111.070084               1554 
-28.057148 120.809448 65.067970 12.136668 148.761856 87.925095 -30.986633 135.587753 66.238731 39.463482 110.641052 112.378670               1563 
-28.606897 118.792168 66.157227 11.882612 146.901535 88.333275 -31.112019 134.113937 67.035667 38.804958 108.836548 113.316681               1572 
-27.770624 113.231567 67.089920 12.628531 142.196808 88.461647 -29.840219 129.125977 67.212051 38.963360 104.978416 115.279472               1581 
-27.216518 109.568306 67.309799 12.387047 138.633652 90.092781 -29.175352 126.117882 67.680206 38.488682 100.925446 116.450378               1590 
-26.889799 107.597176 67.494843 12.265079 136.834000 90.916626 -28.779976 124.675797 67.972916 38.261681 98.886101 117.032936               1599 
-27.859682 105.033218 68.486450 11.491545 135.280045 90.317177 -29.671902 122.532089 68.372070 37.871449 98.209282 117.294685               1609 
-28.219334 104.017296 69.183311 11.430981 134.345703 90.410919 -29.897753 121.815414 68.962547 37.897999 97.266304 117.291069               1617 
-28.659077 103.736099 69.946159 11.696161 133.679810 90.435562 -29.976616 121.844452 69.618889 37.861763 96.322189 117.225433               1626 
-28.939812 103.540833 70.810066 12.043320 133.075119 90.654808 -29.924921 121.995575 70.357849 37.843655 95.373360 117.316521               1635 
-29.511173 103.348328 71.246635 12.001335 132.207199 90.956192 -30.136391 122.214233 70.866135 37.198166 93.806442 117.194115               1645 
-30.413721 102.175179 71.076180 11.770358 130.160645 90.599380 -30.562752 121.384911 70.790054 36.152893 91.032707 116.530518               1653 
-30.917665 101.350128 71.549164 11.686824 129.013290 90.339554 -30.791454 121.061241 70.970085 35.432236 89.599510 116.428574               1663 
-30.756289 101.138763 72.452888 11.698266 129.152023 90.692192 -30.719349 121.359016 71.628342 35.473248 89.753151 116.776787               1672 
-30.632742 100.593582 73.768425 11.619884 129.189041 91.153259 -30.700632 121.331062 72.511322 35.623367 90.046265 117.413559               1681 
-30.408779 100.055595 74.882706 11.559267 129.217667 91.509834 -30.674072 121.309402 73.190018 35.742218 90.274284 117.901596               1690 
-32.128265 97.688507 75.635017 10.311658 126.971481 90.078026 -32.542297 119.418228 73.504692 35.108032 87.986847 115.831970               1699 
-33.921368 94.527115 75.211723 9.525562 122.889099 87.274826 -34.152023 116.852081 73.099754 34.607647 82.859863 111.075592               1708 
-34.708965 92.747025 75.051559 9.104537 120.702606 85.773460 -34.792564 115.516975 72.943665 34.244041 80.106407 108.530464               1717 
-34.086449 92.332924 74.897369 9.187610 120.715958 85.779411 -34.288284 115.477654 72.660576 34.261997 80.158226 108.676422               1726 
-33.499557 91.891548 75.079666 9.208953 120.717400 85.783730 -33.724968 115.552711 72.524925 34.270737 80.169701 108.712273               1735 
-32.974163 91.516541 75.217239 9.242359 120.745506 85.800224 -33.157749 115.551582 72.387665 34.314907 80.267204 108.839355               1744 
-32.439640 91.044113 75.382912 9.262080 120.666122 85.829803 -32.588070 115.449997 72.202988 34.348370 80.256195 108.973778               1753 
-31.946049 90.612679 75.536095 9.280223 120.593086 85.857018 -32.017521 115.332062 72.024048 34.378666 80.246124 109.097450               1762 
-31.516552 90.261375 75.805115 9.316727 120.606209 85.865723 -31.359692 115.255882 71.805397 34.565037 80.400574 109.188614               1771 
-31.242783 90.013573 75.986938 9.341971 120.618492 85.868729 -30.823442 115.165833 71.573326 34.727287 80.541168 109.263618               1780 
-29.835274 89.108810 76.833740 9.830332 120.995117 86.003044 -29.764067 114.253700 71.469337 36.057335 82.153297 110.526184               1789 
-28.859865 88.129021 77.410049 10.100391 120.940308 85.982910 -29.234354 113.282043 71.568497 37.186367 82.886093 110.805367               1798 
-28.391287 87.253510 77.293686 10.340506 120.468063 84.987206 -28.936666 112.338470 70.843712 37.747478 83.022964 110.377151               1807 
-27.831026 85.957253 75.634895 10.566801 119.475044 83.052132 -28.455074 110.884277 68.765640 37.984642 82.581406 109.225571               1817 
-27.790674 84.852921 75.411713 10.485675 118.689659 81.294594 -28.649111 109.580292 68.255562 38.803486 82.367920 107.309204               1825 
-27.530844 84.397644 75.007339 10.412350 118.477188 80.974709 -28.478331 109.051575 68.141426 39.090454 82.213242 106.673347               1834 
-27.319675 84.180199 74.871391 10.382228 118.389908 80.843300 -28.230846 108.762199 68.250534 39.208019 82.151436 106.412315               1844 
-27.068508 84.109001 74.387138 10.441452 118.385353 80.507881 -27.834919 108.583031 68.050652 39.198669 82.173500 106.191559               1853 
-26.567827 84.155861 74.251198 10.659068 118.600807 80.581268 -27.357973 108.589676 67.994873 39.415333 82.492325 106.411140               1861 
-26.219585 84.261497 74.081238 10.769569 118.720039 80.610794 -27.061491 108.729431 67.783310 39.283501 82.567406 106.646736               1870 
-25.708250 84.349716 74.062302 10.946748 118.944145 80.729912 -26.623688 108.782753 67.633949 39.153172 82.976135 107.349976               1880 
-25.076241 84.373207 73.406799 11.135305 119.063545 81.106392 -26.061710 108.858292 67.399750 38.840988 82.865051 107.939049               1888 
-24.687874 84.443405 73.162918 11.317643 119.151894 81.142204 -25.798872 108.879326 67.420692 38.685734 82.888802 108.232849               1898 
-24.376497 84.673904 72.866501 11.551795 119.329399 81.199883 -25.499336 109.069344 67.472168 38.532345 82.929550 108.495087               1907 
-24.099783 84.913857 72.600128 11.774061 119.542557 81.239235 -25.396858 109.220222 67.906776 38.438416 83.014565 108.673615               1916 
-23.857443 85.116859 72.347916 11.978583 119.715729 81.292870 -25.198778 109.425987 67.999962 38.364784 83.033829 108.790756               1925 
-23.376402 85.432953 72.075188 12.316654 120.005089 81.671257 -24.774769 109.838158 68.083321 38.349022 83.009132 109.085533               1934 
-23.058868 85.640266 71.889000 12.550488 120.205231 81.932983 -24.471708 110.126312 68.125885 38.340370 82.992424 109.282860               1943 
-21.926908 85.297546 70.206337 13.209301 119.869011 82.134163 -23.350128 109.811554 67.167023 38.024067 82.289810 109.882278               1952 
-21.150799 84.916962 68.826302 13.786942 119.423088 82.065094 -22.541965 109.487076 66.299767 37.778637 81.527878 110.105766               1961 
-20.542049 83.550987 67.601013 14.402248 118.230263 81.158562 -21.916191 108.043869 65.296715 37.538231 80.688110 110.368843               1970 
-20.288538 83.045891 67.076553 14.670568 117.870148 81.205025 -22.006250 107.442757 66.078178 37.550251 80.290009 110.567940               1979 
-20.419086 82.604340 66.689926 14.984530 117.218834 80.936974 -22.225550 107.011772 66.490105 37.588306 79.379402 110.180336               1988 
-20.460083 82.653763 66.987694 15.107833 117.388344 81.092789 -22.291128 107.092316 66.938629 37.641117 79.692383 110.574867               1997 
-19.267836 80.999619 65.500023 15.990267 116.116974 80.161781 -21.276440 105.438919 65.661980 37.791363 78.899963 110.780945               2006 
-18.752159 80.663826 65.041351 16.556473 115.868088 79.934525 -20.811150 105.114662 65.538406 37.618999 78.946404 111.416054               2015 
-18.326662 76.984741 63.168709 17.064692 112.610069 77.490372 -20.833961 101.434219 64.523514 37.864075 76.482109 110.049294               2024 
-18.134926 76.664139 62.882439 17.127220 112.523010 77.502441 -21.103357 101.094604 65.424454 37.921108 76.455177 110.131470               2033 
-18.209711 76.442802 62.884747 16.988791 112.473389 77.851349 -21.431604 100.841789 66.340324 37.678490 76.421066 110.563622               2042 
-18.124317 76.221657 62.912979 16.826853 112.418442 78.289658 -21.688372 100.610847 67.006310 37.359661 76.364838 111.099236               2051 
-17.949783 75.948105 62.912300 16.790331 112.383438 78.386414 -21.836067 100.373413 67.383797 37.320690 76.468697 111.349464               2060 
-17.941696 75.489555 63.296112 16.493061 112.412193 78.459709 -22.165234 99.956100 67.801262 37.258553 76.985138 111.801048               2069 
-19.577461 76.140633 66.362625 14.727850 113.888580 79.848541 -24.054535 100.691124 70.491386 36.749706 79.496361 113.466103               2078 
-20.369314 76.470978 68.819901 13.485420 115.192177 80.841980 -25.312464 101.161598 72.786095 37.203053 81.488487 114.000122               2087 
-20.630232 76.231308 70.317818 12.673512 115.774879 81.610603 -25.985468 101.009331 74.079269 37.305775 82.746864 114.781815               2096 
-20.734543 76.037788 71.023308 12.469331 115.906822 81.956451 -26.183071 100.925049 74.594948 37.422714 83.111450 115.118469               2105 
-21.077974 75.848022 71.324135 12.513940 115.680077 82.096329 -26.298353 100.888443 74.962074 37.592503 82.654175 114.933548               2114 
-21.292723 75.765450 71.696930 12.523971 115.611504 82.159454 -26.375175 100.929329 75.116112 37.685318 82.572273 114.919846               2124 
-21.930336 74.571075 73.119080 12.436240 114.471245 81.697762 -26.733536 99.886581 75.910385 38.444897 81.929581 114.294044               2133 
-22.528534 73.773544 74.412468 12.266788 113.658684 81.436028 -27.014805 99.227234 76.552170 38.797710 81.516365 114.007614               2142 
-22.976786 73.321953 75.230560 12.113866 113.137329 81.386925 -27.154152 98.861015 76.827309 38.860485 81.146736 113.931473               2151 
-23.143803 73.194870 75.770050 12.058652 113.022728 81.418098 -27.034855 98.779144 76.617462 38.942360 81.118690 113.934654               2160 
-24.280197 73.589966 74.857010 12.227908 112.270409 80.487724 -27.270655 99.274536 75.833069 38.354294 79.281624 112.535797               2169 
