-68.002647 115.673218 78.289673 18.843645 74.906189 64.363029 -31.555046 94.313751 103.826874 65.541641 58.577106 83.030121                  0 
-67.196922 116.968246 81.478943 19.727844 78.291435 62.020710 -25.815992 98.307953 102.810745 66.678177 59.775066 77.788147                 18 
-66.286560 127.096382 81.048195 19.488102 85.002693 61.340736 -21.596285 109.127235 102.890938 65.737465 63.739658 75.647423                 36 
-70.237213 139.973129 80.825035 15.185549 97.817581 57.879837 -22.355165 121.927895 102.215057 61.889446 75.654602 68.986145                 54 
-67.985832 150.918396 68.462616 15.334218 100.393776 55.978271 -20.032436 135.413254 94.510239 60.916729 78.439056 71.341431                 72 
-34.872192 145.908524 97.799797 14.371029 106.059258 54.152264 -18.046785 143.522766 93.210403 59.704033 82.855843 68.376266                 90 
-19.785032 162.184830 98.800125 10.877730 120.178566 49.297874 -18.624247 163.354965 86.260712 56.096123 96.905998 63.771511                108 
-11.009782 197.263504 59.670971 11.128152 133.421265 35.121490 -12.140970 193.284607 60.174496 46.578346 106.451370 63.612022                126 
-6.622615 212.129608 31.159466 13.824977 143.086197 29.581299 -16.546280 208.834900 40.059784 42.197445 123.826782 69.829033                144 
0.522213 227.279175 20.878809 14.385947 156.880569 13.800879 -18.718750 223.476059 30.058035 31.282227 129.523270 55.775826                162 
2.915119 235.402283 8.277160 16.232666 164.867569 0.747043 -25.841253 229.698166 17.967735 28.575132 136.025955 43.310246                180 
5.057856 242.093216 -6.581404 19.318680 171.267899 -10.090588 -31.318995 234.333145 2.703457 28.227461 143.969681 34.308094                198 
4.657276 249.802032 -23.062271 20.464146 179.046753 -23.884352 -35.454948 240.207199 -15.111828 26.816536 152.649582 21.487873                216 
5.692414 252.991623 -37.115948 22.921961 182.417831 -34.523991 -37.171520 241.633835 -29.945217 27.525620 157.475388 11.870862                235 
4.313900 258.435425 -55.229431 21.941174 188.050354 -47.417305 -41.098515 245.742477 -49.475899 23.559320 165.305939 0.288831                253 
3.718017 262.273102 -69.889885 20.331188 191.693253 -59.414089 -43.843800 249.021988 -65.505188 19.263683 169.623322 -11.376808                271 
3.321071 258.640015 -83.638077 22.137867 189.482819 -67.074966 -45.385059 242.753662 -79.850769 19.537180 170.426727 -17.821505                289 
-1.246124 258.712677 -97.341354 19.488129 190.867584 -76.934814 -50.419949 240.633972 -93.397903 16.327379 173.677399 -27.031815                307 
-5.575957 253.373367 -108.641701 18.860102 187.813919 -84.221703 -54.670185 232.254089 -102.406548 17.069368 173.223328 -33.430859                325 
-9.568155 249.206345 -117.681686 18.401218 186.105026 -90.211800 -58.050293 225.794250 -108.660286 18.450472 174.111115 -38.714760                343 
-11.974209 242.951569 -124.181061 18.144440 182.106995 -93.884430 -60.248997 218.221146 -112.979591 19.228983 172.745514 -41.855705                361 
-15.350106 230.333191 -140.976105 17.833397 176.892319 -99.608864 -63.295177 203.930450 -123.947121 18.669865 175.417709 -46.760704                379 
-18.958212 222.731735 -146.882309 17.239710 173.193695 -102.092110 -66.172333 195.369049 -124.950745 19.681845 174.723740 -49.295357                397 
-22.672922 212.624451 -151.086121 17.309078 169.166397 -102.913422 -68.108498 184.557770 -124.791588 21.003355 175.310699 -50.526382                415 
-24.466555 209.345291 -152.846725 17.406912 168.031448 -104.198029 -69.051437 179.678024 -125.248550 21.306732 175.004745 -51.929810                433 
-25.091766 208.386261 -152.736328 17.595963 167.129227 -104.697754 -69.606773 177.097015 -124.902428 21.584463 173.539124 -52.364140                451 
-26.217394 207.024597 -152.421417 17.435427 165.971893 -105.089928 -70.222099 174.486404 -124.462296 21.710531 172.093369 -52.744415                470 
-26.617914 206.543640 -152.533432 17.547998 165.403854 -105.734329 -70.232704 173.037582 -124.939690 21.800941 171.086304 -53.337540                488 
-30.394196 192.878281 -159.695145 15.569027 158.968491 -109.273308 -70.018570 159.287704 -132.516479 17.710001 169.079163 -57.417812                506 
-32.897133 196.009155 -162.982071 11.903530 158.427811 -114.198654 -68.979027 164.689819 -141.159210 13.175570 165.445663 -61.806541                524 
-72.062035 201.064545 -167.173691 -0.942781 177.950638 -105.950859 -17.910999 146.848282 -151.756393 45.454811 163.574951 -85.060555                542 
-66.255417 218.164474 -184.348404 -7.488303 184.750961 -103.993057 -17.446321 148.451569 -146.647018 31.484426 170.666885 -71.151512                560 
-63.713364 212.732697 -193.165054 -9.139940 186.659256 -105.776176 -20.070698 144.271500 -140.231262 27.689699 175.875549 -69.401855                578 
-64.990829 213.557495 -194.350433 -10.928913 188.297958 -106.033463 -22.484831 145.135422 -138.875702 25.581278 178.060806 -69.182297                596 
-67.938461 219.091400 -194.591476 -14.693976 192.646622 -106.027916 -24.806749 150.011520 -139.690765 21.417208 182.377975 -68.794342                614 
-77.407448 236.390427 -188.668045 -22.488510 200.517258 -104.546898 -31.358261 162.350281 -143.359238 14.275421 186.805664 -69.103874                632 
-85.336792 247.580841 -183.641174 -29.021263 206.466522 -102.911819 -40.836548 170.105530 -142.525650 8.362130 190.017258 -69.330490                650 
-89.667564 264.123871 -176.345245 -34.513287 215.146088 -99.296295 -50.005150 181.648911 -140.020920 2.387093 194.399796 -67.614197                668 
-100.488968 265.142029 -168.846634 -40.915859 216.854935 -94.756310 -58.358253 183.156647 -134.466507 -2.229299 196.413498 -65.069618                686 
-109.787270 262.741913 -167.815231 -48.728420 215.201340 -94.622627 -67.299583 181.597794 -132.529541 -9.461266 194.909302 -65.603233                705 
-126.632759 272.575073 -151.168655 -59.648701 216.369385 -90.722916 -80.856804 188.980240 -131.264145 -18.069307 192.550079 -68.371262                723 
-138.922195 278.280182 -143.397263 -72.615250 216.613480 -88.028740 -98.445358 191.690140 -126.924355 -31.640434 189.197159 -68.918228                741 
-152.033752 275.822571 -138.272110 -82.045151 215.589676 -86.154007 -109.750961 189.969376 -122.812141 -39.792503 188.656723 -69.268158                759 
-160.838364 276.740204 -126.205963 -89.929688 213.325958 -79.590614 -115.794830 190.418198 -118.623146 -47.151451 185.869797 -65.030983                777 
-174.004242 271.261871 -116.707069 -99.425690 207.593155 -77.136917 -122.555473 187.894363 -119.091087 -54.966560 181.393311 -65.614952                795 
-185.391327 259.786957 -117.525955 -105.153946 203.454742 -78.359489 -124.333961 183.184097 -122.009552 -58.273373 181.851135 -66.900955                813 
-193.930038 252.663147 -114.567535 -111.863518 198.896332 -76.074577 -128.957550 179.518982 -120.981766 -64.172318 178.990250 -64.889824                831 
-202.880249 244.320526 -110.632500 -118.901810 194.775513 -71.402618 -135.094315 174.313705 -116.194130 -70.391304 176.791321 -60.489246                849 
-213.196259 231.520508 -111.893631 -126.274223 190.302872 -70.356285 -139.327286 168.941742 -115.740707 -76.504066 176.738480 -58.748505                867 
-223.902985 220.857147 -113.698112 -134.450577 186.745178 -71.667404 -146.509109 163.620438 -116.238503 -83.755966 176.697784 -60.491138                885 
-225.968292 218.017975 -115.125969 -137.178818 184.664520 -71.432617 -148.343292 160.876175 -115.609230 -86.573746 174.995834 -59.539536                904 
-232.303223 211.185806 -118.214828 -143.783340 180.070847 -72.908150 -154.476776 155.209549 -116.457726 -93.109703 171.336594 -60.591621                921 
-235.232956 208.402176 -121.567459 -147.994431 177.661484 -74.217979 -159.370651 150.884644 -116.198586 -97.500168 168.352798 -61.589451                940 
-240.791779 205.609085 -121.856842 -152.505692 174.307678 -77.288727 -166.004105 146.321335 -117.569351 -101.664558 164.353485 -66.710739                958 
-242.386383 204.622681 -122.161873 -153.921463 173.255157 -78.252426 -168.009918 144.099762 -117.309319 -102.991112 163.094589 -68.319489                976 
-243.032501 201.029037 -124.968773 -154.400818 172.536652 -79.628967 -169.139145 139.959946 -115.656677 -103.411491 162.817261 -69.558037                994 
-244.586853 198.741867 -124.451897 -155.585571 170.668518 -79.701149 -171.840195 136.464645 -113.514259 -104.574188 160.325424 -70.391945               1012 
-244.179794 199.726563 -130.707520 -157.537354 169.000290 -83.230286 -178.085602 132.209091 -111.556442 -107.652588 154.693069 -73.100327               1030 
-246.511749 198.614304 -132.449753 -162.158783 166.153503 -82.147003 -184.550613 130.038010 -109.787407 -113.154091 150.000519 -70.596100               1048 
-249.250504 196.842896 -130.061966 -162.905685 166.004395 -82.225716 -190.804382 135.368698 -110.271057 -114.063438 148.338165 -72.319061               1066 
-252.290054 198.532837 -126.347298 -165.273758 165.723541 -81.153931 -197.186676 141.691910 -112.425758 -116.977890 145.918457 -72.723679               1084 
-251.372574 199.176392 -125.938660 -164.410187 165.432404 -81.372948 -197.559875 145.691193 -115.417084 -116.440666 144.710114 -73.291306               1102 
-244.440628 194.610397 -120.444122 -157.462448 159.677628 -76.870766 -192.670303 142.228058 -111.053391 -110.172432 137.301468 -69.205017               1120 
-241.466125 199.454590 -121.864212 -157.435883 159.467346 -76.904678 -192.449554 146.108063 -113.763252 -111.505371 134.630402 -68.578964               1138 
-240.838959 199.988846 -122.273300 -157.232666 159.367737 -77.119316 -192.156891 146.895752 -114.757660 -111.470535 134.242477 -68.731819               1156 
-239.878036 199.830002 -122.540833 -156.257385 159.316895 -77.340660 -190.958069 147.617981 -115.838234 -110.401375 134.355560 -68.976532               1174 
-238.746918 199.268616 -125.056618 -155.589722 159.529724 -78.361122 -189.735596 147.688446 -117.542137 -109.752823 134.823715 -69.174469               1193 
-237.669998 200.000885 -125.522232 -154.285782 160.856445 -78.732674 -188.550049 149.885132 -118.737297 -108.386406 136.296005 -69.468063               1211 
-235.967819 200.429260 -125.742096 -152.544205 161.849869 -78.558441 -186.809631 151.378799 -119.376846 -106.573006 137.511536 -69.066551               1229 
-231.255692 205.266083 -125.811447 -148.240295 165.002258 -79.338905 -182.554398 157.290466 -121.553535 -102.519669 140.022095 -70.315758               1247 
-219.981674 216.790527 -122.901703 -138.264511 169.385971 -81.238007 -174.396042 167.393814 -123.383820 -94.057182 141.044312 -75.052261               1265 
-212.824249 224.364716 -120.555534 -132.053268 174.038834 -80.786171 -168.498123 175.692276 -123.372002 -88.635651 144.263245 -75.874176               1283 
-209.701935 226.448425 -119.414436 -129.403336 175.534653 -79.800674 -163.536865 181.609711 -124.524910 -85.369003 146.599915 -75.377945               1301 
-208.731339 227.724258 -124.559906 -129.050613 182.308151 -77.780449 -160.842682 185.677917 -125.074356 -84.453690 155.173096 -69.377762               1319 
-204.905884 234.572189 -125.550842 -127.368065 188.640518 -75.774628 -156.836105 193.417328 -124.892632 -83.184525 161.408401 -65.673729               1337 
-203.891403 237.649963 -110.373901 -117.140396 195.210815 -74.655571 -152.786407 201.866074 -119.562775 -69.899445 171.564377 -72.432961               1355 
-201.842072 241.406036 -103.589973 -112.971451 198.724091 -73.745537 -150.218246 207.812653 -117.057228 -65.112625 176.262451 -74.645096               1373 
-167.510376 210.863388 -112.159546 -108.129585 203.330017 -66.125854 -148.881622 213.847992 -105.856689 -60.421947 181.258179 -71.836983               1391 
-161.217194 209.756378 -101.088982 -103.333603 210.350159 -57.320686 -149.058823 221.470367 -91.131058 -58.035175 185.687790 -68.966362               1409 
-136.091019 194.088425 -92.752312 -102.002373 211.874283 -52.062580 -149.489609 217.040588 -85.321243 -55.221100 189.509048 -62.412014               1428 
-130.789185 195.141739 -79.918793 -99.517227 217.874985 -43.893848 -148.271378 225.874023 -74.592926 -54.367447 192.892395 -55.433735               1446 
999.000000 999.000000 999.000000 999.000000 999.000000 999.000000 999.000000 999.000000 999.000000 999.000000 999.000000 999.000000             1464.0 
999.000000 999.000000 999.000000 999.000000 999.000000 999.000000 999.000000 999.000000 999.000000 999.000000 999.000000 999.000000             1482.0 
999.000000 999.000000 999.000000 999.000000 999.000000 999.000000 999.000000 999.000000 999.000000 999.000000 999.000000 999.000000             1500.0 
999.000000 999.000000 999.000000 999.000000 999.000000 999.000000 999.000000 999.000000 999.000000 999.000000 999.000000 999.000000             1518.0 
999.000000 999.000000 999.000000 999.000000 999.000000 999.000000 999.000000 999.000000 999.000000 999.000000 999.000000 999.000000             1536.0 
999.000000 999.000000 999.000000 999.000000 999.000000 999.000000 999.000000 999.000000 999.000000 999.000000 999.000000 999.000000             1554.0 
999.000000 999.000000 999.000000 999.000000 999.000000 999.000000 999.000000 999.000000 999.000000 999.000000 999.000000 999.000000             1572.0 
999.000000 999.000000 999.000000 999.000000 999.000000 999.000000 999.000000 999.000000 999.000000 999.000000 999.000000 999.000000             1590.0 
999.000000 999.000000 999.000000 999.000000 999.000000 999.000000 999.000000 999.000000 999.000000 999.000000 999.000000 999.000000             1608.0 
999.000000 999.000000 999.000000 999.000000 999.000000 999.000000 999.000000 999.000000 999.000000 999.000000 999.000000 999.000000             1626.0 
999.000000 999.000000 999.000000 999.000000 999.000000 999.000000 999.000000 999.000000 999.000000 999.000000 999.000000 999.000000             1644.0 
999.000000 999.000000 999.000000 999.000000 999.000000 999.000000 999.000000 999.000000 999.000000 999.000000 999.000000 999.000000             1663.0 
999.000000 999.000000 999.000000 999.000000 999.000000 999.000000 999.000000 999.000000 999.000000 999.000000 999.000000 999.000000             1680.0 
999.000000 999.000000 999.000000 999.000000 999.000000 999.000000 999.000000 999.000000 999.000000 999.000000 999.000000 999.000000             1699.0 
999.000000 999.000000 999.000000 999.000000 999.000000 999.000000 999.000000 999.000000 999.000000 999.000000 999.000000 999.000000             1717.0 
999.000000 999.000000 999.000000 999.000000 999.000000 999.000000 999.000000 999.000000 999.000000 999.000000 999.000000 999.000000             1735.0 
999.000000 999.000000 999.000000 999.000000 999.000000 999.000000 999.000000 999.000000 999.000000 999.000000 999.000000 999.000000             1753.0 
999.000000 999.000000 999.000000 999.000000 999.000000 999.000000 999.000000 999.000000 999.000000 999.000000 999.000000 999.000000             1771.0 
999.000000 999.000000 999.000000 999.000000 999.000000 999.000000 999.000000 999.000000 999.000000 999.000000 999.000000 999.000000             1789.0 
999.000000 999.000000 999.000000 999.000000 999.000000 999.000000 999.000000 999.000000 999.000000 999.000000 999.000000 999.000000             1807.0 
999.000000 999.000000 999.000000 999.000000 999.000000 999.000000 999.000000 999.000000 999.000000 999.000000 999.000000 999.000000             1825.0 
999.000000 999.000000 999.000000 999.000000 999.000000 999.000000 999.000000 999.000000 999.000000 999.000000 999.000000 999.000000             1843.0 
999.000000 999.000000 999.000000 999.000000 999.000000 999.000000 999.000000 999.000000 999.000000 999.000000 999.000000 999.000000             1861.0 
999.000000 999.000000 999.000000 999.000000 999.000000 999.000000 999.000000 999.000000 999.000000 999.000000 999.000000 999.000000             1879.0 
999.000000 999.000000 999.000000 999.000000 999.000000 999.000000 999.000000 999.000000 999.000000 999.000000 999.000000 999.000000             1897.0 
999.000000 999.000000 999.000000 999.000000 999.000000 999.000000 999.000000 999.000000 999.000000 999.000000 999.000000 999.000000             1915.0 
999.000000 999.000000 999.000000 999.000000 999.000000 999.000000 999.000000 999.000000 999.000000 999.000000 999.000000 999.000000             1934.0 
999.000000 999.000000 999.000000 999.000000 999.000000 999.000000 999.000000 999.000000 999.000000 999.000000 999.000000 999.000000             1952.0 
999.000000 999.000000 999.000000 999.000000 999.000000 999.000000 999.000000 999.000000 999.000000 999.000000 999.000000 999.000000             1970.0 
999.000000 999.000000 999.000000 999.000000 999.000000 999.000000 999.000000 999.000000 999.000000 999.000000 999.000000 999.000000             1988.0 
999.000000 999.000000 999.000000 999.000000 999.000000 999.000000 999.000000 999.000000 999.000000 999.000000 999.000000 999.000000             2006.0 
999.000000 999.000000 999.000000 999.000000 999.000000 999.000000 999.000000 999.000000 999.000000 999.000000 999.000000 999.000000             2024.0 
999.000000 999.000000 999.000000 999.000000 999.000000 999.000000 999.000000 999.000000 999.000000 999.000000 999.000000 999.000000             2042.0 
999.000000 999.000000 999.000000 999.000000 999.000000 999.000000 999.000000 999.000000 999.000000 999.000000 999.000000 999.000000             2060.0 
999.000000 999.000000 999.000000 999.000000 999.000000 999.000000 999.000000 999.000000 999.000000 999.000000 999.000000 999.000000             2078.0 
999.000000 999.000000 999.000000 999.000000 999.000000 999.000000 999.000000 999.000000 999.000000 999.000000 999.000000 999.000000             2096.0 
999.000000 999.000000 999.000000 999.000000 999.000000 999.000000 999.000000 999.000000 999.000000 999.000000 999.000000 999.000000             2115.0 
999.000000 999.000000 999.000000 999.000000 999.000000 999.000000 999.000000 999.000000 999.000000 999.000000 999.000000 999.000000             2132.0 
999.000000 999.000000 999.000000 999.000000 999.000000 999.000000 999.000000 999.000000 999.000000 999.000000 999.000000 999.000000             2151.0 
999.000000 999.000000 999.000000 999.000000 999.000000 999.000000 999.000000 999.000000 999.000000 999.000000 999.000000 999.000000             2169.0 
999.000000 999.000000 999.000000 999.000000 999.000000 999.000000 999.000000 999.000000 999.000000 999.000000 999.000000 999.000000             2187.0 
999.000000 999.000000 999.000000 999.000000 999.000000 999.000000 999.000000 999.000000 999.000000 999.000000 999.000000 999.000000             2205.0 
999.000000 999.000000 999.000000 999.000000 999.000000 999.000000 999.000000 999.000000 999.000000 999.000000 999.000000 999.000000             2223.0 
999.000000 999.000000 999.000000 999.000000 999.000000 999.000000 999.000000 999.000000 999.000000 999.000000 999.000000 999.000000             2241.0 
999.000000 999.000000 999.000000 999.000000 999.000000 999.000000 999.000000 999.000000 999.000000 999.000000 999.000000 999.000000             2259.0 
999.000000 999.000000 999.000000 999.000000 999.000000 999.000000 999.000000 999.000000 999.000000 999.000000 999.000000 999.000000             2277.0 
999.000000 999.000000 999.000000 999.000000 999.000000 999.000000 999.000000 999.000000 999.000000 999.000000 999.000000 999.000000             2295.0 
999.000000 999.000000 999.000000 999.000000 999.000000 999.000000 999.000000 999.000000 999.000000 999.000000 999.000000 999.000000             2313.0 
999.000000 999.000000 999.000000 999.000000 999.000000 999.000000 999.000000 999.000000 999.000000 999.000000 999.000000 999.000000             2332.0 
