-25.681068 210.175049 131.321365 37.644169 135.951324 98.075500 -13.455709 140.806183 106.579887 58.148228 88.533318 97.580437                  0 
-25.746469 210.848312 130.383331 37.549114 136.293884 97.811775 -13.808861 140.839264 105.940094 57.955311 88.831329 97.663704                 17 
-43.480591 205.340256 130.625748 30.621714 141.534058 97.961945 -21.120016 138.036972 104.504120 57.625340 97.496407 97.175598                 35 
-55.784908 205.967422 133.799881 22.126785 148.255066 98.714272 -29.201309 140.585709 104.942924 51.997063 106.165924 96.390587                 54 
-65.371094 210.653580 143.175720 10.228919 157.847321 97.025146 -39.837330 147.330017 107.658951 41.136272 117.164848 89.356987                 72 
-52.105877 211.945190 145.940369 9.388914 148.820297 92.292236 -40.123730 144.140976 107.621185 33.552971 104.324310 82.028915                 90 
-45.684341 207.294388 144.197296 18.105711 144.686539 92.567482 -32.081383 138.643951 103.814438 42.851936 100.375549 82.908813                108 
-30.101238 212.833984 144.182831 23.883108 141.936890 92.061890 -26.535099 141.380829 103.257133 42.722092 94.765160 82.625259                126 
-36.283699 209.701569 144.026733 22.901001 142.067596 93.208504 -27.768988 137.935623 101.542305 44.550480 96.043335 84.142296                144 
-31.562767 208.224838 142.795944 25.564434 138.343231 92.634193 -25.191330 135.119141 100.683640 46.043331 91.681564 84.123398                162 
-27.951626 208.965546 145.963043 25.341431 138.468582 92.516548 -25.142576 135.837540 102.472801 44.461349 91.512909 82.580612                180 
-29.918341 208.220810 144.904800 25.761024 138.407227 93.006271 -24.829956 134.370071 101.870010 46.100513 91.808334 83.842339                198 
-21.072632 205.592529 144.401123 30.133539 132.820328 91.955391 -20.645905 131.729980 101.529213 47.547161 85.123528 82.420692                216 
-18.479382 206.079102 142.665573 31.636604 131.408173 91.840660 -19.009577 130.746063 102.608971 48.646687 83.344650 83.492966                234 
-20.220964 206.526001 140.180710 32.096924 131.272720 92.519440 -18.646698 129.635834 102.884781 50.260670 83.351845 85.977432                252 
-21.467522 206.645523 138.399963 32.503311 131.173279 92.976013 -18.274426 128.722595 103.175720 51.576675 83.449203 87.708336                270 
-21.930628 206.646454 137.188126 32.687523 130.802719 93.270470 -18.127895 128.134491 103.562599 52.027977 83.103806 88.810799                288 
-24.228865 205.689011 136.940063 32.632751 131.001968 94.002327 -18.219973 126.994408 103.939636 53.184204 83.772400 89.985405                307 
-26.799271 203.677689 134.600479 32.600117 130.570923 94.050659 -18.181942 126.228600 104.425911 53.637630 83.469070 91.227821                325 
-30.139290 200.579819 131.968414 32.489479 129.857254 93.886536 -18.345312 125.023499 104.267807 54.182438 82.999352 92.188881                343 
-31.927935 198.782303 132.043030 32.384682 129.952011 94.070633 -18.402475 124.488670 104.761292 54.660538 83.368225 92.377747                361 
-33.852501 197.683258 131.286072 31.824255 129.919647 94.186562 -18.994541 123.984360 105.035904 54.638584 83.582809 92.948296                379 
-34.769150 197.018692 130.453491 31.723001 129.755630 94.229500 -19.212393 123.707054 105.204002 54.758389 83.518974 93.410019                397 
-35.669399 196.208542 129.553543 31.458349 129.301712 94.178101 -19.586908 123.275223 105.325279 54.602386 83.114052 93.750313                415 
-37.951176 194.092590 127.143303 31.440384 128.548828 94.253815 -19.720762 122.025879 105.718086 55.515259 82.845978 95.136177                433 
-33.820713 190.719315 125.286621 36.226974 124.872467 94.603355 -15.389469 118.723083 106.636269 60.436890 79.282265 96.734695                451 
-33.247700 189.795151 122.990044 36.614624 122.440384 95.579987 -16.047468 118.139664 106.743729 59.590305 76.284027 98.872101                469 
-34.312828 186.944427 122.275032 36.708870 121.417038 96.063263 -16.422436 118.149345 107.167969 58.971622 74.918076 99.431572                487 
-35.419094 184.557480 121.770172 36.906910 120.977501 96.082863 -16.452595 117.934616 107.235245 59.043987 74.408691 99.311684                505 
-36.261917 182.713608 121.005714 36.990364 120.611816 96.084305 -16.501898 117.888000 107.031067 58.848835 73.913544 99.341286                524 
-36.546421 180.438858 120.546555 37.852459 120.234261 95.896706 -16.081541 117.983147 107.804634 59.799644 73.560234 98.894310                542 
-36.847301 179.605453 119.644844 37.961369 119.964554 96.443817 -16.536465 119.007126 108.745094 59.310734 73.044350 99.883003                560 
-36.792690 179.335312 119.063087 37.984451 119.734032 96.504959 -16.913515 119.920250 109.451477 58.780441 72.572128 100.027924                578 
-36.851780 178.784576 118.570282 38.050972 119.315117 96.577721 -17.063517 120.118935 109.684616 58.549309 72.026260 100.143059                596 
-36.303123 179.280518 118.289230 38.129272 119.157326 96.710281 -17.146816 120.827080 109.906860 58.038292 71.623779 100.360268                614 
-36.276543 179.059647 118.044510 37.950470 118.930176 96.889893 -17.524244 121.697769 110.320923 57.142929 71.094559 100.430122                632 
-36.976856 177.920853 117.630569 37.972782 118.958488 96.908813 -17.588722 121.626854 110.188438 57.258427 71.162270 100.474556                650 
-36.782497 178.175903 117.354454 37.951187 118.983261 97.035645 -17.635609 122.187477 110.197311 56.795963 71.020676 100.722694                668 
-36.805927 177.919022 117.037636 38.022415 118.857910 97.021027 -17.617453 122.280289 110.177498 56.731861 70.844536 100.736092                686 
-36.338776 178.488541 116.569199 38.149410 118.889893 97.067810 -17.520901 122.884239 110.153107 56.420582 70.726959 101.020691                704 
-36.573296 177.863007 115.485840 38.493546 119.109688 96.965439 -17.445473 123.411133 110.302124 56.658543 70.924667 101.132660                722 
-35.201023 179.893417 114.274940 38.360249 120.231293 94.218307 -17.225861 126.421455 110.432854 55.364639 71.593658 98.007813                740 
-32.453232 184.314835 111.275002 39.331924 122.476395 92.307686 -16.154535 131.116714 110.501816 54.847839 73.456474 97.350807                758 
-31.919821 190.406616 112.386940 38.377369 128.349686 89.279411 -15.536956 137.397751 112.207870 54.417744 79.502541 94.358055                777 
-38.842537 203.016861 118.614616 32.391109 145.979248 87.027824 -19.992220 150.089615 113.760727 51.487801 98.007591 88.807228                795 
-31.267050 211.306076 107.535042 37.144329 149.764694 82.013474 -15.363584 159.770447 106.901283 52.226387 100.694504 87.825264                813 
-37.032787 216.754166 118.621124 30.224293 163.256485 78.097984 -20.103880 167.587326 107.891045 46.260818 114.255074 74.808426                831 
-30.499403 223.673737 97.713203 37.240665 164.435287 68.055977 -15.330014 173.682800 92.108559 50.401680 114.510674 69.913261                849 
-24.693127 228.081680 79.304832 43.739647 165.638031 59.880287 -10.281225 177.811981 78.933578 55.385437 115.762161 66.655472                867 
-22.812262 231.680481 59.657864 46.728016 168.019302 50.895935 -9.042560 181.385010 63.797977 57.153473 118.512093 61.358997                885 
-19.960226 235.803055 43.372406 47.803360 169.826309 41.096092 -8.696542 185.197433 50.151798 55.830090 120.042038 52.331181                903 
-18.030304 240.887253 29.369356 48.431763 173.663925 30.621698 -9.040954 190.117264 36.450413 54.838108 123.300415 40.192696                921 
-17.286678 244.854065 11.958855 48.849373 178.277786 20.915192 -9.983315 195.139114 22.198561 54.714630 128.008240 31.293102                939 
-16.720022 248.144882 -5.773243 48.079590 181.699997 10.189118 -11.818968 198.490204 6.907697 53.692986 131.463409 20.861734                957 
-15.583801 250.214645 -24.828812 47.790264 184.891251 -0.581942 -12.712292 200.798309 -8.441873 53.490654 135.228149 12.464526                975 
-15.908117 251.576370 -43.823235 45.686798 188.315201 -10.882707 -15.127113 201.889526 -24.889261 52.113358 139.175858 3.717093                993 
-16.719635 253.814194 -64.251953 42.262695 192.718735 -23.222553 -18.155708 204.347549 -42.278660 48.699512 144.444717 -5.979703               1012 
-17.784267 250.724625 -76.752754 41.201118 194.020218 -29.598595 -19.174990 201.036819 -52.820141 49.911255 146.791412 -10.553836               1030 
-20.376167 247.886932 -91.544250 38.430458 196.152359 -38.620621 -22.349716 199.412064 -64.360039 48.617043 150.510818 -16.661282               1048 
-22.046869 242.285385 -103.986443 37.927593 197.057648 -46.385319 -24.169434 195.805008 -71.981186 50.240387 153.994995 -20.633963               1066 
-22.980078 238.991196 -112.544579 37.908943 198.731964 -51.975075 -25.336079 193.507095 -77.093979 52.360687 157.869278 -23.858940               1084 
-25.595047 233.139282 -121.502182 35.853302 199.076263 -57.561405 -27.427355 189.044510 -83.056290 52.264084 160.774506 -27.019781               1102 
-30.827431 225.234253 -134.999023 33.747135 201.621613 -69.148788 -30.939808 185.731018 -89.937767 53.307957 168.640152 -34.526165               1120 
-37.089642 213.930115 -145.414001 31.972229 204.338867 -79.982559 -32.896320 181.240067 -91.984497 56.053101 180.075699 -41.245766               1138 
-40.054302 211.205215 -148.217041 30.867746 205.401947 -83.702812 -33.571186 179.192413 -91.915756 57.334564 184.488922 -44.571209               1156 
-43.987659 206.882782 -149.826340 28.635401 205.691971 -86.586510 -34.204666 175.287857 -92.706154 57.382061 187.519699 -47.695286               1174 
-43.664433 207.045883 -153.373795 28.223677 205.972076 -89.161484 -34.698696 176.225311 -95.819099 56.181431 188.534348 -49.369286               1192 
-47.026665 206.512100 -153.663513 27.042856 206.360687 -91.890945 -35.639015 176.214783 -96.590401 56.234524 189.836838 -52.597965               1210 
-49.864353 209.454559 -156.235794 25.135920 206.864090 -95.587456 -37.963821 177.773209 -100.248810 54.496750 189.420685 -56.821507               1228 
-50.777161 206.406540 -162.670013 22.756168 207.496475 -100.116722 -39.952148 177.568481 -104.832970 51.313992 192.578430 -59.730682               1247 
-52.956821 207.009583 -168.408569 20.082047 208.304871 -105.236786 -43.130329 179.302094 -109.703789 48.126041 193.960831 -64.286667               1265 
-51.496170 211.064880 -170.466507 19.480856 208.121460 -105.004738 -43.800251 179.904510 -112.999519 46.204502 191.321121 -64.105782               1283 
-50.820778 212.102936 -171.383026 19.384741 208.165878 -105.005577 -43.899715 179.978027 -113.613907 45.875446 191.159714 -64.040199               1301 
-49.937481 213.676193 -175.035797 18.862875 210.184082 -106.987320 -43.974083 181.114532 -116.424606 44.975185 193.791077 -65.531975               1319 
-51.654530 215.815536 -180.972137 16.760271 214.929016 -112.380241 -45.106148 183.592987 -121.778931 43.360775 199.833282 -70.742973               1337 
-51.945225 216.743866 -184.709839 15.944290 218.540771 -115.565926 -45.157192 185.433182 -124.848961 42.759922 204.838455 -73.586197               1355 
-53.337257 217.231689 -188.901291 14.335884 219.909256 -119.535942 -47.058758 187.026901 -128.308029 41.026665 206.951294 -77.241470               1373 
-55.038986 213.231781 -194.695038 12.388295 220.197281 -125.356834 -49.607456 187.808945 -131.791840 38.752594 210.243881 -82.055763               1391 
-55.918159 215.249771 -198.590836 10.316219 221.564758 -128.024979 -50.768158 187.808090 -136.492294 36.401226 210.869019 -84.731758               1409 
-57.015411 216.672440 -200.675934 9.213766 222.611191 -130.025162 -51.504974 188.262192 -138.873520 35.562851 211.658127 -86.956779               1427 
-58.325066 219.105682 -205.854446 6.595590 223.796295 -133.884903 -53.292538 188.564392 -145.005661 32.531990 211.868576 -90.824928               1445 
-57.408737 215.185150 -208.791824 6.426733 225.076126 -136.283676 -52.678356 188.101242 -146.185181 32.053181 216.195023 -92.311630               1463 
-57.009460 215.493210 -209.355194 6.506966 225.042847 -136.479706 -52.653355 188.267197 -146.837143 31.903072 216.046036 -92.397690               1482 
-57.062847 217.402451 -210.163940 6.630342 224.973160 -137.177933 -52.716068 188.733429 -148.350723 32.068302 214.885605 -93.356918               1500 
-55.812332 218.519531 -212.695770 6.682971 223.715149 -138.448212 -53.136600 188.831894 -151.319031 31.128853 212.493866 -94.339127               1518 
-57.108353 220.588257 -220.347122 3.398813 222.917755 -144.257034 -55.808762 188.143097 -160.179642 26.836575 210.045456 -100.051788               1536 
-56.218361 226.009415 -221.717773 0.943887 215.479172 -143.649582 -58.284344 184.786499 -166.610275 22.398979 195.932022 -100.909470               1554 
-56.586956 233.982559 -220.652100 -0.941947 211.841263 -143.833206 -60.089619 185.233780 -171.617432 19.721762 186.474548 -103.849823               1572 
-56.858753 237.178909 -220.517838 -1.956792 210.515732 -144.534027 -61.295399 186.039703 -173.736145 18.220682 183.143829 -105.639580               1590 
-57.272121 237.370392 -220.463577 -2.063156 210.490952 -144.724640 -61.085941 185.592545 -174.130859 18.503180 183.069778 -106.069328               1608 
-57.369923 237.354706 -220.613388 -2.053715 210.544403 -144.885330 -60.818428 185.378922 -174.421204 18.699171 183.233200 -106.251854               1626 
-57.646278 238.433838 -220.493805 -1.925889 210.820053 -145.317123 -60.510174 185.799911 -175.068604 19.120617 183.171860 -107.084267               1644 
-58.857937 238.648163 -222.263702 -2.003976 211.275055 -147.821045 -60.481953 185.789368 -177.077759 19.731634 183.788651 -109.858025               1662 
-60.284630 241.628937 -221.894211 -2.469678 211.481232 -149.259003 -60.540779 186.434906 -179.514465 19.985163 182.557007 -112.813179               1680 
-55.151318 243.369843 -223.453796 -1.100027 208.860077 -149.844635 -59.956047 188.226883 -181.330612 18.356432 178.405716 -112.924347               1698 
-55.700203 241.962311 -224.095337 -0.890748 208.424088 -150.576843 -59.244953 186.752380 -181.853180 19.039309 178.470245 -113.500038               1717 
-55.002213 242.601776 -224.429306 -0.670242 208.958206 -150.586487 -58.539589 186.939041 -182.586853 19.150095 178.934082 -113.507713               1735 
-53.815601 242.769714 -225.553818 -0.214483 209.125595 -151.162415 -57.831352 186.980530 -183.699524 19.271641 179.134537 -113.880295               1753 
-52.375072 244.589996 -226.754547 0.196511 210.105362 -151.998978 -57.601677 188.219574 -185.306931 19.263956 179.689331 -114.844872               1771 
-50.661354 246.252029 -227.207199 0.369334 210.114914 -152.151154 -58.503433 189.552322 -185.851547 18.584854 178.969849 -115.173996               1789 
-49.093563 248.686615 -227.794205 0.718663 212.070160 -152.141739 -59.777157 191.776291 -185.877869 18.758207 180.525101 -115.418282               1807 
-44.776127 255.434738 -226.416000 2.247632 214.350647 -151.263138 -60.878540 198.246140 -185.008682 18.572828 180.855209 -115.476646               1825 
-41.774330 261.055267 -220.010803 3.756171 215.406311 -146.606308 -61.717300 203.382462 -179.569107 18.999254 179.925232 -112.286179               1843 
-40.153423 270.192078 -213.006790 4.397771 219.763687 -142.177994 -63.969097 212.099289 -173.062775 18.835152 182.246674 -109.725487               1861 
-41.193886 275.154175 -204.099762 3.459260 221.737579 -135.580276 -67.504738 218.785553 -162.373947 17.103653 183.222916 -103.964119               1879 
-36.349350 266.578644 -199.314362 6.724454 220.637604 -124.659752 -66.154243 219.562424 -148.189453 18.781214 186.129776 -88.149849               1897 
-41.031620 263.092377 -185.901489 6.776302 220.223389 -112.301895 -68.374397 220.125275 -129.407593 21.120335 187.298065 -75.162956               1915 
-50.611675 256.538116 -171.716858 4.820282 219.991440 -100.053505 -71.669685 216.180481 -110.461525 23.872196 189.723068 -62.771069               1933 
-58.845997 252.096649 -155.041840 2.974865 219.438690 -86.501732 -74.192284 213.620895 -86.364380 27.618322 193.575302 -49.179955               1952 
-68.985085 245.280991 -137.202377 1.346302 217.495193 -74.372490 -74.197807 210.915237 -60.161606 33.086933 197.466705 -38.868668               1970 
-67.089531 246.685059 -124.394707 -0.310899 215.004623 -59.033035 -76.171715 212.020462 -45.712330 30.247843 194.577881 -22.728203               1988 
-65.733864 248.515182 -108.896156 -0.264736 214.070236 -43.387352 -75.891624 216.638565 -28.595322 29.787416 192.918610 -7.074740               2006 
-71.089844 248.106216 -93.969635 -3.616472 210.280853 -32.370148 -77.807335 217.052322 -12.825092 27.622353 187.796906 2.093416               2024 
-49.991547 262.664612 -82.416740 2.381605 208.273193 -18.493629 -68.117241 230.877701 -5.013242 25.203047 178.327744 16.884058               2042 
-43.110271 258.589264 -68.290276 7.221687 203.585342 -3.202091 -61.617641 229.519165 9.626785 29.047955 173.718704 32.863514               2060 
-61.437027 223.739182 -7.956579 9.101249 199.207657 10.855983 -57.700699 228.590073 26.809568 31.066494 168.313538 45.958843               2078 
-63.860615 212.292603 14.726355 11.328631 195.289047 21.136042 -55.054794 223.747559 40.422523 35.126099 164.172119 54.819077               2096 
-59.152264 208.721909 34.242527 16.081987 189.972595 35.905300 -48.459953 219.508194 60.240726 39.571720 155.025482 65.839584               2114 
-57.974560 199.641205 50.557758 18.452404 186.286987 48.675251 -46.020401 212.797012 79.565201 45.141365 151.237122 75.662949               2132 
-57.931118 195.044418 65.658295 18.406946 183.539078 57.540768 -43.370911 208.798050 96.062798 47.594238 147.740234 80.685410               2151 
-56.477024 191.988098 72.966118 19.691336 180.815079 62.928993 -40.932716 205.008652 104.754181 49.154171 143.790436 83.671371               2168 
-60.787674 187.266754 78.957520 16.292667 182.507324 70.942886 -46.940689 199.746201 113.159264 47.795452 146.275726 90.021011               2187 
-61.760563 187.092865 82.896141 15.469800 181.857834 76.797470 -48.314575 198.826080 119.277641 46.062866 144.495865 95.162567               2205 
-56.299541 186.345673 84.412651 20.768650 178.087448 79.705009 -43.069046 195.722794 122.182465 49.269154 138.408768 96.511353               2223 
-52.925629 184.434692 85.646591 24.011879 173.929993 84.765182 -41.694939 190.424927 124.767555 50.236187 132.075058 99.917023               2241 
-50.935371 183.335220 86.550972 25.981371 172.626205 86.107918 -40.057411 188.249725 125.633362 51.926083 130.259903 100.288795               2259 
-50.563885 182.376740 88.382378 26.417864 172.157166 87.418205 -39.705856 186.682037 126.338661 52.683155 129.765152 100.915649               2277 
-51.488781 178.803986 89.037956 25.960632 173.012482 88.815285 -41.438423 184.569046 125.089767 54.512753 132.705719 103.956970               2295 
-50.968929 177.610672 90.245689 26.489088 172.024216 89.040039 -40.910809 181.578339 123.194351 55.283958 131.400757 102.813911               2313 
-50.077404 176.539383 91.954422 27.354168 170.968216 89.486969 -39.799870 178.821396 121.459450 56.310780 129.988632 101.788094               2331 
-48.821251 175.851242 94.045403 28.528021 169.915680 90.177391 -38.304939 176.220612 119.147064 57.432667 128.496902 101.046379               2349 
-47.528629 175.455948 96.313148 29.715849 169.205811 91.055870 -36.712833 174.338898 117.106369 58.584190 127.497993 100.864372               2367 
-46.930779 174.384888 97.661743 30.306261 168.710251 91.667191 -35.960949 172.950577 116.704727 59.573299 127.225021 101.235161               2385 
-45.443432 173.900879 99.386635 31.597271 167.110718 92.135284 -34.233063 171.308258 116.328781 60.274075 124.884583 100.118004               2403 
-44.978252 174.763840 101.877968 31.637686 166.283279 92.733322 -33.552780 171.029617 116.516365 59.419479 123.192795 99.098145               2422 
-44.668800 176.578583 103.626671 31.511250 165.719833 93.025116 -33.161804 171.257233 115.482803 58.125050 121.742432 98.204254               2440 
-44.579777 175.855209 104.027061 31.591751 164.773148 93.231552 -33.009148 170.018875 114.558601 58.311573 120.886513 98.630096               2458 
-43.088810 175.581238 105.121185 32.578499 161.893036 93.516640 -31.619089 168.959595 115.195656 57.863167 117.072411 98.091148               2476 
-39.058182 167.537018 108.901062 34.624767 157.600983 93.347122 -28.493105 165.605408 117.697632 58.757202 111.960526 95.271729               2494 
-37.011707 161.405594 109.950851 35.220909 156.013809 93.290344 -27.658869 164.140961 118.283463 59.076057 110.203049 94.488419               2512 
-36.810760 158.539978 109.864258 35.045498 155.612900 93.434029 -27.905369 163.484161 118.874115 59.273388 110.003029 94.804558               2530 
-36.673893 156.989716 109.751457 35.119896 155.508926 93.743683 -28.042244 162.797195 118.894173 59.809772 110.153358 95.296387               2548 
-36.087723 155.055847 110.208130 35.292835 155.423981 94.385719 -28.015257 162.176147 119.364296 60.426369 110.319923 96.134743               2566 
-35.015148 152.998505 110.867752 35.731159 154.871124 95.038620 -27.530432 161.502548 120.366226 60.788132 109.706047 96.219109               2584 
-34.326138 150.980606 110.990822 36.033695 155.097504 95.625557 -27.480085 160.783203 120.716911 62.003616 110.473312 97.462303               2602 
-33.875374 149.674179 111.263062 36.251007 155.217316 96.346527 -27.467012 160.272842 121.147972 62.805771 110.960533 98.651146               2620 
-33.552349 148.883240 111.407059 36.405033 155.271667 96.765694 -27.442604 159.998337 121.323662 63.280537 111.227524 99.402092               2638 
-33.191891 148.379456 111.501427 36.669540 154.996704 97.049347 -27.232901 159.749527 121.444153 63.472832 110.904999 99.625130               2657 
-32.704597 148.168671 112.078499 37.032860 155.342514 97.725266 -26.964048 159.899414 121.890297 64.124626 111.459686 100.801468               2675 
-32.414490 147.351929 111.922554 37.270863 154.865479 97.851532 -26.814119 159.252853 121.689186 64.416733 111.013786 100.894485               2693 
-32.000515 146.907959 111.072067 37.979744 153.585739 97.906219 -26.279907 158.547272 121.121315 64.419640 109.273109 100.446175               2711 
-31.499590 146.565659 110.370621 38.724411 151.442764 97.540337 -25.450039 158.058517 120.558701 63.986729 106.446312 100.042999               2729 
-30.312328 146.269257 110.103447 40.011509 149.708359 97.205658 -23.948328 157.731766 120.393005 64.383224 104.229935 99.825256               2747 
-30.234146 145.860260 110.157555 40.079277 149.706833 97.196877 -23.905144 157.428665 120.401260 64.767174 104.413033 100.044518               2765 
-26.365837 145.570206 112.289642 42.432240 142.205231 92.642174 -17.654919 155.181686 122.883057 61.245205 94.229156 88.968231               2783 
-27.115265 142.909393 112.090042 41.780334 142.295258 92.422974 -18.832489 153.151611 122.404770 62.862583 95.195374 89.919250               2801 
-30.318726 139.365707 112.586449 38.713528 146.296539 94.613838 -23.824192 151.737579 121.703781 66.146797 102.638405 97.856133               2819 
-29.959921 139.388000 112.921478 39.007526 145.672073 94.406296 -23.103210 151.622345 122.168953 65.895035 101.616653 96.710854               2837 
-26.253094 136.032120 115.408340 41.506435 141.300293 92.333549 -18.212309 147.601151 124.610840 67.343597 96.585114 90.876549               2855 
-22.981279 132.377609 116.669083 43.642838 137.182236 89.809540 -13.482563 143.107605 126.245728 68.343681 92.152733 84.211166               2873 
-23.247789 132.189117 117.701416 43.163162 137.074432 89.931328 -13.091475 143.331497 127.336021 68.416718 92.299736 84.772491               2892 
-24.120600 132.569885 117.483910 42.549587 137.193649 90.018677 -13.264757 143.990082 127.732864 67.765289 92.400726 84.832863               2910 
-26.377417 130.353775 113.777618 40.773716 135.568222 87.406456 -15.329141 144.461227 124.211067 68.594894 92.038536 87.932884               2928 
-25.823248 131.632019 110.050529 42.130768 133.129272 85.137627 -13.127521 146.662643 122.182587 68.038666 88.491875 87.464134               2946 
-26.326078 132.157562 107.537056 42.495125 132.196625 84.289558 -12.813068 147.201157 121.158760 67.812103 87.267189 87.375977               2964 
-27.283190 132.635910 106.716705 42.507000 132.656067 85.307991 -13.521099 147.775742 121.285271 68.405304 88.163918 89.650291               2982 
-29.044331 134.380981 104.616386 42.574081 135.232407 88.863922 -16.108288 149.216888 121.122536 68.922432 91.183144 94.742462               3000 
-30.777287 136.388840 102.985580 41.872234 137.217743 91.439377 -18.508101 151.831985 120.377724 68.395309 93.793091 100.381172               3018 
-30.788040 138.840012 103.674728 41.927670 136.760544 91.678398 -17.595104 152.518509 121.776253 66.635574 91.879082 98.334473               3036 
-30.945642 140.525772 104.226921 41.760700 136.314957 91.998795 -17.145632 152.867661 122.828140 65.064102 90.474220 96.969528               3054 
-30.130064 141.565903 106.634872 42.076721 135.731094 92.311676 -15.446292 153.320328 125.024712 64.327446 89.246170 95.942993               3072 
-31.005322 137.064117 107.655434 40.737904 134.361374 90.460686 -16.195282 151.201950 124.562424 65.911415 89.651573 96.498734               3090 
-31.103045 136.012833 108.844589 40.202660 133.943604 89.874191 -15.758222 150.853500 125.578079 66.036568 89.599289 95.817352               3108 
-30.815897 134.798615 108.179596 40.218994 132.393326 88.210312 -14.511838 149.871490 125.888092 65.767944 87.767509 93.202072               3127 
-30.673664 138.488541 109.829506 40.677876 134.240372 90.890404 -13.818656 152.372223 128.750519 64.739052 88.680580 94.697556               3145 
-28.325811 132.360886 108.179695 41.998886 126.762314 85.666565 -9.854373 147.374542 126.313240 66.280228 81.417137 90.499870               3163 
-29.674852 132.501740 107.455643 40.767315 127.510536 84.882225 -10.658037 147.359467 126.913078 65.208588 82.146500 88.604790               3181 
-29.544127 132.954788 107.425743 41.150074 127.463020 85.222702 -9.931828 147.804062 127.890289 65.500572 82.059547 89.057701               3199 
