-10.649445 144.035019 112.033623 0.662774 111.915825 58.046841 -16.468592 136.471466 125.987511 39.217819 78.130768 55.378784                  0 
-10.877606 144.158875 111.964844 0.840311 111.986908 58.101330 -16.722050 136.559967 125.934410 39.450790 78.247269 55.670738                 18 
-10.971849 144.233398 111.926331 0.927919 112.004051 58.143528 -16.846407 136.633240 125.907578 39.546333 78.263573 55.854801                 36 
-10.965874 144.186905 111.890129 0.904031 112.040359 58.060379 -16.797615 136.539169 125.893997 39.460094 78.235725 55.669380                 54 
-11.076467 142.876129 111.642052 0.338555 111.683525 57.171955 -17.076729 135.110504 125.436234 38.121227 77.064804 54.162960                 72 
-10.827783 142.332062 111.388138 0.551139 111.276810 56.849857 -16.772003 134.539490 125.184677 38.228188 76.555771 53.698750                 90 
-10.758805 142.062775 111.269821 0.655484 111.032417 56.745579 -16.602322 134.275604 125.086212 38.368771 76.357468 53.521297                108 
-10.815068 142.261841 111.046547 0.911912 110.804657 56.838741 -16.447893 134.462112 125.012970 38.900433 76.411285 53.837318                126 
-11.046996 142.414474 110.829262 1.031164 110.742493 56.778492 -16.412914 134.438507 124.921532 39.117882 76.454453 53.816704                144 
-11.175454 142.547836 110.716522 1.144342 110.698830 56.795795 -16.362204 134.462494 124.898666 39.288525 76.470581 53.882309                162 
-11.247249 142.578171 110.699547 1.194636 110.698906 56.826443 -16.414703 134.473404 124.896431 39.365520 76.496376 53.961063                180 
-11.977113 143.011368 110.612350 1.199884 110.815758 57.098618 -17.196888 134.957764 124.822372 39.555614 76.775787 54.827370                198 
-12.628566 143.359055 110.856880 1.427896 111.146271 57.572903 -17.901432 135.294479 125.019341 40.049603 77.379196 55.787231                217 
-12.837896 143.523590 111.060913 1.639512 111.382072 57.847408 -18.142994 135.477631 125.156136 40.313976 77.664993 56.271141                234 
-12.889142 143.492645 111.082573 1.711895 111.448242 57.846142 -18.153873 135.447479 125.146179 40.415298 77.765282 56.250778                253 
-12.940543 143.445633 111.088928 1.768406 111.460320 57.851841 -18.171675 135.413742 125.130035 40.523540 77.836914 56.256054                271 
-13.793794 142.981125 111.675285 1.444390 111.810425 58.114628 -18.756100 135.140457 125.332306 40.353165 78.374641 56.326927                289 
-15.159757 143.069168 112.293114 1.454035 112.184174 58.982155 -19.761093 135.499390 125.726959 41.212536 79.739746 57.693382                307 
-16.156954 143.046494 112.589035 1.324105 112.621559 59.299541 -20.489946 135.698578 125.808784 41.434628 80.604874 58.242088                325 
-16.457546 142.389435 113.258331 0.964687 113.179878 59.348846 -20.448780 135.232574 126.162498 41.072548 81.190575 57.592571                343 
-16.576197 141.746857 113.598808 0.829085 113.226372 59.406540 -19.943066 135.241058 126.097908 40.988235 81.322182 57.307610                361 
-16.515430 141.444046 113.734947 0.870054 113.223785 59.452522 -19.333710 135.570374 125.923332 41.015587 81.310364 57.236771                379 
-16.413412 141.083832 114.150742 0.904459 113.352951 59.649002 -18.837057 135.612381 126.076233 40.956200 81.341202 57.169941                397 
-16.389450 141.298309 115.159256 0.315973 114.051155 60.280441 -18.412107 136.147781 126.880943 40.167664 81.844910 57.175499                415 
-16.210621 140.911423 115.490410 0.253825 114.128044 60.343216 -17.893879 136.033478 127.007233 39.962372 81.784775 56.852570                433 
-16.453865 140.770874 115.620262 0.372690 114.174904 60.549191 -17.722294 136.399185 126.908478 40.299202 82.085220 57.207653                452 
-16.680683 139.945938 115.421455 0.466294 113.834366 60.239704 -17.341265 136.150665 126.346764 40.287163 81.613861 56.896446                469 
-17.294043 140.717285 115.292870 0.404630 114.519966 60.258026 -16.699247 137.739105 125.825790 40.213596 82.262421 57.137589                488 
-17.980106 141.777817 114.520630 0.802874 114.909752 59.978310 -16.109186 139.267776 124.942009 40.846107 82.891830 57.442078                506 
-18.456263 141.895142 112.010773 2.445473 114.485947 57.850254 -14.084772 139.195618 122.367767 42.130371 82.004425 55.591991                524 
-19.874311 145.262451 108.910248 3.406985 114.764709 56.522606 -12.590191 142.600967 119.496803 43.333069 82.511360 55.704365                542 
-20.699299 153.864975 101.759590 6.426874 118.197220 54.027275 -12.847847 151.369125 113.401749 46.494598 86.365524 58.072155                560 
-22.676069 165.514618 91.526070 6.949241 124.979240 49.041550 -15.403674 163.000229 104.314827 44.860462 91.697876 58.535233                578 
-20.086367 172.584152 87.233902 10.132328 130.683014 46.231800 -12.127383 170.702866 100.259491 49.659054 99.485954 56.202831                596 
-18.452112 181.810410 83.486389 11.168442 136.232727 45.898396 -10.259896 180.970184 96.979515 52.740883 108.101555 56.641273                614 
-10.201740 178.808731 80.011673 8.533104 140.502579 41.191551 -12.807892 186.661499 91.058510 51.400185 114.177483 51.411293                632 
-5.707014 180.131119 68.882767 7.474396 149.068726 26.208275 -14.113512 190.679672 79.954788 47.605549 118.440704 35.506401                650 
-8.551042 189.399673 54.712460 7.610848 158.963638 13.573561 -21.006239 199.710098 65.064606 47.672142 129.673767 26.697445                668 
-11.324059 199.000671 38.364288 10.207469 167.008987 1.379325 -28.292547 207.890839 46.959286 47.804493 138.530701 21.639894                687 
-10.792428 204.950333 23.856907 12.982577 171.281586 -9.951830 -31.803532 211.957626 31.468704 48.143833 143.060059 14.589390                704 
-9.362419 210.563675 6.748210 16.248165 174.378723 -22.694815 -35.938049 214.114578 13.796424 49.124378 147.818146 6.438163                723 
-6.326246 213.054977 -5.242083 19.627399 176.428116 -33.688271 -36.279724 214.356781 1.676582 51.263062 149.716766 -3.344754                741 
-5.703325 217.785538 -20.914015 21.536703 179.307907 -45.308266 -38.838470 216.775360 -14.797871 51.868725 155.270935 -11.585383                759 
-4.815197 220.709381 -36.181755 21.975021 179.790543 -56.672142 -41.327740 217.491928 -29.320276 51.660534 158.607925 -20.545872                777 
-4.708086 220.672485 -51.544498 22.150656 177.551819 -66.583649 -44.953671 214.644852 -43.609238 51.002434 160.690979 -27.617931                795 
6.108401 258.058868 -105.600975 40.499115 184.739716 -47.991898 -36.248077 188.857132 -49.356922 60.687145 153.078690 -12.990994                813 
3.455440 252.893280 -115.009666 39.397411 184.699051 -52.247364 -37.035831 187.713669 -53.187191 60.461361 156.150040 -15.148790                831 
1.189307 251.099380 -126.995888 37.645206 185.363937 -61.912369 -38.744305 188.077148 -62.562008 59.028183 158.308609 -23.888456                849 
-4.262999 243.380890 -139.401291 36.475212 185.219162 -69.768021 -39.614742 184.738785 -68.677017 59.989487 162.586685 -30.146189                867 
-10.004649 236.293945 -144.574783 34.241726 181.831589 -74.067978 -40.842533 178.358154 -72.352608 59.443844 161.331665 -34.323215                885 
-8.537077 236.996506 -151.532959 33.960491 183.861710 -78.833710 -40.148827 179.714981 -79.236816 58.611988 164.494156 -38.185932                903 
-13.558308 235.451431 -154.817932 32.541878 185.095917 -82.165848 -40.105263 175.532043 -82.939857 58.855740 167.710663 -41.664314                921 
-13.589213 235.633652 -157.263809 32.342735 185.954590 -83.937843 -39.529392 175.632416 -85.634758 58.701653 169.191666 -43.203918                939 
-17.883759 235.845871 -157.959961 30.246132 186.884216 -85.537552 -40.199749 174.528152 -88.244064 57.451042 170.573563 -45.177975                958 
-24.725513 233.809982 -160.110001 25.633875 186.653183 -87.997971 -43.925396 174.267334 -89.760674 53.998512 171.353821 -48.042782                976 
-25.024483 239.258865 -158.456924 23.219168 187.729218 -87.873802 -45.982925 177.598343 -91.782204 50.667877 169.969559 -48.298519                994 
-25.726105 245.761368 -154.700485 20.222666 188.952591 -86.621826 -48.778614 181.664124 -92.291176 46.610588 168.070343 -47.857792               1012 
-28.372829 256.200745 -150.954926 13.414134 191.484085 -87.353294 -55.689934 190.782837 -93.027054 38.141430 165.811646 -50.413788               1030 
-29.798813 267.023010 -142.145645 8.015253 194.238632 -85.074127 -60.770973 198.066696 -91.334473 30.892929 163.643097 -50.787601               1048 
-35.343445 277.172272 -128.786774 1.732164 198.427460 -79.686882 -66.734192 204.194107 -85.598763 24.076336 163.953400 -48.908356               1066 
-37.649456 281.369385 -117.128914 -2.221811 199.170959 -72.674385 -70.031517 207.994629 -76.758705 19.511915 162.387161 -44.220253               1084 
-49.637882 279.445496 -110.311134 -8.835286 198.410675 -68.919922 -76.819984 204.835709 -72.848816 14.341953 161.252838 -42.140240               1102 
-53.894512 280.173859 -110.291649 -16.239115 198.949509 -66.604446 -83.610046 209.769012 -69.898575 4.898995 161.161911 -39.030582               1120 
-63.191357 277.014587 -101.525185 -26.033009 194.922073 -59.142151 -93.164001 206.526855 -63.026974 -5.567523 156.286270 -32.244591               1138 
-75.939049 275.819000 -95.584595 -36.488880 194.087051 -54.640953 -103.744583 203.981949 -59.256470 -15.240140 155.392120 -28.444889               1157 
-94.318596 268.441956 -93.622688 -45.323914 193.328445 -50.527355 -112.653717 196.710129 -55.291386 -19.949373 157.866913 -23.441336               1174 
-112.026016 260.727692 -102.156158 -53.999470 198.721924 -50.491070 -121.151924 195.666931 -53.109436 -24.599339 170.144897 -19.603769               1193 
-132.925385 250.165710 -106.082985 -64.996231 200.641281 -53.026009 -131.328003 191.085068 -50.117481 -30.687840 178.700668 -21.775661               1211 
-139.405777 245.753235 -95.742020 -71.168640 192.365128 -47.033241 -136.527832 183.132690 -47.199249 -37.049114 167.675858 -17.684671               1229 
-148.262772 238.393753 -88.834274 -76.662750 186.987244 -43.066753 -141.059753 176.241425 -43.478851 -41.234684 162.488144 -15.143884               1247 
-154.054001 231.851089 -90.590889 -82.127525 183.248779 -42.470528 -146.090637 172.264221 -44.086552 -46.916859 159.769775 -13.419094               1265 
-158.520203 227.607101 -86.710098 -85.886742 179.050461 -39.691978 -149.442917 167.141113 -42.995907 -50.600475 155.002716 -11.202925               1283 
-165.869461 219.256042 -87.450951 -89.295120 177.921295 -39.835052 -152.271744 163.100723 -39.988407 -51.966137 157.594742 -11.052795               1301 
-170.577438 215.528030 -89.871513 -94.951233 176.865387 -38.712978 -157.861725 161.843857 -40.126785 -58.347652 157.775894 -8.203816               1319 
-179.061829 205.785950 -86.637650 -99.213486 171.010468 -39.262764 -160.851135 151.332367 -39.763062 -60.391151 153.480240 -10.617384               1337 
-181.668289 201.887222 -86.740608 -100.827827 168.864395 -39.801914 -162.233170 148.392792 -39.478870 -61.472275 152.200577 -11.367821               1355 
-182.345215 200.732666 -86.788185 -101.232040 168.327042 -39.936913 -162.554443 147.624420 -39.449764 -61.746384 151.881714 -11.556036               1373 
-190.981216 196.825195 -91.216324 -110.325516 162.991547 -44.669415 -172.200363 144.018738 -43.382259 -71.045311 145.795517 -16.448816               1392 
-194.634094 188.460983 -99.198067 -114.886719 160.900909 -47.453857 -176.561478 141.311600 -45.962475 -76.209435 147.042267 -16.679747               1410 
-197.347549 186.568497 -101.553665 -117.956543 159.418259 -49.226166 -179.593933 139.627609 -48.400467 -79.512772 145.484100 -18.194630               1428 
-198.214081 184.768784 -102.198364 -118.535637 159.341293 -49.574345 -180.115707 139.360291 -48.097137 -79.935493 146.194717 -18.393637               1446 
-199.014084 182.249725 -104.765327 -119.983162 158.069138 -50.735744 -181.535507 137.860291 -49.896740 -81.790436 145.386887 -18.868576               1464 
-202.188812 184.226471 -107.510208 -124.408318 155.278732 -54.099880 -187.151215 138.734940 -52.946133 -86.873283 140.098541 -22.544800               1482 
-203.726898 183.076172 -108.335411 -125.706024 153.464783 -55.658176 -188.558563 137.228333 -54.060608 -88.018494 137.917709 -24.465576               1500 
-203.147919 183.161087 -107.561768 -125.168358 152.382034 -55.515942 -188.148132 136.476120 -53.879314 -87.479897 136.194412 -24.652027               1518 
-203.254822 184.466904 -109.678452 -126.364319 152.102188 -56.994049 -189.639038 136.451050 -56.577309 -89.310394 134.986679 -25.863586               1536 
-203.371170 183.826004 -109.749626 -126.026321 152.474899 -57.133194 -189.241287 136.435745 -56.146427 -88.706116 135.917847 -26.018787               1554 
-201.722183 181.620758 -109.182648 -124.141090 150.721176 -56.668133 -187.087769 133.494995 -56.253929 -86.685242 134.313721 -25.637587               1572 
-201.174088 182.501511 -109.074646 -123.840874 150.915695 -56.618465 -186.913300 133.734100 -56.468117 -86.519356 134.121078 -25.633230               1590 
-201.415955 182.811615 -109.124962 -123.979881 151.401459 -56.721493 -187.147278 133.751984 -56.506649 -86.612846 134.639557 -25.773411               1608 
-202.006317 184.149582 -114.605095 -125.731232 155.135193 -59.225159 -189.984818 137.674744 -58.134464 -89.081436 139.603271 -26.812321               1626 
-203.139450 186.087433 -114.370796 -125.518036 157.233948 -60.844517 -191.287445 139.422760 -55.972897 -88.133560 141.518311 -29.372944               1645 
-200.617416 189.541290 -110.344055 -121.555389 160.462967 -59.261974 -187.779739 142.112427 -52.152763 -83.406769 144.264633 -28.974401               1663 
-199.654572 189.213165 -109.250061 -119.248970 164.288910 -58.650391 -185.370209 145.274185 -49.797295 -80.534920 149.443832 -28.386776               1681 
-199.568619 193.447952 -105.668076 -118.606415 164.626022 -58.668365 -185.969833 149.996185 -46.220261 -79.855110 147.010223 -29.979345               1699 
-199.475357 197.153992 -103.343315 -118.308868 165.476074 -58.620625 -187.169357 154.020157 -39.920090 -79.498650 146.318619 -31.019913               1717 
-201.034012 208.141708 -99.148170 -120.014015 170.157654 -59.296570 -189.419098 165.776413 -28.088051 -81.293159 147.573898 -34.282379               1735 
-201.740143 217.748398 -89.607735 -118.632660 178.343506 -55.844952 -185.029129 179.226654 -14.129210 -78.544075 155.258499 -33.595726               1753 
-200.564713 223.677475 -80.308197 -116.518852 182.217422 -51.732376 -179.248322 187.663452 -4.120602 -75.648727 158.346466 -31.861536               1771 
-200.627380 222.918549 -70.883041 -114.877701 182.208527 -46.620998 -177.191422 181.571579 2.112712 -72.978897 158.221802 -29.180614               1789 
-198.038696 227.123505 -64.803696 -112.712975 184.362869 -42.636887 -174.472397 183.375381 6.964736 -70.988815 159.283707 -26.352846               1807 
-196.320419 229.872482 -63.265221 -111.547783 186.082169 -40.858246 -174.487091 182.544693 7.265466 -70.047226 160.565582 -24.682701               1825 
-194.074417 234.516190 -58.192131 -109.762817 189.757004 -35.754993 -173.335159 184.792694 11.531022 -68.378387 163.995804 -19.669895               1843 
-187.197098 243.078003 -47.795155 -103.675468 196.424866 -26.121094 -169.521240 185.593353 17.004745 -62.775467 169.431015 -10.838364               1861 
-176.483185 255.686691 -36.299801 -95.323402 204.474594 -15.870756 -161.952545 194.804703 26.431986 -55.720032 175.230103 -1.332088               1880 
-174.085114 259.615845 -27.634085 -93.688484 207.014740 -7.635118 -160.522751 197.700500 34.525387 -54.464409 177.149734 6.668506               1897 
-171.007156 262.699890 -19.046326 -90.887001 209.595581 0.801904 -157.778275 200.404938 42.992317 -51.773285 179.553024 15.035759               1916 
-148.118683 281.082611 -3.895294 -77.541481 216.388718 17.764009 -141.417297 224.672562 64.639656 -43.414822 181.355713 33.355663               1934 
-131.145828 235.309464 4.060306 -62.279888 213.618271 23.519609 -124.204544 246.369125 61.535915 -37.744434 176.764709 49.497803               1952 
-108.741180 210.693756 30.790825 -52.512192 212.103622 26.003851 -108.885231 257.034821 60.089577 -29.884535 178.164261 57.167110               1970 
-87.200600 197.307922 46.537106 -44.764313 208.735275 30.297476 -106.500435 250.674347 58.473370 -17.356941 183.782181 65.811134               1988 
-82.051025 195.169098 51.127766 -42.291046 207.605362 32.541279 -105.119415 248.841675 59.400280 -13.945067 184.991714 68.875404               2006 
-61.095856 192.386597 68.392769 16.424311 150.045776 66.286446 -35.565109 138.579620 70.604507 56.598331 119.397675 75.329773               2024 
-62.466091 181.133331 79.720451 4.389761 163.732178 65.203423 -58.430431 149.928604 69.916481 35.404888 123.769104 73.924355               2042 
-67.477890 163.199127 93.997353 3.399521 163.996414 78.002289 -62.702633 157.652573 77.257133 27.951035 118.915886 77.905739               2060 
-58.753471 165.783539 106.809700 11.204579 153.275803 85.042992 -54.151993 166.611435 89.350510 20.785471 104.887550 70.836517               2078 
-54.214386 160.108490 111.739365 17.313654 152.345444 91.438820 -48.753235 161.948837 94.617088 29.925161 104.742981 76.947594               2096 
-52.858021 154.575516 114.824615 19.023701 152.000580 94.370010 -47.517677 156.964737 97.935532 34.946785 105.475937 79.640686               2114 
-51.863682 151.653366 117.038437 19.766527 151.578552 95.443779 -46.760262 154.417847 100.543037 37.041218 105.634850 80.417068               2132 
-50.086121 151.199020 119.312706 20.891438 151.857986 95.508095 -45.426289 153.438324 102.942307 38.936367 105.643066 82.332275               2151 
-45.175209 150.630569 124.134987 22.677845 151.425507 92.438332 -42.333046 151.704239 107.486214 41.078606 104.810120 81.327141               2169 
-29.028353 156.945145 128.228531 29.658014 144.097458 82.981377 -28.807495 155.091248 113.627220 42.693558 94.587303 79.258606               2187 
-20.148634 160.925995 132.143814 24.441259 139.085724 74.625053 -22.183739 158.019852 119.053429 33.530399 88.591179 72.973434               2205 
-17.867535 159.716736 131.793518 23.514805 137.168823 71.415085 -17.449976 157.916000 121.200813 31.849861 86.572639 69.050064               2223 
-18.919865 160.877945 132.606415 23.661963 137.568253 71.718956 -16.221869 158.139832 123.377968 32.931240 87.142532 69.195732               2241 
-22.277723 160.229431 133.571365 24.833223 138.458130 73.445137 -17.169891 155.980255 125.320808 36.446728 88.603523 69.613007               2259 
-28.263224 159.456360 132.955093 26.738607 140.191956 77.891289 -20.602825 155.202271 126.599060 41.753113 91.181534 75.137466               2277 
-26.408161 157.303345 131.276566 30.070337 135.345032 77.259895 -17.313976 151.634216 126.225533 44.187775 86.060951 74.648941               2295 
-46.566879 177.059128 120.062675 19.462540 139.389008 79.706650 -25.677559 143.805023 132.333527 45.228107 95.345367 74.109047               2313 
-50.252857 184.431000 117.151077 18.659264 138.005234 82.611420 -23.472673 146.628448 134.907242 43.560078 93.579941 76.178505               2331 
-48.224808 184.366760 115.300385 20.142944 134.726959 82.166382 -20.518648 145.968750 134.439941 43.139317 89.404762 74.947945               2350 
-43.138302 187.027939 115.546310 20.831923 131.486862 81.758041 -20.404047 144.148438 132.736282 39.055935 84.487312 72.064362               2367 
-41.720757 187.799118 116.069244 21.330784 130.806290 81.924919 -20.342813 143.340622 132.249695 38.671188 83.686127 71.245926               2386 
-33.190601 187.987976 117.247734 23.621546 126.345451 80.226112 -16.556044 141.013809 130.944366 35.961369 78.218178 67.321297               2404 
-27.394884 187.317551 118.802269 24.213425 122.653740 79.306992 -14.738143 138.868835 130.306183 32.520470 74.202553 64.524727               2422 
-26.900492 187.400620 118.098846 24.522551 122.305710 78.977119 -14.272566 139.341660 129.705856 32.694637 73.684380 64.686440               2440 
-29.087009 188.683578 117.895233 23.991133 124.250542 79.810295 -15.662970 141.225113 129.861237 33.154785 75.650162 66.059990               2458 
-31.687117 187.588562 117.437958 24.414116 125.018959 80.486618 -16.599188 140.877991 129.831284 35.424034 76.711639 67.061829               2476 
-33.366379 187.968887 117.043198 24.118574 125.978111 81.223816 -17.441866 141.983017 130.129883 35.745110 77.671837 68.325470               2494 
-34.607197 188.660980 116.114708 23.782234 126.653252 81.732124 -18.013126 143.408951 130.341705 35.821453 78.212708 69.748352               2512 
-34.544273 188.611969 115.884094 23.911116 126.519371 81.668915 -17.862122 143.562668 130.317642 35.856361 78.036835 69.761169               2530 
-32.244736 188.709717 116.845764 23.447868 125.304558 80.411652 -16.796307 142.955963 130.191177 33.462460 76.665306 67.412750               2548 
-30.202564 188.807083 117.399483 23.044546 124.388969 79.044800 -15.503331 142.704346 129.973312 31.467451 75.623741 65.404861               2566 
-26.714947 186.993729 117.639069 22.973412 121.059418 77.085609 -13.635918 140.464340 129.153091 28.869509 72.169395 62.592793               2584 
-23.983122 185.923309 118.741005 23.269463 118.193062 78.131660 -14.079959 138.578247 129.357300 26.808453 69.415062 62.536068               2602 
-23.256065 185.698181 118.736511 24.113091 117.433540 79.099480 -14.489612 138.314484 129.220383 27.313244 68.690033 63.323860               2621 
-24.071028 184.709412 118.317436 25.181366 117.123650 79.763664 -14.700819 137.605225 129.076538 29.465971 68.394806 64.201462               2639 
-25.659363 183.829224 117.659561 25.308863 116.617363 80.651901 -15.741808 137.061478 129.111816 30.559908 67.831932 65.570496               2657 
-26.532263 183.594131 117.151283 25.268236 116.684525 80.642334 -15.599215 137.203598 129.454819 31.092718 67.857666 65.909592               2675 
-22.326893 179.677017 115.376678 25.405230 111.807831 75.196381 -10.272581 133.577820 127.532532 29.495457 62.699207 60.820938               2693 
-22.009806 177.288986 115.538414 25.601025 111.225502 72.252403 -7.266225 131.809647 126.901115 30.641489 62.259647 57.692905               2711 
-22.691547 176.286728 115.701118 25.761232 111.212189 71.795975 -6.953507 131.125809 126.849365 31.551762 62.373062 57.090561               2729 
-25.911663 176.627411 114.560188 25.059258 112.164879 72.593849 -8.722845 132.351334 127.070885 32.549934 63.204796 59.109047               2747 
-28.037056 178.059250 116.263000 24.757786 113.988991 75.886925 -10.689675 134.032867 129.460678 33.144234 65.066154 62.800148               2765 
-32.768490 175.904922 117.814392 23.111118 115.202438 76.305962 -13.455325 132.440811 130.165436 33.785740 67.017876 62.187160               2783 
-31.433441 175.208954 118.574677 22.890961 114.477119 75.039375 -11.898231 131.649338 130.135544 32.886242 66.322044 60.334843               2801 
-34.534641 173.965958 117.014778 22.432013 114.748062 74.739159 -13.003577 131.517365 129.819351 34.319798 66.816742 60.728123               2819 
-34.403297 172.332870 116.180908 22.154560 113.088852 73.333008 -12.229220 130.156204 129.194550 33.886158 65.131508 59.279411               2837 
-33.471840 171.524857 116.036346 22.043602 112.043472 72.109444 -11.125172 129.387527 128.676056 33.196003 64.017006 57.822281               2856 
-33.335514 171.068039 116.085426 21.945829 111.693909 71.679108 -10.833636 129.030746 128.493881 32.905060 63.671749 57.228912               2874 
-33.729393 170.553925 116.165535 21.969786 111.677017 71.587662 -10.831602 128.802399 128.471695 33.147053 63.731846 57.049107               2892 
-33.943466 170.287430 116.274803 21.929390 111.649742 71.573013 -10.772482 128.757416 128.536453 33.152649 63.732830 56.976849               2910 
-34.377407 170.296494 116.497345 21.717924 111.834038 71.845108 -11.086005 128.971695 128.741028 32.947334 63.920589 57.242294               2928 
-37.707817 169.718857 116.314110 21.674740 112.996788 73.718346 -13.650620 129.208878 129.339874 34.700607 65.434418 59.463951               2946 
-38.395359 170.917206 117.262314 21.106125 114.137772 74.914635 -14.851194 130.211029 130.127197 33.819172 66.600258 60.299458               2964 
-38.874954 171.435944 117.717659 20.978481 114.719345 75.775017 -15.546350 130.737015 130.575043 33.666859 67.216644 61.025814               2982 
-38.669758 171.962387 118.195229 20.785742 114.950142 76.072174 -15.829320 131.073624 130.687637 33.003204 67.431641 60.980255               3000 
-37.026474 171.142578 119.448921 20.257362 113.042259 75.821716 -16.127523 128.993896 130.562347 30.494732 65.584183 59.149376               3018 
-35.651112 170.584976 120.183449 20.189119 111.774422 75.639267 -15.869551 127.833977 130.493896 29.213112 64.363159 58.152699               3036 
-33.797073 170.114868 121.361320 20.810408 110.935493 75.781677 -15.156302 127.173256 130.295776 28.881783 63.630081 57.558315               3054 
