-35.162952 176.368073 83.669373 21.260735 113.638580 69.993538 -22.232094 132.861588 104.314430 37.773483 68.088196 61.766361                  0 
-35.446571 175.749420 83.589737 21.507927 113.519196 70.372063 -22.125557 132.757767 104.566147 38.352982 68.001015 62.656166                 18 
-35.613155 175.200027 83.624550 21.702486 113.287476 70.651665 -22.224224 132.413651 104.593544 38.808960 67.811760 63.267685                 36 
-35.448063 174.959808 83.729721 22.052324 113.172127 71.130646 -22.187611 132.374908 104.664566 39.346146 67.674950 64.339081                 54 
-35.440155 174.936371 83.435333 21.977968 112.889565 70.949150 -22.596363 131.837891 104.249207 39.549995 67.472755 64.336128                 72 
-35.359722 174.932266 82.456894 22.527882 112.811371 71.120773 -22.611956 131.590775 103.754341 40.698330 67.528252 65.249702                 90 
-36.272442 175.016617 81.599350 22.115923 113.131500 70.641800 -23.431633 131.498978 102.935043 40.704536 68.006119 64.866112                108 
-35.164753 176.184586 79.310417 22.114998 113.149063 68.361816 -23.219790 132.197754 100.552895 39.938698 67.727196 62.499653                126 
-29.795549 179.242828 76.524460 24.513054 113.514229 65.745995 -18.926628 135.275253 99.363480 40.281590 67.264450 60.501373                144 
-24.192965 183.221252 71.966217 26.667864 114.436852 62.564709 -15.110098 139.240723 97.133247 40.057358 67.347176 58.265976                162 
-22.642756 190.859482 62.975338 29.657858 122.274475 60.846008 -14.231445 148.507706 92.479134 44.025917 75.280579 60.273087                180 
-19.760506 199.306274 53.649731 31.916897 129.968735 56.179291 -13.208920 157.545685 85.696129 45.936058 82.891266 57.718582                198 
-15.573030 206.931122 44.937569 31.368546 134.121262 49.600533 -12.909325 164.766006 78.057884 42.308167 86.260201 51.800198                216 
-13.638250 215.836105 34.266998 32.878300 142.750397 42.331738 -13.333452 173.544830 68.401894 43.719551 94.920677 45.490913                234 
-11.113266 224.410385 22.806587 34.314320 150.815811 36.040192 -13.531388 182.555023 58.586437 44.855820 103.136612 41.586864                253 
-9.019231 231.832489 11.283305 35.054264 157.676544 28.333729 -14.041660 190.020462 47.818039 45.114216 110.113525 35.527561                271 
-8.071376 239.226135 -0.984761 35.485104 165.251846 19.903410 -15.278320 197.386658 36.114578 45.657715 118.009193 28.839022                289 
-7.417042 246.377243 -13.562284 35.083218 172.157425 10.652933 -17.038757 204.145752 23.873537 45.174152 125.275101 21.396091                307 
-8.538137 250.689819 -26.212723 35.418644 178.026260 1.517153 -18.650837 208.253372 11.967611 46.880070 132.029480 14.483555                325 
-9.484541 255.469864 -39.105820 34.861515 183.923279 -7.372554 -20.899986 212.435852 -0.283854 47.303738 139.018707 8.246850                343 
-11.079098 257.080780 -51.907085 34.660892 187.859894 -16.049442 -22.822004 213.990967 -11.828547 48.458374 144.334503 2.126515                361 
-12.094952 259.138031 -65.818619 34.329536 192.711899 -25.046593 -24.733656 216.431870 -24.202974 48.972469 150.829391 -3.912870                379 
-12.530948 260.227966 -78.984055 33.811684 196.637375 -33.060600 -26.778370 217.552307 -35.947239 48.910221 156.582703 -8.918243                397 
-13.513515 259.617310 -91.367676 33.932507 200.261063 -40.605762 -28.335676 217.238647 -46.455639 50.076736 162.472946 -13.649922                415 
-13.508677 258.790283 -102.282181 34.005936 202.439255 -47.706150 -29.359344 217.349731 -54.736637 50.547314 166.744370 -18.253607                433 
-13.105995 257.451538 -110.963982 34.120403 203.695938 -53.078350 -30.276354 216.376297 -61.401314 50.935146 169.889191 -21.621016                451 
-12.806788 257.690033 -118.912552 34.084595 205.577637 -58.650528 -31.126020 216.800629 -67.179047 51.263081 173.525085 -25.594080                469 
-14.332895 255.558853 -125.986122 33.759277 206.470322 -63.735207 -32.372311 215.620010 -71.655128 52.012337 176.515884 -29.314974                488 
-15.041897 253.463394 -129.780533 34.037838 206.579453 -66.357285 -32.787312 213.675980 -74.029213 53.126350 178.034485 -31.200373                506 
-15.065536 253.032913 -136.172745 32.684662 206.574570 -71.175415 -35.079361 212.507690 -79.448441 51.266655 178.701645 -35.217037                524 
-15.500195 251.274689 -140.879120 32.572754 206.623215 -74.612152 -36.159821 210.258408 -82.683861 51.589447 180.017761 -37.928223                542 
-16.110323 250.116806 -144.866241 32.238194 206.389023 -77.816650 -37.251389 208.323898 -85.163666 51.786015 180.863052 -40.648079                560 
-17.507341 248.285126 -147.526443 32.003128 206.364563 -79.703415 -38.039078 205.649750 -85.712814 52.793728 182.641907 -42.018116                578 
-18.326849 248.324799 -149.421921 31.538818 206.324188 -81.440559 -38.827431 203.568039 -86.630005 53.123589 183.467865 -43.666466                596 
-18.398487 248.914230 -150.883286 31.116116 206.130585 -82.625153 -39.129349 200.635956 -87.502457 53.471714 184.276794 -44.706367                614 
-21.293287 246.615768 -151.978745 30.686941 205.591217 -84.192360 -38.740818 196.026062 -88.117409 54.617626 185.090027 -46.480053                632 
-24.102039 244.793472 -153.255417 29.793344 204.849976 -86.222992 -38.742943 193.252213 -89.016357 54.896317 185.154205 -48.845020                650 
-25.459160 240.734329 -157.490128 28.699530 204.946228 -88.250015 -39.410854 192.261505 -91.018242 53.765453 187.424240 -49.780884                668 
-26.249048 239.430069 -159.408798 27.991264 204.867401 -89.565506 -39.979076 191.974762 -92.757088 52.800056 187.730072 -50.757885                686 
-27.542389 237.302292 -160.247147 27.853930 204.595490 -90.423164 -39.905861 190.893463 -93.317200 52.976871 188.071640 -51.551643                704 
-28.256519 236.667618 -160.267593 27.814116 204.436966 -90.743362 -39.708492 190.004959 -93.714249 53.151127 187.966888 -51.988132                723 
-28.172735 237.102768 -160.238586 28.073750 204.515778 -90.998734 -39.408554 190.084915 -94.151085 53.414787 187.758041 -52.369659                741 
-26.563038 239.650177 -160.047165 29.318140 205.676773 -91.155952 -38.290176 192.073273 -94.543869 54.450478 188.214996 -52.702770                759 
-25.686821 241.053772 -159.798386 30.377724 206.406326 -91.370911 -37.408669 194.034988 -94.044174 55.624283 188.692062 -53.108509                777 
-24.722301 243.434784 -159.358643 31.357327 207.248199 -91.721504 -36.296421 195.339203 -94.592712 56.616325 188.744949 -53.842648                795 
-22.501228 248.138596 -158.416641 33.935577 210.464691 -91.875519 -33.624866 200.213654 -93.839890 59.442039 191.335114 -54.476654                813 
-17.405472 253.633286 -157.541992 38.387775 215.178482 -90.844887 -29.149778 206.506683 -92.697327 63.584610 195.842041 -53.342659                831 
-9.483931 263.857178 -154.852341 43.903385 221.628906 -88.435600 -23.598829 214.283813 -92.491234 67.772392 200.308151 -51.140945                849 
-2.296696 268.806213 -155.214630 49.638245 227.936371 -86.787308 -17.860243 221.873337 -91.466034 72.660431 207.488174 -48.485279                867 
11.132431 282.822113 -150.972061 57.301720 235.311798 -82.674950 -9.927404 233.163025 -91.629845 76.984138 211.338333 -44.555786                885 
24.889685 231.220718 -97.532120 59.502239 244.841354 -88.313957 -1.636654 242.230728 -108.739182 74.953926 221.637299 -47.841595                903 
26.716591 223.804352 -95.082932 60.310356 247.025558 -90.803558 0.079053 248.343842 -112.673210 74.269836 222.988251 -50.275349                921 
30.335258 227.544083 -96.058029 63.386292 251.321991 -92.031471 3.198845 255.225616 -114.013474 76.702446 224.888382 -52.799595                940 
38.485504 232.620056 -95.442055 71.316170 256.412689 -88.566704 11.679347 261.502960 -112.015678 83.646080 227.099686 -51.097832                958 
43.557121 238.251877 -94.876778 78.005638 259.974426 -88.162117 18.181335 268.696259 -110.890533 88.776924 230.183456 -50.589878                976 
51.789173 243.128082 -92.458557 85.492569 265.232300 -83.074867 25.989262 273.692780 -107.210556 95.830902 233.495468 -47.004269                994 
55.384129 243.536118 -92.529953 88.751549 266.056000 -82.175568 29.159004 273.574707 -106.955040 99.169502 234.192001 -46.240253               1012 
61.844009 240.960236 -88.986092 94.643608 265.149017 -79.388756 34.950054 268.679749 -105.197754 105.677597 236.311356 -41.154816               1030 
70.654091 247.240448 -91.725769 101.728249 271.272003 -75.800400 43.812477 274.578278 -105.949295 111.394829 238.761444 -40.236141               1048 
75.096008 240.407700 -88.542297 105.826714 267.245178 -75.705208 47.219463 264.415161 -105.151718 116.904869 240.184021 -36.206310               1066 
79.519043 238.620117 -87.988586 109.248169 266.679749 -74.997688 50.680882 261.123138 -104.683250 121.218277 240.223190 -35.349701               1084 
87.934647 235.320465 -85.930832 113.227516 267.158997 -71.984833 56.009716 253.226791 -101.917084 129.295135 241.616028 -33.195877               1120 
94.685532 229.825378 -85.731499 116.010796 265.160217 -71.606171 62.104168 241.645325 -101.662750 135.452148 242.949417 -32.313564               1156 
100.005302 218.750839 -85.359100 119.632874 256.883057 -74.921486 69.289024 225.563095 -103.355568 138.858444 241.267303 -32.474804               1174 
103.398880 210.111786 -87.141068 120.889984 250.464523 -80.186935 74.372505 212.065521 -105.501167 141.093216 240.461716 -36.518085               1193 
104.328369 210.492416 -86.713554 123.079140 250.306549 -79.717247 78.727577 211.316193 -105.925781 143.377945 239.515930 -36.280899               1211 
104.764359 207.925812 -86.207550 126.156700 246.386566 -79.054482 83.460121 207.076126 -106.723541 143.762711 234.997864 -34.607639               1229 
105.219101 201.713715 -87.608963 125.806404 241.066788 -81.534721 87.877502 197.101059 -108.509216 142.273483 232.372208 -36.054676               1247 
105.614029 194.527969 -87.401909 126.148621 234.515793 -83.630035 90.962425 187.102524 -107.860123 141.775955 229.366913 -37.321606               1265 
105.681190 187.320923 -87.834221 126.188339 227.978333 -84.770447 91.811119 179.289703 -107.635109 140.689362 225.087006 -37.903023               1283 
105.098022 183.131409 -87.916451 125.361359 224.706116 -85.419098 91.904724 174.757843 -106.738281 139.620224 223.744919 -38.398293               1301 
104.879585 178.094101 -88.070267 124.024323 221.032181 -85.911110 92.511734 169.353836 -105.905251 137.986679 222.025620 -38.802078               1319 
104.896492 173.008255 -88.638916 122.282234 217.588882 -86.843513 92.867783 164.181885 -105.529144 136.303467 220.568436 -39.835827               1337 
104.107040 166.003067 -88.903122 119.636032 212.257065 -89.548439 92.426170 156.455002 -104.222443 133.779617 219.346481 -43.020012               1355 
103.976814 162.371704 -90.917572 117.719994 210.145126 -91.359482 92.508148 153.181183 -105.185356 132.314987 218.311462 -45.148094               1373 
102.833710 160.568100 -93.084763 115.777222 209.841614 -91.410347 91.389885 152.758011 -106.257454 131.141983 217.217316 -45.315678               1409 
101.139221 159.101669 -94.513039 114.548416 209.033005 -91.657318 89.829216 152.177963 -106.996452 129.933533 216.066940 -45.516048               1428 
98.959999 155.397690 -96.292084 112.004433 206.314804 -93.421219 86.933395 148.994858 -108.066086 127.151230 214.315491 -47.358665               1446 
97.819145 153.174271 -98.131271 110.758347 204.984573 -94.639816 85.265709 147.452225 -109.153168 125.663971 213.406525 -48.573689               1464 
97.155830 151.764450 -99.675354 110.247169 204.486725 -95.092041 84.404915 146.878723 -109.616608 125.066330 213.056213 -49.025219               1482 
96.502426 150.371628 -100.946465 109.740318 204.029953 -95.184723 83.748047 146.306152 -109.584930 124.652664 212.755707 -49.177353               1500 
95.890587 149.257797 -102.798180 109.048988 203.771576 -95.447243 83.211441 145.945297 -110.168999 124.117096 212.303848 -49.454330               1518 
95.227020 148.035126 -104.693024 108.251236 203.189819 -95.734238 82.623962 145.334656 -111.046425 123.430214 211.324677 -49.705795               1536 
93.978149 147.180832 -107.146729 107.009689 202.734695 -96.889816 81.371429 144.981293 -112.832130 122.291504 210.385574 -50.812431               1554 
93.052307 146.405212 -108.899834 106.485733 202.367111 -97.674629 80.542236 144.748413 -113.832664 121.574051 209.901443 -51.514347               1572 
92.417709 145.615967 -109.587410 106.300842 201.868469 -97.969406 79.935692 144.367279 -114.053017 121.208229 209.484894 -51.763828               1590 
92.096451 145.210709 -110.095940 106.226913 201.780762 -97.950729 79.655441 144.318817 -114.002785 121.148857 209.410950 -51.752125               1608 
92.325340 145.272720 -110.702606 106.257881 202.207077 -97.564110 79.961784 144.677872 -113.972000 121.178024 209.641800 -51.333065               1626 
92.521248 145.235840 -111.012962 106.324318 202.506821 -97.001869 80.225945 144.908981 -113.613342 121.459564 209.767731 -50.813137               1644 
92.465111 145.188629 -111.541618 106.348625 202.771286 -96.637352 80.265610 145.187347 -113.435928 121.647133 209.850708 -50.474243               1663 
92.137459 144.880524 -111.811630 106.307755 202.662674 -96.614143 79.960510 145.149673 -113.344772 121.649864 209.745346 -50.466007               1681 
91.998032 144.760696 -111.860428 106.322395 202.657837 -96.528313 79.804314 145.186707 -113.228531 121.664589 209.749100 -50.381523               1699 
91.843422 144.739410 -111.722549 106.441017 202.847076 -96.148247 79.687454 145.415222 -112.693962 121.936340 209.971237 -50.057720               1717 
91.453285 144.746033 -111.763863 106.589943 203.042892 -95.712494 79.385780 145.792374 -112.233154 122.167091 210.073166 -49.635136               1735 
90.924072 145.094009 -111.956047 106.670204 203.437027 -95.335991 78.910500 146.487915 -112.048309 122.339775 210.167374 -49.245182               1753 
90.534286 145.108093 -111.565849 106.797516 203.638107 -94.916924 78.568298 146.817902 -111.347870 122.551056 210.470886 -48.869839               1771 
90.249619 145.140259 -111.250839 106.933510 203.846542 -94.489403 78.328209 147.142517 -110.736092 122.740761 210.735519 -48.469109               1789 
90.139442 145.493835 -111.057045 107.116356 204.336212 -93.923546 78.266479 147.756897 -110.234207 122.924606 211.130890 -47.889572               1807 
89.981705 145.426071 -111.019478 107.088089 204.517746 -93.687447 78.159637 147.906387 -109.804382 123.103081 211.375900 -47.734421               1825 
89.240601 145.421310 -110.836212 106.915161 204.568405 -93.041267 77.504852 148.194778 -109.174942 123.228447 211.182831 -47.157486               1843 
89.120476 145.168304 -111.004028 106.912529 204.451645 -92.919662 78.005516 148.579025 -109.431801 123.328842 211.012085 -47.064884               1861 
89.101639 144.269531 -110.307014 106.824768 203.938736 -92.783188 78.500282 148.207489 -108.904572 123.290031 211.097137 -47.035534               1879 
89.054634 143.470139 -109.694710 106.545410 203.466400 -92.692314 78.759140 147.694016 -108.382896 123.286194 211.097061 -47.121338               1898 
89.318604 142.474380 -109.655029 106.091034 202.962173 -93.372238 79.285378 146.815842 -108.446312 123.166313 211.268967 -48.044239               1916 
88.996094 141.978470 -109.290436 105.560318 202.750198 -93.532799 78.975662 146.399536 -108.044876 123.034676 211.436218 -48.428528               1934 
88.718971 141.851074 -109.660309 105.318062 202.655548 -93.679237 78.686913 146.432556 -108.485977 122.756805 211.125488 -48.520126               1952 
88.589996 141.698273 -109.429260 105.153679 202.627106 -93.561943 78.554840 146.407730 -108.340439 122.479317 211.188370 -48.376518               1970 
88.730209 141.651810 -109.745270 104.920906 202.698990 -93.766624 79.392418 146.552673 -109.045280 122.303253 211.116135 -48.575909               1988 
88.844353 141.457993 -109.493454 104.497017 202.728180 -93.980690 79.965576 146.531906 -109.396156 121.985092 211.260223 -48.852352               2006 
87.897507 141.161316 -109.031235 103.880669 202.536530 -94.970833 79.225090 146.498184 -109.904549 121.302933 211.452271 -49.891243               2024 
87.883209 140.223633 -108.087029 103.387985 201.948914 -95.122284 79.360710 145.636978 -109.444847 120.741577 211.541428 -50.155277               2042 
87.746178 139.020447 -106.910637 102.804192 201.112076 -95.201813 80.119362 144.542480 -108.731522 120.125557 211.574341 -50.416698               2060 
87.602089 138.284637 -106.335739 102.460297 200.560623 -95.253578 80.724030 143.914246 -108.438225 119.762573 211.454559 -50.564114               2078 
87.256310 137.943451 -106.003197 102.152306 200.242752 -95.031174 82.076942 143.762283 -108.279922 119.510681 211.115341 -50.358269               2096 
87.002029 138.136337 -106.040100 101.978867 200.383621 -94.812561 83.025009 144.089432 -108.343018 119.589546 210.987946 -50.173931               2114 
86.758423 138.206696 -106.297050 101.851807 200.393906 -94.856384 83.477715 144.264084 -108.684151 119.469032 210.754532 -50.163143               2133 
86.507675 138.239532 -106.239700 101.979416 200.343811 -94.799820 83.863396 144.160812 -108.529594 119.423088 210.625854 -50.020435               2150 
86.174713 138.574753 -106.407135 102.113571 200.551849 -94.881264 84.676804 144.534012 -108.853310 119.374634 210.655777 -49.990715               2169 
85.659203 139.653412 -106.669998 102.315399 201.340195 -94.570244 86.460266 146.116959 -109.598801 118.954895 210.952393 -49.338310               2187 
85.567001 140.545380 -106.883827 102.650497 202.023117 -94.292343 87.959869 147.521866 -110.216995 119.109795 211.188766 -48.902061               2205 
84.690498 141.367645 -106.921959 102.658607 202.484650 -93.783211 88.427567 148.818146 -110.581345 118.563576 211.157089 -48.099342               2223 
84.452782 141.191971 -106.308502 102.653969 202.408722 -93.735909 88.486488 148.942093 -110.292755 118.171127 211.564713 -48.013039               2241 
83.867737 140.335403 -105.215065 102.698647 201.749634 -94.636955 88.078072 148.094116 -109.628586 117.382896 212.462936 -48.977421               2259 
82.373810 139.435349 -103.358513 102.357811 200.919342 -95.568741 87.022163 146.963303 -108.180481 116.125343 213.732758 -50.165367               2277 
81.828224 139.529922 -102.507904 102.247246 201.063583 -95.943367 86.818199 147.117676 -107.651039 115.559235 214.842453 -50.687107               2295 
81.595779 139.504684 -101.913696 102.138107 201.171661 -96.159416 86.665833 147.321777 -107.402733 115.110214 215.645950 -51.021687               2313 
81.298996 139.510788 -101.983192 102.118996 201.208954 -96.356033 86.497314 147.621002 -107.713707 114.939461 215.815399 -51.217556               2331 
81.161026 139.337112 -101.909264 102.062141 201.119186 -96.412514 86.467728 147.674408 -107.799141 114.791718 215.860291 -51.292095               2349 
81.018112 139.417572 -101.834297 101.825356 201.354935 -96.916550 86.556381 147.921066 -107.927208 114.465866 216.564575 -51.926785               2368 
80.528671 139.220383 -101.436012 101.497734 201.161148 -96.882172 86.114838 147.779755 -107.671150 114.333717 216.538986 -52.005058               2386 
77.848175 134.064423 -96.228409 99.499062 195.894043 -99.238327 84.096054 141.670914 -103.334068 109.568192 217.505051 -56.264240               2404 
80.708839 132.038040 -94.827087 97.498695 195.173828 -100.914253 86.306435 139.856705 -102.471725 106.657265 219.319931 -59.101795               2422 
80.716599 130.777191 -96.057854 96.515793 194.295105 -100.691505 86.351913 138.853424 -103.738472 104.047333 217.692047 -58.135025               2440 
80.344971 130.544220 -96.421349 96.224716 194.009430 -100.592339 86.025360 138.640076 -104.527534 103.118713 216.838364 -57.621323               2458 
80.223663 130.485428 -96.286354 96.083069 193.870422 -100.544075 85.901176 138.544220 -104.910492 102.662254 216.423737 -57.378613               2476 
80.167801 130.822052 -96.287811 96.110130 194.028244 -100.588440 85.791504 138.781036 -105.522446 102.601631 216.147827 -57.185905               2494 
79.829590 131.768631 -97.381302 96.295570 194.679993 -100.877640 85.413681 139.677505 -107.159737 102.835838 215.709412 -56.943783               2512 
77.584908 134.974548 -100.031189 96.144302 197.139999 -101.840591 83.230003 142.863281 -110.276672 103.556122 216.144714 -57.129509               2530 
76.430717 136.937271 -101.122658 96.060646 198.500458 -102.373146 81.979118 144.709778 -112.009773 103.896889 216.352219 -57.261024               2548 
75.610016 138.647858 -101.125854 95.703613 199.679092 -102.579124 80.835030 146.189285 -112.877220 103.749268 216.906754 -57.261688               2567 
74.015823 142.316544 -101.124985 94.510597 202.759232 -102.870789 78.643066 149.604050 -113.820847 102.740784 219.399414 -57.367340               2584 
61.255100 152.722397 -93.893883 86.105934 210.558960 -99.142708 65.186745 158.744659 -108.374046 97.094009 227.451370 -54.319679               2602 
49.315670 203.819763 -103.626518 89.947960 226.061859 -38.769279 39.688007 186.806732 -58.977264 110.252853 217.021225 5.061912               2620 
39.825867 220.399078 -99.472580 85.872513 236.104111 -26.897289 31.614100 194.592361 -44.891205 108.123177 226.548172 15.867030               2639 
29.095272 220.716553 -90.050545 80.722679 242.480270 -21.630024 25.351851 198.663849 -32.300774 106.293709 236.323944 19.884039               2657 
18.688995 218.646698 -78.384018 74.709129 243.798737 -14.468253 18.576130 199.689636 -19.402376 102.821983 239.638702 25.626095               2675 
8.766295 215.738266 -64.290298 70.158714 244.198349 -6.978313 13.808734 200.238373 -4.928853 101.553467 242.155136 30.776020               2693 
-0.204217 214.967896 -50.280518 65.280052 243.820694 2.084576 8.462138 201.086304 8.515814 98.943596 242.183289 37.851593               2711 
-9.689090 210.742035 -36.094181 59.252476 242.518921 9.668699 1.429111 203.012451 22.552990 94.483086 243.246643 43.924644               2729 
-16.012497 206.464249 -20.598076 55.750439 240.629868 18.325212 -0.821573 201.802124 35.807625 93.181259 242.682144 50.104404               2747 
-21.530577 200.958572 -6.512161 51.315220 237.212860 27.663794 -4.562153 199.256073 47.695831 89.787094 240.287216 58.088428               2765 
-25.872894 195.019241 5.947091 47.499111 234.789673 34.012947 -6.701514 197.042694 57.843876 87.208755 239.943237 62.504704               2783 
-31.422997 186.993576 16.070713 41.393879 229.847107 39.765167 -10.714214 190.880310 65.443398 82.025719 236.296738 66.647339               2801 
-35.151157 164.284744 28.032152 30.313080 221.456329 38.885677 -15.150391 181.541046 73.321556 69.723267 239.141571 62.322063               2819 
-40.071911 161.418198 32.696487 25.765135 217.591263 42.886414 -18.194298 175.404984 76.074074 66.730087 232.852432 65.340019               2837 
-41.239052 158.690994 37.981815 23.387548 216.122574 46.594532 -19.326891 172.901138 79.574783 64.609177 231.565430 68.446098               2856 
-42.719891 157.867172 39.775993 22.454008 214.177689 50.430851 -19.715496 168.833710 80.545494 64.465950 227.415176 72.224434               2874 
-44.690315 158.126266 43.804695 21.631018 212.982559 53.709072 -20.682858 167.612595 83.023796 64.568878 224.453262 74.684265               2892 
-46.626961 149.613083 47.112118 18.415504 205.914246 55.503288 -21.769339 158.724274 84.245163 61.975071 217.425583 75.131042               2910 
-46.450249 144.172958 51.042557 14.689259 204.840500 56.505013 -21.995674 155.986481 86.158051 57.727383 219.434891 75.211128               2928 
-47.407925 143.582611 52.648285 12.770968 205.036484 57.196274 -22.603712 155.368469 85.213554 55.932011 219.762100 75.512276               2946 
-48.629337 142.406525 54.519238 12.002302 203.009048 59.379620 -23.190573 152.755981 84.450607 55.777618 216.192108 77.410805               2964 
-49.184708 141.251968 57.369522 12.030208 201.008591 60.947498 -21.821165 149.748886 83.596054 57.164497 212.389343 76.713577               2982 
-48.044884 138.646149 59.337460 12.562221 198.393539 61.757423 -20.150139 146.272980 81.801704 58.600254 208.508362 75.663712               3000 
-48.494328 138.500015 63.715115 12.309519 197.575760 62.928398 -19.863781 145.875259 81.825081 59.240585 206.492355 74.468079               3018 
-50.123898 134.001648 67.542778 6.590487 195.608017 62.048637 -24.853582 145.229996 83.600967 52.444511 207.415619 75.208580               3036 
-47.177963 130.107361 68.791481 5.784953 193.715805 62.371883 -23.672531 141.875031 81.936913 52.028408 205.628662 73.983162               3054 
-45.260502 129.415665 71.395699 5.261816 193.761429 62.261703 -23.795816 142.347244 82.512741 51.424137 206.243683 73.594337               3072 
-44.245186 129.331055 73.806801 4.060509 194.109726 61.615562 -24.991009 143.560074 83.787384 49.829025 207.663055 73.309364               3091 
-43.275948 129.658783 75.244865 3.464418 194.356796 60.616795 -26.163336 144.881149 84.322052 48.990520 208.457199 72.606277               3109 
-41.402294 129.203232 75.646286 2.897776 194.778625 60.028988 -26.436993 145.334930 84.005363 47.921070 209.932007 72.617615               3127 
-38.599342 127.956207 75.893417 2.191349 194.892227 59.388901 -26.312603 145.092545 83.517677 46.417683 211.678070 72.710381               3145 
-37.190781 128.099030 76.408577 2.186887 195.098053 59.146038 -26.607624 145.548859 83.301071 46.504143 211.734436 72.352371               3163 
-32.879868 120.661308 75.194214 -0.683516 190.865570 56.225010 -24.816208 139.482681 81.526093 41.401775 212.439301 69.589058               3181 
-28.113621 116.767311 73.246269 -2.939561 189.500198 53.286549 -21.806633 136.338348 79.303726 37.452919 214.745972 65.381721               3199 
-25.732710 115.180069 72.771294 -3.112600 188.859436 53.285995 -19.814779 134.836517 78.952377 37.177029 214.782211 64.238182               3217 
-18.941202 110.468216 69.246727 -7.029471 187.568726 54.106827 -17.156595 130.545837 76.461227 27.278519 219.082291 69.760986               3235 
-21.509502 112.149902 69.049667 -6.895969 188.786179 54.385296 -18.627140 131.924088 76.318192 30.010416 218.118668 68.267601               3253 
-24.037344 117.029121 71.806847 -4.543468 192.109894 55.538391 -19.364157 136.423599 78.554260 35.928955 217.950272 66.000343               3271 
-25.816204 120.958611 72.818008 -1.944946 194.429077 55.660473 -20.166607 140.007553 79.223152 40.555183 217.287933 64.956001               3289 
-24.826170 128.996796 81.726982 -0.512651 198.987946 54.061459 -19.481848 148.814301 85.213875 41.954212 222.853668 60.556709               3307 
-25.556576 139.023849 90.269287 0.616115 203.434631 52.595734 -20.661795 159.247498 90.560837 42.482254 228.617264 57.911404               3326 
-26.314802 142.713135 92.814957 1.325467 204.773682 52.370327 -21.316238 162.892914 92.106667 43.466400 229.597595 57.177681               3344 
-26.585100 142.088974 91.400757 2.135211 205.121185 53.272690 -21.148005 162.185852 91.472092 44.958385 228.639023 58.590790               3362 
-29.420748 141.450378 85.028564 4.216308 206.418579 55.037338 -22.470392 161.022186 86.420258 48.803661 225.544342 62.871120               3380 
-30.141966 142.600647 81.112839 7.055385 208.138351 57.285118 -22.625830 162.567230 81.736504 52.853371 223.511520 66.307610               3398 
-29.974478 144.689117 79.384300 8.914034 210.113937 58.615017 -22.780336 165.260773 79.113853 54.916416 223.813995 69.164169               3416 
-29.918322 146.563522 79.863808 9.447100 211.335861 58.534836 -23.184052 167.275726 79.364357 55.569813 224.455139 69.294701               3434 
-30.414902 147.327362 78.687164 10.162278 211.592377 58.669933 -23.870955 168.139420 78.618248 56.548798 223.287201 69.926804               3452 
-30.524817 147.560898 78.558586 10.209813 211.612030 58.629150 -24.515173 168.691406 78.642410 56.613979 222.949066 70.175575               3470 
-30.847649 147.822388 78.085564 10.461400 211.557770 58.824249 -25.055246 169.051880 78.326706 56.999023 222.046021 70.632774               3488 
-30.197784 146.715881 77.982178 9.962943 211.130157 58.884796 -25.783842 169.156738 78.839180 56.091053 222.529083 71.432991               3506 
-30.133324 146.015503 77.271774 9.891866 210.694473 59.080418 -26.426762 169.240417 78.719528 55.940014 221.925934 72.065697               3524 
-29.938671 146.137238 77.404434 9.929378 210.741714 59.107796 -27.067225 170.135071 79.359001 55.977863 221.812317 72.229294               3542 
-30.444429 146.619034 76.961411 10.278845 210.803284 59.496784 -27.726244 170.909561 79.395378 56.454945 220.883621 72.963409               3560 
-30.026577 139.230789 74.369606 8.689631 205.282623 59.949379 -28.239334 163.616425 78.244278 54.832973 215.623520 73.330437               3579 
-29.070444 137.237473 74.163490 7.195323 204.670486 59.919304 -28.054972 161.724152 78.618675 53.440918 216.028473 72.065758               3597 
-28.110086 134.277145 71.823013 6.119752 203.214737 60.018597 -27.765911 158.659866 77.484627 52.282387 215.203964 71.870377               3615 
-28.295542 134.550995 72.438881 5.996590 203.366776 60.219276 -27.920691 158.971924 78.028137 52.295940 215.202545 71.685745               3633 
-28.290144 134.700775 72.856880 5.928465 203.467957 60.352058 -28.023968 159.180389 78.360107 52.311668 215.194183 71.589912               3651 
-28.352547 134.789352 72.867249 5.904809 203.546082 60.468220 -28.021990 159.123215 78.224533 52.329830 215.135284 71.675491               3669 
-28.749592 135.603516 73.120712 6.206371 203.979095 60.793285 -28.245293 159.837311 78.272041 52.745472 214.965500 72.133751               3687 
-29.112749 136.551636 73.125221 6.545052 204.562088 60.962475 -28.475769 160.727081 78.106895 53.144787 214.982819 72.584358               3705 
-28.856194 135.867416 72.314964 6.365746 204.226852 60.934917 -28.392395 159.941879 77.469391 52.930317 214.707840 72.643234               3723 
-30.704283 141.680389 77.608086 6.783382 208.126221 63.017410 -29.015749 165.314072 80.293655 53.632755 217.478516 74.544159               3741 
