999.000000 999.000000 999.000000 999.000000 999.000000 999.000000 999.000000 999.000000 999.000000 999.000000 999.000000 999.000000                0.0 
999.000000 999.000000 999.000000 999.000000 999.000000 999.000000 999.000000 999.000000 999.000000 999.000000 999.000000 999.000000               18.0 
999.000000 999.000000 999.000000 999.000000 999.000000 999.000000 999.000000 999.000000 999.000000 999.000000 999.000000 999.000000               36.0 
999.000000 999.000000 999.000000 999.000000 999.000000 999.000000 999.000000 999.000000 999.000000 999.000000 999.000000 999.000000               54.0 
999.000000 999.000000 999.000000 999.000000 999.000000 999.000000 999.000000 999.000000 999.000000 999.000000 999.000000 999.000000               72.0 
999.000000 999.000000 999.000000 999.000000 999.000000 999.000000 999.000000 999.000000 999.000000 999.000000 999.000000 999.000000               90.0 
999.000000 999.000000 999.000000 999.000000 999.000000 999.000000 999.000000 999.000000 999.000000 999.000000 999.000000 999.000000              108.0 
999.000000 999.000000 999.000000 999.000000 999.000000 999.000000 999.000000 999.000000 999.000000 999.000000 999.000000 999.000000              126.0 
999.000000 999.000000 999.000000 999.000000 999.000000 999.000000 999.000000 999.000000 999.000000 999.000000 999.000000 999.000000              144.0 
999.000000 999.000000 999.000000 999.000000 999.000000 999.000000 999.000000 999.000000 999.000000 999.000000 999.000000 999.000000              162.0 
999.000000 999.000000 999.000000 999.000000 999.000000 999.000000 999.000000 999.000000 999.000000 999.000000 999.000000 999.000000              180.0 
999.000000 999.000000 999.000000 999.000000 999.000000 999.000000 999.000000 999.000000 999.000000 999.000000 999.000000 999.000000              198.0 
999.000000 999.000000 999.000000 999.000000 999.000000 999.000000 999.000000 999.000000 999.000000 999.000000 999.000000 999.000000              217.0 
-10.100417 262.091919 19.751610 33.053432 174.598785 44.812584 -20.239439 204.091324 69.334770 63.553047 135.678925 63.599396                234 
-9.245981 265.085693 6.803170 32.019447 177.431091 34.710236 -23.010178 206.792511 55.270401 61.034138 138.437790 55.581203                253 
-8.962640 270.073853 -8.524867 31.591875 183.294983 23.100756 -26.109665 210.943359 37.978920 59.347061 144.925217 46.666367                271 
-9.818563 275.068817 -26.606350 30.275879 189.968079 9.952081 -29.033428 216.523056 20.332165 57.213570 152.832565 36.281567                289 
-10.452944 278.001251 -42.412888 29.902807 194.709351 -2.022966 -31.328726 219.134888 4.557193 56.333759 158.855118 26.504314                307 
-12.820059 278.669037 -60.294647 28.434687 198.917664 -13.846079 -34.526943 220.930054 -10.918850 54.797520 165.586319 17.649153                325 
-16.432064 278.018799 -77.322151 27.335407 203.419006 -24.767061 -37.795414 220.828262 -25.580002 54.164726 173.572357 9.690045                343 
-18.857908 272.790314 -92.366859 25.063976 203.699646 -32.647072 -41.155895 217.327026 -37.854973 51.298985 177.538025 5.105031                361 
-23.117100 267.142700 -106.984100 24.519266 204.577896 -42.802094 -42.822456 213.923355 -47.831245 52.492489 182.765274 -3.563907                379 
-26.181438 262.942627 -118.823830 23.143112 204.747421 -51.702374 -44.960949 209.363663 -58.023621 51.555092 185.808426 -11.304343                397 
-31.006512 255.637970 -125.174675 22.770510 203.115280 -56.736359 -45.671612 201.938675 -61.288067 53.512596 187.868423 -16.482357                415 
-38.512749 238.466125 -142.314590 20.144476 206.288071 -65.747429 -47.329754 193.818604 -69.935684 51.792759 202.619400 -23.523571                433 
-42.156822 232.299561 -153.173248 17.335583 207.230179 -74.615822 -48.897240 189.580292 -78.769615 48.781963 207.404205 -32.083221                451 
-46.467133 223.498962 -163.572372 13.476149 206.377518 -83.244263 -50.045990 182.549286 -87.239952 44.593044 210.815506 -40.700516                469 
-48.341839 211.411774 -170.437424 11.246325 203.548981 -88.388809 -48.177597 173.057053 -91.898216 41.576611 212.958221 -46.086712                488 
-49.840065 205.289337 -176.159134 9.105276 202.364120 -93.312958 -48.281719 169.465332 -96.160698 39.052448 214.240860 -51.360157                506 
-51.868694 210.982483 -178.755035 8.149123 203.333405 -96.981415 -48.873901 171.115784 -100.515190 39.127335 212.806351 -55.165859                524 
-72.612984 228.403641 -174.661423 -0.185700 206.628632 -109.212875 -42.808857 169.292114 -118.069221 32.604668 197.741180 -68.669907                542 
-79.907776 231.402893 -171.588837 -1.488127 208.686050 -111.855568 -39.388248 166.213043 -124.012154 31.496223 195.408386 -72.693550                560 
-70.215569 181.477615 -133.981827 -2.407644 208.450867 -115.689133 -36.056442 161.220001 -123.804398 30.478281 201.491608 -74.847832                578 
-62.806129 172.170303 -124.356827 -2.865142 210.076111 -119.595886 -33.035919 160.110458 -125.250404 30.266247 207.382278 -78.450027                596 
-57.289162 179.222763 -131.353088 1.213422 216.951309 -121.213135 -28.565474 167.562271 -131.965439 30.440771 211.999847 -77.404778                614 
-53.775974 185.020172 -137.619247 4.943571 220.885086 -123.204842 -26.924347 172.862076 -135.468323 30.004385 216.081085 -76.871216                632 
-52.717068 190.407166 -147.514969 5.503534 224.222519 -127.399979 -29.000450 179.498642 -145.105240 28.408468 215.172928 -80.587624                650 
-51.731579 195.686142 -155.861649 5.787968 227.276703 -131.170181 -30.971403 185.934052 -153.672226 27.159494 214.019958 -84.635849                668 
-51.174191 196.969055 -159.706665 5.860115 227.971313 -133.706833 -32.231026 188.042419 -157.657486 26.706331 213.451309 -87.311447                687 
-51.168587 196.487961 -161.400513 5.828586 227.638657 -135.927689 -33.359001 188.073517 -159.599197 26.863352 213.279419 -89.567383                704 
-51.819004 196.521210 -166.682922 5.556479 226.329041 -140.708313 -35.811970 188.462509 -165.075943 26.562149 210.580688 -94.787964                723 
-53.411747 194.168045 -173.176514 3.521445 224.094452 -146.311142 -38.654659 186.362976 -171.081467 24.203644 208.425629 -100.217094                741 
-53.123451 178.074036 -164.143204 2.271032 217.306931 -148.689560 -38.846085 172.191284 -160.780670 25.408098 215.640915 -101.151924                759 
-53.814606 179.591125 -168.989380 2.156011 216.535065 -150.314087 -40.637741 173.351059 -165.685471 24.943642 211.312683 -102.865402                777 
-57.224674 180.548645 -173.111374 2.615120 208.041611 -150.534332 -45.024242 172.221298 -170.412491 24.274096 194.915512 -104.095963                795 
-60.164131 182.484406 -178.862854 0.013849 205.742661 -152.593170 -48.232903 173.163681 -176.837662 20.853878 187.128174 -107.680794                813 
-60.367954 182.000107 -180.927765 -0.872283 204.721725 -152.619476 -48.412235 172.606903 -179.176514 20.046904 183.914322 -108.717690                831 
-59.464542 181.676849 -181.910889 -0.940063 204.927505 -151.983963 -48.090961 172.468445 -179.759720 19.389572 184.042374 -107.842773                849 
-55.829979 182.917068 -183.132645 1.875812 201.015427 -148.390060 -46.305676 172.980698 -180.181412 17.243633 177.922501 -103.351479                867 
-53.208069 186.305191 -184.192993 3.308313 199.129944 -145.351196 -45.435638 176.003174 -181.423416 15.519937 171.988525 -101.623100                885 
-52.626564 186.099380 -184.081009 3.681617 198.323608 -144.666107 -46.481289 176.124634 -181.017075 15.718625 170.667053 -101.213234                903 
-52.253235 186.566513 -184.407791 3.900277 198.125885 -144.471527 -48.682587 177.429718 -180.574265 15.769739 170.064026 -101.232941                921 
-51.771297 187.003632 -184.887650 4.237234 198.034836 -144.359772 -51.231991 179.054031 -179.823517 15.931786 169.687164 -101.260185                939 
-51.290192 188.500732 -185.713470 4.337726 198.055939 -144.028488 -53.361389 181.256363 -179.510864 15.365657 168.801620 -101.361214                958 
-49.624992 191.587753 -186.115906 5.159310 199.841339 -142.854004 -56.022900 186.195618 -177.919647 15.428010 169.439621 -100.803841                976 
-46.930622 197.193817 -186.653427 6.304142 205.873291 -141.426910 -59.431503 194.423447 -175.082077 16.717691 174.388138 -100.218040                994 
-47.694603 211.840561 -187.098648 5.803506 211.803116 -139.341965 -63.488754 206.149323 -171.291992 15.286950 177.671326 -100.060760               1012 
-50.000805 224.604446 -183.814438 4.428528 216.051178 -135.308472 -68.504616 215.693176 -163.305328 13.715001 179.933395 -97.795876               1030 
-55.987576 233.989487 -176.558426 0.726565 219.445206 -129.956482 -74.651794 221.245621 -152.627396 11.816174 182.326935 -93.940079               1048 
-62.694199 237.285980 -161.101517 -3.316461 221.839340 -116.753746 -80.168732 222.932358 -134.174316 10.750884 185.404861 -81.080704               1066 
-70.291016 235.782669 -143.003296 -4.867901 221.250549 -106.116631 -83.546028 219.970718 -111.669006 15.651522 186.714371 -71.705399               1084 
-75.017044 237.623047 -121.792580 -7.144161 220.426102 -87.823456 -85.960678 218.068970 -86.643021 16.922018 187.437866 -54.200211               1102 
-84.424019 231.474930 -103.678398 -12.467895 219.134689 -73.463989 -90.237144 210.629791 -64.199577 17.595596 191.403030 -39.921940               1120 
-95.318672 220.763626 -87.259415 -19.580212 217.523148 -62.287228 -94.671501 203.140884 -43.158691 16.649343 197.865829 -29.137012               1138 
-87.056107 192.800003 -56.648540 -24.575857 212.583099 -49.419136 -97.814049 194.249252 -26.313398 14.246394 197.878479 -16.639051               1156 
-69.975716 177.622742 -26.103142 -29.547918 206.900513 -37.639175 -100.935944 186.774918 -9.875025 11.405607 196.030975 -5.975489               1175 
-46.960583 178.958862 -11.652828 7.550883 198.865265 -4.736672 -63.254581 192.265747 15.491714 40.453808 169.850800 24.818115               1192 
-51.229168 182.297546 4.402130 12.775195 193.682327 12.924174 -51.600498 194.402435 39.303680 44.048496 157.666382 35.788105               1211 
-51.544796 182.056625 18.763332 15.755939 188.941238 26.465078 -45.303310 192.758438 54.951897 45.821835 150.399048 46.675705               1229 
-50.979996 177.858414 31.664177 16.896065 185.443649 38.093773 -42.331661 188.219543 67.014282 47.916653 146.899307 56.801636               1247 
-51.838730 174.136765 43.176029 16.226797 182.816086 47.273087 -41.140388 183.708298 76.393265 48.570148 144.490005 64.094086               1265 
-50.841698 166.134750 56.798893 17.437344 175.196747 57.307629 -37.650185 174.978516 86.824997 50.859505 136.977188 72.145142               1283 
-50.458652 159.195099 68.124001 17.329096 172.151245 67.455978 -36.965752 170.481369 95.508598 52.955925 136.957855 84.487785               1301 
-47.797497 158.141434 73.093689 20.855673 166.251480 74.091423 -33.530418 166.681686 99.743492 53.588058 127.644234 89.453659               1319 
-47.144859 158.745621 78.363098 21.915949 163.484497 79.923721 -32.239307 165.501068 103.932541 52.696087 122.929939 94.270790               1337 
-46.227386 157.097046 82.601479 22.985479 160.409012 84.352203 -31.017973 162.713654 106.811401 52.941589 118.977760 97.917236               1355 
-45.646484 155.744949 86.384430 23.681610 158.537186 87.408119 -29.928930 161.184402 110.294273 53.441566 116.682503 100.075287               1373 
-44.258099 153.803070 91.502686 25.146225 156.207199 90.847870 -27.803286 159.027130 114.876160 54.978512 114.037544 102.235664               1391 
-42.334900 148.089783 94.805580 27.044592 153.245148 93.630463 -25.744398 155.046875 117.844284 58.715973 112.719170 105.979370               1409 
-5.863538 166.022324 115.272568 6.264982 123.019859 77.861122 -32.781208 166.329132 118.664001 55.357208 113.143410 94.900383               1428 
-7.635070 168.145569 116.861816 5.737167 125.534554 79.426346 -34.549667 168.000732 119.855873 54.779892 116.464653 97.046654               1446 
-8.320303 168.348267 117.343987 5.464660 126.084656 79.665192 -35.220573 168.065781 120.164848 54.477734 117.166183 97.444580               1464 
-8.831655 168.613419 117.728699 5.275247 126.518494 79.980293 -35.655613 168.268143 120.359970 54.303516 117.844215 97.838425               1482 
-8.863546 168.764526 118.186493 5.170875 126.920280 80.133591 -35.575054 168.593796 120.603485 54.182358 118.028847 97.930893               1500 
-10.297032 171.371628 118.113350 3.549567 129.148499 80.411766 -36.947926 171.805893 119.929375 52.120144 119.439285 98.974022               1518 
-11.341533 173.954910 118.176109 2.002853 131.310562 80.768661 -37.962112 174.807983 119.689827 50.378181 121.020378 99.526779               1536 
-11.480483 175.011734 118.281998 1.387367 132.342804 80.735893 -38.147530 176.044891 119.625710 49.713642 121.570129 99.348999               1554 
-11.269992 175.002579 118.445297 1.304346 132.376175 80.751709 -38.017002 176.085541 119.599937 49.618347 121.314270 99.226524               1572 
-11.286708 174.936569 118.566383 1.077073 132.319229 80.792999 -38.094257 176.004761 119.591522 49.449505 121.177589 99.065895               1590 
-11.164062 175.030762 118.712578 0.972952 132.452301 80.821991 -38.092548 176.041473 119.612686 49.368416 121.144737 98.931259               1609 
-11.060970 174.972900 118.862816 0.945551 132.472046 80.843727 -38.134483 175.880096 119.513847 49.329647 121.001785 98.880898               1626 
-10.986139 174.934326 118.927727 0.958476 132.480301 80.836899 -38.242825 175.644440 119.360611 49.335495 120.925667 98.839172               1644 
-8.972498 173.511261 120.695442 1.654673 132.752365 80.425049 -36.346016 174.957153 120.979881 49.574795 118.660057 97.831825               1662 
-7.423547 171.584579 121.603310 2.230874 132.263397 79.933853 -35.154682 173.678040 121.716713 49.762997 116.511871 96.978310               1681 
-1.479851 165.635696 124.877747 5.683101 131.557358 78.828812 -29.900229 169.901489 124.802963 51.559277 110.309982 94.380432               1699 
2.510727 160.094513 126.460503 6.263061 130.510529 77.525551 -26.512980 167.023544 126.923340 50.080360 104.008057 90.776611               1717 
3.081716 159.559784 126.645218 6.962878 130.499405 77.755501 -27.145580 166.007339 127.000786 51.057594 104.507950 91.098206               1735 
2.904171 159.257568 126.248650 7.069310 129.844025 77.688416 -28.015070 165.286011 126.354729 51.166206 104.117157 91.527458               1753 
3.145769 159.005569 126.397804 7.093108 129.690994 77.798454 -28.210073 164.796112 126.638580 51.209942 103.901077 91.455429               1771 
2.860068 158.817398 126.370964 7.085207 129.360687 77.944214 -28.860111 164.297958 126.528481 51.293148 103.872490 91.870316               1789 
2.555642 158.745010 126.290543 7.059053 129.214645 77.995705 -29.527727 163.893616 126.389282 51.362007 104.014511 92.142387               1807 
1.642448 158.947571 125.825836 6.997810 128.875595 77.987503 -30.946472 163.324997 125.696930 51.544647 104.533386 92.852333               1825 
0.384200 159.573639 125.266891 6.752043 128.648331 78.132675 -32.702549 163.061859 124.955559 51.556793 105.395432 93.936615               1843 
-0.880009 157.902573 123.860985 7.164174 127.082779 76.948532 -34.204243 160.297150 123.165024 52.399906 105.240181 93.518272               1861 
-3.234356 158.107941 122.350227 6.703608 125.517052 77.056633 -36.633812 159.760208 120.892120 51.859287 105.255058 95.720596               1879 
-4.313517 157.448334 121.411125 5.973660 124.380142 76.570915 -37.788925 158.988129 120.039246 51.046532 104.374504 95.705643               1898 
-5.026163 157.613510 120.840363 5.270865 124.082397 76.371887 -38.592808 159.062088 119.795189 50.393295 104.324219 95.646431               1916 
-5.513551 157.649307 120.628891 4.726885 123.990852 76.242386 -39.130360 159.155304 119.878372 49.757309 104.051682 95.545685               1934 
-4.570413 157.237396 120.978096 3.588538 124.719856 75.346245 -38.188850 160.204773 120.975609 47.947609 102.186859 93.303520               1952 
-1.193547 153.523544 122.011017 4.724892 123.505157 74.465164 -34.851078 157.638458 123.221436 48.686020 98.535004 90.016296               1970 
-0.725996 155.161057 121.205994 3.746801 123.387215 74.823471 -34.525303 160.201843 122.924965 47.312767 97.990150 90.789780               1988 
-0.852636 154.300522 120.360054 2.489457 122.024460 74.349609 -34.817207 160.124191 122.583748 45.545689 95.785370 90.337051               2006 
-2.314271 154.690720 119.316322 1.334774 122.049294 73.665337 -36.489468 160.413071 121.569069 44.385017 96.107521 90.146484               2024 
-2.198939 152.823837 119.043404 0.746715 121.099236 72.734360 -36.403603 158.429749 122.147614 44.118454 94.951782 88.002960               2042 
-2.288825 151.527451 118.863617 0.104505 120.338394 72.294296 -36.553268 157.211380 122.592270 43.666607 94.107857 86.862404               2060 
-3.847192 151.080734 117.534927 -1.153785 118.807411 71.786201 -38.146660 157.000259 121.003113 42.245060 92.882065 87.353592               2078 
-4.746036 151.097427 116.642456 -2.088220 118.044617 71.482567 -39.036087 157.077347 120.247742 41.402573 92.499916 87.418259               2096 
-6.053648 150.949081 115.855606 -3.101159 117.664482 70.918190 -40.377285 156.735092 119.551750 40.596630 92.594887 87.041016               2114 
-6.543867 150.787491 115.583199 -3.540229 117.475197 70.711098 -40.907097 156.385544 119.558868 40.408535 92.768951 86.712181               2132 
-7.603933 151.139420 114.853844 -4.454974 117.549011 70.164597 -41.990902 156.443253 119.280884 39.649128 93.132217 86.182579               2151 
-8.361245 150.550644 114.118614 -4.568998 117.037018 69.424629 -43.053036 155.063522 119.071930 39.877033 93.302887 85.523338               2169 
-7.435400 150.523834 113.863167 -5.274035 116.221100 69.667061 -42.139561 154.731308 120.724380 39.905323 92.981010 84.386139               2187 
-8.410024 149.818146 112.786064 -6.712367 115.267006 68.788574 -43.438831 153.196152 121.134018 39.034622 92.686043 82.761414               2205 
-8.948925 149.314957 112.207359 -7.498508 114.708748 68.276672 -44.399406 151.925537 121.659698 38.547390 92.473969 81.816132               2223 
-9.019296 149.196335 111.949142 -7.744150 114.572052 68.066368 -44.737904 151.386810 122.047348 38.453686 92.509720 81.368279               2241 
