-45.487453 158.200638 81.907417 0.049950 210.743851 58.495068 -15.016378 159.690170 54.317554 49.093372 212.229813 65.772942                  0 
-45.484924 158.118820 81.856247 0.244102 210.807755 58.589306 -14.697771 159.720856 54.221924 49.302242 212.332687 65.759125                  9 
-45.825062 158.116867 81.792412 0.328098 210.843536 58.575130 -14.536855 159.720581 54.223423 49.394161 212.421417 65.678970                 18 
-46.321793 158.478241 81.656349 0.623434 211.158691 58.702789 -14.039140 159.950928 54.520535 49.625595 212.912720 66.195755                 27 
-46.784653 159.336655 81.835144 1.034094 211.672470 58.274666 -13.225518 160.259827 55.226109 49.960423 213.945831 66.115509                 36 
-47.427166 159.343918 81.750458 1.108964 211.794830 58.249146 -12.803212 160.265015 55.403133 50.032490 214.407928 66.001122                 45 
-48.272354 159.389084 81.581581 1.178201 211.834625 58.229702 -12.522614 160.229797 55.543026 50.100227 214.651733 65.919449                 54 
-48.145309 158.891098 81.542847 1.563879 211.996994 58.684292 -11.752379 160.322601 55.315834 50.567394 215.075821 65.727661                 63 
-48.443535 158.506927 81.545540 2.013124 211.898987 58.985359 -10.955029 160.128601 55.480293 51.048328 215.279297 65.660324                 72 
-49.109547 157.963486 81.218346 2.500744 211.553436 59.159519 -10.096899 159.658859 55.624313 51.539635 215.280655 65.619225                 81 
-49.721485 157.560242 81.191139 3.073695 211.149094 59.524399 -9.293096 159.172958 56.017826 52.110001 215.078888 65.882874                 90 
-49.697063 157.877563 81.477943 3.396096 211.713242 59.691853 -8.339786 159.534042 56.781082 52.353760 216.284042 66.225433                 99 
-49.988800 158.090088 81.846291 3.740772 211.952728 59.929661 -7.642295 159.655930 57.434143 52.678936 216.890350 66.341286                108 
-50.510456 158.431015 82.070511 3.923460 212.151260 59.797256 -7.073686 159.723679 58.099758 52.809605 217.530258 66.250496                117 
-51.570469 159.202881 82.728142 3.894690 212.804276 59.900558 -6.581339 160.228607 59.019802 52.767029 218.744415 65.953819                144 
-52.235546 159.287338 82.527130 3.894289 212.815109 59.880379 -6.409677 160.197281 59.094307 52.752048 218.919174 65.888084                153 
-53.700722 159.554718 82.073204 3.923778 212.853683 59.949886 -6.096369 160.168945 59.200386 52.770374 219.212311 65.781746                162 
-54.378887 160.371475 82.539871 4.087281 213.538589 59.981888 -5.346202 160.729233 60.132072 52.874893 220.524673 65.585129                172 
-54.511608 161.076157 83.155243 4.346723 214.080902 59.918457 -4.728640 161.208527 60.922981 53.104656 221.471664 65.254486                180 
-54.499027 161.445511 83.603699 4.694598 214.327240 59.976105 -4.181739 161.422806 61.472317 53.441544 221.934280 65.104561                190 
-54.502159 161.502594 83.875862 5.179464 214.227829 60.195007 -3.633794 161.309418 61.856899 53.933861 221.893768 65.162407                198 
-54.575508 161.551285 84.070129 5.602537 214.121399 60.393425 -3.158407 161.189972 62.182365 54.362949 221.833099 65.229187                207 
-54.648163 161.586624 84.186554 5.888286 214.049500 60.527439 -2.835351 161.107178 62.406597 54.652576 221.791916 65.274246                217 
-54.721046 161.463516 84.366791 6.234684 213.775604 60.760807 -2.426051 160.823242 62.831573 54.986797 221.588333 65.517448                225 
-54.915371 161.117340 84.287209 6.375424 213.584412 60.922657 -1.982498 160.575317 62.965401 55.091545 221.661804 65.605400                235 
-55.163593 160.624496 84.281837 6.545610 213.177094 61.101341 -1.477142 160.112000 63.201401 55.222149 221.554718 65.666740                244 
-55.445549 159.436386 84.098404 6.927483 212.052490 61.425854 -0.901626 158.929108 62.958942 55.620502 220.536743 65.601974                253 
-55.807053 158.677597 83.896309 7.216550 211.263962 61.649223 -0.465378 158.098145 62.739155 55.920349 219.834244 65.512268                262 
-55.850136 158.506912 83.608864 7.370662 211.351883 61.664207 0.062277 158.120010 62.515583 56.030693 220.239990 65.356873                271 
-56.310783 158.593109 83.221375 7.494758 211.422684 61.676273 0.487970 158.139297 62.335609 56.117077 220.568253 65.234589                280 
-57.010220 158.678726 83.022118 7.582543 211.216888 61.713070 0.727484 157.904724 62.264278 56.197685 220.487808 65.037354                289 
-57.559147 158.713989 82.868149 7.662062 211.030472 61.746403 0.854719 157.703064 62.282654 56.269104 220.416504 64.859436                298 
-57.128696 158.328079 82.900612 7.464845 211.507767 61.547817 0.048198 158.366501 63.865398 55.962986 221.564606 64.235390                307 
-57.290657 158.275604 82.924973 7.374109 211.550186 61.488800 -0.792579 158.579468 65.359695 55.831264 221.848343 63.995770                316 
-57.574841 158.341675 82.863152 7.324294 211.571823 61.463661 -1.252581 158.692230 66.203537 55.756660 222.010269 63.867325                325 
-57.836159 158.421432 82.871620 7.406079 211.485870 61.457005 -1.387167 158.653366 66.676147 55.831528 221.998840 63.667469                334 
-58.064480 158.473190 82.864471 7.461235 211.421448 61.465385 -1.290176 158.578018 66.693047 55.877384 222.008499 63.520546                343 
-58.351151 158.568359 82.815781 7.508486 211.366257 61.472569 -1.208645 158.513611 66.708153 55.916103 222.017105 63.394855                353 
-58.533466 158.605072 82.773979 7.588559 211.290405 61.462337 -1.094697 158.431961 66.632912 55.988682 222.003464 63.220531                361 
-58.728729 158.688309 82.683815 7.663427 211.287308 61.452698 -1.455359 158.564926 66.849434 56.049278 222.090302 63.045620                370 
-58.927101 158.781097 82.581398 7.725631 211.284744 61.444691 -1.815302 158.728821 66.926826 56.098915 222.163086 62.900631                379 
-59.114372 158.872421 82.498604 7.779287 211.282516 61.437786 -2.242405 158.931503 66.962112 56.141205 222.226349 62.775826                388 
-59.270473 158.946564 82.431427 7.826483 211.280579 61.431709 -2.653290 159.131424 66.978516 56.178009 222.282333 62.666241                397 
-59.496868 159.017746 82.402512 7.901918 211.210510 61.490810 -2.976256 159.253998 66.993141 56.243114 222.274857 62.559425                406 
-59.669369 159.061813 82.472939 8.016501 211.098511 61.591625 -3.228742 159.343719 66.976868 56.349197 222.217575 62.457554                415 
-59.702988 159.149857 82.577660 8.228725 210.978409 61.652576 -3.413100 159.450897 67.019722 56.560669 222.108276 62.415642                425 
-59.769783 159.228958 82.619972 8.295387 210.958221 61.681816 -3.661018 159.613922 66.951317 56.620419 222.122360 62.378849                433 
-59.818638 159.290787 82.633026 8.339429 210.950928 61.687263 -3.904099 159.754089 66.927689 56.658245 222.145706 62.321236                442 
-59.893749 159.366409 82.631035 8.377853 210.944580 61.692017 -4.143755 159.876404 66.933678 56.691177 222.166016 62.270947                451 
-59.881584 159.298584 82.699493 8.411341 210.875717 61.723694 -4.317229 159.915421 67.027100 56.706730 222.177124 62.239830                460 
-59.858990 159.230469 82.762383 8.441619 210.813461 61.752338 -4.492478 159.967041 67.105492 56.720634 222.187042 62.211555                470 
-59.866131 159.193085 82.802116 8.467989 210.759232 61.777287 -4.669481 160.032623 67.184929 56.732628 222.195572 62.186821                479 
-59.809769 159.121124 82.889580 8.426575 210.785980 61.780937 -4.806979 160.136169 67.245331 56.667381 222.324127 62.139854                488 
-59.803848 159.085266 82.945374 8.381131 210.815323 61.784943 -4.917972 160.230072 67.313248 56.595501 222.465027 62.088150                497 
-59.774349 159.040359 83.003387 8.344841 210.838760 61.788143 -4.999744 160.301346 67.367775 56.537880 222.577454 62.046734                506 
-59.418369 158.748596 82.972717 8.721924 210.731415 62.195511 -4.720877 160.166824 66.989723 56.919952 222.452438 62.210690                515 
-59.163055 158.706985 83.104424 8.882330 210.780640 62.228985 -4.570448 160.254669 67.163857 57.040577 222.663651 62.128815                524 
-58.574043 158.529648 83.261673 9.205323 210.857819 62.203678 -4.222681 160.362793 67.304924 57.304337 222.976151 61.951626                533 
-58.082378 158.378342 83.380692 9.461129 210.918945 62.183636 -4.002907 160.471329 67.450417 57.512085 223.223419 61.811405                542 
-57.764137 158.159698 83.349899 9.542975 211.091202 62.379051 -3.841863 160.593689 67.193253 57.530937 223.625687 61.689766                551 
-57.097515 157.876068 83.321175 10.024976 211.003708 62.330383 -3.555586 160.573425 66.817642 57.978642 223.639389 61.226665                560 
-56.610046 158.319809 83.655388 10.363002 211.482437 62.383900 -4.335031 161.604614 68.990257 58.247025 224.385605 61.353573                569 
-56.141872 158.375320 83.703850 10.655587 211.706299 62.456139 -4.955958 162.249863 70.466522 58.481213 224.830093 61.502903                578 
-55.616287 158.485580 83.757423 10.709541 212.304977 62.382946 -5.015414 162.976685 71.266808 58.404900 225.893097 61.408939                587 
-54.669907 158.934509 83.786034 11.165411 213.183746 62.159710 -6.315930 164.894730 74.749016 58.716629 227.268524 61.193596                596 
-54.173405 158.726715 83.611382 11.426413 213.275711 62.205212 -6.845133 165.494919 75.860756 58.899479 227.629807 61.368233                605 
-53.437759 158.864120 83.379974 10.918445 215.050278 62.682312 -6.288257 167.037369 76.626122 57.934818 230.858276 62.698402                614 
-53.050346 158.658768 83.198616 11.253531 214.958710 62.852440 -6.425957 167.254883 77.277786 58.235756 230.867065 63.018459                624 
-52.004681 159.033585 82.998489 11.968425 215.559082 62.387947 -5.494263 167.972839 77.304588 58.819199 231.850479 62.555542                632 
-51.850281 159.003189 82.807678 12.362638 215.299393 62.493076 -5.310186 167.846588 76.887093 59.279701 231.398972 62.653488                641 
-51.491772 160.003143 82.764175 12.324475 216.605240 62.211437 -4.979712 169.353592 77.106773 59.032707 233.296600 62.626511                650 
-50.572895 160.786530 82.666809 13.043656 217.309006 61.401440 -4.064215 170.344589 76.988785 59.640102 234.311996 61.721264                659 
-50.538815 161.585968 82.757263 13.620511 217.093857 60.518097 -3.847759 170.741135 77.444649 60.274746 233.938690 60.777031                669 
-50.419331 161.886398 81.847343 14.954043 216.266235 60.018337 -3.202731 169.943222 76.261406 61.953850 232.121399 59.764248                677 
-50.326145 162.159744 80.166374 16.350826 215.349854 58.728474 -2.475901 168.984009 74.030876 63.685692 230.142288 57.714973                687 
-51.948658 158.693039 74.366402 19.536978 208.209656 59.037788 -2.600511 161.609665 67.752495 67.884613 219.261978 58.151932                696 
-53.233192 159.741974 72.978859 20.254488 207.350815 58.809944 -2.776852 160.941025 66.053398 68.812988 217.408386 57.647884                705 
-54.052315 161.509308 72.561081 20.287540 208.208420 58.112125 -2.815645 161.962036 66.082779 68.855721 218.229645 57.044418                713 
-55.973930 165.288132 71.402267 19.246023 210.896423 56.749252 -4.028160 165.058060 66.364197 67.818314 220.948944 56.414085                723 
-57.628559 168.024750 69.622719 18.575722 212.323425 54.945011 -5.124640 166.908081 65.449341 67.211914 222.067810 54.974422                732 
-58.376347 172.822769 68.434364 17.875650 216.020508 50.474010 -5.668430 171.223801 63.622391 66.505623 225.721558 49.270634                741 
-60.150249 179.237030 66.163162 17.518173 219.176147 46.577473 -7.245776 176.221039 63.158222 66.338394 227.927841 45.923973                750 
-62.163380 184.026505 63.368126 18.675674 216.853348 43.161339 -9.360891 177.170517 62.447407 67.973129 222.344452 43.364292                759 
-63.738403 187.302399 59.095589 19.047489 216.680405 41.172470 -10.758205 178.195496 59.835583 68.477539 220.484528 42.794632                768 
-67.581657 190.818192 51.657745 17.437201 217.350311 39.842617 -14.222815 179.349335 55.936642 66.762604 219.877502 44.430714                777 
-70.917458 193.715698 43.690426 15.759846 217.784668 38.647854 -17.273653 179.605331 50.761627 64.815918 219.004593 45.889828                786 
-73.184166 195.407715 34.894382 14.550238 217.209579 36.054062 -19.250893 178.506622 42.954735 63.311874 216.961639 45.146603                795 
-74.919754 197.277679 26.071062 13.250353 217.434921 33.308380 -20.252739 178.229691 34.754932 61.610916 216.392975 44.290329                804 
-76.818779 209.856857 16.956018 12.434749 224.080505 27.637518 -23.322746 187.399261 31.713915 59.977753 221.632080 41.569523                813 
-77.588600 218.912018 6.590251 11.796728 227.271500 23.235596 -25.874065 192.657608 26.226339 58.201065 222.905014 40.206276                822 
-77.436821 221.390244 -4.154082 10.893715 225.443314 19.771097 -27.088840 191.273163 17.388990 55.996246 219.039383 39.397209                831 
-79.627930 231.078873 -13.908462 7.684208 230.852417 13.952907 -35.629032 201.545197 15.204982 51.328682 223.001678 36.178082                840 
-78.957375 236.279938 -22.706030 7.240783 233.787811 8.364897 -40.252270 208.657349 11.501370 49.767857 225.016083 32.342751                849 
-77.466400 240.611328 -31.237650 7.086672 235.104721 3.763104 -43.332722 213.301163 6.267728 48.178524 224.772354 29.553308                858 
-75.021927 242.776627 -39.607048 7.623426 235.085953 -0.463851 -44.395596 215.019028 0.162618 47.290691 223.637909 27.029482                867 
-72.678055 245.440033 -48.236717 7.584290 233.660446 -5.013859 -45.505680 215.257935 -7.371988 45.577980 220.148239 23.870962                876 
-69.603050 247.953308 -55.574009 8.607983 232.729736 -9.195392 -45.057018 215.298889 -13.798211 45.354763 217.897537 20.639374                885 
-68.137413 249.832596 -64.201279 7.803135 231.783371 -14.660564 -46.429054 215.377502 -21.384491 43.189278 215.916534 16.266729                894 
-65.932304 251.065659 -71.943405 8.026922 230.770218 -19.848215 -46.460258 214.733124 -28.456814 42.323132 214.227539 11.940814                903 
-64.020264 251.542740 -79.177971 8.071858 229.210587 -24.803957 -46.506283 213.406128 -35.141891 41.354904 212.220795 7.815344                912 
-62.290478 252.121170 -85.945160 8.096341 227.719666 -29.781809 -46.806873 212.536682 -41.292614 40.436256 210.251526 3.526257                921 
-60.809334 252.237015 -92.656357 8.032628 225.670883 -35.197361 -47.275448 211.318634 -47.649097 39.501560 207.552109 -1.406099                930 
-59.301907 251.236130 -98.531921 8.720263 223.709564 -40.135483 -46.818420 209.377899 -52.934776 39.809399 205.687073 -5.943552                940 
-57.942368 249.517075 -103.831001 9.534975 222.109589 -44.303871 -46.205120 207.346680 -57.072357 40.423717 204.843384 -9.544747                948 
-57.169212 247.793091 -109.943283 9.618203 220.352142 -49.259621 -46.500610 205.582077 -61.804916 40.204559 203.742828 -13.917889                958 
-56.692890 245.220001 -116.150047 9.666405 218.493942 -54.267738 -46.675533 203.028824 -66.476440 40.157467 203.030167 -18.328905                967 
-55.960541 242.726318 -120.803314 10.144743 216.439804 -58.136894 -46.413227 200.647736 -69.938942 40.586243 201.781494 -21.820480                976 
-56.583916 237.478867 -126.251839 9.996386 214.659271 -62.469032 -46.672661 197.845184 -72.678261 40.829681 202.494415 -25.567039                985 
-55.705704 235.113541 -131.064850 10.094440 212.715027 -66.002373 -46.525684 195.303009 -76.135208 40.717289 201.630905 -28.588253                994 
-54.966187 231.029633 -136.120453 10.201550 210.413254 -69.471268 -46.129490 191.387253 -79.275757 40.740463 201.356216 -31.447886               1003 
-55.176399 225.542892 -140.442276 10.048540 207.706650 -72.846306 -45.998718 187.145325 -82.108215 40.627068 200.518387 -34.457306               1012 
-54.357101 223.849350 -146.765488 8.829579 203.083893 -77.884392 -47.157307 183.180054 -89.022369 38.355930 194.756332 -38.906464               1021 
-54.145634 220.035995 -148.319717 9.222753 199.626877 -79.249252 -46.300190 178.275406 -90.287125 38.949528 192.138321 -40.253445               1030 
-54.084183 215.383850 -149.957077 9.295735 197.252014 -80.118645 -45.988880 174.925507 -90.622551 39.003098 191.229813 -40.854942               1039 
-55.364399 213.951721 -151.688980 9.160873 195.605072 -82.765251 -46.540436 173.569611 -91.772865 39.613838 189.919586 -44.026054               1048 
-56.321777 208.958878 -156.604980 8.283768 194.243607 -86.792236 -47.257671 171.352142 -94.689095 38.770763 190.703766 -47.824997               1057 
-59.045078 200.615082 -159.136230 7.178899 191.687347 -89.776443 -47.337521 165.904800 -95.741669 38.380558 191.261948 -51.218590               1066 
-59.624294 195.750580 -160.675385 7.125644 189.953964 -91.447357 -46.820805 162.786469 -96.469528 38.519005 191.196854 -53.063183               1075 
-60.350235 194.320038 -162.726257 6.574468 187.504898 -93.709961 -47.926113 161.368607 -98.418976 38.118233 188.297211 -55.437309               1084 
-60.691296 193.174759 -163.873489 6.320957 186.480667 -94.883034 -48.462952 160.851379 -99.204597 37.927452 187.401520 -56.665051               1093 
-61.331249 191.897766 -163.658783 6.352942 186.232651 -95.354530 -48.581856 160.886673 -99.538277 38.033836 187.039719 -57.195621               1102 
-62.839939 192.785248 -163.875214 5.908101 184.210251 -97.033516 -50.327221 161.963608 -100.531853 38.090443 183.199310 -59.301464               1111 
-63.811928 192.487366 -163.806747 5.571588 184.205658 -97.729332 -50.766430 162.603928 -101.014610 37.873852 182.925446 -60.108093               1120 
-64.360054 192.892288 -163.330276 5.516510 184.564865 -97.860359 -50.621746 162.849976 -101.205605 37.956394 182.974121 -60.369614               1129 
-64.590805 193.254089 -162.695847 5.699679 185.124573 -97.757774 -50.209858 163.194382 -101.210228 38.254353 183.319275 -60.376404               1138 
-64.192413 195.201324 -162.335251 6.029675 185.809570 -97.490623 -49.570446 164.085968 -101.344597 38.576447 183.389908 -60.137100               1147 
-65.084824 192.982803 -161.590088 6.119874 187.221497 -97.490440 -48.551575 163.527649 -100.611191 39.076870 186.435913 -60.427628               1157 
-65.692505 190.887802 -160.242416 6.392346 188.512207 -97.320564 -47.644566 163.570724 -99.848717 39.692787 188.781708 -60.558613               1165 
-65.676453 187.441376 -157.909149 7.187237 191.335892 -96.731056 -45.270546 163.331680 -98.983307 40.775768 193.414825 -60.290398               1175 
-62.307518 189.466293 -156.424652 9.806598 194.423782 -94.632988 -42.390984 166.256378 -97.634064 42.952904 196.716354 -57.802303               1183 
-59.186470 192.921860 -154.691299 12.423537 197.496841 -92.333618 -39.550137 169.374390 -96.221878 45.278748 199.483795 -55.225395               1193 
-56.893665 197.182602 -153.842514 14.368989 200.495392 -91.028351 -37.565418 172.657730 -95.824615 47.029293 201.738937 -53.716278               1201 
-54.952065 201.297684 -153.333939 16.027887 203.896423 -90.163498 -35.554012 175.697983 -95.936401 48.513302 204.596817 -52.684971               1211 
-53.822845 202.736725 -152.603622 17.177759 206.090912 -89.483788 -33.901192 177.129044 -95.482651 49.673096 207.070221 -52.020115               1220 
-51.024483 206.346222 -150.237671 20.445288 210.546661 -87.718323 -30.947803 182.244568 -92.746178 53.203011 212.127502 -50.504543               1229 
-48.206638 213.081268 -149.836182 22.871725 214.374619 -86.707130 -28.961306 187.349976 -92.774544 55.399021 214.522430 -49.258686               1238 
-43.257660 218.504288 -148.073257 26.768583 218.210785 -83.767654 -25.082233 191.726532 -91.269402 58.668068 217.473679 -45.789867               1247 
-38.207142 226.157974 -148.109665 30.246424 222.137848 -82.252884 -22.535414 198.202774 -91.263992 61.202202 219.619919 -43.576881               1256 
-33.781483 232.300797 -147.453949 33.459763 225.374878 -80.599251 -19.342737 202.360977 -91.452385 63.690784 221.201416 -41.495533               1265 
-23.044664 245.197784 -145.812256 42.619431 235.781616 -77.842232 -10.060265 214.015915 -91.271065 71.672211 229.657379 -38.107330               1292 
-19.438135 245.691483 -145.685562 45.585117 238.124649 -76.909195 -7.081860 216.354752 -90.333572 74.184944 232.953735 -36.712872               1301 
-15.309160 249.565414 -145.422073 48.614868 240.313080 -75.868248 -4.039873 219.493698 -90.741982 76.471512 233.999466 -35.314846               1310 
-9.942501 250.040741 -144.422623 52.585495 242.579178 -73.491592 0.201325 221.653656 -89.179291 79.562180 236.999939 -32.241585               1319 
-5.944001 250.921158 -143.714264 56.027657 244.624878 -72.257965 3.562817 223.998337 -88.125450 82.618309 239.511017 -30.698151               1328 
-0.408510 251.350739 -141.484558 60.360119 246.869125 -68.918831 8.597274 225.262024 -85.807281 86.254639 242.390182 -26.849297               1337 
4.262473 253.339752 -140.708206 63.916553 248.477585 -67.318138 12.462075 227.014664 -85.399506 89.160095 243.488419 -24.911720               1346 
8.769252 253.629120 -140.553894 67.266174 249.613052 -66.339134 16.076168 228.129410 -85.302071 91.817215 244.675385 -23.522100               1355 
12.517601 251.675934 -139.860031 70.698830 251.071442 -65.390602 19.771391 228.580826 -83.994667 95.070145 247.694138 -22.320133               1364 
17.122437 252.404175 -140.302063 73.994499 252.273056 -64.855148 23.353294 229.755646 -84.295753 97.624184 249.049728 -21.361689               1373 
21.370136 253.184357 -141.178055 76.960571 252.827332 -64.790939 26.508148 230.528915 -85.145325 99.866203 249.426056 -20.925278               1382 
24.995960 251.538849 -141.602646 79.826584 253.127869 -64.699455 29.633213 230.152771 -85.099800 102.352844 250.714432 -20.572639               1391 
37.534332 264.141571 -151.627762 84.249809 258.424988 -68.994995 36.969070 230.553986 -95.784119 101.597870 250.708374 -23.169989               1400 
43.051083 232.946747 -125.258659 87.084068 258.970398 -73.589912 38.411266 230.216644 -102.310707 102.157104 248.024063 -27.618031               1410 
50.849724 222.416351 -120.862450 90.698524 259.415771 -75.204170 43.087070 229.127151 -106.930992 103.443550 246.875153 -28.936144               1419 
57.303310 219.151947 -118.769554 93.943153 259.338776 -75.426178 45.610806 228.677368 -108.530693 105.815796 245.489639 -29.299452               1428 
64.561363 217.760345 -115.055206 97.323837 259.592560 -73.923347 48.031116 227.602829 -108.111816 108.830414 244.657288 -28.043407               1436 
71.236710 216.171478 -110.661201 100.527451 259.119385 -72.959099 51.705513 225.371429 -108.107895 111.610260 244.032761 -27.024384               1446 
76.278130 216.296295 -109.563370 103.810555 259.283936 -73.097183 54.533142 225.715179 -109.431015 113.571533 243.954529 -26.943466               1455 
80.688988 213.132446 -107.241676 106.439560 257.090485 -73.367973 57.749340 222.441223 -110.113419 115.614624 242.359863 -26.900143               1464 
84.063660 211.777069 -105.445137 108.661057 255.974228 -72.816383 60.603642 220.997101 -110.251099 117.475922 241.111618 -26.320856               1473 
88.457565 208.512070 -104.333176 109.691765 253.179459 -70.417969 64.495483 216.621017 -109.852509 118.360741 237.621765 -24.122828               1482 
91.583191 208.432175 -105.442467 111.578880 252.066223 -69.769051 67.842461 216.952011 -111.898659 118.711670 235.070923 -23.717813               1491 
93.740456 206.081818 -104.307571 113.487091 249.353409 -68.246895 70.739708 215.143890 -111.582771 119.436478 232.108978 -22.120247               1500 
94.601593 205.156784 -104.886208 114.943817 247.728317 -68.132477 72.308296 215.466187 -111.991241 120.564926 229.996155 -22.149809               1509 
96.391014 201.751282 -104.628944 116.324654 245.186432 -68.251747 75.534157 212.802689 -111.944237 121.369637 228.688736 -21.745758               1518 
97.962029 195.798965 -103.075577 117.199326 241.739304 -69.428978 77.560379 207.925827 -111.100594 122.740929 228.180374 -22.038277               1527 
99.824585 190.949799 -101.734863 117.570503 239.154877 -70.506813 79.610565 203.296738 -110.093849 124.441841 228.001511 -22.665197               1536 
100.956032 187.232513 -101.985329 118.927979 237.257172 -73.556244 81.730560 203.766617 -111.217850 126.076691 228.975632 -25.175003               1545 
101.527458 182.660980 -100.451492 119.986649 234.476196 -75.120911 83.339050 202.391342 -110.953514 127.038139 229.462708 -26.278570               1554 
102.296768 178.986862 -99.769661 119.509697 232.409653 -76.584129 83.450783 199.572144 -110.514168 128.154419 229.392746 -27.833748               1563 
103.948212 174.389389 -99.292511 118.918793 228.956879 -77.098465 84.487823 194.997452 -110.666885 127.474602 227.281418 -28.267900               1572 
103.873932 171.939896 -99.074501 118.500244 227.032120 -77.917389 84.535065 192.842010 -111.181404 126.637268 226.413742 -28.990511               1581 
103.521904 170.691391 -99.062691 118.308548 226.007004 -78.552406 84.146858 191.881699 -111.306686 126.820244 225.872620 -29.685589               1591 
103.294182 169.627838 -99.199425 118.365700 225.068726 -79.135483 83.915833 191.091553 -111.472748 127.254219 225.228470 -30.335880               1600 
102.832695 166.132050 -99.224510 117.687706 222.257523 -80.801430 83.362984 187.404053 -112.105499 126.678352 223.900040 -32.047935               1609 
102.304573 164.025864 -99.326149 117.085899 220.659897 -82.009697 82.688240 185.239578 -112.403778 126.455139 223.294876 -33.371166               1617 
102.390854 162.109360 -101.564117 116.637024 218.995789 -84.108429 82.373566 183.374023 -114.254356 126.558556 221.597275 -35.577736               1626 
101.183540 159.347061 -102.222298 115.938499 216.263229 -84.733467 81.764870 181.065598 -115.338882 124.966820 219.052795 -36.039112               1635 
100.514122 157.536896 -102.962303 115.327774 214.787048 -85.809395 81.073105 179.405350 -115.991898 124.572510 218.005920 -37.182175               1644 
100.574509 156.696976 -104.648827 114.396301 214.254196 -86.958054 80.357933 178.474014 -116.805939 124.671227 217.155182 -38.517960               1654 
100.147636 155.964478 -104.964066 114.104233 213.680649 -87.243393 79.931602 177.972610 -116.933258 124.583153 216.633041 -38.850124               1663 
99.481590 153.010345 -105.892220 114.684624 211.744186 -92.334541 79.179276 174.692108 -118.520218 126.768364 217.742188 -44.601536               1672 
98.837891 150.469254 -106.054382 113.433289 209.851303 -94.161743 78.279823 171.733871 -119.181328 125.589775 217.359573 -46.661438               1681 
97.981316 147.933777 -106.134087 112.555931 207.653046 -95.283707 77.588486 169.111969 -119.827850 124.306473 216.151611 -47.848152               1690 
98.094521 146.092590 -105.275597 111.897865 206.327469 -95.574722 77.459343 166.921310 -119.406372 123.473587 215.925217 -48.306141               1699 
97.374542 144.175034 -104.756340 110.922455 204.767853 -96.033386 76.636566 164.882446 -119.205162 122.499458 215.193054 -48.940704               1708 
97.159714 142.630402 -105.224930 110.120331 203.541199 -96.811386 76.250313 163.239151 -119.804924 121.534309 214.365829 -49.769051               1717 
95.783524 140.651917 -105.492249 109.339638 201.675659 -97.346642 75.399979 161.582031 -120.536697 120.075676 212.847672 -50.225983               1726 
95.264420 138.686478 -106.640953 108.956581 200.489807 -101.621254 74.592461 159.248856 -121.936798 120.758972 214.092728 -55.403328               1735 
93.893829 135.343704 -106.178230 107.294113 197.834518 -104.050110 72.516479 156.482819 -123.191460 117.989517 214.106094 -58.429092               1744 
93.008629 133.587372 -105.495079 106.776665 196.340240 -107.202942 70.786560 155.248352 -124.290855 117.371307 215.495911 -62.691750               1753 
92.596741 131.771545 -104.951416 106.234268 194.611816 -108.622101 69.603722 153.709885 -124.679573 116.911591 215.159531 -64.756172               1762 
91.997139 130.665634 -104.629166 105.747070 193.624863 -109.404747 68.481621 152.995087 -124.646477 116.865356 214.893372 -65.994301               1771 
91.705399 127.940018 -104.840111 105.153030 191.065018 -110.997398 66.283691 152.303772 -126.723785 115.454086 213.553665 -68.002251               1780 
91.452827 126.730026 -104.603264 104.773125 189.893707 -111.701775 66.164642 150.911469 -127.194244 114.652298 213.126144 -69.004128               1789 
90.123550 124.219925 -98.227768 104.000732 186.241287 -112.180656 64.842941 146.289459 -123.052879 114.595467 213.778687 -72.307404               1798 
90.630333 122.676399 -98.771217 103.163696 184.891663 -113.707489 65.812340 143.295609 -123.469727 113.348457 213.219696 -74.283813               1807 
91.328575 121.588860 -99.370598 102.371918 184.181534 -114.485657 66.862228 140.843521 -123.315773 112.366783 212.667450 -75.127197               1816 
90.664253 121.088829 -99.814720 101.935043 183.858215 -114.579910 67.256592 139.812866 -123.234238 111.950752 211.994522 -74.976044               1825 
92.161034 120.058472 -100.748795 101.366539 183.410843 -114.982498 68.431839 137.687408 -123.239761 111.046516 211.343979 -75.151978               1834 
92.566673 118.970970 -101.215897 100.981926 182.687973 -114.764381 68.821266 135.857071 -123.573463 109.376060 210.404800 -74.493439               1843 
93.070229 117.929260 -100.620125 100.593193 181.890869 -114.109558 68.492378 133.401779 -121.988831 108.533394 209.673401 -73.791862               1853 
93.448845 116.920593 -100.324165 100.359550 181.145218 -113.803444 66.340096 130.097717 -118.662613 108.220169 208.983093 -73.508324               1861 
93.594421 116.557144 -99.926704 100.448509 180.970612 -113.733162 65.043365 127.702988 -116.011177 107.923141 209.098145 -73.565948               1870 
93.639275 116.343430 -99.739876 100.258224 180.925354 -113.762779 64.157242 126.070076 -114.229713 107.433121 209.250687 -73.680000               1880 
93.120247 116.128799 -99.627815 99.461220 180.912048 -113.992813 63.425377 125.076729 -113.259659 106.379089 209.555405 -74.091255               1888 
92.809868 115.498383 -99.829086 99.394272 180.743668 -114.018959 63.209980 124.364128 -112.553131 106.288315 209.458984 -74.165039               1898 
92.473907 114.902847 -100.091652 99.338295 180.616150 -114.011093 62.969597 123.942413 -112.064133 106.303345 209.345474 -74.179611               1907 
91.959259 114.280830 -100.527618 99.429031 180.299103 -113.974319 62.657391 123.700226 -112.303986 106.339348 208.822891 -73.985893               1916 
91.494781 113.921539 -100.586586 99.450813 180.086655 -113.957581 62.383606 123.613716 -112.422226 106.201370 208.635101 -73.959465               1925 
91.148407 113.662086 -100.593758 99.475082 179.889893 -113.963531 62.161655 123.482483 -112.483391 106.096199 208.468048 -73.965004               1934 
90.791527 113.182442 -100.248085 98.927139 179.531479 -113.719208 62.099781 122.685333 -111.894875 105.362610 208.243439 -73.786247               1943 
90.194855 112.619545 -100.268578 98.390480 179.088074 -113.550949 61.564781 122.167282 -111.792000 104.811127 207.712753 -73.552994               1952 
89.498817 112.104767 -100.122818 97.495529 178.701492 -113.429550 60.948959 121.480438 -111.090889 104.225426 207.347519 -73.497780               1961 
88.598747 111.721771 -99.718613 96.880234 178.332001 -113.090919 60.339081 120.905991 -110.099854 104.007103 206.964874 -73.218636               1970 
88.457893 110.884033 -99.540520 96.467842 177.553650 -113.136642 60.324501 119.632965 -109.267227 103.887329 206.312119 -73.408386               1979 
87.768448 110.849731 -99.472664 96.285416 177.518707 -113.048363 59.984192 119.502419 -108.955704 103.782410 206.241928 -73.309158               1988 
87.581024 110.714996 -99.854797 95.957108 177.542114 -113.016983 59.774509 119.360909 -108.929733 103.767014 205.995087 -73.143845               1997 
87.348778 110.714699 -100.170990 95.507805 177.673462 -112.944756 59.466396 119.375336 -108.862160 103.695961 205.856262 -72.955811               2006 
87.222473 110.500786 -100.555298 95.218216 177.573639 -112.997932 59.428757 118.772758 -108.519394 103.641251 205.528198 -72.897713               2015 
86.931282 110.266586 -100.459091 94.940178 177.427078 -112.588058 59.093872 118.228333 -107.823509 103.623535 205.071625 -72.328758               2024 
87.083023 110.182304 -100.023567 94.798454 177.349243 -112.350525 58.929893 117.933830 -107.289970 103.596657 204.978592 -72.105721               2033 
87.233017 110.169708 -99.612160 94.705757 177.298340 -112.195160 58.829403 117.709839 -106.908409 103.579117 204.918121 -71.960304               2042 
87.557098 110.068649 -99.316010 94.649918 177.196747 -112.062401 58.617527 117.307640 -106.415283 103.577621 204.788223 -71.820145               2051 
87.789169 110.035393 -99.201134 94.649040 177.164566 -112.017754 58.678383 117.087387 -106.409225 103.460991 204.702347 -71.713249               2061 
87.984306 109.992264 -99.110481 94.662903 177.127777 -111.991249 58.758953 116.922577 -106.404114 103.398270 204.636475 -71.650230               2069 
87.785217 109.749802 -98.228989 94.383057 176.757294 -111.880348 58.416977 116.570374 -105.494705 103.312050 204.643265 -71.841888               2078 
87.601952 109.554588 -97.603134 94.148872 176.473495 -111.802025 58.075081 116.313324 -104.789955 103.233955 204.649963 -72.002769               2087 
87.468910 109.405060 -97.165649 93.980820 176.269836 -111.745819 57.845680 116.141083 -104.310928 103.177017 204.653900 -72.119972               2097 
87.391983 109.382156 -97.103683 93.978043 176.272583 -111.736801 57.776356 116.171776 -104.253075 103.190880 204.677826 -72.129997               2105 
87.309402 109.120300 -97.056145 94.133492 176.044983 -111.798340 57.980232 115.532806 -103.838776 103.035606 204.549698 -72.191948               2114 
87.050797 108.948387 -96.839363 94.245491 175.860718 -111.754120 57.956158 115.118660 -103.225922 103.095459 204.450836 -72.197632               2124 
86.624687 108.917244 -96.660072 94.104935 175.792297 -111.775230 57.659222 114.969124 -102.652084 103.164711 204.448318 -72.314041               2132 
86.452972 108.903206 -96.667160 94.119934 175.770309 -111.800423 57.590569 114.834793 -102.464447 103.175720 204.414246 -72.329536               2142 
86.158875 108.747955 -96.937645 94.258278 175.630188 -111.940521 57.427334 114.709206 -102.725433 103.183105 204.184265 -72.374825               2151 
85.889633 108.739372 -96.958244 94.208138 175.606094 -111.982605 57.774815 114.460114 -102.536652 103.155586 204.138077 -72.406067               2160 
85.677864 108.740410 -96.930595 94.165558 175.585632 -112.018349 58.145908 114.223434 -102.366913 103.132141 204.098770 -72.432564               2169 
84.985123 108.251518 -96.786690 94.087128 174.975647 -112.111137 57.577934 113.819893 -102.370697 103.019188 203.540466 -72.554817               2178 
84.656525 106.884056 -95.070610 93.635406 173.264923 -111.949356 57.231510 112.240738 -100.610970 102.671341 202.721161 -73.076286               2187 
83.601227 106.694847 -94.388618 94.234947 172.513474 -112.524078 56.567741 112.257301 -101.046799 102.275795 202.766434 -74.046341               2196 
83.000366 106.828690 -94.058846 94.495567 172.388885 -112.654335 56.351273 112.509193 -101.345978 102.072067 202.946365 -74.323280               2205 
83.053825 106.868370 -94.290459 94.730240 172.440598 -112.780685 56.552856 112.654236 -101.989738 102.038536 202.976517 -74.380432               2214 
83.282516 106.801079 -94.113403 94.796310 172.417664 -112.753387 56.811695 112.568077 -101.862518 102.035210 203.064392 -74.428345               2223 
81.943802 106.494629 -92.316849 94.341187 171.357819 -113.147644 55.592579 112.475098 -100.190575 102.216438 203.135376 -75.883713               2232 
80.419144 106.583549 -89.845970 94.284790 170.240906 -113.617737 54.472412 112.788818 -98.386597 102.410835 203.623108 -77.840248               2241 
80.620049 107.188133 -90.438339 94.593719 171.214081 -113.653191 54.967358 113.552132 -99.689552 101.828827 204.532074 -77.625465               2250 
79.860901 107.323418 -90.511597 94.734474 171.446518 -113.720840 55.976997 113.938126 -100.775208 101.180756 205.053452 -77.811897               2259 
80.440468 108.110603 -91.427261 94.915207 172.876572 -114.200951 57.060356 114.895805 -102.156189 100.176620 206.689117 -78.291870               2268 
80.920982 108.611534 -92.417679 95.209732 174.142120 -114.599144 57.997356 115.782784 -103.310127 99.275055 208.195053 -78.761955               2277 
81.056877 108.640305 -93.257881 95.299179 174.924850 -114.751755 58.514973 116.331291 -103.834717 98.758827 209.079712 -78.947998               2286 
81.189720 108.594086 -93.654808 95.187439 175.536987 -114.958282 58.761074 116.794472 -103.907898 98.122833 210.067261 -79.469177               2295 
81.129280 108.444191 -93.753471 95.192924 175.743759 -115.108116 58.872498 117.020325 -103.864708 97.784454 210.620972 -79.932884               2304 
78.221283 107.782768 -88.225365 97.208969 171.822144 -116.009956 57.578053 116.285759 -101.216232 98.242470 210.812317 -85.364716               2313 
77.215683 107.923210 -83.474442 98.803093 168.381927 -117.443924 57.701004 115.221985 -98.859322 98.131088 210.908051 -91.919243               2323 
74.051071 106.678329 -78.163536 98.123665 162.832626 -118.038101 55.537258 112.620674 -95.325455 96.648048 208.222565 -98.087959               2332 
73.869934 107.745819 -74.686066 97.426857 160.339218 -120.423225 55.072479 113.115707 -91.782898 96.708641 207.580490 -105.317619               2340 
75.354393 109.262810 -71.427956 97.637825 158.571213 -122.456619 55.892044 115.315742 -87.457291 99.179146 206.921707 -111.489082               2349 
76.236412 108.934738 -70.318863 97.548592 157.932053 -122.995087 56.067013 116.076859 -85.913696 99.995461 206.526047 -113.347816               2359 
77.295021 109.057640 -69.207954 97.512627 157.435425 -123.844337 56.377979 117.117661 -84.495819 100.322411 206.345444 -116.075920               2368 
77.982887 108.946495 -68.537102 97.489105 157.110580 -124.399841 56.363602 117.872025 -83.594627 100.478897 206.191483 -117.876106               2377 
78.105476 108.287598 -68.267265 97.578613 156.906570 -124.564629 56.067005 118.345512 -83.122482 100.679596 206.065521 -118.715355               2386 
78.150612 107.649551 -68.105263 97.688087 156.725159 -124.703323 55.569225 118.792259 -82.804787 100.921509 205.935074 -119.377670               2395 
78.182251 107.431847 -67.825867 97.897820 156.617584 -124.725471 54.924137 119.309509 -82.547592 101.257034 205.864380 -119.836555               2404 
78.239288 109.014847 -65.694450 98.280800 156.211945 -124.539108 53.795799 121.280045 -80.779144 101.782486 205.615433 -121.806435               2413 
78.438202 110.615822 -63.466949 98.783928 155.746521 -124.373466 52.148441 123.763641 -78.782135 102.393776 205.216797 -124.066940               2440 
77.577568 110.573235 -63.799000 98.804680 155.932358 -124.345078 51.442982 124.049446 -79.194168 102.442871 205.399750 -123.928993               2449 
75.705887 112.556221 -64.704849 100.195732 156.952362 -124.823929 50.148567 127.020668 -80.751358 105.219978 206.299637 -124.636536               2458 
74.816803 112.203506 -67.152649 101.610199 159.496704 -124.107788 49.335815 128.548920 -82.657883 107.547859 208.649216 -121.073387               2467 
73.799149 112.546188 -68.668625 101.468025 161.018997 -124.343758 47.964691 130.269577 -83.355385 108.079376 209.996704 -120.112007               2476 
73.617226 112.790512 -69.058945 101.511887 161.530518 -124.429649 47.404228 131.198074 -83.148743 108.377464 210.445297 -119.886383               2485 
73.231499 112.650513 -69.280396 101.488174 161.644272 -124.271194 46.733780 131.565125 -82.995171 108.421951 210.522659 -119.448471               2494 
72.399963 112.440521 -69.659737 101.413933 161.679749 -124.055794 45.936409 131.824341 -83.163010 108.506111 210.496887 -118.857628               2503 
71.301117 112.168030 -70.237274 101.317780 161.752518 -123.811920 45.207615 132.014832 -83.496658 108.554916 210.493622 -118.123169               2512 
69.212357 111.649788 -71.237816 101.319267 161.738220 -123.130432 44.028557 132.207703 -84.270927 108.873817 210.310089 -116.487000               2521 
67.745827 111.297127 -72.007095 101.320335 161.727921 -122.640091 43.311970 132.362045 -84.720909 109.070404 210.168625 -115.300659               2530 
67.016571 111.239204 -72.364136 101.258858 161.726395 -122.524673 43.981682 132.653336 -84.235008 109.124382 210.113708 -114.959335               2539 
65.958313 112.103683 -72.478455 101.449486 161.341660 -123.047264 43.685688 134.212830 -84.161034 110.441628 209.596954 -115.905754               2549 
64.592010 113.216721 -72.356186 101.768295 160.784195 -123.338051 43.192680 136.156174 -84.030525 112.365662 208.775818 -116.634857               2557 
63.620605 113.917931 -72.248108 102.040382 160.307266 -123.420898 42.902229 137.532883 -83.862007 113.749870 208.075516 -116.977615               2566 
63.664841 114.872391 -71.895813 101.736946 160.456390 -124.059212 43.536381 138.670120 -83.002228 113.768875 208.234879 -118.324921               2575 
63.670616 115.477478 -71.684265 101.605507 160.526443 -124.436859 44.106106 139.465271 -82.336174 113.869789 208.297913 -119.154243               2584 
63.646309 115.796097 -71.577560 101.521019 160.571457 -124.679611 44.649818 139.992584 -81.807419 113.931854 208.336441 -119.688583               2593 
63.274689 112.993088 -72.785835 101.109222 160.350113 -123.941933 44.547100 137.478119 -82.195313 112.377098 208.225327 -117.505165               2603 
62.537552 111.895790 -73.675911 100.888428 160.297867 -123.608330 44.986130 136.446457 -82.413025 111.610001 208.200195 -116.477562               2611 
62.642872 112.401855 -73.516777 101.022530 160.290024 -123.987625 45.467407 137.134125 -82.088409 112.086044 208.171494 -117.250015               2621 
62.719917 113.200951 -73.248009 101.135468 160.380325 -124.392006 45.792427 138.197571 -81.695961 112.859604 208.157288 -118.040695               2630 
62.770329 112.813301 -73.298637 101.124664 160.396881 -124.288422 45.741169 138.204712 -81.553627 112.794563 208.169846 -117.808472               2639 
62.895988 112.456848 -73.312126 101.111229 160.417465 -124.159668 45.731766 138.140533 -81.378029 112.714561 208.184662 -117.519653               2648 
63.065044 112.475281 -73.265488 101.215385 160.519684 -124.113579 45.758724 138.390930 -81.244171 112.881927 208.263611 -117.417137               2657 
62.961407 112.753258 -73.196083 101.339012 160.532928 -124.143761 45.715111 138.941071 -81.135132 113.369781 208.191696 -117.485313               2666 
60.694187 109.310715 -75.035301 100.962303 159.281952 -122.806076 43.975685 136.530212 -82.175415 113.093048 206.560272 -113.972145               2675 
59.326778 107.282631 -76.242569 100.706810 158.433487 -121.898804 42.819332 134.936859 -82.940056 112.843826 205.411438 -111.593590               2684 
58.618767 107.305038 -76.507843 100.614388 158.236649 -121.875221 42.299152 135.181427 -83.241196 113.049347 205.106842 -111.435410               2693 
58.246189 107.302338 -76.649475 100.567352 158.136459 -121.863220 42.012718 135.333099 -83.396950 113.153099 204.950790 -111.353661               2702 
61.328144 108.880806 -73.967651 101.037216 158.753311 -122.535866 44.493519 136.628159 -80.768661 113.625610 205.960770 -113.967278               2711 
62.625748 110.013451 -72.533669 101.187935 159.373993 -122.554459 45.222679 137.774734 -79.511864 113.646523 206.777466 -114.930290               2720 
64.043358 110.955505 -71.079109 101.376793 159.766510 -122.570038 45.923134 138.748276 -78.264832 113.656723 207.364014 -115.928207               2729 
64.511093 111.460747 -70.317719 101.450531 159.975800 -122.491196 46.337223 139.265320 -77.618927 113.629944 207.673981 -116.410233               2738 
64.689293 111.568085 -69.981323 101.480064 160.113052 -122.456596 46.558258 139.536026 -77.285507 113.538689 207.882782 -116.705475               2747 
65.068558 111.730797 -69.653061 101.318077 160.560150 -122.498383 47.001736 139.657654 -76.950165 112.934456 208.483810 -117.130356               2756 
66.421562 112.279907 -69.257629 100.950523 161.909195 -122.825134 48.922657 139.704727 -76.132637 111.537651 210.126358 -117.982445               2766 
66.887344 112.245186 -69.141617 100.734482 162.507126 -122.754402 49.542580 139.533401 -75.750679 110.723549 210.858047 -117.975220               2774 
67.285858 112.090225 -69.181519 100.607048 162.932846 -122.808434 49.996281 139.449326 -75.492699 110.179482 211.372391 -118.074394               2783 
67.191055 111.612289 -69.872925 100.561409 163.381943 -122.746826 49.964443 139.082199 -75.845230 109.781990 211.837921 -117.509285               2792 
67.320412 111.396362 -70.083611 100.552277 163.664368 -122.676010 50.053223 138.913956 -75.883102 109.476379 212.158676 -117.282013               2801 
67.605881 111.022911 -70.045456 100.610023 163.942291 -122.222626 50.198559 138.558563 -75.642288 109.154747 212.472885 -116.547852               2810 
67.852631 110.805855 -69.914871 100.594673 164.115616 -121.924843 50.333340 138.330109 -75.389732 108.851646 212.683212 -116.141739               2819 
68.029709 110.668907 -70.002937 100.314880 164.357300 -121.935356 51.013958 137.858429 -75.193169 108.112511 212.995575 -116.108810               2828 
68.025513 110.490074 -70.178108 100.136787 164.515198 -121.914253 51.740452 137.424927 -74.994217 107.629181 213.189804 -115.991486               2837 
69.319138 111.138420 -69.076874 99.790115 164.706421 -122.328773 53.143559 137.873947 -73.714256 106.945450 213.538376 -117.361336               2847 
69.761429 112.543846 -66.977921 99.637421 164.327209 -122.370308 53.747818 139.297836 -72.118523 107.056778 213.264633 -119.127785               2855 
70.462212 116.087341 -63.063316 99.818848 163.340576 -122.687874 55.734184 143.221710 -68.892227 109.407928 212.007629 -122.702522               2865 
71.341270 118.676613 -60.447308 99.942070 162.670441 -122.903564 57.776649 145.885010 -66.757393 110.834068 211.004761 -125.268036               2874 
76.740005 135.333878 -46.770550 98.596016 161.756836 -120.806747 63.827156 161.181702 -57.652493 110.936348 207.389816 -135.832733               2883 
91.559990 155.495972 -37.515495 95.313103 156.926544 -119.024910 74.405769 176.146912 -52.763954 100.038971 195.454254 -149.907181               2892 
104.430649 164.617477 -33.868805 93.763290 151.728149 -113.745941 84.040321 182.229156 -49.063034 91.657410 184.247986 -151.141907               2901 
111.042267 168.531860 -33.715431 92.941010 148.936188 -110.844215 88.442711 184.630478 -47.994972 86.548477 178.215805 -150.369812               2910 
118.210709 177.683640 -31.318813 96.975922 149.154495 -104.843582 92.541626 190.644440 -45.127350 85.645615 173.707108 -146.427536               2919 
123.076012 182.351151 -28.325518 97.831367 148.091293 -98.087631 95.154366 194.846344 -41.305817 84.743294 169.199661 -141.024475               2928 
126.693542 184.989395 -26.795053 98.505180 147.560501 -93.801521 96.099167 197.637421 -38.548382 84.060097 166.580505 -137.275787               2937 
129.789383 185.752228 -25.615189 99.131920 146.867142 -90.702957 96.894791 199.168228 -36.176575 83.993492 164.799500 -134.402969               2946 
131.358414 186.145248 -25.967470 98.472130 146.280594 -89.362251 96.366905 200.502304 -35.399246 82.798950 163.385727 -133.205139               2955 
133.191147 188.191101 -25.293966 98.008896 146.030441 -85.920082 96.573944 203.079407 -33.914055 81.488419 161.339417 -130.114441               2964 
134.415131 189.243958 -24.720743 97.344833 146.164001 -83.454956 96.861572 205.021973 -32.706661 80.480698 160.554199 -127.827881               2973 
134.917938 190.213516 -24.437275 96.931679 146.445877 -81.977829 96.630287 206.536942 -32.113075 79.958542 160.154709 -126.524590               2982 
135.812119 190.032883 -25.260544 96.447998 146.311142 -81.451881 96.503265 207.327072 -31.821291 79.307808 159.887680 -125.975182               2991 
136.144211 190.009003 -26.448956 96.453659 146.230148 -81.405785 95.704948 207.568787 -31.271944 79.068687 159.955460 -125.788345               3000 
136.244095 190.280334 -28.143417 96.457214 146.179260 -81.376823 95.163910 207.756805 -30.916536 78.919182 159.998245 -125.670006               3010 
136.265778 190.560562 -29.667965 96.459984 146.139572 -81.354233 94.777145 207.919983 -30.656334 78.802971 160.031708 -125.577202               3018 
136.289246 190.855728 -31.044737 96.462502 146.103531 -81.333717 94.548393 208.020309 -30.449471 78.697746 160.062180 -125.492546               3027 
78.936508 178.014267 -34.833858 102.802986 157.381668 -90.031921 30.927464 193.994812 -69.932014 130.719589 191.687103 -112.487076               3036 
999.000000 999.000000 999.000000 999.000000 999.000000 999.000000 999.000000 999.000000 999.000000 999.000000 999.000000 999.000000             3046.0 
999.000000 999.000000 999.000000 999.000000 999.000000 999.000000 999.000000 999.000000 999.000000 999.000000 999.000000 999.000000             3055.0 
999.000000 999.000000 999.000000 999.000000 999.000000 999.000000 999.000000 999.000000 999.000000 999.000000 999.000000 999.000000             3063.0 
999.000000 999.000000 999.000000 999.000000 999.000000 999.000000 999.000000 999.000000 999.000000 999.000000 999.000000 999.000000             3073.0 
999.000000 999.000000 999.000000 999.000000 999.000000 999.000000 999.000000 999.000000 999.000000 999.000000 999.000000 999.000000             3082.0 
999.000000 999.000000 999.000000 999.000000 999.000000 999.000000 999.000000 999.000000 999.000000 999.000000 999.000000 999.000000             3091.0 
999.000000 999.000000 999.000000 999.000000 999.000000 999.000000 999.000000 999.000000 999.000000 999.000000 999.000000 999.000000             3100.0 
999.000000 999.000000 999.000000 999.000000 999.000000 999.000000 999.000000 999.000000 999.000000 999.000000 999.000000 999.000000             3109.0 
999.000000 999.000000 999.000000 999.000000 999.000000 999.000000 999.000000 999.000000 999.000000 999.000000 999.000000 999.000000             3118.0 
999.000000 999.000000 999.000000 999.000000 999.000000 999.000000 999.000000 999.000000 999.000000 999.000000 999.000000 999.000000             3127.0 
999.000000 999.000000 999.000000 999.000000 999.000000 999.000000 999.000000 999.000000 999.000000 999.000000 999.000000 999.000000             3136.0 
999.000000 999.000000 999.000000 999.000000 999.000000 999.000000 999.000000 999.000000 999.000000 999.000000 999.000000 999.000000             3145.0 
999.000000 999.000000 999.000000 999.000000 999.000000 999.000000 999.000000 999.000000 999.000000 999.000000 999.000000 999.000000             3154.0 
999.000000 999.000000 999.000000 999.000000 999.000000 999.000000 999.000000 999.000000 999.000000 999.000000 999.000000 999.000000             3163.0 
999.000000 999.000000 999.000000 999.000000 999.000000 999.000000 999.000000 999.000000 999.000000 999.000000 999.000000 999.000000             3172.0 
999.000000 999.000000 999.000000 999.000000 999.000000 999.000000 999.000000 999.000000 999.000000 999.000000 999.000000 999.000000             3181.0 
999.000000 999.000000 999.000000 999.000000 999.000000 999.000000 999.000000 999.000000 999.000000 999.000000 999.000000 999.000000             3190.0 
999.000000 999.000000 999.000000 999.000000 999.000000 999.000000 999.000000 999.000000 999.000000 999.000000 999.000000 999.000000             3199.0 
999.000000 999.000000 999.000000 999.000000 999.000000 999.000000 999.000000 999.000000 999.000000 999.000000 999.000000 999.000000             3208.0 
999.000000 999.000000 999.000000 999.000000 999.000000 999.000000 999.000000 999.000000 999.000000 999.000000 999.000000 999.000000             3217.0 
999.000000 999.000000 999.000000 999.000000 999.000000 999.000000 999.000000 999.000000 999.000000 999.000000 999.000000 999.000000             3226.0 
999.000000 999.000000 999.000000 999.000000 999.000000 999.000000 999.000000 999.000000 999.000000 999.000000 999.000000 999.000000             3235.0 
999.000000 999.000000 999.000000 999.000000 999.000000 999.000000 999.000000 999.000000 999.000000 999.000000 999.000000 999.000000             3244.0 
999.000000 999.000000 999.000000 999.000000 999.000000 999.000000 999.000000 999.000000 999.000000 999.000000 999.000000 999.000000             3253.0 
999.000000 999.000000 999.000000 999.000000 999.000000 999.000000 999.000000 999.000000 999.000000 999.000000 999.000000 999.000000             3262.0 
999.000000 999.000000 999.000000 999.000000 999.000000 999.000000 999.000000 999.000000 999.000000 999.000000 999.000000 999.000000             3271.0 
999.000000 999.000000 999.000000 999.000000 999.000000 999.000000 999.000000 999.000000 999.000000 999.000000 999.000000 999.000000             3280.0 
999.000000 999.000000 999.000000 999.000000 999.000000 999.000000 999.000000 999.000000 999.000000 999.000000 999.000000 999.000000             3289.0 
999.000000 999.000000 999.000000 999.000000 999.000000 999.000000 999.000000 999.000000 999.000000 999.000000 999.000000 999.000000             3299.0 
999.000000 999.000000 999.000000 999.000000 999.000000 999.000000 999.000000 999.000000 999.000000 999.000000 999.000000 999.000000             3308.0 
999.000000 999.000000 999.000000 999.000000 999.000000 999.000000 999.000000 999.000000 999.000000 999.000000 999.000000 999.000000             3316.0 
999.000000 999.000000 999.000000 999.000000 999.000000 999.000000 999.000000 999.000000 999.000000 999.000000 999.000000 999.000000             3326.0 
999.000000 999.000000 999.000000 999.000000 999.000000 999.000000 999.000000 999.000000 999.000000 999.000000 999.000000 999.000000             3335.0 
999.000000 999.000000 999.000000 999.000000 999.000000 999.000000 999.000000 999.000000 999.000000 999.000000 999.000000 999.000000             3344.0 
999.000000 999.000000 999.000000 999.000000 999.000000 999.000000 999.000000 999.000000 999.000000 999.000000 999.000000 999.000000             3353.0 
999.000000 999.000000 999.000000 999.000000 999.000000 999.000000 999.000000 999.000000 999.000000 999.000000 999.000000 999.000000             3362.0 
999.000000 999.000000 999.000000 999.000000 999.000000 999.000000 999.000000 999.000000 999.000000 999.000000 999.000000 999.000000             3371.0 
999.000000 999.000000 999.000000 999.000000 999.000000 999.000000 999.000000 999.000000 999.000000 999.000000 999.000000 999.000000             3380.0 
999.000000 999.000000 999.000000 999.000000 999.000000 999.000000 999.000000 999.000000 999.000000 999.000000 999.000000 999.000000             3389.0 
999.000000 999.000000 999.000000 999.000000 999.000000 999.000000 999.000000 999.000000 999.000000 999.000000 999.000000 999.000000             3398.0 
999.000000 999.000000 999.000000 999.000000 999.000000 999.000000 999.000000 999.000000 999.000000 999.000000 999.000000 999.000000             3407.0 
999.000000 999.000000 999.000000 999.000000 999.000000 999.000000 999.000000 999.000000 999.000000 999.000000 999.000000 999.000000             3416.0 
999.000000 999.000000 999.000000 999.000000 999.000000 999.000000 999.000000 999.000000 999.000000 999.000000 999.000000 999.000000             3425.0 
999.000000 999.000000 999.000000 999.000000 999.000000 999.000000 999.000000 999.000000 999.000000 999.000000 999.000000 999.000000             3434.0 
999.000000 999.000000 999.000000 999.000000 999.000000 999.000000 999.000000 999.000000 999.000000 999.000000 999.000000 999.000000             3443.0 
999.000000 999.000000 999.000000 999.000000 999.000000 999.000000 999.000000 999.000000 999.000000 999.000000 999.000000 999.000000             3452.0 
999.000000 999.000000 999.000000 999.000000 999.000000 999.000000 999.000000 999.000000 999.000000 999.000000 999.000000 999.000000             3461.0 
999.000000 999.000000 999.000000 999.000000 999.000000 999.000000 999.000000 999.000000 999.000000 999.000000 999.000000 999.000000             3470.0 
999.000000 999.000000 999.000000 999.000000 999.000000 999.000000 999.000000 999.000000 999.000000 999.000000 999.000000 999.000000             3479.0 
999.000000 999.000000 999.000000 999.000000 999.000000 999.000000 999.000000 999.000000 999.000000 999.000000 999.000000 999.000000             3488.0 
999.000000 999.000000 999.000000 999.000000 999.000000 999.000000 999.000000 999.000000 999.000000 999.000000 999.000000 999.000000             3497.0 
999.000000 999.000000 999.000000 999.000000 999.000000 999.000000 999.000000 999.000000 999.000000 999.000000 999.000000 999.000000             3506.0 
999.000000 999.000000 999.000000 999.000000 999.000000 999.000000 999.000000 999.000000 999.000000 999.000000 999.000000 999.000000             3515.0 
999.000000 999.000000 999.000000 999.000000 999.000000 999.000000 999.000000 999.000000 999.000000 999.000000 999.000000 999.000000             3524.0 
999.000000 999.000000 999.000000 999.000000 999.000000 999.000000 999.000000 999.000000 999.000000 999.000000 999.000000 999.000000             3534.0 
999.000000 999.000000 999.000000 999.000000 999.000000 999.000000 999.000000 999.000000 999.000000 999.000000 999.000000 999.000000             3543.0 
999.000000 999.000000 999.000000 999.000000 999.000000 999.000000 999.000000 999.000000 999.000000 999.000000 999.000000 999.000000             3552.0 
999.000000 999.000000 999.000000 999.000000 999.000000 999.000000 999.000000 999.000000 999.000000 999.000000 999.000000 999.000000             3561.0 
999.000000 999.000000 999.000000 999.000000 999.000000 999.000000 999.000000 999.000000 999.000000 999.000000 999.000000 999.000000             3588.0 
999.000000 999.000000 999.000000 999.000000 999.000000 999.000000 999.000000 999.000000 999.000000 999.000000 999.000000 999.000000             3597.0 
999.000000 999.000000 999.000000 999.000000 999.000000 999.000000 999.000000 999.000000 999.000000 999.000000 999.000000 999.000000             3606.0 
999.000000 999.000000 999.000000 999.000000 999.000000 999.000000 999.000000 999.000000 999.000000 999.000000 999.000000 999.000000             3615.0 
999.000000 999.000000 999.000000 999.000000 999.000000 999.000000 999.000000 999.000000 999.000000 999.000000 999.000000 999.000000             3624.0 
999.000000 999.000000 999.000000 999.000000 999.000000 999.000000 999.000000 999.000000 999.000000 999.000000 999.000000 999.000000             3633.0 
999.000000 999.000000 999.000000 999.000000 999.000000 999.000000 999.000000 999.000000 999.000000 999.000000 999.000000 999.000000             3642.0 
999.000000 999.000000 999.000000 999.000000 999.000000 999.000000 999.000000 999.000000 999.000000 999.000000 999.000000 999.000000             3651.0 
999.000000 999.000000 999.000000 999.000000 999.000000 999.000000 999.000000 999.000000 999.000000 999.000000 999.000000 999.000000             3660.0 
999.000000 999.000000 999.000000 999.000000 999.000000 999.000000 999.000000 999.000000 999.000000 999.000000 999.000000 999.000000             3669.0 
999.000000 999.000000 999.000000 999.000000 999.000000 999.000000 999.000000 999.000000 999.000000 999.000000 999.000000 999.000000             3678.0 
999.000000 999.000000 999.000000 999.000000 999.000000 999.000000 999.000000 999.000000 999.000000 999.000000 999.000000 999.000000             3687.0 
999.000000 999.000000 999.000000 999.000000 999.000000 999.000000 999.000000 999.000000 999.000000 999.000000 999.000000 999.000000             3696.0 
999.000000 999.000000 999.000000 999.000000 999.000000 999.000000 999.000000 999.000000 999.000000 999.000000 999.000000 999.000000             3705.0 
999.000000 999.000000 999.000000 999.000000 999.000000 999.000000 999.000000 999.000000 999.000000 999.000000 999.000000 999.000000             3714.0 
999.000000 999.000000 999.000000 999.000000 999.000000 999.000000 999.000000 999.000000 999.000000 999.000000 999.000000 999.000000             3723.0 
999.000000 999.000000 999.000000 999.000000 999.000000 999.000000 999.000000 999.000000 999.000000 999.000000 999.000000 999.000000             3732.0 
999.000000 999.000000 999.000000 999.000000 999.000000 999.000000 999.000000 999.000000 999.000000 999.000000 999.000000 999.000000             3741.0 
999.000000 999.000000 999.000000 999.000000 999.000000 999.000000 999.000000 999.000000 999.000000 999.000000 999.000000 999.000000             3750.0 
999.000000 999.000000 999.000000 999.000000 999.000000 999.000000 999.000000 999.000000 999.000000 999.000000 999.000000 999.000000             3759.0 
999.000000 999.000000 999.000000 999.000000 999.000000 999.000000 999.000000 999.000000 999.000000 999.000000 999.000000 999.000000             3769.0 
999.000000 999.000000 999.000000 999.000000 999.000000 999.000000 999.000000 999.000000 999.000000 999.000000 999.000000 999.000000             3778.0 
999.000000 999.000000 999.000000 999.000000 999.000000 999.000000 999.000000 999.000000 999.000000 999.000000 999.000000 999.000000             3786.0 
999.000000 999.000000 999.000000 999.000000 999.000000 999.000000 999.000000 999.000000 999.000000 999.000000 999.000000 999.000000             3796.0 
999.000000 999.000000 999.000000 999.000000 999.000000 999.000000 999.000000 999.000000 999.000000 999.000000 999.000000 999.000000             3805.0 
999.000000 999.000000 999.000000 999.000000 999.000000 999.000000 999.000000 999.000000 999.000000 999.000000 999.000000 999.000000             3814.0 
999.000000 999.000000 999.000000 999.000000 999.000000 999.000000 999.000000 999.000000 999.000000 999.000000 999.000000 999.000000             3823.0 
999.000000 999.000000 999.000000 999.000000 999.000000 999.000000 999.000000 999.000000 999.000000 999.000000 999.000000 999.000000             3832.0 
999.000000 999.000000 999.000000 999.000000 999.000000 999.000000 999.000000 999.000000 999.000000 999.000000 999.000000 999.000000             3841.0 
999.000000 999.000000 999.000000 999.000000 999.000000 999.000000 999.000000 999.000000 999.000000 999.000000 999.000000 999.000000             3850.0 
999.000000 999.000000 999.000000 999.000000 999.000000 999.000000 999.000000 999.000000 999.000000 999.000000 999.000000 999.000000             3859.0 
999.000000 999.000000 999.000000 999.000000 999.000000 999.000000 999.000000 999.000000 999.000000 999.000000 999.000000 999.000000             3868.0 
999.000000 999.000000 999.000000 999.000000 999.000000 999.000000 999.000000 999.000000 999.000000 999.000000 999.000000 999.000000             3877.0 
999.000000 999.000000 999.000000 999.000000 999.000000 999.000000 999.000000 999.000000 999.000000 999.000000 999.000000 999.000000             3886.0 
999.000000 999.000000 999.000000 999.000000 999.000000 999.000000 999.000000 999.000000 999.000000 999.000000 999.000000 999.000000             3895.0 
999.000000 999.000000 999.000000 999.000000 999.000000 999.000000 999.000000 999.000000 999.000000 999.000000 999.000000 999.000000             3904.0 
999.000000 999.000000 999.000000 999.000000 999.000000 999.000000 999.000000 999.000000 999.000000 999.000000 999.000000 999.000000             3913.0 
999.000000 999.000000 999.000000 999.000000 999.000000 999.000000 999.000000 999.000000 999.000000 999.000000 999.000000 999.000000             3922.0 
999.000000 999.000000 999.000000 999.000000 999.000000 999.000000 999.000000 999.000000 999.000000 999.000000 999.000000 999.000000             3931.0 
999.000000 999.000000 999.000000 999.000000 999.000000 999.000000 999.000000 999.000000 999.000000 999.000000 999.000000 999.000000             3940.0 
999.000000 999.000000 999.000000 999.000000 999.000000 999.000000 999.000000 999.000000 999.000000 999.000000 999.000000 999.000000             3949.0 
999.000000 999.000000 999.000000 999.000000 999.000000 999.000000 999.000000 999.000000 999.000000 999.000000 999.000000 999.000000             3958.0 
999.000000 999.000000 999.000000 999.000000 999.000000 999.000000 999.000000 999.000000 999.000000 999.000000 999.000000 999.000000             3967.0 
999.000000 999.000000 999.000000 999.000000 999.000000 999.000000 999.000000 999.000000 999.000000 999.000000 999.000000 999.000000             3976.0 
999.000000 999.000000 999.000000 999.000000 999.000000 999.000000 999.000000 999.000000 999.000000 999.000000 999.000000 999.000000             3985.0 
999.000000 999.000000 999.000000 999.000000 999.000000 999.000000 999.000000 999.000000 999.000000 999.000000 999.000000 999.000000             3994.0 
999.000000 999.000000 999.000000 999.000000 999.000000 999.000000 999.000000 999.000000 999.000000 999.000000 999.000000 999.000000             4003.0 
999.000000 999.000000 999.000000 999.000000 999.000000 999.000000 999.000000 999.000000 999.000000 999.000000 999.000000 999.000000             4013.0 
999.000000 999.000000 999.000000 999.000000 999.000000 999.000000 999.000000 999.000000 999.000000 999.000000 999.000000 999.000000             4021.0 
999.000000 999.000000 999.000000 999.000000 999.000000 999.000000 999.000000 999.000000 999.000000 999.000000 999.000000 999.000000             4031.0 
999.000000 999.000000 999.000000 999.000000 999.000000 999.000000 999.000000 999.000000 999.000000 999.000000 999.000000 999.000000             4040.0 
999.000000 999.000000 999.000000 999.000000 999.000000 999.000000 999.000000 999.000000 999.000000 999.000000 999.000000 999.000000             4049.0 
999.000000 999.000000 999.000000 999.000000 999.000000 999.000000 999.000000 999.000000 999.000000 999.000000 999.000000 999.000000             4058.0 
999.000000 999.000000 999.000000 999.000000 999.000000 999.000000 999.000000 999.000000 999.000000 999.000000 999.000000 999.000000             4067.0 
999.000000 999.000000 999.000000 999.000000 999.000000 999.000000 999.000000 999.000000 999.000000 999.000000 999.000000 999.000000             4076.0 
999.000000 999.000000 999.000000 999.000000 999.000000 999.000000 999.000000 999.000000 999.000000 999.000000 999.000000 999.000000             4085.0 
999.000000 999.000000 999.000000 999.000000 999.000000 999.000000 999.000000 999.000000 999.000000 999.000000 999.000000 999.000000             4094.0 
999.000000 999.000000 999.000000 999.000000 999.000000 999.000000 999.000000 999.000000 999.000000 999.000000 999.000000 999.000000             4103.0 
999.000000 999.000000 999.000000 999.000000 999.000000 999.000000 999.000000 999.000000 999.000000 999.000000 999.000000 999.000000             4112.0 
999.000000 999.000000 999.000000 999.000000 999.000000 999.000000 999.000000 999.000000 999.000000 999.000000 999.000000 999.000000             4121.0 
999.000000 999.000000 999.000000 999.000000 999.000000 999.000000 999.000000 999.000000 999.000000 999.000000 999.000000 999.000000             4130.0 
999.000000 999.000000 999.000000 999.000000 999.000000 999.000000 999.000000 999.000000 999.000000 999.000000 999.000000 999.000000             4139.0 
999.000000 999.000000 999.000000 999.000000 999.000000 999.000000 999.000000 999.000000 999.000000 999.000000 999.000000 999.000000             4148.0 
999.000000 999.000000 999.000000 999.000000 999.000000 999.000000 999.000000 999.000000 999.000000 999.000000 999.000000 999.000000             4157.0 
999.000000 999.000000 999.000000 999.000000 999.000000 999.000000 999.000000 999.000000 999.000000 999.000000 999.000000 999.000000             4166.0 
999.000000 999.000000 999.000000 999.000000 999.000000 999.000000 999.000000 999.000000 999.000000 999.000000 999.000000 999.000000             4175.0 
999.000000 999.000000 999.000000 999.000000 999.000000 999.000000 999.000000 999.000000 999.000000 999.000000 999.000000 999.000000             4184.0 
999.000000 999.000000 999.000000 999.000000 999.000000 999.000000 999.000000 999.000000 999.000000 999.000000 999.000000 999.000000             4193.0 
999.000000 999.000000 999.000000 999.000000 999.000000 999.000000 999.000000 999.000000 999.000000 999.000000 999.000000 999.000000             4202.0 
999.000000 999.000000 999.000000 999.000000 999.000000 999.000000 999.000000 999.000000 999.000000 999.000000 999.000000 999.000000             4211.0 
999.000000 999.000000 999.000000 999.000000 999.000000 999.000000 999.000000 999.000000 999.000000 999.000000 999.000000 999.000000             4220.0 
999.000000 999.000000 999.000000 999.000000 999.000000 999.000000 999.000000 999.000000 999.000000 999.000000 999.000000 999.000000             4229.0 
999.000000 999.000000 999.000000 999.000000 999.000000 999.000000 999.000000 999.000000 999.000000 999.000000 999.000000 999.000000             4238.0 
999.000000 999.000000 999.000000 999.000000 999.000000 999.000000 999.000000 999.000000 999.000000 999.000000 999.000000 999.000000             4248.0 
999.000000 999.000000 999.000000 999.000000 999.000000 999.000000 999.000000 999.000000 999.000000 999.000000 999.000000 999.000000             4257.0 
999.000000 999.000000 999.000000 999.000000 999.000000 999.000000 999.000000 999.000000 999.000000 999.000000 999.000000 999.000000             4266.0 
999.000000 999.000000 999.000000 999.000000 999.000000 999.000000 999.000000 999.000000 999.000000 999.000000 999.000000 999.000000             4275.0 
999.000000 999.000000 999.000000 999.000000 999.000000 999.000000 999.000000 999.000000 999.000000 999.000000 999.000000 999.000000             4284.0 
999.000000 999.000000 999.000000 999.000000 999.000000 999.000000 999.000000 999.000000 999.000000 999.000000 999.000000 999.000000             4293.0 
999.000000 999.000000 999.000000 999.000000 999.000000 999.000000 999.000000 999.000000 999.000000 999.000000 999.000000 999.000000             4302.0 
999.000000 999.000000 999.000000 999.000000 999.000000 999.000000 999.000000 999.000000 999.000000 999.000000 999.000000 999.000000             4311.0 
999.000000 999.000000 999.000000 999.000000 999.000000 999.000000 999.000000 999.000000 999.000000 999.000000 999.000000 999.000000             4320.0 
999.000000 999.000000 999.000000 999.000000 999.000000 999.000000 999.000000 999.000000 999.000000 999.000000 999.000000 999.000000             4329.0 
999.000000 999.000000 999.000000 999.000000 999.000000 999.000000 999.000000 999.000000 999.000000 999.000000 999.000000 999.000000             4338.0 
999.000000 999.000000 999.000000 999.000000 999.000000 999.000000 999.000000 999.000000 999.000000 999.000000 999.000000 999.000000             4347.0 
999.000000 999.000000 999.000000 999.000000 999.000000 999.000000 999.000000 999.000000 999.000000 999.000000 999.000000 999.000000             4356.0 
999.000000 999.000000 999.000000 999.000000 999.000000 999.000000 999.000000 999.000000 999.000000 999.000000 999.000000 999.000000             4365.0 
999.000000 999.000000 999.000000 999.000000 999.000000 999.000000 999.000000 999.000000 999.000000 999.000000 999.000000 999.000000             4374.0 
999.000000 999.000000 999.000000 999.000000 999.000000 999.000000 999.000000 999.000000 999.000000 999.000000 999.000000 999.000000             4383.0 
999.000000 999.000000 999.000000 999.000000 999.000000 999.000000 999.000000 999.000000 999.000000 999.000000 999.000000 999.000000             4392.0 
999.000000 999.000000 999.000000 999.000000 999.000000 999.000000 999.000000 999.000000 999.000000 999.000000 999.000000 999.000000             4401.0 
999.000000 999.000000 999.000000 999.000000 999.000000 999.000000 999.000000 999.000000 999.000000 999.000000 999.000000 999.000000             4410.0 
999.000000 999.000000 999.000000 999.000000 999.000000 999.000000 999.000000 999.000000 999.000000 999.000000 999.000000 999.000000             4419.0 
999.000000 999.000000 999.000000 999.000000 999.000000 999.000000 999.000000 999.000000 999.000000 999.000000 999.000000 999.000000             4428.0 
999.000000 999.000000 999.000000 999.000000 999.000000 999.000000 999.000000 999.000000 999.000000 999.000000 999.000000 999.000000             4437.0 
999.000000 999.000000 999.000000 999.000000 999.000000 999.000000 999.000000 999.000000 999.000000 999.000000 999.000000 999.000000             4446.0 
999.000000 999.000000 999.000000 999.000000 999.000000 999.000000 999.000000 999.000000 999.000000 999.000000 999.000000 999.000000             4455.0 
999.000000 999.000000 999.000000 999.000000 999.000000 999.000000 999.000000 999.000000 999.000000 999.000000 999.000000 999.000000             4464.0 
999.000000 999.000000 999.000000 999.000000 999.000000 999.000000 999.000000 999.000000 999.000000 999.000000 999.000000 999.000000             4473.0 
999.000000 999.000000 999.000000 999.000000 999.000000 999.000000 999.000000 999.000000 999.000000 999.000000 999.000000 999.000000             4483.0 
999.000000 999.000000 999.000000 999.000000 999.000000 999.000000 999.000000 999.000000 999.000000 999.000000 999.000000 999.000000             4492.0 
999.000000 999.000000 999.000000 999.000000 999.000000 999.000000 999.000000 999.000000 999.000000 999.000000 999.000000 999.000000             4501.0 
999.000000 999.000000 999.000000 999.000000 999.000000 999.000000 999.000000 999.000000 999.000000 999.000000 999.000000 999.000000             4510.0 
999.000000 999.000000 999.000000 999.000000 999.000000 999.000000 999.000000 999.000000 999.000000 999.000000 999.000000 999.000000             4519.0 
999.000000 999.000000 999.000000 999.000000 999.000000 999.000000 999.000000 999.000000 999.000000 999.000000 999.000000 999.000000             4528.0 
999.000000 999.000000 999.000000 999.000000 999.000000 999.000000 999.000000 999.000000 999.000000 999.000000 999.000000 999.000000             4537.0 
999.000000 999.000000 999.000000 999.000000 999.000000 999.000000 999.000000 999.000000 999.000000 999.000000 999.000000 999.000000             4546.0 
999.000000 999.000000 999.000000 999.000000 999.000000 999.000000 999.000000 999.000000 999.000000 999.000000 999.000000 999.000000             4555.0 
999.000000 999.000000 999.000000 999.000000 999.000000 999.000000 999.000000 999.000000 999.000000 999.000000 999.000000 999.000000             4564.0 
999.000000 999.000000 999.000000 999.000000 999.000000 999.000000 999.000000 999.000000 999.000000 999.000000 999.000000 999.000000             4573.0 
999.000000 999.000000 999.000000 999.000000 999.000000 999.000000 999.000000 999.000000 999.000000 999.000000 999.000000 999.000000             4582.0 
999.000000 999.000000 999.000000 999.000000 999.000000 999.000000 999.000000 999.000000 999.000000 999.000000 999.000000 999.000000             4591.0 
999.000000 999.000000 999.000000 999.000000 999.000000 999.000000 999.000000 999.000000 999.000000 999.000000 999.000000 999.000000             4600.0 
999.000000 999.000000 999.000000 999.000000 999.000000 999.000000 999.000000 999.000000 999.000000 999.000000 999.000000 999.000000             4609.0 
999.000000 999.000000 999.000000 999.000000 999.000000 999.000000 999.000000 999.000000 999.000000 999.000000 999.000000 999.000000             4618.0 
999.000000 999.000000 999.000000 999.000000 999.000000 999.000000 999.000000 999.000000 999.000000 999.000000 999.000000 999.000000             4627.0 
999.000000 999.000000 999.000000 999.000000 999.000000 999.000000 999.000000 999.000000 999.000000 999.000000 999.000000 999.000000             4636.0 
999.000000 999.000000 999.000000 999.000000 999.000000 999.000000 999.000000 999.000000 999.000000 999.000000 999.000000 999.000000             4645.0 
999.000000 999.000000 999.000000 999.000000 999.000000 999.000000 999.000000 999.000000 999.000000 999.000000 999.000000 999.000000             4654.0 
999.000000 999.000000 999.000000 999.000000 999.000000 999.000000 999.000000 999.000000 999.000000 999.000000 999.000000 999.000000             4663.0 
999.000000 999.000000 999.000000 999.000000 999.000000 999.000000 999.000000 999.000000 999.000000 999.000000 999.000000 999.000000             4672.0 
999.000000 999.000000 999.000000 999.000000 999.000000 999.000000 999.000000 999.000000 999.000000 999.000000 999.000000 999.000000             4681.0 
999.000000 999.000000 999.000000 999.000000 999.000000 999.000000 999.000000 999.000000 999.000000 999.000000 999.000000 999.000000             4690.0 
999.000000 999.000000 999.000000 999.000000 999.000000 999.000000 999.000000 999.000000 999.000000 999.000000 999.000000 999.000000             4699.0 
999.000000 999.000000 999.000000 999.000000 999.000000 999.000000 999.000000 999.000000 999.000000 999.000000 999.000000 999.000000             4708.0 
999.000000 999.000000 999.000000 999.000000 999.000000 999.000000 999.000000 999.000000 999.000000 999.000000 999.000000 999.000000             4735.0 
999.000000 999.000000 999.000000 999.000000 999.000000 999.000000 999.000000 999.000000 999.000000 999.000000 999.000000 999.000000             4745.0 
999.000000 999.000000 999.000000 999.000000 999.000000 999.000000 999.000000 999.000000 999.000000 999.000000 999.000000 999.000000             4754.0 
999.000000 999.000000 999.000000 999.000000 999.000000 999.000000 999.000000 999.000000 999.000000 999.000000 999.000000 999.000000             4763.0 
999.000000 999.000000 999.000000 999.000000 999.000000 999.000000 999.000000 999.000000 999.000000 999.000000 999.000000 999.000000             4772.0 
999.000000 999.000000 999.000000 999.000000 999.000000 999.000000 999.000000 999.000000 999.000000 999.000000 999.000000 999.000000             4781.0 
999.000000 999.000000 999.000000 999.000000 999.000000 999.000000 999.000000 999.000000 999.000000 999.000000 999.000000 999.000000             4790.0 
999.000000 999.000000 999.000000 999.000000 999.000000 999.000000 999.000000 999.000000 999.000000 999.000000 999.000000 999.000000             4799.0 
999.000000 999.000000 999.000000 999.000000 999.000000 999.000000 999.000000 999.000000 999.000000 999.000000 999.000000 999.000000             4808.0 
999.000000 999.000000 999.000000 999.000000 999.000000 999.000000 999.000000 999.000000 999.000000 999.000000 999.000000 999.000000             4817.0 
999.000000 999.000000 999.000000 999.000000 999.000000 999.000000 999.000000 999.000000 999.000000 999.000000 999.000000 999.000000             4826.0 
999.000000 999.000000 999.000000 999.000000 999.000000 999.000000 999.000000 999.000000 999.000000 999.000000 999.000000 999.000000             4835.0 
999.000000 999.000000 999.000000 999.000000 999.000000 999.000000 999.000000 999.000000 999.000000 999.000000 999.000000 999.000000             4844.0 
999.000000 999.000000 999.000000 999.000000 999.000000 999.000000 999.000000 999.000000 999.000000 999.000000 999.000000 999.000000             4853.0 
999.000000 999.000000 999.000000 999.000000 999.000000 999.000000 999.000000 999.000000 999.000000 999.000000 999.000000 999.000000             4862.0 
999.000000 999.000000 999.000000 999.000000 999.000000 999.000000 999.000000 999.000000 999.000000 999.000000 999.000000 999.000000             4871.0 
999.000000 999.000000 999.000000 999.000000 999.000000 999.000000 999.000000 999.000000 999.000000 999.000000 999.000000 999.000000             4880.0 
999.000000 999.000000 999.000000 999.000000 999.000000 999.000000 999.000000 999.000000 999.000000 999.000000 999.000000 999.000000             4889.0 
999.000000 999.000000 999.000000 999.000000 999.000000 999.000000 999.000000 999.000000 999.000000 999.000000 999.000000 999.000000             4898.0 
999.000000 999.000000 999.000000 999.000000 999.000000 999.000000 999.000000 999.000000 999.000000 999.000000 999.000000 999.000000             4907.0 
999.000000 999.000000 999.000000 999.000000 999.000000 999.000000 999.000000 999.000000 999.000000 999.000000 999.000000 999.000000             4916.0 
999.000000 999.000000 999.000000 999.000000 999.000000 999.000000 999.000000 999.000000 999.000000 999.000000 999.000000 999.000000             4925.0 
999.000000 999.000000 999.000000 999.000000 999.000000 999.000000 999.000000 999.000000 999.000000 999.000000 999.000000 999.000000             4934.0 
999.000000 999.000000 999.000000 999.000000 999.000000 999.000000 999.000000 999.000000 999.000000 999.000000 999.000000 999.000000             4943.0 
999.000000 999.000000 999.000000 999.000000 999.000000 999.000000 999.000000 999.000000 999.000000 999.000000 999.000000 999.000000             4953.0 
999.000000 999.000000 999.000000 999.000000 999.000000 999.000000 999.000000 999.000000 999.000000 999.000000 999.000000 999.000000             4962.0 
999.000000 999.000000 999.000000 999.000000 999.000000 999.000000 999.000000 999.000000 999.000000 999.000000 999.000000 999.000000             4971.0 
999.000000 999.000000 999.000000 999.000000 999.000000 999.000000 999.000000 999.000000 999.000000 999.000000 999.000000 999.000000             4980.0 
999.000000 999.000000 999.000000 999.000000 999.000000 999.000000 999.000000 999.000000 999.000000 999.000000 999.000000 999.000000             4989.0 
999.000000 999.000000 999.000000 999.000000 999.000000 999.000000 999.000000 999.000000 999.000000 999.000000 999.000000 999.000000             4998.0 
999.000000 999.000000 999.000000 999.000000 999.000000 999.000000 999.000000 999.000000 999.000000 999.000000 999.000000 999.000000             5007.0 
999.000000 999.000000 999.000000 999.000000 999.000000 999.000000 999.000000 999.000000 999.000000 999.000000 999.000000 999.000000             5016.0 
