-63.901577 157.772537 34.721375 26.250355 185.287933 46.588211 -10.554171 148.750092 93.458961 73.934296 195.922348 55.166290                  0 
-62.485992 160.696823 20.956739 24.661083 192.339981 41.684746 -13.016119 150.182877 83.715187 70.866768 204.933289 54.602798                 18 
-62.500999 169.578674 7.843691 23.657160 198.930450 35.099377 -15.684814 152.865204 72.250015 69.294708 210.040298 51.043602                 36 
-58.544994 182.951706 -0.963067 28.405184 201.768433 33.816086 -19.207434 160.698029 67.183182 73.124977 205.921219 54.871426                 54 
-57.294056 194.543762 -9.148538 29.826403 203.708649 30.292019 -23.135256 165.802170 58.161671 73.143951 202.197388 54.411282                 72 
-55.958557 207.449341 -19.698162 30.000801 207.522507 23.846758 -27.437317 173.948669 47.217739 71.498962 201.077835 50.243755                 90 
-54.646236 219.207886 -32.900448 29.279758 210.652435 14.045190 -31.386917 180.556793 32.898685 68.790115 199.733170 41.976078                108 
-53.760746 229.260223 -45.399506 28.233381 212.178635 2.971120 -34.582634 185.059677 17.804811 65.983910 196.974915 31.329147                126 
-51.543171 238.208649 -56.816273 27.467693 213.764893 -6.279587 -36.560745 189.167984 3.205934 62.937489 195.105591 22.946373                144 
-48.931278 247.474960 -68.206085 25.929226 214.958115 -15.490138 -39.052860 193.826019 -11.711072 58.499783 192.812958 14.662532                162 
-45.750729 253.037430 -77.931770 26.039045 216.590073 -23.224478 -39.201786 197.244339 -23.409586 56.599419 192.936768 7.872427                180 
-42.776382 257.111969 -88.040718 25.029268 216.262085 -31.082485 -40.811371 199.703445 -34.644588 53.166073 191.103348 1.101220                198 
-39.419048 259.606812 -97.855003 25.256653 215.870560 -39.157314 -40.747013 201.071411 -45.500359 51.537926 189.808426 -6.134707                217 
-36.769344 260.136017 -107.655235 24.814833 213.636398 -47.652443 -41.496513 201.074112 -56.076504 49.274906 186.510559 -14.091661                235 
-35.094498 257.580444 -115.832779 24.929609 210.097855 -54.943771 -41.359608 198.029846 -64.937775 48.486824 182.600067 -21.041523                253 
-35.237316 249.569473 -124.932457 25.057251 207.216095 -60.595448 -40.655712 191.968063 -71.848289 48.793533 182.164673 -24.966139                271 
-33.415363 247.648041 -132.322388 25.586582 205.561310 -66.539436 -40.839905 191.549820 -77.828690 48.536854 180.986404 -30.073124                289 
-33.352268 241.096954 -138.571793 26.164331 202.679779 -70.874237 -40.543774 186.884995 -81.727097 49.420952 180.280426 -33.220135                307 
-34.330540 233.921432 -148.102859 24.122995 197.276077 -78.437286 -42.386814 180.224594 -90.750443 46.797203 175.849762 -39.872719                325 
-34.827271 226.778854 -152.950943 24.705809 194.149780 -82.094170 -41.558052 174.930481 -93.459587 48.012753 175.014328 -42.710751                343 
-36.877224 221.218430 -156.997086 23.940760 190.223907 -86.391663 -42.936691 171.578766 -95.314064 47.957973 172.433365 -46.805016                361 
-36.009232 223.341278 -163.326660 22.217175 186.167953 -93.338966 -46.262032 173.474869 -101.421486 44.995632 166.624100 -53.847042                379 
-38.523148 215.687286 -168.396347 19.848492 179.410889 -97.857658 -48.521313 165.285507 -105.626358 42.984566 161.222275 -57.928600                397 
-38.629608 213.891083 -169.707016 19.902521 177.555313 -99.183739 -48.510159 162.865540 -106.769188 43.274132 159.844284 -59.177238                415 
-38.438225 211.519379 -171.175110 19.588184 174.329178 -100.529144 -49.257210 160.710846 -107.218262 43.022255 157.171555 -60.318535                433 
-38.491673 209.225647 -171.628967 19.401470 171.382706 -100.988571 -49.586266 159.194183 -106.528572 43.191265 155.232925 -60.569977                451 
-40.750607 207.434097 -172.878586 18.829134 171.736786 -102.323059 -49.412323 158.295135 -106.931656 43.789143 157.637955 -61.842773                470 
-42.701729 204.521378 -173.644775 18.360165 171.462204 -102.918831 -49.051704 157.299438 -107.031540 44.144001 159.195618 -62.358288                488 
-44.299873 206.084915 -173.146378 18.002390 172.842865 -103.509911 -48.857285 158.159943 -107.580231 44.445602 160.596741 -63.369884                506 
-47.709923 208.934708 -172.180817 16.355051 174.431229 -104.779732 -50.424511 160.900864 -107.331261 43.926334 161.623932 -65.584953                524 
-54.000389 211.390594 -170.575394 13.319825 177.267883 -106.168945 -52.808105 166.213654 -105.169212 43.266026 165.508286 -68.414879                542 
-60.182808 208.285965 -169.461487 10.476685 178.010010 -106.667320 -54.863998 168.253418 -102.319817 42.607746 168.985199 -69.971535                560 
-57.923504 220.983002 -167.659180 7.977997 180.097626 -105.684441 -57.525036 178.579117 -102.689674 38.686203 166.310806 -69.251450                578 
-57.570656 231.278275 -163.543137 4.531189 182.219940 -103.603851 -60.194653 188.696594 -100.129959 34.211155 164.550629 -68.004303                596 
-59.952835 238.631165 -159.362259 -0.343215 184.963440 -100.857880 -63.724480 198.316544 -96.293846 28.581539 164.987427 -65.861450                614 
-64.361832 242.432770 -153.902466 -5.481200 186.895187 -96.414032 -67.786835 203.573700 -90.952347 23.373337 166.001663 -61.898689                632 
-67.350807 250.767105 -145.121384 -10.113167 190.601334 -90.715172 -71.116379 210.723770 -82.949127 18.538305 167.305862 -57.596497                650 
-71.814178 254.490372 -138.116714 -15.021788 192.779984 -84.992523 -75.452759 214.060165 -76.266655 13.655155 168.675812 -52.480156                668 
-76.608818 271.788177 -119.078171 -24.342281 196.548569 -80.827332 -83.183502 218.298813 -68.492882 2.633293 164.292053 -54.516346                687 
-83.943329 278.528778 -109.003342 -32.612354 200.196640 -76.048965 -91.401787 220.103378 -64.013039 -5.968359 165.908066 -52.073467                705 
-95.122086 277.707886 -103.156349 -40.436825 201.522247 -70.559738 -100.135452 217.752274 -59.484180 -12.263544 168.350266 -46.762283                723 
-109.840927 273.027893 -100.994743 -49.829742 200.575699 -69.258339 -110.366745 212.783646 -57.322239 -19.207428 169.323471 -45.891594                741 
-120.642761 267.423279 -102.745667 -56.172989 200.043671 -68.663155 -115.686317 212.763275 -52.410625 -22.758068 172.182022 -44.838696                759 
-131.042328 261.901825 -102.666252 -64.347633 197.318802 -67.452927 -123.758141 209.248566 -50.359890 -29.769804 171.174850 -43.342739                777 
-141.036942 257.015778 -101.385422 -73.897293 193.073654 -65.694756 -133.469620 203.444931 -49.316868 -39.053661 167.477142 -41.380711                795 
-150.133148 249.675171 -102.220947 -81.410500 188.548920 -64.463226 -141.718079 195.817215 -47.412148 -45.678841 164.915543 -39.460323                813 
-158.907532 242.466324 -101.052742 -87.660820 184.536514 -62.778469 -148.532333 187.448807 -45.657017 -50.868832 162.796158 -37.596333                831 
-164.143524 237.337402 -100.197510 -91.476532 181.552872 -61.340088 -152.507919 181.918350 -44.248573 -54.107418 161.069336 -35.954918                849 
-167.130081 233.527863 -101.239441 -95.075768 178.006714 -60.847839 -156.178726 178.307922 -44.048374 -57.922146 157.852921 -34.888912                867 
-171.820694 227.475861 -103.386116 -101.096497 171.176575 -61.665897 -161.572998 174.417603 -43.162312 -63.988659 151.056168 -35.615746                885 
-174.915771 228.652649 -98.292603 -106.244354 167.013077 -60.724869 -166.679001 168.821381 -43.021927 -69.776062 144.078140 -36.138588                903 
-177.406204 227.396606 -96.691330 -108.783226 164.629486 -60.589111 -169.273361 163.800171 -44.274593 -72.185509 141.516083 -36.364937                922 
-181.971054 220.266327 -103.415573 -111.538879 162.283524 -62.799770 -172.167099 159.904648 -47.112732 -74.342827 142.337234 -36.741531                939 
-184.049606 210.923141 -105.801918 -112.195923 155.641663 -63.761410 -172.362518 153.325043 -46.641655 -74.158028 137.612793 -37.521915                958 
-186.847946 205.504547 -109.206345 -114.981529 151.617371 -65.329559 -175.371216 148.174469 -49.327854 -77.128899 134.486618 -38.234383                976 
-190.620758 200.169098 -111.746025 -117.239059 149.963242 -65.959633 -177.683990 143.764633 -51.120182 -79.172920 134.901657 -37.949806                994 
-187.292801 197.974243 -102.620010 -113.133621 143.954987 -62.395069 -172.970825 137.491333 -45.773056 -74.219345 127.283813 -36.545818               1012 
-188.010971 193.042145 -107.448898 -114.708923 140.882751 -63.049450 -174.926605 133.806870 -48.721832 -76.529160 125.802139 -35.204998               1030 
-193.115082 197.329269 -107.767632 -120.851471 141.095398 -66.430481 -181.195145 134.021072 -52.674042 -82.949570 124.094528 -39.322380               1048 
-197.090012 197.342484 -103.072815 -124.691277 138.436356 -65.714798 -185.070465 128.725296 -54.986965 -87.194115 119.539299 -39.308407               1066 
-199.375977 194.761917 -103.707558 -125.781921 137.194809 -66.395920 -185.196747 127.964287 -53.917061 -87.315010 119.558754 -40.517384               1084 
-196.392807 197.964737 -100.967056 -126.617218 134.266647 -66.194420 -186.730698 126.947716 -56.601234 -89.906982 112.973061 -40.516121               1102 
-197.091370 198.118088 -100.689781 -127.389771 133.805588 -66.812843 -187.496414 128.292084 -56.588326 -90.759163 112.143204 -41.330051               1120 
-198.320557 198.310898 -100.517113 -129.239883 132.939880 -67.347336 -189.147278 128.844452 -56.597233 -92.676941 110.768173 -42.207733               1138 
-201.606659 198.452164 -97.567139 -130.256546 133.939117 -67.632751 -189.770264 128.325104 -55.745560 -92.637726 112.047966 -43.841263               1157 
-204.110352 197.911255 -95.880615 -131.181992 134.399628 -67.607719 -190.315674 127.637703 -55.209473 -92.845367 112.985168 -44.539211               1175 
-205.441345 197.615753 -94.957306 -131.681320 134.648102 -67.594215 -190.563187 127.307236 -55.003651 -92.964401 113.505074 -44.913700               1193 
-205.413071 198.249496 -95.054520 -132.277069 134.588409 -67.515213 -190.879318 128.481827 -54.469059 -93.602623 113.262413 -44.933765               1211 
-205.339340 198.909637 -95.176605 -132.970078 134.473785 -67.314255 -191.385971 129.473587 -54.096714 -94.452156 112.884186 -44.715767               1229 
-204.253860 200.513809 -95.662521 -133.488113 134.514496 -67.261078 -192.090225 130.870712 -54.413475 -95.616760 112.120544 -44.354652               1247 
-204.045532 201.204910 -95.840912 -133.858749 134.640732 -67.193100 -192.477783 131.550095 -54.594028 -96.265175 111.961952 -44.109997               1265 
-203.923447 201.655838 -95.941727 -134.090942 134.740952 -67.131058 -192.760635 131.956604 -54.678802 -96.693146 111.882584 -43.907505               1283 
-204.057419 202.028137 -95.995674 -133.975143 135.339417 -67.258820 -192.750351 132.178772 -54.821838 -96.538033 112.569374 -44.011856               1301 
-202.249771 203.952103 -97.198936 -133.359146 136.372635 -67.695778 -192.544434 134.097122 -55.283295 -96.520874 113.042175 -44.051250               1319 
-204.402863 200.215790 -99.502686 -130.602951 138.709549 -68.638298 -188.966187 133.938889 -51.323605 -91.193352 119.329605 -45.578926               1337 
-204.196365 190.301605 -111.757660 -128.418167 137.689697 -70.880524 -186.102448 134.947678 -49.901371 -87.853851 124.181580 -45.730968               1355 
-200.668030 190.375137 -114.640457 -125.835472 137.287628 -72.641937 -181.613632 140.305618 -46.834690 -84.366959 123.778511 -49.013573               1373 
-196.909485 185.558945 -118.554291 -118.112862 138.961060 -76.104111 -172.251251 142.734024 -46.432018 -74.844910 128.987396 -53.994308               1391 
-191.547302 186.430908 -121.483101 -112.602264 141.739731 -77.278343 -166.696396 146.829712 -46.777496 -69.216644 132.783020 -54.964718               1410 
-186.711578 198.549026 -117.827225 -108.730896 148.984665 -77.227554 -162.696503 153.279465 -45.203209 -65.440659 137.521606 -55.897137               1428 
-188.842010 201.076035 -121.309181 -108.393875 158.129379 -78.046638 -164.119980 157.991425 -46.738853 -65.096413 150.362640 -55.124146               1446 
-178.049423 219.362137 -117.069290 -102.233696 165.832596 -77.348175 -156.726486 172.929489 -42.018864 -59.496349 152.351898 -56.082638               1464 
-172.415070 230.085754 -114.649223 -100.928383 170.003555 -76.244125 -154.480698 181.808655 -38.794785 -59.226315 152.920120 -55.519089               1482 
-171.640442 232.261322 -117.704323 -96.972420 182.211868 -71.666359 -154.921768 187.973801 -37.811417 -55.309677 171.240479 -47.084301               1500 
-171.553360 236.398880 -118.457191 -96.509460 189.557312 -69.738594 -154.392120 196.261566 -35.099514 -54.422226 180.834396 -44.979591               1518 
-165.866867 237.917526 -119.253151 -92.106949 198.415314 -63.174984 -152.286087 199.588974 -31.365288 -50.725494 194.995605 -36.039879               1536 
-162.469559 241.590576 -114.974350 -89.899597 201.921326 -57.743279 -150.039566 202.109421 -24.929321 -48.262100 199.325729 -30.910191               1554 
-160.034378 265.093628 -95.577545 -89.481590 210.766739 -48.827244 -147.103516 212.883698 -11.212728 -46.750244 200.572281 -25.793835               1572 
-163.839127 267.288666 -83.477104 -89.970451 214.387665 -40.323509 -144.195465 218.731461 2.151776 -45.491646 204.866440 -20.539299               1590 
-164.661057 267.901947 -80.587883 -90.083687 215.226425 -38.353706 -143.456085 220.246033 5.457379 -45.240677 205.814499 -19.354944               1608 
-167.911224 267.481201 -72.193344 -92.311058 215.295059 -31.153515 -144.773392 220.570816 14.017323 -47.048061 206.168716 -13.031612               1626 
-167.459671 268.458954 -58.536968 -90.948410 216.308990 -19.141268 -142.655457 221.028931 27.090124 -45.339321 207.280167 -1.857619               1644 
-167.684601 256.404419 -37.998947 -81.979233 214.829910 -5.531654 -131.891800 206.365448 42.227345 -34.860832 212.275833 9.757752               1663 
-156.826035 242.479767 -37.637070 -71.718925 208.451492 3.943864 -125.275558 196.785355 47.038563 -26.275967 209.963562 23.770203               1681 
-140.044403 183.692535 22.013756 -65.135422 201.371964 12.182173 -118.558815 182.029266 53.278645 -20.704226 206.496490 33.630741               1699 
-121.050758 172.182693 52.867737 -55.536449 197.019943 19.184099 -100.962875 183.029480 71.669617 -8.676659 206.706940 32.251423               1717 
-113.349976 170.807922 61.792961 -47.947811 194.875259 26.958200 -93.370354 181.479599 79.849289 -0.589798 202.169312 39.781937               1735 
-107.491577 166.162735 64.731422 -41.524975 191.972900 32.187809 -87.793968 176.074081 83.950630 5.784840 197.583298 45.998596               1753 
-100.801842 156.920700 69.842896 -37.549541 186.767029 35.385605 -81.286674 169.385223 89.367767 9.964608 194.288986 47.479351               1771 
-100.023773 153.171692 75.802902 -38.141434 183.289764 39.150158 -80.665314 167.222824 94.406975 9.328069 192.534515 50.178013               1789 
-98.240509 152.906860 78.043533 -36.695179 182.461151 40.369358 -78.162758 165.352341 95.156036 10.870777 191.858612 50.838375               1807 
-94.701355 147.166031 81.587746 -32.314289 177.177765 45.694416 -74.169693 157.021133 98.183525 15.336216 185.174377 56.915672               1825 
-93.315819 144.672958 83.470787 -30.655125 175.729889 48.963512 -72.019394 151.653839 99.631042 17.430225 181.235703 59.822514               1843 
-91.373177 142.185867 86.129349 -29.222839 176.800385 54.172844 -69.424744 146.282242 102.014091 19.307096 179.853043 63.968731               1861 
-87.782631 135.725296 87.527840 -28.256050 176.027664 57.283730 -66.131187 140.552994 102.887604 20.062237 181.631805 66.998131               1879 
-85.821335 132.856125 88.864159 -27.334885 175.515472 59.843006 -64.219620 137.521027 103.227226 21.006958 181.450180 69.238663               1898 
-82.023849 138.178406 92.722954 -21.990236 181.702637 68.536125 -59.785416 139.354858 104.357399 26.671715 184.255203 77.806053               1916 
-80.234833 127.963501 95.016541 -24.167637 174.729156 67.565308 -57.973297 131.382370 103.932678 24.032272 182.264709 76.532860               1934 
-77.018661 123.329811 97.612381 -24.141562 171.920288 67.152367 -54.735165 127.975754 105.255447 23.967583 181.766357 74.152222               1952 
-74.380142 120.756462 97.668205 -23.508118 171.322937 66.999161 -52.765965 126.921295 105.515724 24.016680 183.504639 74.308929               1970 
-51.325249 125.777885 100.071495 -23.515598 171.295410 66.909454 -54.299290 128.974976 106.120056 23.815475 183.962936 74.638367               1988 
-42.653152 127.632240 100.900238 -23.488642 171.238937 66.793007 -56.036922 131.335312 107.241638 23.705236 184.230453 74.817429               2006 
-35.808155 134.137299 97.992714 -20.464050 174.251450 66.932312 -56.977200 136.303253 106.917267 26.809435 185.501465 76.886574               2024 
-30.174896 137.456573 95.976631 -17.773783 176.412231 65.519020 -54.704647 138.492401 105.652946 28.961519 189.009430 76.361290               2042 
-29.822437 139.495865 95.549248 -17.064726 177.208588 64.644142 -56.140289 142.730530 106.894035 29.885839 188.903641 75.566750               2060 
-28.192568 140.360535 95.280899 -16.479414 177.334427 63.929836 -55.409134 144.880859 108.598587 30.992962 188.215698 73.332184               2078 
-25.839685 142.431274 94.955498 -15.656122 178.429474 63.141994 -54.220875 146.982010 109.209396 31.923965 189.466187 71.788338               2096 
-23.734465 142.732224 92.970810 -14.586727 179.230682 62.254108 -52.453182 146.752716 108.219872 33.373497 189.238632 70.005920               2114 
-19.485847 142.120300 86.059624 -8.861456 182.073227 60.614555 -48.979412 144.624680 100.580223 38.729420 190.617340 71.684319               2133 
-17.328323 143.823395 82.400208 -6.459557 184.689651 58.652790 -47.133514 145.916840 96.798218 40.992924 192.818069 70.595299               2151 
-15.544600 144.646393 81.624718 -5.050046 185.831863 58.338036 -45.508137 146.727341 96.417290 42.428989 194.061829 70.104156               2169 
-13.752318 145.606140 81.058197 -3.921805 187.981476 59.744961 -44.321487 146.797333 95.451195 43.131874 196.844406 72.699982               2187 
-12.334264 146.385269 80.347000 -2.902960 189.428574 60.266376 -43.234177 147.325851 94.503807 44.099369 198.286560 73.409813               2205 
-11.457911 144.807495 78.734398 -1.872486 188.965302 61.346741 -42.466679 145.544937 93.142281 45.412315 196.481750 74.311440               2223 
-10.111053 144.352844 78.126915 -1.167661 189.294815 62.497318 -41.343239 144.773560 93.176460 46.228279 196.672974 75.131424               2241 
-9.116880 143.646332 77.067421 -0.522448 189.545624 64.094276 -40.025364 143.725464 93.637390 47.417660 195.824799 75.173576               2259 
-8.562104 143.127533 76.080940 -0.391178 189.535583 64.336266 -39.664291 142.917633 92.870697 47.509377 195.938354 75.515457               2277 
-7.671312 142.457397 75.276337 0.015288 189.288376 64.377625 -38.826263 142.018280 92.356415 47.903278 195.971954 75.445732               2295 
-7.127335 142.150558 75.105942 0.111221 189.298309 64.913536 -38.386745 141.530319 91.948196 48.000252 196.200272 75.842239               2313 
-5.839020 144.855408 81.546326 -1.400360 191.532806 67.960640 -36.118176 144.330872 100.129196 46.751385 201.019379 75.161148               2331 
-4.423162 144.606186 81.806938 -1.248144 191.391144 68.202675 -34.884819 143.563324 100.299690 46.724606 201.927582 75.133156               2349 
-3.700619 143.550125 81.175003 -0.920847 190.634445 68.518005 -34.399193 142.142059 99.550529 47.042522 201.179840 75.499611               2368 
-3.383153 143.038467 80.413574 -0.675554 190.336761 68.391075 -34.165348 141.503021 98.698494 47.302055 200.791153 75.411583               2386 
-2.902089 142.875702 80.188179 -0.296827 190.301346 68.432991 -33.704914 141.345261 98.489929 47.707397 200.732651 75.304321               2404 
-1.969134 148.575485 83.953522 2.123874 194.753510 67.709450 -33.529415 149.548935 100.792976 49.955166 205.162079 75.725807               2422 
-1.593671 147.608490 82.825928 2.469711 194.078049 66.828362 -33.415314 148.481949 99.020287 50.047470 204.895447 75.759956               2440 
3.210263 134.360474 67.158394 3.085157 183.699432 63.468754 -27.849159 128.640335 83.701530 50.018143 195.933395 73.863838               2458 
4.280934 130.962570 61.533978 2.880357 180.598099 62.169132 -26.416290 123.205971 77.696251 49.521866 193.222031 73.378006               2476 
3.825710 132.452652 62.168167 2.665920 182.393448 62.041111 -26.932991 125.340462 78.103554 49.142117 195.197693 73.722168               2494 
1.361905 134.384827 61.692444 2.635287 184.567215 62.742199 -29.272472 128.635086 78.202110 49.879929 194.971786 73.702209               2512 
1.236152 133.783920 60.051342 2.411147 184.090652 62.350849 -29.280338 127.759155 76.655556 49.698311 194.362671 73.252342               2530 
1.141777 134.613632 57.927910 2.349315 184.669540 62.008835 -29.834127 128.239624 74.622185 49.905266 193.982788 72.597885               2549 
2.250813 135.319443 55.876358 2.245409 184.784882 61.696377 -29.618763 127.788330 72.271492 49.864655 193.864975 72.203148               2566 
2.553020 135.863739 54.552288 1.770453 184.808701 61.517124 -29.955645 127.571861 70.058678 49.505989 193.515320 71.810135               2585 
3.360194 138.821411 58.302452 0.967987 187.688416 62.085506 -29.930315 130.484970 72.712151 48.316288 197.785263 72.884804               2603 
4.244874 140.956238 60.658386 0.505030 189.349777 62.413418 -29.888786 132.196411 74.226883 47.620918 200.274948 73.420982               2621 
4.922451 142.071625 61.970879 0.520266 190.099869 62.610298 -29.727665 133.076935 75.119102 47.590755 201.314941 73.520119               2639 
6.105193 141.012436 59.543785 0.630884 188.652802 61.932018 -28.520712 130.707428 71.830795 47.659180 200.088455 72.794708               2657 
6.826619 140.445251 58.806107 0.762063 187.810074 61.639523 -27.582989 129.375061 69.587738 47.726788 199.373398 72.641220               2675 
6.789393 140.441696 58.380394 0.691802 187.621155 61.513340 -27.435270 129.094238 67.864029 47.766979 198.858078 72.380371               2693 
6.688691 140.832153 58.651825 0.651913 187.916382 61.410763 -27.506687 129.480423 67.383720 47.813126 198.944351 72.117622               2711 
7.027198 139.863663 59.467007 1.155235 186.836685 61.160431 -27.490313 128.737228 67.459793 48.324894 197.572159 72.124260               2729 
7.260330 140.545898 60.266964 1.053136 187.332047 60.988140 -27.192242 129.275787 66.581314 48.058353 198.285812 72.431808               2747 
7.182325 141.439758 62.100979 0.786126 188.138763 60.782425 -26.771492 130.259369 66.257057 47.549053 199.637344 72.675446               2765 
7.190082 141.987320 63.418613 0.562216 188.567734 60.777031 -25.990906 130.764709 65.088783 47.087551 200.568100 73.098442               2783 
