-23.345861 154.998627 125.101730 15.497330 152.640305 84.457336 -0.150902 175.898621 161.705078 49.361504 112.419647 78.674232                  0 
-23.467894 154.880066 124.955368 15.456810 152.602402 84.397232 0.048468 175.901672 161.929092 49.392746 112.437439 78.647903                  9 
-23.798367 154.681793 124.617432 15.321045 152.455231 84.254608 -0.305168 175.755753 161.887085 49.349331 112.345810 78.665535                 18 
-24.030684 154.572632 124.329720 15.243494 152.350143 84.129250 -0.472097 175.734589 161.863907 49.326149 112.266335 78.689796                 27 
-24.122501 154.553787 124.241753 15.225776 152.363586 84.125023 -0.508063 175.703140 161.972885 49.326767 112.290962 78.718094                 36 
-24.287397 154.516266 124.100113 15.190375 152.304871 84.128059 -0.672699 175.631958 162.055084 49.281414 112.210464 78.820763                 45 
-24.349035 154.510040 124.038002 15.204391 152.314270 84.148033 -0.753671 175.596939 162.201172 49.352226 112.257378 78.923317                 54 
-24.352718 154.523834 124.023766 15.204554 152.314560 84.147736 -0.599949 175.600693 162.389328 49.357323 112.260101 78.936546                 63 
-24.479494 154.524841 123.822891 15.211069 152.287018 84.096634 -0.707771 175.560013 162.463104 49.357090 112.211899 79.001366                 72 
-24.679064 154.578278 123.545341 15.168937 152.154404 84.005753 -0.928711 175.647110 162.383255 49.258728 112.000519 79.160194                 81 
-24.705561 154.642517 123.452072 15.215337 152.172775 83.990891 -0.875249 175.547424 162.502914 49.202164 111.932976 79.134857                 90 
-24.735432 154.674667 123.407791 15.212312 152.175385 83.982086 -0.803791 175.545334 162.606064 49.164585 111.904778 79.139732                 99 
-24.768908 154.705368 123.356316 15.199020 152.176880 83.968224 -0.701365 175.577957 162.720291 49.122749 111.879333 79.150009                108 
-24.805470 154.713806 123.324158 15.183576 152.188721 83.973274 -0.637927 175.564819 162.860901 49.096478 111.880852 79.165169                117 
-24.857807 154.909622 123.571518 15.096343 152.509018 84.191147 -0.739217 175.986160 163.115433 49.242535 112.389046 79.463280                126 
-24.797497 154.948120 123.723190 15.064569 152.591431 84.257973 -0.642705 176.163010 163.227173 49.332420 112.574326 79.538551                135 
-24.816332 154.923309 123.773109 15.020820 152.621338 84.287529 -0.665994 176.161377 163.331696 49.366222 112.670654 79.569092                144 
-24.829309 154.902359 123.794624 14.992948 152.637421 84.297302 -0.669268 176.128754 163.435257 49.390064 112.731339 79.578094                153 
-24.838459 154.883301 123.803337 14.974030 152.644440 84.301025 -0.672460 176.062759 163.550858 49.407669 112.769966 79.581047                162 
-24.849318 154.865967 123.808662 14.956094 152.640808 84.305832 -0.686767 175.987442 163.664795 49.418995 112.790863 79.592247                171 
-24.835917 154.817535 123.743462 14.924731 152.517105 84.206619 -0.578401 175.888123 163.644547 49.330109 112.619263 79.478043                181 
-24.842665 154.754196 123.648567 14.899167 152.420349 84.100380 -0.518855 175.754959 163.596664 49.246548 112.476845 79.335754                189 
-24.837040 154.733246 123.631058 14.902175 152.405731 84.091476 -0.458215 175.794403 163.650131 49.293983 112.496368 79.361473                198 
-24.840895 154.651031 123.628220 14.935263 152.404068 84.134697 -0.413147 175.811264 163.764923 49.424755 112.574562 79.442871                207 
-24.840809 154.609283 123.588730 14.980415 152.441559 84.150894 -0.334806 175.924362 163.854767 49.585358 112.704765 79.523605                216 
-25.026123 154.606277 123.468803 15.076503 152.767197 84.333023 -1.024136 176.239929 163.922180 50.122383 113.381042 80.038406                226 
-25.315260 154.585251 123.544777 15.074071 153.018112 84.747993 -1.801211 176.508698 164.235855 50.500042 113.934914 80.819626                235 
-25.514498 154.567429 123.596725 15.072189 153.212280 85.069130 -2.361135 176.712280 164.521774 50.787403 114.365280 81.427444                244 
-25.626516 154.557800 123.625572 15.071001 153.334854 85.271858 -2.655385 176.837738 164.767380 50.966568 114.637711 81.812569                253 
-25.659561 154.642670 123.540359 15.091466 153.489929 85.305588 -2.913444 177.018219 164.839279 51.144211 114.922760 82.034584                262 
-25.504431 154.940445 123.163292 15.231483 153.397995 84.992767 -2.756171 177.619720 164.475540 51.239738 114.756477 82.135223                271 
-25.397224 155.224258 122.751083 15.373666 153.314407 84.655144 -2.578202 178.176804 164.141556 51.359200 114.624229 82.197868                280 
-24.315416 155.883286 122.862434 16.278759 152.719391 84.644829 -0.364248 177.248062 164.682343 50.609573 112.591621 81.630836                289 
-19.613903 161.998520 125.834846 17.892843 155.912292 84.757057 8.054606 184.920609 164.543579 51.312881 115.060600 81.268890                298 
-20.720261 161.313080 126.048882 17.442554 155.991730 85.276909 6.298798 183.811371 165.416794 51.408966 115.599930 81.711372                307 
-21.333862 161.104950 126.205193 17.238258 156.061615 85.594398 5.198063 183.163193 165.945587 51.484192 115.902443 82.075294                316 
-21.102669 161.029221 126.121429 17.548630 155.703049 85.460411 5.011755 182.178131 165.877380 51.526974 115.323181 81.873474                325 
-20.842632 161.047348 126.062057 17.968330 155.057419 85.497353 4.583452 180.958496 165.724487 51.289715 114.128212 81.974213                334 
-19.913424 160.940796 125.283447 19.319866 153.755646 85.183357 4.961305 179.466019 165.089920 51.368130 111.795921 81.986847                343 
-19.254555 161.078018 124.809219 20.252176 152.966553 84.987587 5.177104 178.653427 164.563248 51.386776 110.306847 82.035629                352 
-18.910734 161.227722 124.566902 20.777197 152.575272 84.865097 5.222463 178.229233 164.237122 51.422295 109.552902 82.057861                361 
-18.749134 161.288589 124.474808 21.061993 152.382584 84.782318 5.188735 177.919647 164.057739 51.486389 109.200890 82.021141                370 
-18.524067 161.309692 124.525513 21.392601 152.178421 84.776482 5.156904 177.530060 163.912766 51.633411 108.867569 82.021301                379 
-18.224840 161.497910 124.705750 21.683596 152.129013 84.819542 5.084130 177.465668 163.722488 51.870678 108.774872 82.157646                388 
-18.126850 161.474503 124.778076 21.853724 152.004639 84.820541 4.838444 177.198471 163.525543 52.004112 108.622643 82.196907                397 
-18.175175 161.422287 124.845650 21.853746 151.993591 84.823753 4.513783 177.029190 163.398148 52.060215 108.650192 82.207245                406 
-18.234781 161.183151 124.908859 21.810610 151.932144 84.797134 4.324926 176.826782 163.331146 52.181522 108.706009 82.144547                416 
-19.515066 160.904510 125.268166 20.615992 152.944992 84.923820 2.585623 178.225311 163.221176 53.000351 111.181717 82.685585                424 
-21.426247 160.952576 125.578568 18.128141 154.548294 84.371025 0.174967 181.627380 162.208817 53.840492 115.555199 82.924095                433 
-22.339169 160.911575 125.827461 16.867163 155.229141 84.166611 -0.992737 182.804520 162.067307 53.966507 117.546745 82.900536                442 
-22.742630 160.377716 126.698235 16.481268 156.451523 84.866196 -1.983567 182.183640 163.502609 54.689011 119.917076 83.041504                451 
-22.371136 160.615753 127.284012 16.265753 156.618622 84.929863 -1.467798 182.146973 163.921951 54.507858 120.138939 82.761528                461 
-22.385004 161.301529 127.645561 16.018795 156.989227 85.116280 -1.451958 183.041031 164.140976 54.361099 120.603592 83.146469                469 
-22.237551 161.348175 127.785988 15.989616 157.037369 85.099548 -1.508829 182.595093 164.347641 54.322285 120.648430 83.006912                478 
-22.086300 161.407578 128.012802 15.731721 156.958572 84.973228 -1.682842 182.261246 164.382339 54.273766 120.794579 82.827751                488 
-21.958820 161.465942 128.198685 15.517712 156.893188 84.868401 -1.917313 181.797134 164.460373 54.231262 120.915924 82.671906                497 
-22.296640 161.333527 128.064087 14.735991 157.021912 84.334213 -2.611827 182.279984 164.147659 54.484100 122.178543 82.345673                524 
-22.466391 161.356583 127.886215 14.475739 157.143921 84.077232 -2.914304 182.577133 163.911530 54.556152 122.677544 82.191231                533 
-23.231615 160.729904 127.687988 13.730310 157.361420 83.947929 -4.353685 182.449982 163.891556 54.659153 123.898148 82.225533                542 
-23.722441 160.328384 127.544075 13.142740 157.391129 83.830910 -5.313024 182.623886 163.801392 54.678791 124.673019 82.344666                551 
-23.973978 160.062836 127.444122 12.772606 157.409851 83.757195 -5.652229 182.765930 164.051727 54.683620 125.167145 82.414764                560 
-24.204426 159.766556 127.269798 12.505215 157.377533 83.685745 -5.729265 182.713043 164.539154 54.618565 125.395615 82.440895                569 
-24.133776 159.738007 127.207054 12.488546 157.408325 83.669044 -5.398804 182.778595 165.005005 54.591709 125.411789 82.455750                578 
-23.321087 159.576294 127.267883 13.183424 156.619644 83.781334 -3.825743 181.209427 165.629929 53.952877 122.961418 82.077492                587 
-22.495714 159.452026 127.288277 13.846388 155.970612 83.809364 -2.381016 179.766937 166.057693 53.340893 120.854874 81.574150                596 
-22.335638 159.593674 127.574928 14.249222 156.376526 84.389160 -2.598144 179.755951 166.641174 53.712460 121.218002 82.277748                605 
-22.184793 159.680435 127.817307 14.546700 156.981277 84.823265 -2.833475 179.811020 167.139221 54.220032 122.059677 82.717209                614 
-22.101143 159.703690 127.915947 14.593962 157.162643 84.999298 -2.904706 180.041473 167.331360 54.373718 122.357117 82.981071                623 
-22.044075 159.631577 127.941727 14.640919 157.286789 85.118721 -2.946834 180.075974 167.541000 54.480843 122.548187 83.134407                632 
-22.572256 159.238052 127.384262 14.403110 157.510040 84.907867 -4.301235 180.389938 167.077789 54.977455 123.606163 83.432442                641 
-22.940639 158.973038 127.085945 14.199209 157.615829 84.826317 -5.201499 180.556641 166.796539 55.170986 124.181129 83.659576                650 
-23.192198 158.761215 126.868484 14.049169 157.693680 84.766304 -5.895840 180.707062 166.524536 55.308235 124.606873 83.828392                660 
-23.360365 158.593430 126.713264 13.940440 157.750092 84.722816 -6.275415 180.916779 166.391785 55.404919 124.916740 83.951576                668 
-22.797243 168.372025 121.778961 13.136895 160.768585 79.339348 -5.213112 199.063477 155.683029 55.925594 129.929169 83.337448                677 
-22.527313 166.602188 122.531723 13.211887 159.676285 79.871017 -4.396892 196.350677 157.234070 55.544533 128.115646 83.001595                687 
-22.069780 163.572617 124.257065 13.980717 158.061859 81.681023 -3.120299 189.974945 161.239761 54.713173 124.344635 83.075127                695 
-21.725525 161.151184 125.331917 14.600079 156.953598 82.869896 -2.266502 185.104156 163.903442 54.258293 121.951569 82.765182                704 
-21.348434 160.686096 125.731018 15.040069 156.727142 83.320068 -1.552503 183.906540 164.756622 54.175671 121.146301 82.740952                714 
-21.552263 160.053589 125.458084 15.078267 156.332275 83.337769 -2.038534 183.160400 164.744354 54.056160 120.577324 82.853554                722 
-21.688076 159.300369 125.099129 15.157666 155.781662 83.315063 -2.248902 182.339005 164.737381 53.792217 119.655449 82.872803                732 
-21.903513 158.231125 124.490150 15.219364 154.915451 83.094658 -2.369684 181.561478 164.501404 53.623745 118.543106 82.806923                741 
-20.760605 159.593002 124.266037 16.540852 155.231766 83.178734 -0.511322 182.759384 164.449585 53.802391 117.688393 83.186615                750 
-21.009134 158.514618 124.358109 16.791748 154.621323 83.805336 -0.933674 180.587967 165.427261 53.312912 116.359039 83.445229                759 
-20.761713 157.925507 124.448341 16.999670 154.240524 83.984497 -0.556009 179.398178 165.823120 52.943485 115.442329 83.166389                768 
-20.382505 157.340408 124.590889 17.285582 153.759766 84.145683 -0.018779 178.184555 166.012573 52.561947 114.368927 82.779037                777 
-18.997501 159.127182 124.721115 18.081869 154.523209 83.935173 1.919223 180.890884 165.217453 52.983078 114.788795 82.930519                786 
-18.919159 158.658325 124.733337 18.080990 154.301941 83.930733 1.922628 180.330109 165.131317 52.854317 114.462906 82.668274                795 
-18.906019 157.958969 124.780441 18.038589 153.974854 83.966248 1.878847 179.378220 165.199966 52.658947 114.016701 82.321831                804 
-18.890278 157.365891 124.816223 18.003216 153.701965 83.995888 1.834769 178.606735 165.216980 52.497398 113.649300 82.030670                813 
-18.887497 156.896378 124.839722 17.966513 153.496368 84.021835 1.776034 178.032791 165.198685 52.375912 113.383705 81.809425                822 
-19.259850 155.954712 124.613770 17.723036 153.186203 83.939262 1.227361 177.180573 165.124603 52.352722 113.275536 81.520500                831 
-19.674759 155.059128 124.337677 17.476927 152.899033 83.840408 0.866323 176.628876 165.035843 52.378254 113.233948 81.289688                840 
-19.861216 154.580963 124.170799 17.382616 152.811890 83.809334 0.909516 176.541931 165.007843 52.405739 113.260490 81.164429                849 
-21.221245 153.024261 123.200821 16.483929 151.492462 83.311844 -0.547237 174.908646 164.471924 51.351143 111.798607 80.742340                858 
-22.011345 152.018234 122.627235 15.969651 150.662003 83.025360 -1.219862 173.954880 164.176727 50.727512 110.872665 80.450974                867 
-22.436800 151.471268 122.314804 15.690633 150.211426 82.869926 -1.487622 173.528275 164.010849 50.389069 110.370544 80.291313                876 
-22.633211 151.618027 121.831085 15.690524 150.494171 82.598076 -1.754336 173.979218 163.630463 50.512653 110.749954 80.201378                885 
-22.729570 151.598953 121.794754 15.626855 150.465591 82.667717 -1.804427 173.816223 163.738525 50.218658 110.525040 80.200623                894 
-22.820990 151.730087 121.753242 15.588022 150.495819 82.718208 -1.863589 173.759949 163.815964 49.924694 110.337242 80.226479                903 
-22.908686 151.878265 121.724014 15.557893 150.529984 82.762253 -1.902275 173.726212 163.889877 49.663177 110.175980 80.250061                912 
-22.605747 152.222397 121.549446 16.193991 150.440292 82.947823 -1.562666 173.291107 164.120758 49.487904 109.416290 80.403419                921 
-22.481491 152.173050 121.357613 16.644220 150.035721 83.114899 -1.423632 172.344254 164.380692 49.106205 108.359566 80.423424                930 
-22.380655 152.138565 121.234406 16.952188 149.758987 83.229179 -1.316153 171.697250 164.560959 48.837696 107.647827 80.420105                940 
-22.285105 152.082809 121.151955 17.148531 149.582565 83.302040 -1.240675 171.285385 164.678711 48.663723 107.199066 80.410835                948 
-22.205061 152.030212 121.091324 17.291838 149.453796 83.355217 -1.181191 170.985275 164.767059 48.535492 106.874084 80.400574                958 
-22.121607 151.962341 121.040192 17.397003 149.359299 83.394241 -1.140150 170.732971 164.870377 48.440762 106.637009 80.391182                967 
-22.053085 151.902328 121.000038 17.480665 149.284119 83.425285 -1.106666 170.527588 164.959274 48.365047 106.449272 80.382591                976 
-21.997021 151.851242 120.968071 17.548773 149.222916 83.450562 -1.079057 170.358444 165.034241 48.303185 106.297012 80.374863                985 
-22.123457 151.879074 120.693520 17.552368 149.346741 83.345734 -1.428802 170.407471 164.893646 48.358841 106.450584 80.377724                994 
-19.213238 154.292755 120.446907 19.165455 149.405029 82.029671 3.289975 173.943054 163.292770 48.812065 105.657944 79.749664               1003 
-16.170092 156.531952 120.360970 20.976469 149.664108 81.077469 7.814791 177.529053 161.771927 49.977715 105.450714 79.652412               1012 
-14.241897 157.992432 120.166519 22.124233 149.947617 80.409180 10.578210 179.972900 160.594391 50.895477 105.568352 79.619064               1021 
-14.448373 157.095245 119.899139 22.215704 149.519089 80.349739 9.994864 178.822723 160.718750 51.118053 105.228256 79.399101               1030 
-13.744498 157.768036 119.503120 22.903435 149.612061 80.079964 10.741989 179.879074 160.116760 51.616146 105.189819 79.664650               1039 
-13.134419 158.287415 119.132919 23.523205 149.687546 79.837219 11.365686 180.659348 159.619675 52.060516 105.150497 79.835579               1048 
-12.792480 158.549423 118.905060 23.882614 149.698761 79.703033 11.695915 181.070251 159.338150 52.309124 105.091599 79.951492               1057 
-12.506423 158.754318 118.724449 24.185337 149.706665 79.604309 11.972038 181.364594 159.134964 52.497963 105.028564 80.039284               1066 
-12.148076 158.981552 118.575340 24.543709 149.699387 79.529785 12.355306 181.641541 158.962357 52.688065 104.917091 80.137161               1075 
-11.818291 159.294006 118.382065 24.682930 149.674896 79.258759 12.885862 182.206833 158.522369 52.733109 104.836876 80.075218               1084 
-10.767123 160.852112 118.399696 24.322298 149.969162 78.344048 15.300460 185.134628 156.854050 52.468910 105.203613 79.663620               1093 
-10.554851 160.995605 118.357185 23.760492 149.901352 77.709335 16.108416 185.986160 155.956955 52.293617 105.380196 78.995628               1102 
-10.767637 160.739441 118.376366 23.108446 149.761185 77.345810 16.148367 186.159271 155.522385 52.042061 105.495087 78.479851               1111 
-10.894591 160.571976 118.387413 22.693039 149.671875 77.114220 16.176998 186.267319 155.245895 51.878330 105.568771 78.144569               1120 
-11.007646 160.445038 118.384712 22.464081 149.622650 77.010475 16.121336 186.205399 155.170593 51.734291 105.573883 77.953369               1130 
-11.081247 160.354706 118.382378 22.309225 149.589340 76.940308 16.084404 186.162415 155.122147 51.636528 105.577347 77.823799               1138 
-11.119338 159.952682 118.530052 22.163488 149.425934 76.953232 16.169342 185.425156 155.426727 51.374889 105.330956 77.457771               1148 
-10.045109 159.524017 119.147133 22.187710 148.982880 76.765541 18.487904 183.815613 155.910995 50.442684 104.272766 75.997772               1156 
-8.723037 161.496979 121.656090 21.934004 150.873535 78.111183 21.071611 186.206039 157.123718 50.434185 106.340538 76.536560               1166 
-6.051540 167.379059 125.032127 21.373905 154.819809 79.672569 26.258022 193.804413 156.805237 50.219894 110.517151 77.909088               1174 
-4.889952 171.153473 127.340492 19.649755 156.900482 80.521317 29.283604 199.261765 155.393692 49.245800 113.107018 78.488159               1184 
-4.516204 177.813553 128.727570 11.163117 161.522766 78.690575 30.484453 212.875793 145.643982 45.830318 121.932838 73.328613               1192 
-3.587341 179.724457 131.699158 4.482174 164.033386 79.612358 29.946400 218.628876 141.774719 41.681267 128.228973 68.114555               1202 
-2.809098 181.637955 131.992615 0.894355 165.273422 79.557564 29.570683 222.315521 138.014099 38.539597 131.092712 64.982147               1211 
-0.527214 188.508530 127.483292 -0.858393 168.674744 76.048401 36.868225 225.046829 129.827896 31.684443 129.218689 62.553524               1220 
-3.022965 184.638016 132.690430 -4.161254 169.948074 79.501564 33.422878 222.054001 137.538361 29.144684 133.073578 61.365597               1229 
-10.046180 197.932434 132.020782 -7.044021 181.128174 79.455246 27.512112 234.063614 138.587509 26.064434 142.197342 65.811623               1238 
-18.506599 205.676926 127.811508 -10.407782 186.908432 76.392494 17.985327 242.726700 136.118240 24.251549 147.970505 67.420547               1247 
-21.889902 208.002579 127.264824 -14.257409 189.665375 75.555313 11.350815 248.890015 133.294846 23.657566 154.270065 65.184464               1256 
-22.598650 204.580246 126.162979 -14.948442 188.865128 73.543152 9.049180 247.286102 132.894409 24.474262 155.877762 61.068752               1265 
-23.653711 201.155731 125.976067 -15.554695 187.945236 72.688911 7.376307 244.727112 134.101089 24.583395 156.383163 58.879593               1274 
-28.338709 200.153549 119.832275 -15.658248 186.510971 67.510887 -1.268207 247.989517 126.721474 27.851181 158.272034 57.146576               1283 
-32.170650 197.249329 114.613510 -16.488411 185.751938 62.548840 -7.235960 247.972595 121.664017 28.744074 159.883789 53.450005               1292 
-34.847645 196.100342 111.224747 -17.218369 187.666962 59.157959 -10.649851 247.883514 120.537422 28.704893 162.976227 50.250145               1301 
-34.760891 201.079269 107.074997 -13.248760 195.497711 56.059032 -3.108657 247.056320 124.396111 28.644871 164.204346 48.085575               1310 
-31.757832 205.124878 103.853653 -9.393620 200.706619 53.056492 3.877566 247.097443 124.522766 29.593864 166.119171 44.022556               1319 
-31.214153 207.573074 99.527451 -6.413272 204.720551 49.727882 5.698098 246.247269 124.344322 30.994066 168.447266 40.624775               1328 
-21.724119 201.961746 89.896164 -3.528576 209.363556 45.637794 5.967092 247.298691 122.512192 32.682308 171.741959 37.193005               1337 
-18.312675 202.153107 81.254364 -1.292489 214.706528 40.448139 6.036257 249.266724 119.139046 32.420357 174.655930 32.877079               1346 
-19.079659 204.963303 73.906364 1.491974 218.272781 36.125542 2.513124 252.579193 115.248222 32.331032 175.461304 32.376209               1355 
-17.801016 205.364502 67.070641 1.883793 221.442703 29.976490 -2.195346 248.802124 110.043404 32.474098 178.716003 23.927618               1364 
-17.153368 204.950684 60.359505 3.364469 224.616013 25.454466 -2.064076 239.297623 107.870865 29.960081 180.584381 13.133102               1373 
-43.725357 232.901337 48.675911 25.597260 209.984619 30.477886 -29.347706 225.227676 84.155327 50.725868 163.740829 35.768650               1383 
-42.861298 249.986481 21.019497 32.287064 204.536728 29.388916 -36.529095 227.582825 60.262630 48.439014 156.152664 43.389767               1391 
-35.157814 256.239227 1.711865 35.140591 201.821625 26.392031 -37.761135 229.121414 42.096611 44.790409 152.501923 42.895863               1400 
-28.567478 259.108429 -10.691011 37.065342 200.959106 22.714603 -37.001080 229.695862 29.073271 43.463539 151.402893 40.068909               1410 
-24.788809 262.056793 -20.075310 37.049366 201.088165 17.709707 -37.084198 230.748383 18.483931 41.406857 151.313965 35.072544               1419 
-22.863659 264.439209 -28.994114 36.115654 202.398209 12.870799 -38.212921 231.449982 8.160612 39.550583 152.559311 30.255070               1428 
-21.873720 266.165405 -37.464027 35.207767 203.883835 7.557643 -39.209789 231.890335 -1.315526 38.356735 154.144775 25.278767               1437 
-22.035603 267.465393 -46.272247 33.943027 205.613007 1.578768 -40.759159 231.601746 -10.928662 37.530388 156.094696 19.826904               1446 
-22.260946 268.445953 -54.245712 33.697407 207.374817 -4.473703 -41.492649 230.860901 -19.169628 38.334873 158.219437 14.504426               1455 
-23.314022 269.972534 -63.259697 32.449112 209.573624 -11.458436 -43.105663 230.818970 -27.858232 37.969601 161.038864 8.835124               1464 
-23.592224 270.498962 -71.224937 31.235455 210.416458 -17.216782 -44.354710 229.938370 -35.687798 37.142612 162.445984 4.274302               1473 
-24.287037 270.660553 -79.520218 30.815849 212.190598 -23.152689 -45.214149 228.486588 -43.117172 38.049847 165.214172 0.059623               1482 
-25.509726 270.157684 -87.680290 29.941725 213.362442 -29.145521 -46.528034 226.926910 -49.674423 38.309380 167.625839 -3.925042               1491 
-26.442755 270.865814 -96.549187 28.013912 214.342636 -35.952568 -48.550705 225.947342 -57.646694 36.852428 169.573410 -9.203275               1500 
-28.143602 268.909760 -104.061127 27.032503 214.925034 -41.246250 -49.933418 222.946487 -63.528290 37.324200 171.564316 -12.753172               1509 
-29.043209 267.109528 -111.419792 26.032448 214.748718 -46.638111 -51.141167 220.928894 -68.948486 36.907387 172.757401 -16.366133               1518 
-30.106010 263.576172 -117.567238 25.653687 214.399200 -50.528389 -51.672363 216.959595 -73.331398 37.827103 174.022842 -18.599024               1527 
-32.186913 259.118439 -123.736359 25.059937 213.628693 -55.067822 -52.523911 212.372833 -77.213196 38.957916 175.143188 -21.547102               1536 
-33.779705 256.296326 -129.497345 23.858198 213.488235 -59.343246 -53.470070 209.261169 -82.148338 38.682449 176.097839 -24.990269               1545 
-37.161747 249.447235 -135.880478 22.601383 213.014160 -63.899349 -54.634434 203.413620 -85.757912 39.631905 178.266541 -27.837015               1554 
-39.927017 244.059418 -143.432053 20.562189 212.777908 -69.735970 -56.396164 198.666443 -90.471657 39.359261 180.530487 -32.256626               1563 
-42.584190 235.912399 -149.766602 19.361843 212.239944 -74.497475 -57.030827 192.561905 -92.926102 40.364101 183.749573 -35.189323               1572 
-43.976803 229.928482 -154.091354 18.625566 211.593887 -77.870316 -57.088924 187.905396 -94.406441 41.141052 186.024994 -37.407837               1581 
-45.626560 224.890854 -157.212234 17.849335 211.178238 -80.747208 -57.230385 184.325928 -95.234978 41.716385 188.093903 -39.571918               1590 
-46.673012 220.445816 -159.907608 17.568808 210.829529 -83.457329 -56.431343 180.517792 -96.462143 42.783493 189.867004 -41.951672               1599 
-47.225491 217.304123 -162.421829 16.974577 211.198120 -85.591209 -56.109180 179.590347 -98.011780 42.417404 192.129608 -43.318508               1608 
-49.427204 213.184830 -166.640198 16.156553 213.218979 -90.751221 -55.639580 179.564713 -100.602684 42.648312 197.492584 -47.753613               1617 
-51.196743 206.994644 -169.946548 15.098813 213.604691 -94.977333 -54.472923 177.474609 -103.110336 42.297585 201.529678 -51.246929               1626 
-53.265697 201.034058 -169.918320 14.282320 213.415176 -96.828346 -52.547604 174.694199 -103.158974 42.525253 204.600021 -52.981377               1635 
-55.049610 197.109665 -172.107239 13.084480 213.290909 -100.321335 -51.267273 172.492554 -105.902199 41.938477 206.642670 -56.490124               1644 
-53.899345 181.106461 -176.721786 10.469500 211.734604 -106.189766 -46.672577 162.860336 -109.763641 38.907368 212.755737 -61.600838               1672 
-54.986897 177.118881 -178.275528 8.952182 211.048065 -108.876381 -47.009819 161.197723 -111.031990 37.326782 214.057236 -64.337029               1681 
-57.086102 179.425339 -178.153244 8.764867 212.353271 -110.748581 -47.455303 163.399185 -113.000336 38.251453 213.893646 -66.861275               1690 
-57.943214 179.459946 -177.866684 8.581451 212.601547 -111.712700 -47.460503 164.031265 -114.150444 38.470867 213.598251 -68.082932               1699 
-57.319862 175.878387 -179.772507 7.757308 212.270065 -114.136353 -46.989380 162.758804 -116.396355 37.018353 214.813950 -70.144905               1708 
-58.524105 177.871490 -181.469315 7.256463 212.766479 -115.860481 -48.066399 164.409195 -118.776199 36.491730 214.411911 -71.809158               1717 
-59.184467 179.760635 -182.298141 7.123694 213.255737 -116.578964 -48.361755 165.621109 -120.279182 36.371216 214.047562 -72.512161               1726 
-60.113308 181.753830 -183.114365 6.822050 213.755493 -117.351517 -48.716797 166.733017 -121.806274 36.187977 213.645828 -73.356544               1735 
-60.275452 182.794540 -184.870651 6.445863 214.028366 -118.577042 -48.775120 167.057632 -124.071701 35.624249 213.339966 -74.462700               1744 
-61.785442 186.955688 -187.550842 5.687894 214.343155 -120.366257 -50.512444 169.042801 -127.566742 34.764263 211.462891 -76.273216               1753 
-61.557652 190.482864 -189.026184 5.725128 214.408325 -120.378769 -51.045082 170.377823 -129.788864 34.296486 209.485321 -76.136604               1762 
-58.717438 204.465530 -195.258179 4.818725 210.658035 -119.508446 -53.238152 172.763092 -140.585541 30.107924 195.623520 -75.549980               1771 
-55.604816 211.611908 -198.084656 4.459655 208.947449 -119.357384 -53.009312 174.412918 -146.859329 27.566017 189.038651 -76.140915               1780 
-54.663059 213.356979 -198.644211 4.130028 208.509232 -119.564995 -53.232143 175.972885 -149.642014 26.201277 186.464432 -76.847153               1789 
-55.026737 210.131866 -197.426697 3.924632 208.397415 -119.762108 -53.447842 176.928101 -150.887756 25.474131 185.435349 -77.261642               1798 
-55.116436 209.130524 -197.353577 3.796017 208.287918 -120.318466 -53.674702 178.058884 -152.442642 24.844957 184.319107 -78.124092               1807 
-55.881748 210.881088 -199.216782 3.197937 208.410782 -122.626297 -55.157768 180.599304 -155.251007 23.424084 183.160553 -80.778275               1816 
-56.402142 213.088333 -200.234467 2.886928 208.857864 -124.100632 -56.138893 183.187027 -157.164886 22.477110 182.399948 -82.698570               1825 
-56.304089 213.111938 -203.780304 1.432768 208.692490 -126.844299 -56.865501 183.947769 -161.797318 19.938494 181.377686 -85.499817               1834 
-55.629681 216.088989 -206.669205 0.592936 208.530243 -129.004761 -57.382458 186.147247 -166.008728 17.798105 179.386032 -88.353500               1843 
-54.942436 215.858887 -209.296783 0.290623 208.013748 -131.003952 -57.460453 186.272171 -168.732803 16.693550 178.688828 -90.151527               1852 
-54.026955 217.182571 -211.355042 -0.402591 205.880569 -132.351135 -57.553368 186.025360 -172.060638 15.138362 174.791733 -92.477699               1861 
-53.387970 213.712326 -216.290482 -1.118474 205.902252 -135.937195 -57.508518 183.980331 -175.875092 14.323545 176.320984 -94.895508               1870 
-53.912395 210.482361 -220.807068 -3.004233 204.430359 -139.408188 -58.743675 181.388748 -179.892868 12.281661 175.514587 -97.837196               1879 
-53.645786 208.623611 -223.716705 -3.473011 204.326263 -141.728882 -59.125782 180.763184 -182.057037 11.545443 176.262970 -99.481705               1888 
-53.689720 208.186203 -225.209946 -3.440247 204.200912 -142.936584 -59.264767 180.762985 -183.078354 11.335334 176.574875 -100.317215               1898 
-53.947269 211.826492 -226.029083 -3.205058 204.786194 -143.692123 -59.182323 182.828354 -184.380386 11.098440 176.304626 -101.476746               1906 
-54.156281 214.259094 -226.516495 -3.054319 205.161316 -144.176361 -59.012413 184.118835 -185.252075 10.940973 176.138214 -102.227364               1916 
-54.265476 215.656509 -226.784576 -2.967783 205.376663 -144.454361 -58.897167 184.856079 -185.754623 10.848662 176.045197 -102.660835               1925 
-53.919373 218.612244 -226.938354 -2.645140 205.339767 -144.597031 -58.659214 186.174026 -186.379028 10.674147 175.213028 -103.209785               1934 
-53.797585 220.052002 -227.722305 -2.810077 204.698975 -145.230942 -58.921238 186.660202 -187.346252 9.880092 174.145172 -103.959251               1943 
-53.636898 219.359009 -230.118622 -3.306052 203.728424 -147.061005 -59.337875 186.304031 -189.344452 8.707945 173.459259 -105.379242               1952 
-55.698540 214.587784 -231.920288 -3.948034 202.666840 -148.969452 -60.281956 183.579773 -189.605347 8.905691 174.368744 -106.168434               1961 
-56.898960 212.606445 -232.777786 -4.315642 202.079849 -150.045731 -59.751682 184.105988 -189.974335 8.916173 174.659164 -106.791222               1970 
-57.982571 209.704575 -234.128662 -4.787641 200.957214 -151.494965 -59.553280 184.540085 -190.676071 8.958241 174.431427 -107.844521               1979 
-60.263851 208.094360 -234.274673 -5.906497 200.398178 -152.218536 -59.981445 184.644623 -190.826050 8.814104 174.271439 -108.645325               1988 
-62.974136 211.312515 -234.610947 -7.296277 201.440964 -153.615860 -61.001102 187.113037 -192.185379 8.618133 173.923569 -111.337601               1997 
-66.208946 210.492249 -236.799011 -9.368189 201.777023 -156.426376 -62.443447 186.507629 -194.732712 8.030560 174.420746 -114.631104               2006 
-69.002586 209.145172 -238.166382 -10.787098 201.708389 -158.604813 -63.799679 185.678146 -196.176987 7.870139 174.779114 -117.075928               2015 
-69.448723 210.811874 -239.076340 -11.092303 202.523361 -159.657516 -63.890053 187.285782 -197.375275 7.767930 175.125412 -118.528816               2024 
-69.834511 211.766891 -239.519821 -11.299928 202.915894 -160.255219 -64.031181 188.300491 -197.962402 7.678939 175.246841 -119.363235               2033 
-70.069305 212.386612 -239.774872 -11.421169 203.151138 -160.602585 -64.096031 189.006760 -198.296249 7.621141 175.312134 -119.855713               2042 
-70.464577 213.038452 -239.783951 -11.534815 203.423264 -160.834122 -64.157936 189.716171 -198.439697 7.665904 175.409943 -120.281517               2051 
-70.832748 213.587387 -239.762268 -11.653115 203.620743 -161.013260 -64.077347 190.325378 -198.611374 7.686548 175.447342 -120.637978               2061 
-71.740791 213.340881 -239.396530 -11.789664 203.708893 -161.165314 -64.102188 190.412949 -198.403198 8.017007 175.695358 -120.905357               2069 
-73.236877 211.157150 -239.308701 -12.270216 202.727386 -161.700546 -64.679306 189.176437 -198.165619 7.965415 175.406311 -121.178886               2079 
-74.868431 209.032608 -239.166748 -12.865271 201.837326 -162.235413 -65.382172 187.945435 -197.910873 7.829794 175.229263 -121.472038               2088 
-75.820061 207.833649 -239.063049 -13.207985 201.324722 -162.543442 -65.856056 187.265396 -197.723770 7.759341 175.127487 -121.653313               2096 
-79.855324 197.837051 -237.777618 -14.035779 200.678787 -163.745300 -67.198601 181.321198 -195.374817 9.797805 179.022552 -121.782280               2105 
-82.789200 189.437592 -236.504990 -15.019938 199.027328 -164.815628 -68.396500 176.140610 -193.533081 10.676036 180.863266 -122.298447               2114 
-85.641724 186.881592 -234.331589 -16.149067 197.360474 -164.419327 -69.969131 173.865234 -191.724136 10.846085 179.574295 -122.552383               2123 
-86.378883 185.531677 -233.620361 -16.482510 196.266617 -164.132187 -70.558006 172.870270 -190.974670 10.712769 178.672455 -122.313652               2133 
-86.753899 184.795059 -232.704712 -16.558184 196.167511 -163.603790 -71.057648 172.804031 -189.798996 10.937035 178.895218 -121.847252               2141 
-87.018585 184.287521 -232.062057 -16.611282 196.097977 -163.233017 -71.745598 173.037598 -188.731750 11.092802 179.052094 -121.521515               2151 
-87.007576 184.909775 -231.792542 -16.444689 195.792801 -162.955109 -72.253937 173.965302 -188.174942 10.867034 178.502808 -121.085632               2160 
-86.917572 189.119766 -231.698608 -16.144087 195.396866 -162.488907 -73.327698 177.534760 -187.838242 9.678700 176.453171 -120.390839               2169 
-85.972328 194.828720 -231.007614 -15.546264 196.730713 -161.172592 -73.614990 181.985840 -187.011597 8.913899 176.058975 -119.073814               2179 
-86.839790 197.949860 -229.497681 -15.708816 197.755875 -160.343582 -74.676369 184.732590 -185.462646 8.484251 176.419937 -118.422226               2187 
-87.814774 202.730621 -227.851227 -16.091297 198.221848 -159.446045 -76.003700 188.115707 -184.047348 7.468830 175.209518 -118.054260               2196 
-87.818970 206.351563 -226.083984 -17.091230 198.197830 -156.970230 -77.360268 189.844772 -182.294113 5.750274 173.140930 -116.370422               2205 
-87.732635 207.988678 -225.232422 -17.592075 198.132538 -155.732025 -78.827431 191.303482 -180.554062 4.897416 172.101105 -115.551003               2214 
-85.405968 214.077789 -223.611176 -16.908094 202.554932 -152.731201 -80.126518 198.138535 -176.241943 5.204089 175.129822 -113.274353               2223 
-82.904655 225.228500 -220.412964 -14.982106 207.115570 -150.295471 -80.532433 207.612885 -171.382507 6.293697 176.562653 -112.721725               2232 
-75.810356 235.785172 -218.181885 -10.096026 212.053802 -147.288971 -76.903732 217.734680 -167.129715 8.842502 180.225189 -109.523926               2241 
-60.338894 242.303940 -200.313309 -1.181690 207.128891 -128.298645 -69.532730 210.428848 -147.366562 17.757900 173.914658 -91.746849               2250 
-51.931862 249.618973 -188.348923 2.990621 205.489563 -116.935059 -65.457283 208.143311 -135.988205 22.011141 171.441742 -81.201424               2259 
-44.823586 259.955811 -176.693024 5.004756 205.294235 -108.148949 -63.475712 208.119034 -126.964066 23.948538 170.578323 -73.022514               2269 
-43.173660 263.108917 -169.174561 5.593059 205.160934 -101.808113 -62.753632 206.877304 -120.735405 24.919241 170.409149 -66.926315               2277 
-43.559708 264.593536 -160.981689 5.471353 204.192413 -95.615204 -63.067547 207.432236 -113.094460 24.774464 168.542572 -61.638668               2286 
-45.400970 264.865936 -153.909973 6.165987 205.271362 -89.362396 -62.677605 207.145630 -105.226616 26.875984 170.377060 -55.429939               2295 
-47.305992 263.819061 -146.518997 7.160371 205.504807 -82.907967 -62.300812 206.809708 -96.088913 29.414225 171.516998 -49.032864               2304 
-49.071793 262.015198 -138.969620 8.423177 205.956116 -75.822502 -61.499886 206.346451 -86.689240 32.297173 173.193085 -41.843933               2313 
-51.154522 259.407898 -131.492996 9.309080 206.049393 -68.677551 -60.720047 204.924301 -77.899010 34.799950 174.632660 -34.602173               2322 
-53.247078 256.207886 -122.218666 10.557874 205.331314 -60.608353 -59.590767 203.793869 -66.943680 37.851017 175.165802 -26.799274               2332 
-55.215687 253.613968 -114.445229 10.907893 204.031509 -54.192410 -59.121269 202.982697 -58.118568 39.440319 174.593918 -20.767033               2340 
-56.650681 251.137711 -104.946518 11.718424 202.012070 -46.809021 -57.991608 201.795471 -48.515022 41.407745 172.776855 -14.224160               2349 
-58.287033 248.260117 -95.648964 12.067034 199.476135 -39.570965 -57.242607 200.342850 -39.244183 42.761646 170.348511 -7.832201               2358 
-59.571083 243.892349 -86.322304 13.284954 196.885513 -31.960112 -55.384029 198.010071 -30.224415 45.110859 168.265762 -0.880393               2367 
-60.908588 239.793793 -77.373123 14.086399 194.499176 -24.622635 -53.974056 196.723206 -21.394524 46.728546 166.172073 5.873138               2376 
-63.209835 234.619217 -69.814423 14.157851 192.221100 -18.104891 -53.264721 195.225845 -13.548163 47.766579 164.919662 12.276225               2386 
-63.517525 230.699814 -60.107922 15.566076 189.176987 -10.613203 -51.225052 193.957886 -4.620348 49.616707 161.500183 18.924509               2395 
-63.826878 226.484726 -51.879776 16.871801 186.929474 -3.955427 -49.480331 192.251251 2.904515 51.433716 159.133148 24.867573               2404 
-64.220390 220.302872 -44.905350 17.610258 184.516068 2.514200 -48.140823 190.608063 10.782965 52.949574 157.071823 30.725424               2413 
-63.922256 215.077652 -37.258713 19.020935 182.250778 8.838587 -46.164612 189.194351 18.407795 54.886211 154.666321 36.237621               2422 
-63.715889 209.648361 -30.409693 20.054104 179.891785 15.088657 -44.639896 187.758698 25.515095 56.290150 152.586685 42.278877               2431 
-63.440247 205.245041 -22.780575 21.190737 178.003052 21.015209 -43.023018 187.152237 32.353741 57.448799 150.215683 47.682453               2440 
-63.188084 200.499680 -14.392371 22.250378 176.024490 27.251785 -41.469601 186.819061 39.383663 58.216351 147.427734 53.454865               2449 
-63.558910 195.712509 -7.777702 23.132425 175.043274 32.041298 -40.320919 186.224060 45.036194 59.539883 146.997604 58.230320               2458 
-63.315819 192.393997 -0.470647 24.053442 173.684418 37.379154 -39.011192 185.989075 50.981594 60.332691 145.283066 63.361965               2467 
-61.778683 190.513779 6.028223 25.119333 170.073959 42.649681 -37.525452 184.197098 56.245247 60.153080 139.475876 67.835403               2476 
-61.390312 188.128876 11.560439 25.425684 167.785416 46.698719 -36.925243 183.005493 60.413074 59.644093 135.760117 71.222351               2485 
-62.100388 185.398300 16.637051 25.121231 166.313477 49.939426 -37.192841 181.156174 64.189491 59.306171 133.426956 73.344421               2494 
-62.108585 183.815720 22.753128 25.469866 164.376633 52.985870 -36.340763 179.818130 68.720268 59.304001 129.890335 74.523605               2503 
-62.211586 181.850739 28.662058 25.768867 164.430374 56.639256 -35.528236 181.150528 73.112320 59.415489 129.814407 78.262543               2512 
-61.496803 179.699554 34.695244 26.568981 165.987625 61.213009 -34.089741 185.689163 76.965210 59.645126 132.519714 85.374863               2521 
-60.693611 177.918732 39.969616 27.683100 165.952896 64.025414 -32.563450 186.828537 80.401154 60.692268 132.638947 88.489746               2530 
-60.274948 176.839401 44.223961 28.261139 165.868927 66.448151 -31.780380 187.213837 83.467056 61.219814 132.340775 90.686874               2539 
-58.821877 176.230270 48.154430 29.011963 161.613220 70.093872 -32.081619 177.679367 82.784157 60.468567 125.325714 92.266502               2548 
-57.150070 176.933517 53.696671 30.920296 161.871552 73.330338 -30.035028 179.499054 87.631966 62.176727 125.556236 95.739288               2557 
-56.289276 176.868362 57.458664 31.288370 159.811584 76.848114 -29.652393 177.880157 91.495163 61.597103 121.879959 97.836205               2566 
-55.244427 177.859390 61.207451 31.764471 158.353119 80.107224 -28.803717 178.232178 95.322556 60.828766 119.216461 100.638092               2576 
-54.384800 176.182220 63.509590 32.454880 156.509537 81.904648 -28.249914 176.983063 97.978867 61.139183 116.934570 102.127419               2585 
-53.453320 175.340668 65.716347 33.034931 154.242020 83.289467 -27.612230 175.777206 101.106445 60.971924 113.634186 102.484650               2594 
-52.539364 172.277679 68.286728 34.320293 152.223404 84.552788 -26.412134 174.013031 103.442818 62.686264 112.151001 104.237862               2603 
-51.367954 171.728210 72.224342 35.186108 148.428299 84.963547 -24.476477 171.275116 106.883560 62.690464 106.595749 102.036224               2612 
-50.739643 170.831757 74.741035 35.526272 145.509735 84.867775 -23.814545 168.472763 108.052368 62.413567 102.722839 100.497299               2621 
-51.133141 169.358688 75.459923 35.281902 144.608002 85.274315 -25.162819 165.560547 107.508171 62.401020 101.737511 100.261032               2630 
-51.444641 168.603531 75.980209 35.107384 144.475952 85.758728 -26.098436 163.997543 107.402199 62.456379 101.579590 100.245354               2639 
-51.411224 167.906708 77.534241 35.343182 144.286575 86.381973 -26.030008 162.987137 108.470207 63.019917 101.384865 100.215614               2648 
-51.182270 166.839508 79.590607 35.760365 144.073700 87.015312 -25.499439 162.225189 109.948448 63.784618 101.169701 100.123146               2657 
-51.131355 164.641876 81.359146 36.176117 143.823196 87.688255 -25.279266 160.565552 111.214157 64.984581 101.200371 99.988464               2666 
-51.121197 163.893875 82.483757 36.232685 143.764297 88.334854 -25.283720 160.135849 112.014259 65.203461 101.175247 100.367905               2675 
-51.246529 163.364258 83.542229 36.184101 143.811584 88.517387 -25.190691 160.012527 112.710327 65.376976 101.311745 100.326996               2684 
-51.310677 163.091400 84.467674 36.128296 143.789124 88.691811 -25.099558 159.970383 113.340202 65.399193 101.278702 100.267891               2693 
-51.390278 162.972168 85.486412 35.991432 143.586868 89.062531 -25.078857 159.870956 114.132271 65.190948 100.944572 100.329720               2702 
-51.448093 162.868073 86.280273 35.885334 143.430084 89.349907 -25.051313 159.792267 114.726189 65.027229 100.685959 100.377937               2711 
-51.929905 162.473129 86.945427 35.438911 143.371399 89.746605 -25.525297 159.459854 115.252853 64.693062 100.642967 100.535599               2720 
-52.614025 162.231659 87.546837 34.829597 143.480667 90.210640 -26.215355 159.163239 115.778877 64.258308 100.808006 100.742599               2729 
-53.509899 163.232971 87.563141 33.959126 143.992340 90.518684 -27.209862 159.420105 116.014381 63.477737 101.350243 100.922073               2738 
-55.091141 164.885864 87.009201 32.425911 145.096756 90.541618 -28.914057 160.222717 115.973694 62.213306 102.662849 101.029823               2747 
-56.055305 165.392441 86.838531 31.510870 145.755875 90.555305 -29.895973 160.783844 116.006561 61.457455 103.447151 101.095741               2756 
-56.532310 165.634918 86.752563 31.058983 146.081375 90.562065 -30.291283 161.243988 116.229805 61.083839 103.834717 101.128738               2766 
-56.777439 166.361160 86.636505 30.803114 146.265686 90.565895 -30.475315 161.571518 116.325562 60.872185 104.054237 101.147552               2774 
-56.919518 167.270279 86.491066 30.620073 146.397537 90.568634 -30.638628 161.736557 116.242615 60.720730 104.211311 101.161064               2784 
-57.017242 167.870758 86.394585 30.496321 146.486679 90.570480 -30.710426 161.923508 116.255592 60.618309 104.317520 101.170227               2792 
-57.155750 167.752258 86.460922 30.344084 146.596344 90.572762 -30.732538 162.282837 116.398071 60.492294 104.448189 101.181534               2819 
-48.428455 168.091949 86.598099 36.872864 139.823898 92.385010 -23.872854 158.516205 116.928543 63.139423 94.705261 100.888191               2865 
-50.518265 160.720215 86.056450 35.598583 136.364105 92.594284 -26.834494 150.173431 115.778885 63.457161 91.717285 97.931732               2919 
-47.853638 156.793716 88.895805 38.483864 133.687469 92.676971 -23.167648 147.632721 117.274467 66.704063 89.244965 97.816162               2955 
-47.338184 152.611435 89.610947 39.471935 131.809082 92.246811 -22.176821 144.277084 117.416229 68.701683 87.957344 96.782715               2973 
-46.966812 151.983475 89.478119 39.624683 131.756409 92.429085 -22.115591 144.306549 117.042961 68.604988 87.714813 96.719391               2991 
-46.534531 151.912369 90.272171 39.817108 131.648911 92.468727 -21.602863 144.685272 117.400291 68.411591 87.316765 96.334366               3009 
-47.183498 154.973526 91.306610 38.592224 132.907593 93.080139 -22.342575 147.447342 117.681328 66.035217 87.837097 96.748932               3027 
-49.638203 152.004395 91.203270 36.854515 134.479065 92.611359 -24.112253 146.822815 115.404503 66.132782 90.682411 97.361450               3045 
-50.223328 150.346939 91.622910 36.134598 134.223679 92.214577 -24.252722 146.117523 113.853966 65.528496 90.491554 96.843582               3063 
-50.244610 148.140427 92.014389 36.043472 133.116714 91.946198 -23.993355 144.730377 113.365234 65.598595 89.471596 96.364952               3081 
-53.455067 142.284027 90.138046 33.586803 135.691666 91.892525 -27.143784 142.615509 110.998055 66.716049 94.975182 98.415451               3100 
-53.020916 140.156387 89.529350 33.840767 133.900482 91.467705 -26.461843 141.315750 110.283554 66.818268 93.107033 98.272522               3118 
-52.528801 139.186432 89.054489 34.153885 132.370163 90.963013 -25.376499 140.727341 109.895561 66.665344 91.164589 97.523010               3136 
-53.228321 139.971848 88.895241 33.305794 132.659149 90.437088 -25.413456 141.746796 109.540863 65.434181 91.100403 96.647141               3154 
-53.161995 140.006500 88.854980 33.287151 132.540482 90.438072 -24.800728 142.163788 109.644135 65.233215 90.829193 96.565468               3172 
-52.776909 141.472992 89.325752 33.438648 131.884918 90.351685 -23.878954 142.837952 110.105598 64.335670 89.270218 95.575600               3190 
-51.758957 141.942261 90.473206 34.301743 131.215118 90.308434 -22.336164 142.838516 111.017166 64.650536 88.102966 94.576912               3208 
-51.101479 142.408630 91.352577 34.835373 130.816711 90.190605 -21.236900 142.886627 111.712540 64.777771 87.349594 93.653137               3226 
-51.106903 142.447647 91.481033 34.820759 130.851639 90.186371 -21.103294 142.942108 111.789131 64.754860 87.371971 93.562080               3244 
-50.698261 147.714584 97.405891 34.598011 132.500977 90.644302 -19.334499 146.139160 115.704544 63.013348 87.892601 91.411240               3262 
-49.974949 145.067474 98.897026 35.090919 130.544815 88.042076 -17.803215 142.773361 115.575378 63.756805 86.138893 85.966522               3280 
-49.761868 144.604233 100.000206 34.917999 129.738419 86.692963 -17.204952 141.526962 115.580101 63.192513 85.206390 82.771477               3299 
-49.575905 144.508331 100.511368 34.930073 129.456833 86.238815 -16.858713 141.140442 115.554916 63.029121 84.871925 81.704765               3316 
-49.547188 144.386780 100.705704 34.911892 129.395981 86.013206 -16.737278 140.945999 115.525238 63.012829 84.841003 81.205101               3335 
