-8.672636 165.616608 104.911667 33.394226 120.001030 49.771599 -5.585963 130.486252 94.802917 57.350384 79.534912 54.846401                  0 
-8.446082 165.894791 104.943039 33.318665 119.626396 49.816692 -5.475634 130.208252 95.016632 57.093010 79.033981 54.735474                  8 
-7.326347 165.856201 104.935440 32.826988 117.975700 49.672829 -5.678618 129.585007 94.887848 54.942284 76.411354 54.197983                 18 
-6.187181 166.618607 105.233627 32.695225 117.312141 49.940079 -5.473834 129.634384 95.264778 53.679485 75.133713 54.158924                 27 
-5.653265 165.259033 106.267555 31.434139 116.412567 49.212250 -6.070306 128.359879 95.215324 51.153114 73.502998 51.874756                 36 
-4.917228 166.028412 105.934158 31.366451 116.174126 49.095413 -5.806969 128.806015 95.193634 50.566868 73.038498 51.891785                 45 
-4.738463 166.467789 105.775490 31.399380 116.148865 49.096329 -5.736256 128.924957 95.189713 50.455994 72.950851 51.913246                 54 
-4.423204 167.052292 105.563652 31.546515 116.148384 49.139130 -5.573764 129.181610 95.179710 50.390343 72.862785 52.041687                 63 
-2.307452 166.428207 106.626701 29.712427 115.308922 47.979313 -5.481980 128.797180 95.391296 46.590759 71.142082 49.232521                 72 
-2.679048 166.463257 106.575905 29.887726 115.340958 48.224590 -5.641745 128.828247 95.403313 46.869282 71.218948 49.650280                 81 
-3.273602 166.640289 106.265343 30.512875 115.497597 48.621883 -5.743576 128.946686 95.267632 47.827377 71.521973 50.495464                 90 
-3.904305 167.179031 105.640099 31.138168 115.748306 49.003708 -5.880021 129.406677 95.002937 48.732162 71.917465 51.546623                 99 
-4.311701 166.892258 105.556267 31.578417 115.834366 49.140980 -5.769044 129.217133 94.972336 49.587547 72.180061 51.811382                108 
-4.408391 167.013275 105.347916 31.755161 115.825012 49.263340 -5.718573 129.430557 94.943184 49.782555 72.194366 52.185196                117 
-4.625026 166.966019 105.236046 31.903330 115.844643 49.339783 -5.741137 129.462662 94.892433 49.999313 72.249512 52.365921                126 
999.000000 999.000000 999.000000 999.000000 999.000000 999.000000 999.000000 999.000000 999.000000 999.000000 999.000000 999.000000              135.0 
999.000000 999.000000 999.000000 999.000000 999.000000 999.000000 999.000000 999.000000 999.000000 999.000000 999.000000 999.000000              144.0 
999.000000 999.000000 999.000000 999.000000 999.000000 999.000000 999.000000 999.000000 999.000000 999.000000 999.000000 999.000000              153.0 
999.000000 999.000000 999.000000 999.000000 999.000000 999.000000 999.000000 999.000000 999.000000 999.000000 999.000000 999.000000              162.0 
999.000000 999.000000 999.000000 999.000000 999.000000 999.000000 999.000000 999.000000 999.000000 999.000000 999.000000 999.000000              171.0 
999.000000 999.000000 999.000000 999.000000 999.000000 999.000000 999.000000 999.000000 999.000000 999.000000 999.000000 999.000000              180.0 
999.000000 999.000000 999.000000 999.000000 999.000000 999.000000 999.000000 999.000000 999.000000 999.000000 999.000000 999.000000              189.0 
999.000000 999.000000 999.000000 999.000000 999.000000 999.000000 999.000000 999.000000 999.000000 999.000000 999.000000 999.000000              198.0 
999.000000 999.000000 999.000000 999.000000 999.000000 999.000000 999.000000 999.000000 999.000000 999.000000 999.000000 999.000000              207.0 
999.000000 999.000000 999.000000 999.000000 999.000000 999.000000 999.000000 999.000000 999.000000 999.000000 999.000000 999.000000              217.0 
999.000000 999.000000 999.000000 999.000000 999.000000 999.000000 999.000000 999.000000 999.000000 999.000000 999.000000 999.000000              226.0 
999.000000 999.000000 999.000000 999.000000 999.000000 999.000000 999.000000 999.000000 999.000000 999.000000 999.000000 999.000000              235.0 
999.000000 999.000000 999.000000 999.000000 999.000000 999.000000 999.000000 999.000000 999.000000 999.000000 999.000000 999.000000              244.0 
999.000000 999.000000 999.000000 999.000000 999.000000 999.000000 999.000000 999.000000 999.000000 999.000000 999.000000 999.000000              253.0 
999.000000 999.000000 999.000000 999.000000 999.000000 999.000000 999.000000 999.000000 999.000000 999.000000 999.000000 999.000000              262.0 
999.000000 999.000000 999.000000 999.000000 999.000000 999.000000 999.000000 999.000000 999.000000 999.000000 999.000000 999.000000              271.0 
999.000000 999.000000 999.000000 999.000000 999.000000 999.000000 999.000000 999.000000 999.000000 999.000000 999.000000 999.000000              280.0 
999.000000 999.000000 999.000000 999.000000 999.000000 999.000000 999.000000 999.000000 999.000000 999.000000 999.000000 999.000000              289.0 
999.000000 999.000000 999.000000 999.000000 999.000000 999.000000 999.000000 999.000000 999.000000 999.000000 999.000000 999.000000              298.0 
999.000000 999.000000 999.000000 999.000000 999.000000 999.000000 999.000000 999.000000 999.000000 999.000000 999.000000 999.000000              307.0 
999.000000 999.000000 999.000000 999.000000 999.000000 999.000000 999.000000 999.000000 999.000000 999.000000 999.000000 999.000000              316.0 
999.000000 999.000000 999.000000 999.000000 999.000000 999.000000 999.000000 999.000000 999.000000 999.000000 999.000000 999.000000              325.0 
999.000000 999.000000 999.000000 999.000000 999.000000 999.000000 999.000000 999.000000 999.000000 999.000000 999.000000 999.000000              334.0 
999.000000 999.000000 999.000000 999.000000 999.000000 999.000000 999.000000 999.000000 999.000000 999.000000 999.000000 999.000000              343.0 
999.000000 999.000000 999.000000 999.000000 999.000000 999.000000 999.000000 999.000000 999.000000 999.000000 999.000000 999.000000              352.0 
999.000000 999.000000 999.000000 999.000000 999.000000 999.000000 999.000000 999.000000 999.000000 999.000000 999.000000 999.000000              361.0 
999.000000 999.000000 999.000000 999.000000 999.000000 999.000000 999.000000 999.000000 999.000000 999.000000 999.000000 999.000000              370.0 
999.000000 999.000000 999.000000 999.000000 999.000000 999.000000 999.000000 999.000000 999.000000 999.000000 999.000000 999.000000              379.0 
999.000000 999.000000 999.000000 999.000000 999.000000 999.000000 999.000000 999.000000 999.000000 999.000000 999.000000 999.000000              388.0 
999.000000 999.000000 999.000000 999.000000 999.000000 999.000000 999.000000 999.000000 999.000000 999.000000 999.000000 999.000000              397.0 
999.000000 999.000000 999.000000 999.000000 999.000000 999.000000 999.000000 999.000000 999.000000 999.000000 999.000000 999.000000              406.0 
999.000000 999.000000 999.000000 999.000000 999.000000 999.000000 999.000000 999.000000 999.000000 999.000000 999.000000 999.000000              415.0 
999.000000 999.000000 999.000000 999.000000 999.000000 999.000000 999.000000 999.000000 999.000000 999.000000 999.000000 999.000000              424.0 
999.000000 999.000000 999.000000 999.000000 999.000000 999.000000 999.000000 999.000000 999.000000 999.000000 999.000000 999.000000              433.0 
999.000000 999.000000 999.000000 999.000000 999.000000 999.000000 999.000000 999.000000 999.000000 999.000000 999.000000 999.000000              443.0 
999.000000 999.000000 999.000000 999.000000 999.000000 999.000000 999.000000 999.000000 999.000000 999.000000 999.000000 999.000000              452.0 
999.000000 999.000000 999.000000 999.000000 999.000000 999.000000 999.000000 999.000000 999.000000 999.000000 999.000000 999.000000              461.0 
999.000000 999.000000 999.000000 999.000000 999.000000 999.000000 999.000000 999.000000 999.000000 999.000000 999.000000 999.000000              470.0 
999.000000 999.000000 999.000000 999.000000 999.000000 999.000000 999.000000 999.000000 999.000000 999.000000 999.000000 999.000000              479.0 
999.000000 999.000000 999.000000 999.000000 999.000000 999.000000 999.000000 999.000000 999.000000 999.000000 999.000000 999.000000              488.0 
999.000000 999.000000 999.000000 999.000000 999.000000 999.000000 999.000000 999.000000 999.000000 999.000000 999.000000 999.000000              497.0 
999.000000 999.000000 999.000000 999.000000 999.000000 999.000000 999.000000 999.000000 999.000000 999.000000 999.000000 999.000000              506.0 
999.000000 999.000000 999.000000 999.000000 999.000000 999.000000 999.000000 999.000000 999.000000 999.000000 999.000000 999.000000              515.0 
999.000000 999.000000 999.000000 999.000000 999.000000 999.000000 999.000000 999.000000 999.000000 999.000000 999.000000 999.000000              524.0 
999.000000 999.000000 999.000000 999.000000 999.000000 999.000000 999.000000 999.000000 999.000000 999.000000 999.000000 999.000000              533.0 
999.000000 999.000000 999.000000 999.000000 999.000000 999.000000 999.000000 999.000000 999.000000 999.000000 999.000000 999.000000              542.0 
999.000000 999.000000 999.000000 999.000000 999.000000 999.000000 999.000000 999.000000 999.000000 999.000000 999.000000 999.000000              551.0 
999.000000 999.000000 999.000000 999.000000 999.000000 999.000000 999.000000 999.000000 999.000000 999.000000 999.000000 999.000000              560.0 
999.000000 999.000000 999.000000 999.000000 999.000000 999.000000 999.000000 999.000000 999.000000 999.000000 999.000000 999.000000              569.0 
999.000000 999.000000 999.000000 999.000000 999.000000 999.000000 999.000000 999.000000 999.000000 999.000000 999.000000 999.000000              578.0 
999.000000 999.000000 999.000000 999.000000 999.000000 999.000000 999.000000 999.000000 999.000000 999.000000 999.000000 999.000000              587.0 
999.000000 999.000000 999.000000 999.000000 999.000000 999.000000 999.000000 999.000000 999.000000 999.000000 999.000000 999.000000              596.0 
999.000000 999.000000 999.000000 999.000000 999.000000 999.000000 999.000000 999.000000 999.000000 999.000000 999.000000 999.000000              605.0 
999.000000 999.000000 999.000000 999.000000 999.000000 999.000000 999.000000 999.000000 999.000000 999.000000 999.000000 999.000000              614.0 
999.000000 999.000000 999.000000 999.000000 999.000000 999.000000 999.000000 999.000000 999.000000 999.000000 999.000000 999.000000              623.0 
999.000000 999.000000 999.000000 999.000000 999.000000 999.000000 999.000000 999.000000 999.000000 999.000000 999.000000 999.000000              632.0 
999.000000 999.000000 999.000000 999.000000 999.000000 999.000000 999.000000 999.000000 999.000000 999.000000 999.000000 999.000000              641.0 
999.000000 999.000000 999.000000 999.000000 999.000000 999.000000 999.000000 999.000000 999.000000 999.000000 999.000000 999.000000              650.0 
999.000000 999.000000 999.000000 999.000000 999.000000 999.000000 999.000000 999.000000 999.000000 999.000000 999.000000 999.000000              659.0 
999.000000 999.000000 999.000000 999.000000 999.000000 999.000000 999.000000 999.000000 999.000000 999.000000 999.000000 999.000000              668.0 
999.000000 999.000000 999.000000 999.000000 999.000000 999.000000 999.000000 999.000000 999.000000 999.000000 999.000000 999.000000              678.0 
999.000000 999.000000 999.000000 999.000000 999.000000 999.000000 999.000000 999.000000 999.000000 999.000000 999.000000 999.000000              687.0 
999.000000 999.000000 999.000000 999.000000 999.000000 999.000000 999.000000 999.000000 999.000000 999.000000 999.000000 999.000000              714.0 
999.000000 999.000000 999.000000 999.000000 999.000000 999.000000 999.000000 999.000000 999.000000 999.000000 999.000000 999.000000              723.0 
999.000000 999.000000 999.000000 999.000000 999.000000 999.000000 999.000000 999.000000 999.000000 999.000000 999.000000 999.000000              732.0 
999.000000 999.000000 999.000000 999.000000 999.000000 999.000000 999.000000 999.000000 999.000000 999.000000 999.000000 999.000000              741.0 
999.000000 999.000000 999.000000 999.000000 999.000000 999.000000 999.000000 999.000000 999.000000 999.000000 999.000000 999.000000              750.0 
999.000000 999.000000 999.000000 999.000000 999.000000 999.000000 999.000000 999.000000 999.000000 999.000000 999.000000 999.000000              759.0 
999.000000 999.000000 999.000000 999.000000 999.000000 999.000000 999.000000 999.000000 999.000000 999.000000 999.000000 999.000000              768.0 
999.000000 999.000000 999.000000 999.000000 999.000000 999.000000 999.000000 999.000000 999.000000 999.000000 999.000000 999.000000              777.0 
999.000000 999.000000 999.000000 999.000000 999.000000 999.000000 999.000000 999.000000 999.000000 999.000000 999.000000 999.000000              786.0 
999.000000 999.000000 999.000000 999.000000 999.000000 999.000000 999.000000 999.000000 999.000000 999.000000 999.000000 999.000000              795.0 
999.000000 999.000000 999.000000 999.000000 999.000000 999.000000 999.000000 999.000000 999.000000 999.000000 999.000000 999.000000              804.0 
999.000000 999.000000 999.000000 999.000000 999.000000 999.000000 999.000000 999.000000 999.000000 999.000000 999.000000 999.000000              813.0 
999.000000 999.000000 999.000000 999.000000 999.000000 999.000000 999.000000 999.000000 999.000000 999.000000 999.000000 999.000000              822.0 
999.000000 999.000000 999.000000 999.000000 999.000000 999.000000 999.000000 999.000000 999.000000 999.000000 999.000000 999.000000              831.0 
999.000000 999.000000 999.000000 999.000000 999.000000 999.000000 999.000000 999.000000 999.000000 999.000000 999.000000 999.000000              840.0 
999.000000 999.000000 999.000000 999.000000 999.000000 999.000000 999.000000 999.000000 999.000000 999.000000 999.000000 999.000000              849.0 
999.000000 999.000000 999.000000 999.000000 999.000000 999.000000 999.000000 999.000000 999.000000 999.000000 999.000000 999.000000              858.0 
999.000000 999.000000 999.000000 999.000000 999.000000 999.000000 999.000000 999.000000 999.000000 999.000000 999.000000 999.000000              867.0 
999.000000 999.000000 999.000000 999.000000 999.000000 999.000000 999.000000 999.000000 999.000000 999.000000 999.000000 999.000000              876.0 
999.000000 999.000000 999.000000 999.000000 999.000000 999.000000 999.000000 999.000000 999.000000 999.000000 999.000000 999.000000              885.0 
999.000000 999.000000 999.000000 999.000000 999.000000 999.000000 999.000000 999.000000 999.000000 999.000000 999.000000 999.000000              894.0 
999.000000 999.000000 999.000000 999.000000 999.000000 999.000000 999.000000 999.000000 999.000000 999.000000 999.000000 999.000000              903.0 
999.000000 999.000000 999.000000 999.000000 999.000000 999.000000 999.000000 999.000000 999.000000 999.000000 999.000000 999.000000              912.0 
999.000000 999.000000 999.000000 999.000000 999.000000 999.000000 999.000000 999.000000 999.000000 999.000000 999.000000 999.000000              922.0 
999.000000 999.000000 999.000000 999.000000 999.000000 999.000000 999.000000 999.000000 999.000000 999.000000 999.000000 999.000000              931.0 
999.000000 999.000000 999.000000 999.000000 999.000000 999.000000 999.000000 999.000000 999.000000 999.000000 999.000000 999.000000              940.0 
999.000000 999.000000 999.000000 999.000000 999.000000 999.000000 999.000000 999.000000 999.000000 999.000000 999.000000 999.000000              949.0 
999.000000 999.000000 999.000000 999.000000 999.000000 999.000000 999.000000 999.000000 999.000000 999.000000 999.000000 999.000000              958.0 
999.000000 999.000000 999.000000 999.000000 999.000000 999.000000 999.000000 999.000000 999.000000 999.000000 999.000000 999.000000              967.0 
999.000000 999.000000 999.000000 999.000000 999.000000 999.000000 999.000000 999.000000 999.000000 999.000000 999.000000 999.000000              976.0 
999.000000 999.000000 999.000000 999.000000 999.000000 999.000000 999.000000 999.000000 999.000000 999.000000 999.000000 999.000000              985.0 
999.000000 999.000000 999.000000 999.000000 999.000000 999.000000 999.000000 999.000000 999.000000 999.000000 999.000000 999.000000              994.0 
999.000000 999.000000 999.000000 999.000000 999.000000 999.000000 999.000000 999.000000 999.000000 999.000000 999.000000 999.000000             1003.0 
999.000000 999.000000 999.000000 999.000000 999.000000 999.000000 999.000000 999.000000 999.000000 999.000000 999.000000 999.000000             1012.0 
999.000000 999.000000 999.000000 999.000000 999.000000 999.000000 999.000000 999.000000 999.000000 999.000000 999.000000 999.000000             1021.0 
999.000000 999.000000 999.000000 999.000000 999.000000 999.000000 999.000000 999.000000 999.000000 999.000000 999.000000 999.000000             1030.0 
999.000000 999.000000 999.000000 999.000000 999.000000 999.000000 999.000000 999.000000 999.000000 999.000000 999.000000 999.000000             1039.0 
999.000000 999.000000 999.000000 999.000000 999.000000 999.000000 999.000000 999.000000 999.000000 999.000000 999.000000 999.000000             1048.0 
999.000000 999.000000 999.000000 999.000000 999.000000 999.000000 999.000000 999.000000 999.000000 999.000000 999.000000 999.000000             1057.0 
999.000000 999.000000 999.000000 999.000000 999.000000 999.000000 999.000000 999.000000 999.000000 999.000000 999.000000 999.000000             1066.0 
999.000000 999.000000 999.000000 999.000000 999.000000 999.000000 999.000000 999.000000 999.000000 999.000000 999.000000 999.000000             1075.0 
999.000000 999.000000 999.000000 999.000000 999.000000 999.000000 999.000000 999.000000 999.000000 999.000000 999.000000 999.000000             1084.0 
999.000000 999.000000 999.000000 999.000000 999.000000 999.000000 999.000000 999.000000 999.000000 999.000000 999.000000 999.000000             1093.0 
999.000000 999.000000 999.000000 999.000000 999.000000 999.000000 999.000000 999.000000 999.000000 999.000000 999.000000 999.000000             1102.0 
999.000000 999.000000 999.000000 999.000000 999.000000 999.000000 999.000000 999.000000 999.000000 999.000000 999.000000 999.000000             1111.0 
999.000000 999.000000 999.000000 999.000000 999.000000 999.000000 999.000000 999.000000 999.000000 999.000000 999.000000 999.000000             1120.0 
999.000000 999.000000 999.000000 999.000000 999.000000 999.000000 999.000000 999.000000 999.000000 999.000000 999.000000 999.000000             1129.0 
999.000000 999.000000 999.000000 999.000000 999.000000 999.000000 999.000000 999.000000 999.000000 999.000000 999.000000 999.000000             1138.0 
999.000000 999.000000 999.000000 999.000000 999.000000 999.000000 999.000000 999.000000 999.000000 999.000000 999.000000 999.000000             1147.0 
999.000000 999.000000 999.000000 999.000000 999.000000 999.000000 999.000000 999.000000 999.000000 999.000000 999.000000 999.000000             1157.0 
999.000000 999.000000 999.000000 999.000000 999.000000 999.000000 999.000000 999.000000 999.000000 999.000000 999.000000 999.000000             1166.0 
999.000000 999.000000 999.000000 999.000000 999.000000 999.000000 999.000000 999.000000 999.000000 999.000000 999.000000 999.000000             1175.0 
999.000000 999.000000 999.000000 999.000000 999.000000 999.000000 999.000000 999.000000 999.000000 999.000000 999.000000 999.000000             1184.0 
999.000000 999.000000 999.000000 999.000000 999.000000 999.000000 999.000000 999.000000 999.000000 999.000000 999.000000 999.000000             1193.0 
999.000000 999.000000 999.000000 999.000000 999.000000 999.000000 999.000000 999.000000 999.000000 999.000000 999.000000 999.000000             1202.0 
999.000000 999.000000 999.000000 999.000000 999.000000 999.000000 999.000000 999.000000 999.000000 999.000000 999.000000 999.000000             1211.0 
999.000000 999.000000 999.000000 999.000000 999.000000 999.000000 999.000000 999.000000 999.000000 999.000000 999.000000 999.000000             1220.0 
999.000000 999.000000 999.000000 999.000000 999.000000 999.000000 999.000000 999.000000 999.000000 999.000000 999.000000 999.000000             1229.0 
999.000000 999.000000 999.000000 999.000000 999.000000 999.000000 999.000000 999.000000 999.000000 999.000000 999.000000 999.000000             1238.0 
999.000000 999.000000 999.000000 999.000000 999.000000 999.000000 999.000000 999.000000 999.000000 999.000000 999.000000 999.000000             1247.0 
999.000000 999.000000 999.000000 999.000000 999.000000 999.000000 999.000000 999.000000 999.000000 999.000000 999.000000 999.000000             1256.0 
999.000000 999.000000 999.000000 999.000000 999.000000 999.000000 999.000000 999.000000 999.000000 999.000000 999.000000 999.000000             1265.0 
999.000000 999.000000 999.000000 999.000000 999.000000 999.000000 999.000000 999.000000 999.000000 999.000000 999.000000 999.000000             1274.0 
999.000000 999.000000 999.000000 999.000000 999.000000 999.000000 999.000000 999.000000 999.000000 999.000000 999.000000 999.000000             1283.0 
999.000000 999.000000 999.000000 999.000000 999.000000 999.000000 999.000000 999.000000 999.000000 999.000000 999.000000 999.000000             1292.0 
999.000000 999.000000 999.000000 999.000000 999.000000 999.000000 999.000000 999.000000 999.000000 999.000000 999.000000 999.000000             1301.0 
999.000000 999.000000 999.000000 999.000000 999.000000 999.000000 999.000000 999.000000 999.000000 999.000000 999.000000 999.000000             1310.0 
999.000000 999.000000 999.000000 999.000000 999.000000 999.000000 999.000000 999.000000 999.000000 999.000000 999.000000 999.000000             1319.0 
999.000000 999.000000 999.000000 999.000000 999.000000 999.000000 999.000000 999.000000 999.000000 999.000000 999.000000 999.000000             1328.0 
999.000000 999.000000 999.000000 999.000000 999.000000 999.000000 999.000000 999.000000 999.000000 999.000000 999.000000 999.000000             1337.0 
999.000000 999.000000 999.000000 999.000000 999.000000 999.000000 999.000000 999.000000 999.000000 999.000000 999.000000 999.000000             1346.0 
999.000000 999.000000 999.000000 999.000000 999.000000 999.000000 999.000000 999.000000 999.000000 999.000000 999.000000 999.000000             1355.0 
999.000000 999.000000 999.000000 999.000000 999.000000 999.000000 999.000000 999.000000 999.000000 999.000000 999.000000 999.000000             1364.0 
999.000000 999.000000 999.000000 999.000000 999.000000 999.000000 999.000000 999.000000 999.000000 999.000000 999.000000 999.000000             1373.0 
999.000000 999.000000 999.000000 999.000000 999.000000 999.000000 999.000000 999.000000 999.000000 999.000000 999.000000 999.000000             1382.0 
999.000000 999.000000 999.000000 999.000000 999.000000 999.000000 999.000000 999.000000 999.000000 999.000000 999.000000 999.000000             1392.0 
999.000000 999.000000 999.000000 999.000000 999.000000 999.000000 999.000000 999.000000 999.000000 999.000000 999.000000 999.000000             1401.0 
999.000000 999.000000 999.000000 999.000000 999.000000 999.000000 999.000000 999.000000 999.000000 999.000000 999.000000 999.000000             1410.0 
999.000000 999.000000 999.000000 999.000000 999.000000 999.000000 999.000000 999.000000 999.000000 999.000000 999.000000 999.000000             1419.0 
999.000000 999.000000 999.000000 999.000000 999.000000 999.000000 999.000000 999.000000 999.000000 999.000000 999.000000 999.000000             1428.0 
999.000000 999.000000 999.000000 999.000000 999.000000 999.000000 999.000000 999.000000 999.000000 999.000000 999.000000 999.000000             1437.0 
999.000000 999.000000 999.000000 999.000000 999.000000 999.000000 999.000000 999.000000 999.000000 999.000000 999.000000 999.000000             1446.0 
999.000000 999.000000 999.000000 999.000000 999.000000 999.000000 999.000000 999.000000 999.000000 999.000000 999.000000 999.000000             1455.0 
999.000000 999.000000 999.000000 999.000000 999.000000 999.000000 999.000000 999.000000 999.000000 999.000000 999.000000 999.000000             1464.0 
999.000000 999.000000 999.000000 999.000000 999.000000 999.000000 999.000000 999.000000 999.000000 999.000000 999.000000 999.000000             1473.0 
999.000000 999.000000 999.000000 999.000000 999.000000 999.000000 999.000000 999.000000 999.000000 999.000000 999.000000 999.000000             1482.0 
999.000000 999.000000 999.000000 999.000000 999.000000 999.000000 999.000000 999.000000 999.000000 999.000000 999.000000 999.000000             1491.0 
999.000000 999.000000 999.000000 999.000000 999.000000 999.000000 999.000000 999.000000 999.000000 999.000000 999.000000 999.000000             1500.0 
999.000000 999.000000 999.000000 999.000000 999.000000 999.000000 999.000000 999.000000 999.000000 999.000000 999.000000 999.000000             1509.0 
999.000000 999.000000 999.000000 999.000000 999.000000 999.000000 999.000000 999.000000 999.000000 999.000000 999.000000 999.000000             1518.0 
999.000000 999.000000 999.000000 999.000000 999.000000 999.000000 999.000000 999.000000 999.000000 999.000000 999.000000 999.000000             1527.0 
999.000000 999.000000 999.000000 999.000000 999.000000 999.000000 999.000000 999.000000 999.000000 999.000000 999.000000 999.000000             1536.0 
999.000000 999.000000 999.000000 999.000000 999.000000 999.000000 999.000000 999.000000 999.000000 999.000000 999.000000 999.000000             1545.0 
999.000000 999.000000 999.000000 999.000000 999.000000 999.000000 999.000000 999.000000 999.000000 999.000000 999.000000 999.000000             1554.0 
999.000000 999.000000 999.000000 999.000000 999.000000 999.000000 999.000000 999.000000 999.000000 999.000000 999.000000 999.000000             1563.0 
999.000000 999.000000 999.000000 999.000000 999.000000 999.000000 999.000000 999.000000 999.000000 999.000000 999.000000 999.000000             1572.0 
999.000000 999.000000 999.000000 999.000000 999.000000 999.000000 999.000000 999.000000 999.000000 999.000000 999.000000 999.000000             1581.0 
999.000000 999.000000 999.000000 999.000000 999.000000 999.000000 999.000000 999.000000 999.000000 999.000000 999.000000 999.000000             1590.0 
999.000000 999.000000 999.000000 999.000000 999.000000 999.000000 999.000000 999.000000 999.000000 999.000000 999.000000 999.000000             1599.0 
999.000000 999.000000 999.000000 999.000000 999.000000 999.000000 999.000000 999.000000 999.000000 999.000000 999.000000 999.000000             1608.0 
999.000000 999.000000 999.000000 999.000000 999.000000 999.000000 999.000000 999.000000 999.000000 999.000000 999.000000 999.000000             1617.0 
999.000000 999.000000 999.000000 999.000000 999.000000 999.000000 999.000000 999.000000 999.000000 999.000000 999.000000 999.000000             1627.0 
999.000000 999.000000 999.000000 999.000000 999.000000 999.000000 999.000000 999.000000 999.000000 999.000000 999.000000 999.000000             1636.0 
999.000000 999.000000 999.000000 999.000000 999.000000 999.000000 999.000000 999.000000 999.000000 999.000000 999.000000 999.000000             1645.0 
999.000000 999.000000 999.000000 999.000000 999.000000 999.000000 999.000000 999.000000 999.000000 999.000000 999.000000 999.000000             1654.0 
999.000000 999.000000 999.000000 999.000000 999.000000 999.000000 999.000000 999.000000 999.000000 999.000000 999.000000 999.000000             1663.0 
-47.883583 258.191254 -166.248383 2.815410 197.777496 -108.165482 -69.081741 198.001373 -121.130005 21.982588 164.565369 -76.701111               1672 
-48.893631 258.639679 -164.300613 1.400267 198.392487 -105.706070 -70.008202 199.791687 -118.348167 20.341667 165.435364 -73.839401               1681 
-50.080421 259.395111 -159.790802 0.671325 198.575302 -102.229408 -70.797821 201.803619 -112.660835 19.858763 165.489716 -70.644287               1690 
-51.523773 256.084320 -152.391541 0.967529 198.495041 -96.231270 -69.870033 202.729889 -105.318832 20.680710 165.217194 -65.176353               1699 
-52.578819 254.033600 -143.896851 1.518450 197.712173 -89.863434 -68.699936 202.865234 -97.150406 21.991009 164.152985 -59.613014               1708 
-54.662022 251.841049 -136.185608 1.819780 197.444046 -83.832924 -67.870743 202.669235 -88.913628 23.653965 164.251648 -54.135025               1717 
-56.401798 249.435333 -127.680649 2.244341 196.384888 -77.182594 -66.633690 201.593414 -80.625885 25.399441 163.352814 -48.318146               1726 
-57.277134 247.590988 -118.073830 2.684600 194.063141 -70.327209 -64.943291 201.028275 -71.715546 26.661661 160.474380 -42.807598               1735 
-58.217648 245.254120 -108.003647 3.865132 192.500366 -62.614334 -62.936207 200.379745 -61.101604 29.199821 159.162064 -36.022156               1744 
-58.652195 242.720520 -97.707611 5.464688 190.663986 -54.843754 -60.603363 199.007126 -50.598160 32.135712 157.505203 -29.356792               1753 
-59.353699 240.219742 -87.660583 6.798982 189.140640 -47.180435 -58.515537 198.169754 -39.729298 34.813789 156.376678 -22.642189               1762 
-59.898033 238.441620 -79.305267 7.268714 187.771027 -40.678444 -56.966885 198.824020 -30.296989 35.936825 155.017166 -16.892799               1771 
-59.985058 236.745514 -70.799034 7.944189 185.843124 -34.284481 -54.958393 199.278336 -20.905775 37.102512 152.979401 -11.258397               1780 
-59.273899 234.590088 -61.058598 10.005699 183.819901 -27.532349 -52.079510 197.319244 -11.865559 40.042805 150.680389 -6.085268               1789 
-58.088253 232.845551 -52.441544 11.337756 181.727264 -20.533123 -49.216946 197.535553 -2.919055 41.436840 148.216156 0.239058               1798 
-57.612030 231.241257 -43.946106 12.128394 179.672089 -14.657492 -46.447865 197.867767 5.511639 42.363007 145.565994 4.914828               1807 
-56.676380 228.761368 -35.924706 13.223574 177.371811 -8.484848 -43.379524 197.976318 13.557817 43.402668 142.793167 10.329293               1816 
-55.832386 225.866409 -28.209469 14.333013 175.447266 -1.981617 -40.610653 198.039261 21.300837 44.439732 140.588409 16.427027               1825 
-55.422974 223.239441 -20.880869 15.053307 173.813187 4.145486 -38.361744 198.131165 28.486765 45.063702 138.678543 22.183380               1834 
-52.659256 217.304794 2.894825 17.734198 166.638947 21.858704 -30.176195 195.629044 50.566319 47.262199 130.024948 37.604988               1861 
-50.851337 210.312027 30.768986 20.756804 160.301590 42.843269 -23.930159 189.396255 75.548920 50.964737 122.994263 55.336342               1907 
-46.805000 200.469345 57.912014 25.870537 151.584106 63.507286 -16.700544 179.264542 99.787529 56.867920 113.964989 72.694038               1961 
-46.698254 198.590393 62.530125 24.903385 148.342453 66.820183 -17.849676 174.914993 103.647530 54.865150 109.567757 74.517509               1979 
-46.773041 197.218445 66.817139 25.497778 148.338867 69.455238 -16.594965 174.755936 106.931313 55.921513 109.828896 76.653206               1997 
-46.004765 194.178421 71.689209 25.020115 144.001831 70.936905 -16.237123 169.357117 109.841415 54.267815 104.227707 75.735207               2015 
-46.362671 193.743073 77.398872 23.341667 142.243576 73.234413 -16.851692 166.812943 113.338837 51.414726 101.429558 75.794090               2033 
-47.214794 194.113876 82.129852 21.677010 141.910965 75.266129 -18.250689 165.158463 115.701828 49.036243 100.541161 75.933022               2051 
-53.714352 185.555740 85.732941 20.764984 142.696884 77.963661 -21.416882 161.280457 117.992287 52.518631 104.593903 78.512787               2069 
-51.798161 186.094604 87.665840 21.210064 141.795105 79.007828 -21.046633 160.566391 118.398048 51.311214 102.370850 78.722786               2087 
-51.669865 184.912262 88.696320 21.216196 141.577011 79.714104 -21.465353 160.162567 118.297661 50.755287 101.732178 79.200287               2106 
-52.066212 178.697830 89.449097 20.917543 140.816849 79.820488 -21.854509 159.660385 117.994827 49.632339 100.378548 79.022598               2124 
-50.900150 172.041153 89.578758 21.208721 137.760757 79.409615 -21.584635 156.900375 117.257011 48.345673 96.274590 77.701851               2142 
-49.641216 167.865067 89.835930 22.022251 134.763031 78.789299 -20.696524 153.666397 116.642487 48.336334 92.800217 76.120338               2160 
-44.723206 163.684235 91.298141 23.539837 126.396889 75.130363 -16.714611 144.876373 115.781143 45.776649 82.747040 67.342690               2178 
-40.594685 156.977020 93.257133 27.651833 121.390251 74.128204 -11.330548 138.761581 116.448257 50.239044 78.186737 64.979034               2196 
-41.562222 156.008408 94.054749 27.240797 121.990234 74.474342 -12.011472 138.522659 116.484550 50.532749 79.210686 65.102707               2214 
-36.139336 145.823441 82.586235 16.828442 144.900574 70.365273 -38.035210 156.342468 96.494362 37.759773 99.949791 71.683975               2232 
-37.209465 133.286926 87.048546 10.485927 146.147552 71.399658 -49.010052 149.850266 98.926369 34.963993 103.137421 74.773827               2250 
-36.428207 132.606262 87.745056 9.874672 147.885086 70.774948 -49.322643 151.264420 99.126625 35.348217 105.533318 75.000946               2268 
-35.624729 131.621689 87.872849 10.751692 146.518723 70.881638 -47.522991 152.168579 101.307335 35.174297 103.483742 74.339928               2286 
-35.594181 131.294769 87.913956 10.674335 146.572052 71.001755 -46.857914 153.203171 103.426445 35.199684 103.577454 74.227417               2304 
-34.860897 131.088531 87.748810 11.671755 145.867996 70.958664 -44.816628 153.975372 104.968224 35.248154 102.273529 72.985718               2322 
-32.506359 129.635101 88.529633 14.088755 143.709213 71.192032 -41.100513 153.299072 106.888489 36.827385 99.643829 72.468552               2340 
-32.905972 131.350494 88.235191 14.392868 144.376434 71.463104 -40.475674 155.365021 107.246178 36.055214 99.765808 72.496315               2359 
-33.516613 130.934509 88.633293 14.104449 144.231689 71.817177 -40.728340 155.122757 107.557709 36.424381 99.962723 73.402306               2377 
-33.841164 126.526505 90.052376 13.329009 141.388062 72.070335 -40.911137 151.260361 108.680107 37.829521 98.329369 74.541626               2395 
-34.364849 125.744850 90.052895 13.465421 139.900772 72.187973 -39.377914 151.368668 109.975540 37.400925 96.501434 74.193428               2413 
-35.457817 126.685715 90.120354 13.064479 140.434006 72.193527 -39.126957 152.978607 110.509666 37.283039 97.227127 74.850555               2431 
-36.531837 127.115807 89.545532 13.719898 139.393158 72.386024 -38.505489 152.949799 110.388962 37.613327 96.038116 75.528755               2449 
-37.261772 125.070572 89.583504 14.344219 136.064758 72.717522 -37.834480 150.163605 110.542557 38.041862 92.619148 76.083977               2467 
-37.249710 123.863503 89.861618 15.276365 133.707596 72.812141 -36.410950 148.073578 111.100739 38.505009 89.964340 75.530716               2485 
-35.646950 117.748016 91.726669 16.533281 128.575684 72.854706 -33.723000 141.529816 112.801605 40.917610 85.404778 74.307449               2503 
-35.339039 117.315163 91.133751 17.576210 126.381523 72.305099 -31.475828 140.065430 112.718674 40.357941 82.320328 72.112694               2521 
-39.312958 123.437012 89.974792 15.667982 128.676941 73.051376 -33.961948 144.367889 111.356888 36.410805 83.620323 73.313431               2539 
-40.895428 124.016510 89.356285 15.087105 128.530899 73.223427 -34.825409 143.424438 110.848427 35.834087 83.478317 72.712921               2557 
-41.743221 124.472687 89.202522 14.803305 128.362930 73.432297 -35.146816 143.000885 110.587486 35.410507 83.253181 72.490929               2576 
-42.112175 124.175217 87.850975 15.129807 124.355225 72.098389 -33.672581 140.079926 110.064621 32.624107 78.092857 68.333244               2594 
-43.147610 123.146729 87.675499 14.528752 122.967545 71.875923 -34.267689 138.691559 109.632774 32.247623 76.771057 68.360435               2612 
-40.611229 117.855255 87.117920 16.527285 113.284760 69.064003 -29.271763 130.879318 109.551376 29.985298 66.035202 62.223366               2630 
-42.155704 116.489647 87.009628 15.665904 114.555199 69.958549 -31.583241 130.178253 109.456772 31.806358 68.032784 63.993355               2648 
-42.507320 115.944412 87.160629 15.429167 114.313690 69.859955 -31.443790 129.855789 109.699913 32.088070 67.931168 64.240753               2666 
-43.852047 116.122742 86.752357 14.510763 113.523613 69.529587 -32.304440 129.579514 109.154404 31.083344 67.053505 64.400116               2684 
-44.947609 117.281593 86.500145 14.164292 113.829010 69.679459 -33.166348 129.880005 108.667732 31.232334 67.466583 65.247688               2702 
-45.484467 117.807747 86.715157 14.029144 113.588020 69.720001 -33.144135 129.687668 108.823959 31.236231 67.260429 65.465187               2720 
-45.920269 118.028091 86.757225 13.948636 113.604813 69.920624 -33.260139 129.598892 108.920395 31.514416 67.385002 65.970345               2738 
-46.441818 118.363083 86.599411 13.767550 113.188148 70.053741 -33.599350 129.265823 108.614449 31.239597 66.920624 66.248894               2756 
