-38.631783 167.768814 91.575600 33.894852 112.240044 74.550308 -22.129639 128.358124 112.950279 51.286072 64.309540 68.612923                  0 
-39.548069 167.711227 92.236259 33.885616 113.377235 74.505623 -22.440948 127.985245 113.029762 52.295315 65.884247 68.138550                 18 
-39.433704 168.082382 92.228340 33.747616 113.285637 74.389374 -22.511951 128.045166 112.942322 52.080997 65.757347 68.065689                 36 
-39.279362 168.402908 92.344200 33.696018 113.235672 74.394325 -22.492382 128.092804 113.011131 51.983181 65.685730 68.099655                 54 
-40.242630 168.125793 92.264267 33.602962 113.924553 74.766945 -23.082092 127.929367 112.954567 52.634014 66.655647 68.561295                 72 
-40.103497 168.292633 92.432663 33.488770 113.793358 74.686584 -22.946274 128.062286 113.152061 52.383030 66.464943 68.516632                 90 
-40.155064 168.301590 92.399696 33.297306 113.612488 74.560730 -23.021156 128.029953 113.127014 52.135883 66.254707 68.446129                108 
-40.481857 168.278839 92.353943 33.109188 113.739822 74.581169 -23.131319 128.163773 113.255035 52.130711 66.426476 68.693138                126 
-41.147758 168.067032 92.079765 32.924706 114.107979 74.508682 -23.442965 128.186600 113.109764 52.384323 66.949013 68.816971                144 
-38.359394 167.416809 93.557373 32.712704 110.815208 72.167198 -21.854374 126.096611 112.812698 49.964748 63.075535 64.529716                162 
-36.423111 167.007034 95.173828 32.883865 109.173874 71.295906 -20.474485 124.885132 113.354034 48.975143 61.231335 62.485458                180 
-34.999435 167.116699 95.372910 32.937950 107.871140 70.834686 -20.219072 124.137085 112.908470 48.014553 59.727238 61.353085                198 
-40.952034 168.024841 93.921066 31.738659 112.995781 73.451118 -24.329454 126.208679 112.665108 50.352535 65.851257 65.329674                216 
-42.151218 169.085129 93.716438 31.396490 114.752144 74.333038 -24.913689 127.776405 113.215637 50.798851 67.788811 67.050613                235 
-42.844181 169.150497 93.539650 31.256802 115.427338 74.453018 -25.250118 127.979309 113.146591 51.163380 68.659256 67.275665                253 
-42.473862 169.373642 93.545395 31.270884 115.084885 74.550560 -25.313988 127.935219 112.871094 50.893501 68.209541 67.291443                271 
-42.424194 169.523544 93.562569 31.269934 115.127548 74.543045 -25.314844 127.973129 112.799110 50.908188 68.262512 67.259666                289 
-39.258240 169.306274 94.111702 30.975145 111.286186 72.863754 -24.455198 126.292847 111.965942 47.782494 63.595509 64.023369                307 
-37.273258 169.034088 94.440895 31.261847 109.573502 71.839409 -23.305082 125.537521 111.723541 46.741791 61.591251 62.189793                325 
-37.477814 168.887558 94.286110 31.253937 109.691475 71.797729 -23.268173 125.541054 111.786148 46.841995 61.762386 62.058365                343 
-38.528934 169.386734 94.352188 31.627920 111.455185 73.113487 -23.070023 126.812553 113.197296 48.336353 63.749493 64.167221                361 
-38.753960 169.741653 94.692741 31.547749 111.906670 73.724876 -22.787632 127.403633 114.479164 48.379143 64.215401 64.933556                379 
-39.117516 169.774750 94.440201 31.494452 112.203430 73.849686 -22.990028 127.535004 114.553581 48.546402 64.580467 65.113289                397 
-39.189022 169.991745 94.211441 31.328384 112.224236 73.890587 -23.181011 127.743813 114.521492 48.294930 64.554695 65.242378                415 
-39.173035 170.225357 94.040863 31.255621 112.257256 73.943932 -23.307985 127.868286 114.474724 48.190971 64.564049 65.365349                433 
-39.280308 170.323700 93.851654 31.139204 112.274078 73.987549 -23.527609 127.942093 114.355415 48.061409 64.568115 65.454056                452 
-39.906631 170.193436 93.672180 30.318661 112.245659 73.290672 -24.095436 127.826447 114.030464 47.043671 64.544479 64.351364                470 
-40.696426 170.380981 93.278091 29.967438 113.033562 73.244774 -24.446365 128.456650 114.068153 46.965858 65.402603 64.447853                488 
-41.549606 172.951355 94.279236 29.764698 116.270691 74.662895 -25.009651 131.180801 115.202248 47.267025 68.804398 65.964630                506 
-40.770687 173.776749 94.236252 30.015377 116.430000 74.720856 -24.609766 131.860260 115.338913 47.043247 68.800858 65.971214                524 
-39.883987 174.583725 93.865265 30.325773 116.513786 74.472687 -23.829411 132.723099 115.553787 46.882828 68.681862 65.928024                542 
-38.406246 175.505829 92.549316 30.775455 116.045479 73.693970 -22.300798 134.072281 115.656784 46.591625 67.794411 66.162468                560 
-36.463539 176.878876 90.783401 31.626766 116.097809 71.940430 -20.502125 135.532562 114.502335 46.698296 67.526344 64.961792                578 
-33.351219 178.826401 89.409729 33.484493 116.974281 69.501167 -17.256607 137.415543 113.320007 47.735332 68.162041 62.478401                596 
-30.955479 181.603333 84.555504 35.200184 118.655212 65.821877 -15.002082 140.645065 109.539680 48.938725 69.557251 59.848328                614 
-28.250650 184.910583 78.903412 37.282543 120.959839 61.390266 -13.521587 143.531860 104.128288 50.325562 71.677261 55.377995                632 
-27.393835 190.637589 70.659851 38.406933 125.566536 59.372169 -15.626242 149.161072 97.329636 51.125050 76.055000 54.692638                650 
-24.800127 198.814285 60.698780 42.746426 134.753799 56.064941 -13.572074 158.987778 90.042831 56.578331 85.349678 54.346920                668 
-24.408737 206.292984 48.206989 43.613747 142.696457 50.898643 -14.901936 167.945007 80.000061 57.677979 93.340698 52.015354                686 
-22.883596 212.668518 35.785126 43.450268 147.878281 43.779701 -16.227505 174.807831 68.662025 56.206825 98.215973 46.222271                704 
-21.272873 219.068176 22.922764 44.094761 154.121902 35.321087 -16.793230 181.579926 56.347549 56.259666 104.358513 38.586117                723 
-20.087271 225.802521 8.733833 43.113861 160.242676 26.110973 -17.916695 189.871262 43.378040 53.602207 110.224739 30.931908                741 
-17.507650 232.144821 -5.947293 42.079010 164.920242 15.874424 -18.659267 197.109299 28.894878 50.061428 114.489464 21.171389                759 
-15.050819 237.833694 -22.524578 41.741825 171.207886 5.330810 -18.499720 205.799301 13.615291 47.548870 120.701996 12.435309                777 
-12.762165 241.952957 -38.382896 42.026257 176.947311 -5.598370 -17.710270 213.297180 -1.307008 45.921406 126.473869 2.904529                795 
-9.091202 244.481659 -53.072445 42.470966 179.813202 -15.070157 -16.799833 217.674179 -15.518622 44.370571 129.596771 -4.594395                813 
-6.420687 247.814499 -67.660530 43.248878 184.509888 -25.054190 -19.396898 221.758102 -28.381060 43.917709 134.989899 -11.549975                831 
-6.177473 245.958740 -82.438828 46.426468 189.213257 -34.241394 -21.217579 221.201874 -40.658028 49.521431 141.182312 -16.395138                849 
-6.064475 245.979080 -95.743301 46.016178 191.492432 -43.635830 -24.625389 221.318817 -51.785065 49.101349 144.634460 -22.902943                867 
-4.405883 248.465866 -107.768990 45.307034 193.657181 -52.040699 -26.969374 222.778275 -62.286617 47.522030 148.042404 -28.600868                885 
-5.096931 248.277924 -119.125114 46.202808 196.546509 -60.390518 -29.026476 221.408585 -70.859032 50.385632 152.734756 -33.969414                903 
-7.119676 245.568741 -128.760422 45.979160 197.728119 -67.163925 -31.881514 217.863937 -77.498993 52.369156 155.929932 -38.058620                921 
-8.437865 243.414047 -135.485886 45.784176 197.476929 -72.066872 -33.699432 214.358246 -81.552124 53.903683 157.602020 -40.776215                939 
-9.624987 242.386353 -140.669373 44.907108 196.725769 -76.092766 -36.064854 211.642059 -83.941368 54.209923 158.213928 -43.453281                958 
-10.268648 241.635086 -143.127335 44.211407 195.219467 -77.857269 -37.817928 208.132019 -84.407341 54.705299 157.739685 -44.388115                976 
-11.041542 239.707901 -147.917297 42.838451 193.888611 -80.748245 -40.005066 205.587479 -86.366135 54.064468 158.135696 -45.666256                994 
-14.306108 236.378754 -151.832306 41.297432 193.006927 -83.778503 -42.850830 202.396011 -86.335152 54.404606 159.162552 -47.476982               1012 
-15.735278 235.088943 -154.775024 39.796425 192.108459 -85.832802 -45.532009 200.401566 -86.254349 53.684525 159.303513 -48.873417               1030 
-18.962385 231.370346 -156.253326 38.512939 190.894058 -87.306854 -48.230495 197.138107 -84.240143 53.853474 158.955719 -50.163200               1048 
-21.219473 228.266968 -157.264038 37.377758 189.874817 -88.047684 -50.456150 194.690201 -82.266502 53.626259 158.654907 -50.680004               1066 
-24.539627 223.757019 -157.526245 35.408909 186.482941 -88.824570 -52.692856 191.245239 -80.569099 52.464420 155.826050 -51.350513               1084 
-27.964146 219.870926 -157.142212 33.819771 184.863358 -88.841560 -54.305714 187.890366 -78.965378 52.150925 155.152771 -51.207920               1102 
-29.999554 217.633408 -156.266495 32.281357 182.914642 -88.120216 -55.833626 184.650024 -77.606010 51.302792 153.537247 -50.567673               1120 
-30.710497 216.487885 -156.048370 31.402689 181.458572 -87.747925 -56.694824 182.766861 -76.763863 50.754776 152.342346 -50.160931               1138 
-30.930220 215.286346 -155.998932 30.758554 179.846100 -87.287903 -57.311222 180.049850 -76.043015 50.595509 151.241959 -49.560745               1156 
-31.035431 215.347229 -157.248199 29.146120 177.780212 -87.998573 -58.917969 177.148163 -76.918442 49.177994 149.427628 -50.184620               1175 
-30.926788 215.018600 -158.582535 28.142105 176.184769 -88.722778 -59.559467 173.116547 -78.641113 48.799519 148.683640 -50.617672               1193 
-32.241009 212.655823 -161.576172 26.355865 174.420654 -90.584457 -60.600201 166.929871 -81.842918 48.200302 148.983948 -51.715004               1211 
-33.222763 211.741211 -163.406799 25.351294 173.316498 -92.062851 -58.253967 161.559525 -87.903809 48.256557 149.604324 -52.716663               1229 
-28.716499 218.918961 -167.807480 25.036400 175.052078 -95.381058 -56.214211 161.092377 -99.300140 46.288120 150.512283 -55.616711               1247 
-30.524467 218.693741 -169.894257 23.519642 174.304810 -97.588676 -56.151836 158.378891 -101.127541 46.002068 151.911591 -57.238647               1265 
-28.755182 223.406433 -170.247818 22.697882 173.224854 -99.508934 -56.437012 158.704727 -103.992867 44.920952 150.063187 -59.450077               1283 
-28.967896 223.443054 -170.968292 22.300602 172.878296 -100.092842 -55.565117 157.926468 -105.349861 44.914879 150.547241 -59.782066               1301 
-31.170288 221.775452 -174.085510 20.956882 171.898865 -103.233536 -54.884388 152.931885 -111.770370 43.880840 149.983765 -62.869431               1319 
-33.759285 220.933502 -180.278854 19.282448 172.979416 -108.717056 -56.279709 155.343567 -115.211525 42.962799 152.513351 -68.030190               1337 
-33.950661 224.126251 -182.084061 19.806345 175.789047 -111.305458 -54.194538 157.668259 -119.761528 43.772202 155.004028 -70.948784               1355 
-32.258034 226.126511 -184.499130 19.963341 176.293625 -113.601913 -50.649281 164.668671 -125.703934 43.150700 154.758759 -73.183655               1373 
-25.026146 238.757919 -181.747543 22.278603 177.788864 -116.264137 -45.215164 174.002136 -135.234879 42.581787 149.886261 -78.260643               1400 
-21.844049 240.085938 -183.022385 22.918215 179.046783 -115.817917 -43.567913 175.864517 -137.292480 41.813358 151.241608 -77.025063               1410 
-18.504120 242.340607 -183.004700 23.745785 179.666351 -115.642433 -41.683823 177.177536 -139.639236 41.284401 151.134109 -76.740654               1419 
-17.198069 242.299149 -187.098602 24.116846 181.888275 -117.104889 -39.919048 177.189163 -143.743698 40.963955 154.642014 -76.994339               1428 
-13.766395 246.891602 -181.313889 23.549637 178.107941 -117.030937 -38.224796 177.298798 -148.475510 37.936989 145.767258 -79.854004               1437 
-12.260140 236.127411 -184.465836 22.139160 174.067184 -116.101364 -36.504601 178.193665 -152.426147 33.400398 137.253357 -82.146011               1446 
-8.978208 232.961563 -184.609329 22.757477 170.554276 -115.571693 -33.471272 178.339798 -154.702301 32.618744 130.438202 -85.100456               1455 
-7.687911 231.024887 -188.578720 21.321508 168.734604 -118.103714 -34.046406 178.346512 -157.922897 30.652037 127.528084 -88.948898               1464 
-6.262569 226.507782 -191.946640 20.898552 168.786453 -118.248383 -32.844208 180.196136 -158.493576 29.743160 126.903656 -89.917412               1473 
-10.978766 224.849365 -193.259018 19.733461 169.352753 -119.898720 -33.972694 182.204147 -157.696838 30.059298 126.647362 -93.353142               1482 
-11.304879 223.339188 -195.509232 19.894037 170.122910 -121.457886 -32.780891 184.036972 -158.718094 30.778343 126.768303 -96.220009               1491 
-10.403192 221.566772 -198.235367 20.400173 170.262543 -123.038368 -31.026651 185.284180 -159.975555 31.104721 126.635612 -98.195976               1500 
-10.836946 220.499435 -200.238037 20.067957 170.281418 -124.480484 -30.476269 186.034210 -160.766006 30.785509 126.570099 -99.792534               1509 
-11.399577 223.000061 -202.380859 19.375229 172.531586 -126.792503 -30.037533 187.859848 -163.559982 31.115171 128.565384 -103.039894               1518 
-15.831392 222.231247 -206.431717 18.216763 174.275818 -130.638153 -32.249912 188.828018 -165.430771 31.073576 130.989624 -106.224083               1527 
-17.976013 221.806915 -208.313904 17.661860 175.111313 -132.480209 -33.188683 189.374222 -166.250519 31.075541 132.154724 -107.785156               1536 
-18.138014 217.675659 -212.538406 19.163982 176.328278 -134.444992 -32.347065 189.924530 -167.031296 32.080772 135.098358 -106.726929               1545 
-16.484365 214.727188 -212.329147 19.829849 174.588806 -133.154922 -30.421604 189.030807 -166.274033 31.338560 133.780045 -104.219910               1554 
-15.646971 217.696701 -210.815842 20.084532 175.621841 -132.391663 -28.971010 189.975952 -166.377090 32.049847 134.042374 -104.768852               1563 
-20.252899 210.362274 -214.127228 19.552874 176.947144 -133.532425 -29.399904 187.299408 -167.428345 32.776791 138.555786 -102.127464               1572 
-23.498718 205.454010 -215.539764 19.213823 177.792313 -134.259918 -29.165867 184.824982 -168.416168 33.530674 141.679825 -100.704651               1581 
-25.303595 202.792633 -216.052658 19.033411 178.242035 -134.647034 -28.353308 182.824203 -169.489334 34.014145 143.398895 -100.055511               1590 
-26.528423 201.259567 -216.156235 18.976532 178.498169 -134.878250 -27.100510 181.010208 -170.622849 34.429207 144.393509 -99.762329               1599 
-27.425158 200.329605 -216.096237 18.990299 178.700821 -135.026688 -25.422443 179.168686 -171.931290 34.837856 145.058167 -99.642128               1608 
-29.370665 199.391724 -215.586517 19.551205 178.682922 -135.762344 -25.625853 178.588974 -171.551453 36.381588 145.440125 -100.453789               1617 
-29.364035 201.266113 -217.265060 23.133417 181.734879 -139.442673 -23.553442 181.179932 -173.201538 41.401524 149.026566 -104.350189               1626 
-30.427511 201.939651 -217.516068 24.696667 183.210999 -141.331818 -22.887442 181.988556 -173.829529 44.052212 150.868530 -106.484039               1635 
-31.038406 205.879486 -214.861450 24.272768 183.913666 -139.685715 -23.058920 183.478317 -172.609024 43.969692 150.038895 -106.525917               1644 
-31.614281 208.928375 -212.604538 23.937475 184.469452 -138.383682 -23.232006 184.686157 -171.577362 43.947224 149.456268 -106.623207               1654 
-26.938477 171.074982 -195.438248 22.402134 181.688278 -139.214767 -26.229639 180.994843 -170.251724 43.591797 147.689377 -107.119392               1662 
-20.012665 160.845169 -190.126266 25.444664 183.569473 -139.599579 -23.373861 182.465958 -170.893051 47.042068 149.285172 -108.084824               1672 
-19.551037 155.290710 -186.181229 25.151337 182.267761 -137.989349 -24.329988 179.900101 -168.621826 48.087246 148.323944 -107.057137               1681 
-19.750225 152.564301 -183.588211 24.720116 181.363235 -136.498016 -25.261263 177.967056 -166.565002 48.810493 147.664200 -106.181862               1690 
-21.181013 150.473206 -180.057663 22.647974 179.592163 -132.659042 -27.599249 175.076660 -162.120911 49.020485 145.650482 -104.596725               1699 
-22.107555 149.357620 -178.110611 21.470943 178.772827 -130.705963 -28.537031 173.453262 -160.084717 49.096306 144.894699 -103.795891               1708 
-22.494432 149.123444 -177.149994 21.342066 178.952957 -130.266495 -28.122356 173.073151 -159.712006 49.584240 145.258347 -103.769447               1717 
-24.171906 147.628754 -175.680313 19.830204 178.159134 -129.419815 -29.201674 171.189545 -158.733154 49.232075 144.898926 -103.645241               1726 
-20.641020 151.016998 -177.494446 22.178570 180.097702 -129.241730 -25.848221 174.163773 -160.270386 50.649265 145.985672 -103.535133               1735 
-18.030758 153.519928 -178.774796 23.887854 181.508713 -129.112106 -23.508352 176.385818 -161.234238 51.691803 146.777222 -103.505394               1744 
-18.688437 151.440796 -178.438553 24.772100 181.561066 -131.423950 -23.428825 175.422470 -162.134674 52.630028 147.895004 -104.487503               1754 
-19.301983 150.625107 -178.131363 24.397411 181.648590 -131.936615 -24.023521 174.881149 -162.160980 52.606255 148.502686 -104.721733               1762 
-18.505751 150.517776 -179.016342 24.177698 181.833557 -132.078568 -23.740669 174.683868 -163.003799 52.387596 148.877899 -104.634689               1771 
-18.386890 150.275085 -179.228561 23.460976 182.036972 -131.843384 -24.076839 174.384445 -163.228851 51.810913 149.373291 -104.195503               1780 
-24.716564 132.642227 -173.795166 15.512850 174.113022 -132.967148 -32.355499 157.717514 -160.226685 48.825825 148.192993 -103.753479               1789 
-27.216808 123.651390 -170.752396 11.289928 169.902939 -133.564224 -36.120537 148.967133 -158.404877 46.974007 147.886459 -103.950684               1798 
-27.867260 117.801079 -166.306274 10.212494 167.844284 -134.023346 -37.199856 143.804413 -155.866806 47.168846 149.193954 -103.668221               1807 
-29.620684 117.087395 -165.998993 8.856849 167.729660 -135.255859 -38.754349 143.474289 -156.414948 45.609356 149.684769 -104.293365               1817 
-30.076231 116.357628 -165.560760 8.388769 167.470474 -135.603043 -39.193333 142.931183 -156.496002 44.991703 149.924789 -104.179886               1825 
-30.732422 116.630478 -165.361755 8.126793 167.753296 -135.921387 -39.626774 143.394226 -156.630798 44.503841 150.263916 -104.205902               1834 
-32.854610 117.559456 -164.244141 7.543297 168.127228 -136.001343 -40.970085 144.698898 -156.004364 43.598854 150.262695 -104.128227               1843 
-34.874599 119.985611 -163.261444 7.268731 169.461578 -135.780746 -42.009727 147.518021 -155.594498 42.485420 150.846420 -103.403275               1853 
-36.148323 121.596413 -162.659515 7.093789 170.311768 -135.640198 -42.634239 149.312973 -155.352341 41.759182 151.260010 -102.923515               1861 
-48.062828 137.570038 -172.825165 6.919624 171.072906 -135.762070 -42.837711 150.516571 -155.860977 41.290134 151.605774 -102.978867               1870 
-53.750378 145.381241 -177.447006 6.812049 171.543045 -135.837357 -42.960777 151.262115 -156.174622 40.999378 151.820602 -103.015228               1879 
-54.678059 156.088516 -187.936584 2.872327 175.826508 -136.577087 -44.066650 156.883270 -163.781464 34.754845 153.105072 -103.376450               1889 
-54.677761 169.090363 -189.055344 6.482423 178.821030 -136.570404 -40.980335 162.834808 -164.745956 39.321976 152.585449 -107.103500               1898 
-51.084496 183.952713 -196.618774 7.617986 183.132736 -139.334946 -38.937382 173.189209 -171.518860 35.451813 152.528809 -108.942223               1907 
-58.749832 200.974731 -184.544876 6.727923 188.461334 -136.023239 -45.393612 197.014069 -149.254105 32.647839 153.352921 -108.993668               1916 
-57.555218 214.024078 -179.432434 8.226063 193.993988 -133.524872 -44.263233 212.115601 -139.368500 30.980715 156.515640 -106.829575               1925 
-55.550785 228.493805 -175.549088 7.889544 200.433990 -130.320084 -42.482555 226.123642 -133.384369 26.366417 160.472473 -103.924599               1934 
-53.834919 235.836639 -173.226944 7.121805 204.552032 -126.272743 -42.624321 232.205124 -129.667603 23.664356 163.695999 -99.963654               1943 
-56.773682 248.549911 -161.070633 4.981752 208.593903 -121.800873 -45.120224 243.830338 -107.887909 20.788233 165.273788 -99.249527               1952 
-60.144279 259.776520 -144.524323 2.554990 211.561783 -115.748680 -43.274017 251.159454 -88.092705 19.118942 167.031158 -96.314209               1961 
-58.893990 269.492615 -130.678940 1.400851 213.900253 -109.081642 -40.731430 254.695435 -74.496475 17.937408 168.287903 -92.315742               1970 
-57.258423 280.733459 -118.679451 -2.699653 215.816208 -103.354591 -42.124714 256.872589 -64.601082 14.291551 169.793259 -88.247406               1979 
-55.688038 290.977936 -108.116470 -6.578161 218.392441 -97.202370 -43.953339 259.542816 -55.877625 10.405682 171.976028 -83.342125               1988 
-69.128105 288.470825 -107.752136 -12.684121 221.090942 -90.973671 -46.997311 264.915527 -47.530464 10.519307 179.140289 -72.621994               1997 
-77.816177 287.036804 -104.803673 -16.825232 223.753326 -85.146645 -48.626175 270.809387 -41.124218 10.029536 185.169464 -64.527542               2006 
-83.247589 284.522583 -105.487900 -21.183537 224.622513 -78.558502 -52.966644 276.068665 -38.177299 6.342352 189.051590 -53.818359               2015 
-85.342400 282.826080 -105.583076 -22.820568 225.083206 -74.710167 -54.316799 279.031403 -36.910564 4.992783 191.371307 -47.784973               2025 
-86.158134 282.139709 -105.589745 -23.506636 225.276276 -73.097351 -54.824108 280.230316 -36.839836 4.406956 192.369492 -45.294186               2033 
-82.643364 285.156982 -93.656776 -22.092983 226.923126 -59.445263 -51.073112 284.146667 -24.913071 4.660863 193.877945 -30.682655               2042 
-78.649399 287.826630 -86.911858 -21.535469 227.902267 -49.683968 -49.329266 286.797974 -17.123043 2.997967 194.402740 -19.502300               2051 
-66.176888 244.814835 -36.664299 2.158513 211.726761 -22.758307 -52.699612 229.754578 -5.519260 28.391403 175.133301 1.895182               2061 
-57.987774 225.337845 -11.306543 12.567156 199.552246 -6.408677 -51.433582 208.168259 8.557125 38.066727 159.780533 13.666744               2069 
-52.161667 217.310104 5.429612 16.805130 187.932846 6.586293 -48.864853 199.640366 21.325918 38.238667 144.320343 23.126957               2079 
-46.096863 212.493698 21.261070 22.280725 183.433899 14.928524 -42.066372 197.278214 37.422840 43.976837 139.073654 28.945953               2087 
-40.835159 209.627457 34.300888 26.435659 181.788193 21.655233 -35.315052 198.620422 50.377007 48.210712 137.307648 35.159630               2096 
-39.515781 205.075363 42.513950 28.147472 179.209518 26.449371 -32.399323 195.291946 58.668289 51.620815 135.416489 39.341709               2106 
-38.134693 201.655945 50.653690 28.857138 175.548737 31.887321 -30.558836 191.563141 66.553680 52.095631 131.107361 42.840725               2115 
-38.278515 197.338669 55.964581 28.647890 171.664703 36.136761 -31.095474 185.807556 71.290886 50.942299 126.032295 43.598862               2124 
-38.271198 193.130356 61.627750 29.052448 169.421127 40.620789 -30.805031 181.153732 76.639847 52.174595 123.931969 46.201328               2132 
-39.517147 191.083023 66.951218 28.740211 169.584793 46.433357 -31.832478 179.162979 82.044250 53.093807 124.702553 51.679958               2142 
-40.867027 187.575363 72.378067 28.132826 168.314835 52.033070 -33.198986 175.047318 87.127556 53.237808 123.672523 55.474548               2151 
-39.605572 185.198807 75.932037 28.172094 162.118881 55.091969 -33.049305 170.985046 90.022263 49.941586 115.636124 55.786625               2160 
-36.880913 184.264084 81.384819 29.694326 161.363434 56.569862 -29.412624 169.865402 95.104515 51.660339 114.974030 55.823147               2169 
-36.005035 184.152115 84.808167 30.107038 160.856277 58.568771 -28.194311 169.167862 98.402039 52.070217 114.481194 57.151016               2178 
-35.392410 183.426392 88.494087 30.556808 160.060043 61.226696 -27.398312 167.517899 101.775070 52.541004 113.743828 58.668594               2187 
-35.538746 182.088760 91.120560 30.462019 158.608826 63.135525 -27.377407 164.961777 104.108627 52.611706 112.446701 59.462608               2196 
-36.996395 179.702698 92.768829 29.765055 156.673752 65.307411 -28.797665 161.322845 105.598907 52.498520 110.878342 60.723690               2205 
-38.730774 177.629532 94.763756 28.956087 155.694534 67.767334 -30.115129 158.314423 107.538223 53.067158 110.628288 62.999756               2214 
-39.054058 176.094604 95.794174 29.292334 154.846970 69.684158 -30.138639 156.959503 108.982689 54.340908 110.209366 65.799149               2223 
-39.832275 174.809006 96.700981 29.109831 155.041214 70.930481 -30.266228 156.333267 110.370361 55.534874 111.129745 68.008209               2232 
-40.591869 173.046005 97.304268 28.877579 154.767258 71.819794 -30.558962 155.110580 111.131805 56.406834 111.512695 69.325172               2241 
-40.085114 170.686554 99.685547 28.628773 152.205521 72.336014 -29.469465 153.266479 113.370392 56.075264 108.931267 69.324493               2250 
-39.626034 168.297546 100.630829 29.008924 150.389450 72.681023 -28.710951 151.109390 114.040123 56.519627 107.224586 68.808624               2259 
-39.612900 166.830597 101.193626 29.095112 149.505264 73.032028 -28.377058 150.026825 114.473076 56.803043 106.510666 68.699036               2268 
-39.325710 165.348709 101.578560 29.331032 148.418854 73.030136 -27.455299 149.391281 114.858032 57.165916 105.548309 68.299828               2277 
-39.156727 164.699860 101.696182 29.498173 148.043350 72.960716 -26.748022 149.524994 115.044693 57.505119 105.293701 68.152588               2286 
-38.995388 164.096329 101.783112 29.797665 147.606812 73.267044 -26.200521 149.613464 115.311554 58.038460 104.977577 68.767380               2295 
-38.883835 163.593872 101.878342 30.026154 147.273575 73.532021 -25.857800 149.631943 115.259972 58.472809 104.757141 69.268196               2304 
-38.445351 163.368835 102.457634 29.790642 145.840652 73.201599 -25.615509 149.247345 114.589485 57.141640 102.720734 67.944588               2314 
-38.810387 163.938141 102.877480 29.362461 146.101868 73.584908 -25.972456 150.106827 114.183731 56.671394 102.935471 68.493347               2323 
-40.217079 164.079102 102.573341 28.578350 147.745056 73.791626 -26.963428 151.057846 113.648010 57.326878 105.409950 69.754158               2331 
-40.336105 163.699341 102.669388 28.535379 147.658920 73.836914 -27.088026 150.710480 113.129509 57.405338 105.432747 69.533951               2340 
-39.398788 162.579803 102.510780 29.529547 146.596786 73.719330 -26.168104 149.587845 112.616104 58.395935 104.387749 69.228401               2350 
-38.781731 161.858337 102.408302 30.184378 145.897202 73.641884 -25.555403 148.878769 112.241264 59.049171 103.700417 69.027168               2359 
-38.414742 161.458008 102.350647 30.574310 145.480606 73.595764 -25.178291 148.535706 111.898232 59.438438 103.291489 68.907364               2368 
-38.211842 161.258255 102.321266 30.790241 145.249908 73.570221 -24.840179 148.523849 111.892487 59.654091 103.065163 68.841026               2377 
-38.321503 160.210815 101.998024 30.982771 145.219452 73.381805 -24.501629 148.098694 111.807274 60.589581 103.527306 68.882721               2386 
-38.077431 159.493149 101.822914 31.337400 144.658340 73.216873 -23.821489 147.682526 111.931892 61.242035 103.177727 68.732277               2395 
-37.897083 159.002975 101.687302 31.604109 144.236343 73.092834 -23.294836 147.425339 111.912338 61.731598 102.916145 68.618912               2404 
-37.787457 158.740494 101.599083 31.770599 143.972916 73.015404 -23.004488 147.276184 111.642693 62.036701 102.753426 68.548050               2413 
-37.759647 158.510361 101.522423 31.690458 143.593430 72.642990 -22.421827 147.647659 111.076469 61.888359 102.357498 67.875893               2422 
-37.581337 158.775406 101.510872 31.725828 143.414307 72.366905 -21.801708 148.280807 110.706627 61.788490 102.097511 67.447708               2431 
-37.679234 158.910782 101.372696 31.602034 143.251587 72.231155 -21.627680 148.628189 110.075104 61.597382 101.894478 67.240288               2440 
-37.836330 158.732269 101.155045 31.404810 142.859619 71.970474 -21.648081 148.552002 109.296310 61.263790 101.430092 66.767082               2449 
-37.701008 158.374207 101.074615 31.391460 142.194107 71.637817 -21.438459 148.130890 108.600182 61.017288 100.649529 66.034409               2458 
-37.939964 157.880783 100.921593 31.168346 141.919189 71.394760 -21.592472 147.775757 107.808762 60.907482 100.479492 65.617607               2467 
-38.030212 157.759979 100.766617 31.105618 141.820465 71.256638 -21.576675 147.768280 107.326370 60.963295 100.457565 65.540886               2476 
-38.341080 157.510818 100.510834 30.931240 141.739243 71.185562 -21.769369 147.613937 106.877373 61.006420 100.518341 65.585541               2485 
-38.586853 157.479858 100.272041 30.820229 141.678055 71.101494 -21.902336 147.472717 106.419968 61.049252 100.562645 65.554420               2494 
-38.741207 156.954987 100.152763 30.748901 141.253723 70.964981 -21.951757 146.835785 106.058685 61.103546 100.254433 65.247162               2503 
-39.054462 156.694366 99.887604 30.586161 141.021255 70.815819 -22.158268 146.439621 105.551575 61.112808 100.150665 65.092278               2512 
-39.375206 156.479752 99.570587 30.475788 141.082413 70.663109 -22.356026 146.223633 105.018028 61.386986 100.471642 65.158257               2521 
-40.189316 154.625336 99.022171 30.072107 140.104095 70.413979 -23.017324 144.327621 104.141731 61.555931 99.956558 64.758461               2548 
-39.915974 154.904388 99.054123 30.190998 139.792740 70.248413 -22.740263 144.356659 104.143372 61.442490 99.472206 64.535347               2558 
-40.036289 154.726486 99.141815 29.779411 139.044571 69.861046 -22.874275 143.896530 104.017677 60.668446 98.499512 63.777740               2566 
-40.067295 154.555939 99.076981 29.552921 138.429947 69.567924 -22.961472 143.481552 103.707184 60.063576 97.657059 63.109497               2575 
-40.179752 154.295547 98.942406 29.500761 138.276993 69.559265 -23.008345 143.252289 103.526543 60.123123 97.572784 63.196941               2584 
-40.210064 153.192490 98.347122 29.616264 137.125458 69.448418 -23.072763 142.128891 103.081818 60.079021 96.316483 62.991783               2594 
-40.232719 152.358337 97.870766 29.699263 136.352249 69.358795 -23.095694 141.365753 102.776466 60.073360 95.487022 62.840530               2603 
-40.305073 151.839539 97.565331 29.697947 136.049713 69.267632 -23.103470 141.023788 102.659843 60.156322 95.237373 62.811611               2612 
-41.529568 151.666748 97.903770 28.787680 137.435165 69.683586 -24.064547 141.376877 103.101479 60.202400 97.317558 63.459961               2621 
-42.105137 151.495728 97.864288 28.401821 137.838715 69.939850 -24.561640 141.442780 103.200920 60.181217 97.973930 63.947403               2630 
-42.248520 151.514084 97.917046 28.273960 137.634399 70.156380 -24.753340 141.371796 103.272652 59.957554 97.682182 64.239365               2639 
-42.000507 150.846786 98.259552 28.388992 136.584076 70.369400 -24.614313 140.433044 103.493149 59.662212 96.388329 63.940765               2648 
-41.746143 150.098801 98.190514 28.673981 135.611832 70.506332 -24.456144 139.487976 103.415932 59.682873 95.261101 63.775246               2657 
-44.646618 151.587738 97.801239 26.266560 138.723801 70.522438 -26.846390 141.909973 103.528587 59.034466 99.509308 65.671844               2666 
-46.350464 151.114532 97.182243 25.115063 140.515030 70.142593 -28.016523 141.921478 103.232704 59.699188 102.800819 66.066154               2675 
-47.576412 153.385651 97.505592 23.487114 140.387619 70.053970 -29.227726 143.239365 103.703415 57.372097 102.021347 66.196869               2684 
-38.114563 153.583389 99.582878 28.885859 131.348297 68.209763 -20.949533 140.560852 105.306290 55.595947 88.324066 59.811699               2693 
-33.311127 152.799210 100.488701 31.158470 127.846275 67.130226 -16.535789 139.900391 106.476692 54.367680 83.234390 56.827221               2702 
-31.532110 151.544525 101.331863 32.082790 127.463547 66.818993 -14.345078 139.711792 107.894806 54.694679 82.775002 55.563896               2711 
-31.000336 150.799744 101.586655 32.312283 127.320000 66.798340 -13.773397 139.474335 108.395798 54.686428 82.638710 55.050117               2720 
-30.563993 149.639175 101.277115 32.719151 126.927017 66.543365 -13.388543 138.830475 108.216446 55.182232 82.339439 54.610294               2729 
-29.968336 149.362503 101.395073 33.052341 126.695000 66.567940 -12.901936 138.773956 108.383194 55.211216 82.001411 54.463894               2738 
-29.598396 149.315445 101.787987 33.091885 126.879585 66.572731 -12.427194 139.074280 108.912491 55.156654 82.163353 54.380741               2747 
-29.587200 149.065796 101.824402 33.044842 126.927246 66.559341 -12.590487 138.923004 108.758072 55.152622 82.256134 54.280167               2756 
-29.747965 148.625000 101.926094 32.940601 126.934669 66.654716 -13.104020 138.495651 108.237679 55.215168 82.372620 54.281048               2766 
-30.300920 148.921555 102.565117 32.388550 127.613647 67.103317 -14.190225 138.626968 107.770584 54.874374 83.186005 54.628830               2775 
-30.137747 148.833694 102.768936 32.485256 127.493240 67.254143 -14.530434 138.190155 107.190865 54.890301 83.081169 54.580479               2783 
-29.996506 148.788406 103.001160 32.526958 127.350624 67.373596 -14.899859 137.703949 106.580055 54.865395 82.976326 54.452446               2792 
-29.690718 148.879196 103.431480 32.650902 127.220589 67.605072 -14.960885 137.325485 106.458969 54.881523 82.879494 54.387402               2802 
