-2.434174 201.919220 55.725861 33.826130 122.555695 54.942680 8.753811 153.280579 106.118462 45.878151 74.923096 53.903816                  0 
-0.858222 213.362686 42.032990 33.344379 133.347733 48.331234 6.828274 168.722717 97.583557 44.032703 85.489548 51.579109                 18 
1.090457 222.839066 28.652433 33.559402 142.767624 40.915333 5.423380 181.723618 87.863182 43.058842 95.022636 47.651260                 36 
1.929202 229.882996 17.027082 33.847183 150.054596 32.287823 1.744084 189.644608 77.949615 42.899101 102.451538 40.485836                 54 
2.195021 236.756729 4.927695 33.716000 157.798630 25.084803 -4.163945 198.150635 67.297791 42.488010 110.607391 35.631565                 72 
1.416473 243.644119 -7.862619 33.544952 165.944046 16.224224 -10.203246 205.792709 54.680542 42.697269 119.287247 28.656954                 90 
1.414279 249.043533 -20.074009 32.992027 172.329773 8.176455 -16.848715 211.307266 40.042431 41.975777 126.223572 22.623125                108 
1.577696 254.164032 -34.465012 32.846825 179.167358 -1.172964 -21.334282 217.570877 24.487432 41.845177 133.998245 15.972787                126 
1.019044 257.720398 -47.144215 32.661243 184.534775 -9.856707 -25.056761 221.267517 10.229130 42.123447 140.369751 9.511127                144 
-2.410729 259.161011 -59.801430 31.262547 188.869781 -18.479826 -30.663908 221.947922 -3.312121 42.247623 146.113251 3.116509                162 
-4.726525 261.268677 -70.998123 30.157343 192.315903 -27.961515 -34.569252 221.988678 -15.897067 42.210972 150.438477 -5.241774                180 
-5.753740 264.030457 -82.586845 29.928318 197.026062 -36.495110 -37.143902 223.606461 -27.268461 43.155071 156.757538 -11.621538                198 
-8.048161 263.233185 -92.626564 30.253843 199.752106 -43.065170 -40.138500 220.108932 -36.511803 45.879185 161.964523 -15.804522                216 
-7.939734 264.627960 -105.776939 29.071455 203.245575 -51.983498 -43.263889 221.497757 -47.695084 44.619999 167.611465 -21.922771                235 
-8.769367 266.807343 -112.690300 27.884405 205.680374 -57.831959 -45.921471 221.352890 -54.679600 43.667915 170.856201 -26.955553                252 
-9.431445 266.109619 -118.357918 27.904823 206.072998 -62.384174 -47.140388 218.874161 -59.689358 44.325958 172.300156 -30.683453                271 
-10.705185 264.442871 -122.749870 27.950575 206.207794 -65.451492 -48.139618 215.267044 -63.075344 45.574387 174.009064 -32.773689                289 
-10.749394 264.904144 -128.166107 27.712688 207.009598 -70.000206 -48.969852 213.846268 -67.147057 46.245396 176.282410 -36.420853                307 
-10.631770 264.302979 -132.731979 26.889713 206.759796 -73.141487 -50.163673 211.624954 -70.902100 45.778866 177.437805 -38.520458                325 
-11.793732 262.993652 -136.644180 26.316591 207.118149 -75.522369 -50.973457 208.633667 -73.649628 46.199661 179.627396 -39.967941                343 
-13.435316 260.220734 -141.529892 25.555548 207.021561 -78.289322 -51.753944 205.440796 -76.553009 46.389225 181.894028 -41.550240                361 
-14.480946 257.803314 -146.808960 24.814369 206.477905 -81.845718 -52.422291 201.574432 -80.354820 46.462242 183.760590 -44.023922                379 
-17.356762 253.413467 -151.934860 23.918776 206.105804 -84.830154 -52.871773 196.130997 -83.367790 46.755501 186.635132 -45.912655                397 
-21.103403 247.239059 -156.255020 23.051771 205.338669 -87.182434 -52.302162 189.104279 -85.644730 47.266792 189.562012 -47.434166                415 
-28.867208 234.005966 -162.358124 21.612970 205.453720 -90.727936 -49.966988 180.410095 -85.588463 48.657490 197.441422 -50.483780                433 
-31.389225 226.548126 -164.936218 21.188934 205.590057 -92.177185 -46.386528 175.160629 -86.904709 49.013344 201.778885 -51.847641                451 
-32.359627 221.941986 -167.247086 20.623512 206.610397 -93.198006 -43.118511 172.543991 -89.108688 48.327866 205.798782 -52.614697                469 
-32.653767 218.810455 -169.954910 19.505016 206.273697 -94.580185 -42.434814 171.562927 -91.583420 46.679504 206.888184 -53.636753                487 
-33.642467 218.998276 -171.278381 18.302294 206.702591 -95.535713 -42.545650 172.191254 -93.591652 45.350197 207.320587 -54.508595                506 
-36.359085 222.515778 -172.371399 16.081997 207.588806 -97.303787 -43.717827 175.752747 -95.857323 43.920860 206.764130 -56.812889                524 
-39.507145 233.925323 -171.359055 11.822802 210.398407 -97.691299 -47.473286 180.126846 -101.108841 39.115746 204.614349 -57.233479                542 
-42.548805 248.627289 -166.156357 7.823491 214.589844 -96.070488 -51.436050 187.083130 -104.267731 34.615875 202.636749 -56.643509                560 
-47.546860 253.803528 -165.696167 1.934778 219.072617 -95.457024 -57.478546 192.853088 -104.938332 27.991150 206.210861 -55.823250                578 
-57.803185 267.207153 -158.978409 -10.678859 217.431854 -96.858459 -70.749916 196.817505 -113.067574 13.657577 195.067947 -60.488297                596 
-68.364624 275.615234 -146.631409 -16.521673 222.810272 -91.340446 -77.045799 202.888962 -106.220337 9.979946 197.772400 -58.386471                614 
-74.728424 275.325653 -140.263992 -20.030899 224.238754 -86.394218 -81.607460 205.550674 -97.210075 7.895407 199.616226 -54.315437                632 
-86.110680 278.387329 -132.423813 -28.838675 225.105209 -83.814323 -90.900383 207.966858 -92.722397 0.376676 198.671463 -54.438908                650 
-99.915977 274.581696 -125.007179 -37.715050 223.845474 -79.981453 -99.332115 205.261734 -85.446541 -5.867589 198.426270 -52.507847                668 
-108.160759 253.808716 -130.897888 -42.317585 220.508850 -75.872963 -102.618729 198.610001 -74.613640 -8.555859 205.194138 -43.611519                686 
-120.447670 245.266739 -126.618469 -50.598183 219.729248 -72.389153 -108.951706 194.443344 -68.351067 -14.756781 208.603302 -40.659012                704 
-133.374405 239.325134 -119.816307 -59.789074 217.531296 -68.983063 -116.474083 189.938675 -62.549618 -21.923506 208.344406 -39.033188                722 
-140.166855 240.055740 -113.961647 -65.237076 217.068069 -65.658989 -121.420845 188.970062 -59.370724 -26.591351 207.132385 -36.971268                741 
-145.810028 237.111572 -107.781876 -68.951660 214.859177 -62.253155 -123.947762 184.922546 -56.029514 -29.278734 205.130554 -34.929028                759 
-151.412537 237.443604 -103.737801 -75.747856 210.385803 -58.804192 -131.072006 180.875610 -56.341686 -36.684456 197.942581 -31.704145                777 
-159.471008 241.861069 -96.178162 -84.665405 202.826340 -59.340500 -142.422546 178.778976 -56.137348 -45.530205 183.919540 -36.402233                795 
-164.841354 240.084717 -95.880424 -90.917038 199.034653 -59.383595 -149.092453 176.315491 -55.773811 -52.002445 179.333420 -36.740456                813 
-174.024658 234.420593 -85.027534 -97.182617 191.013290 -58.618149 -154.267639 165.727219 -55.936222 -56.499184 169.728867 -41.095982                831 
-186.479202 228.810135 -92.527107 -108.981125 187.892700 -64.077301 -165.575073 161.794388 -60.272682 -67.908577 168.222549 -45.602272                849 
-188.002274 222.398193 -104.514618 -112.040649 186.431549 -66.660698 -168.531235 159.761688 -63.915016 -72.023819 169.859222 -43.439884                867 
-191.826004 214.569260 -107.803436 -114.113922 182.401062 -69.994682 -170.286743 155.817810 -62.832249 -73.040543 168.226013 -47.032970                885 
-203.901474 214.162109 -102.690422 -123.487206 179.549271 -73.633514 -178.948685 151.963654 -64.724144 -80.751373 163.912170 -55.077518                903 
-210.983063 205.687180 -105.246880 -128.866241 174.358398 -77.167671 -183.261612 144.943909 -67.097069 -85.277740 160.556747 -59.146786                921 
-212.193192 200.176773 -106.906425 -129.267502 171.480164 -78.332253 -183.252213 141.399734 -67.002296 -85.314117 159.192917 -60.102654                939 
-213.883453 198.090195 -105.931450 -130.620575 169.895004 -77.789772 -184.487839 138.788422 -67.669754 -86.584839 157.770645 -59.650078                958 
-215.508789 197.402710 -106.238487 -132.617233 166.971741 -79.309944 -187.384048 137.007660 -69.257896 -88.730515 153.583725 -61.705620                976 
-215.637894 197.572571 -106.771263 -133.542328 164.656311 -80.244583 -189.418152 136.416489 -69.798119 -90.001167 149.986450 -62.804482                994 
-217.294754 193.330612 -106.930237 -134.169647 162.047745 -81.580498 -189.533737 133.430359 -69.039246 -90.039970 148.386093 -64.813667               1012 
-218.664246 190.508911 -108.443680 -135.178238 160.152908 -83.083717 -190.470032 131.744507 -69.177116 -90.847931 147.103806 -66.358276               1030 
-219.352722 190.746643 -107.245483 -135.835220 158.587158 -84.264908 -191.411179 130.613968 -69.976730 -91.400902 144.511810 -68.687012               1048 
-219.552917 190.314896 -107.608658 -136.044800 158.076889 -84.647263 -191.818512 130.262985 -70.054497 -91.623436 143.980881 -69.051102               1066 
-218.670975 190.656479 -107.431435 -135.595413 157.154419 -84.661514 -191.893967 130.676193 -69.484940 -91.349617 142.420074 -69.156548               1084 
-218.099884 190.355942 -107.491730 -135.159531 156.462296 -84.764160 -191.570450 130.174271 -70.135162 -91.000389 141.501968 -69.228584               1102 
-216.912827 190.615448 -106.311127 -134.100571 155.870026 -84.376312 -190.644241 130.367035 -69.997459 -90.003281 140.393402 -69.174416               1120 
-216.118118 190.276978 -106.449051 -133.286682 155.859375 -84.037483 -189.992325 131.396500 -69.215736 -89.227066 140.557297 -68.552231               1138 
-216.414688 190.142899 -106.629059 -133.325546 156.500107 -83.923058 -189.956848 132.445465 -68.304611 -89.148026 141.696854 -68.289589               1156 
-215.784271 190.477676 -108.576195 -132.861862 157.449799 -84.341682 -189.795517 134.005920 -68.237015 -88.828659 143.073456 -67.922417               1174 
-215.657822 189.810852 -112.155815 -132.248047 160.301254 -85.176514 -189.187668 137.073792 -67.118454 -88.096138 147.978287 -67.457916               1192 
-215.146484 190.386566 -114.451050 -131.576508 163.061783 -85.699524 -188.780533 139.841385 -66.191963 -87.448303 151.986557 -67.118996               1211 
-213.583542 192.328140 -115.007545 -129.981979 165.324097 -86.023811 -187.805099 141.305695 -64.395271 -85.892769 154.382614 -67.272255               1229 
-204.345596 196.275864 -123.972725 -122.952950 172.396988 -87.038071 -182.922821 155.091171 -61.630077 -79.996651 163.715485 -64.798843               1247 
-196.863403 203.635315 -118.224297 -116.210602 175.437027 -82.680717 -176.697891 160.971405 -54.320080 -73.309334 164.595688 -61.299843               1265 
-193.668396 211.367752 -115.953300 -113.630310 180.682495 -81.048416 -174.583145 166.890228 -50.892387 -70.889389 168.555801 -60.040024               1283 
-189.876129 216.318298 -110.859695 -109.359482 186.649261 -76.146507 -169.779678 174.007370 -41.371769 -66.129517 175.383133 -55.666271               1301 
-185.784210 222.204193 -107.649170 -105.754845 189.894363 -74.122925 -165.373932 180.540894 -34.946743 -62.351265 177.441406 -54.725803               1319 
-184.544769 225.998978 -105.095428 -104.521355 192.617691 -72.472809 -161.782715 190.457275 -27.882986 -60.587540 179.946060 -54.460457               1337 
-187.737442 225.112091 -101.313454 -105.710876 194.237564 -71.067764 -158.428528 196.646469 -21.240580 -60.321171 183.359299 -55.684887               1355 
-192.803207 225.213531 -89.867676 -106.825432 199.329254 -66.304001 -151.118103 210.574005 -9.826682 -59.380466 191.231750 -56.374195               1373 
-189.674255 231.750427 -72.288010 -103.597496 202.557983 -53.019917 -144.684952 213.184586 6.010050 -55.959217 192.975540 -45.673725               1391 
-180.475067 243.355392 -57.863049 -95.904991 207.769424 -42.620808 -133.768539 218.649429 18.496773 -48.687244 195.081238 -37.651924               1409 
-177.676956 246.840805 -54.082546 -93.749435 209.229736 -39.706833 -130.729858 219.929016 21.993671 -46.701118 195.694550 -35.411518               1427 
-173.773254 250.757767 -42.900387 -90.284111 211.812088 -29.186069 -126.754532 222.042358 32.907673 -43.353367 197.739899 -25.355442               1446 
-166.871506 253.550629 -31.071323 -83.577927 214.060837 -17.445133 -119.908798 224.012146 44.785614 -36.685658 199.822144 -13.761382               1464 
-157.665359 254.695221 -15.348425 -73.248734 216.129608 -6.652380 -105.951035 225.292496 57.685432 -26.033840 202.519165 -5.812851               1482 
-148.546021 256.362518 -6.394168 -64.401566 216.863312 0.936347 -95.795746 226.403030 66.097374 -17.305468 202.822220 0.952238               1500 
-142.667618 255.863663 0.541180 -58.631435 216.026932 7.571770 -89.573608 225.812439 73.115730 -11.571427 201.866913 7.360399               1518 
-137.332504 252.486984 10.193243 -53.352486 212.480972 17.203232 -83.939476 222.778702 83.176964 -6.303362 198.285980 16.925020               1536 
-45.001995 189.298355 39.112743 -14.532742 196.317627 23.100985 -63.508980 225.678238 87.036873 21.371674 172.928146 47.163399               1554 
-37.678917 174.337906 45.950272 -2.786287 189.921951 29.193390 -54.991226 223.209518 96.966827 25.870527 159.782166 55.376884               1572 
-38.115719 170.532608 55.607410 -1.918715 184.061722 39.215614 -49.882645 220.133911 110.148926 23.011234 149.515732 63.715981               1590 
-36.621235 170.251938 60.810940 -1.013789 180.711792 43.102032 -44.330883 222.093964 114.303688 21.546515 144.689774 67.772697               1608 
-37.557388 166.767090 66.184258 -3.495202 180.342041 48.346531 -51.748322 219.489410 117.636749 21.945417 147.346756 74.409561               1626 
-45.373009 167.689621 75.751945 -9.711016 181.080704 61.390217 -63.794941 219.986633 126.457397 12.652972 147.295822 89.204399               1644 
-41.284145 163.610428 75.993416 -3.411554 174.239288 65.523338 -61.535809 218.469803 123.553429 13.271309 139.734634 96.285431               1662 
-34.033459 159.175049 72.348564 5.527977 164.858536 64.620537 -52.412319 220.589996 111.678696 15.648525 132.380737 100.088295               1681 
-30.443016 151.417862 73.717659 9.580323 155.538055 67.448105 -43.690773 200.319275 128.422348 16.232775 113.230980 91.553101               1699 
-31.446899 149.428741 74.065422 8.666085 154.672424 69.039009 -48.614262 200.223785 123.572945 15.784956 113.507858 94.923271               1717 
-31.470362 149.009338 74.606453 8.677923 154.338043 69.611504 -48.913113 200.463562 122.441116 15.842525 113.407745 95.852219               1735 
-33.439930 141.022614 77.215103 6.644716 149.931686 73.328362 -54.354904 185.511627 129.965698 17.030548 107.051659 94.976280               1753 
-34.806908 136.842270 76.529167 5.887076 147.057968 74.682114 -57.423580 176.478561 132.090912 17.115517 102.946861 93.211235               1771 
-35.722485 135.054169 75.270828 5.587505 145.339905 75.009895 -58.927158 171.981339 132.272766 16.531002 100.391624 91.595634               1789 
-35.904400 134.248138 74.107178 5.857410 144.711349 74.496887 -54.564735 172.697632 132.763626 16.945709 99.400520 89.962090               1807 
-35.162304 133.477493 73.972130 6.828289 144.132050 74.275688 -51.631039 173.579102 129.735901 18.216173 98.660362 89.034988               1825 
-35.893311 133.570786 75.171547 6.272586 144.255234 74.720322 -50.268715 175.748032 129.237854 17.884544 98.977188 89.894547               1843 
-36.340736 132.355835 75.190475 5.998622 143.086655 74.801483 -47.314266 175.782242 126.809715 17.706219 97.378342 88.544739               1861 
-33.465542 125.264984 75.506096 8.733399 137.144577 73.557907 -39.312195 164.699036 130.587280 22.275164 90.554855 81.381775               1879 
-30.514559 119.870064 76.097977 12.125868 129.870819 72.123817 -27.740360 151.310135 136.202881 23.343351 82.033112 71.166496               1897 
-31.085548 120.948166 76.505516 11.591292 131.588928 72.725212 -28.312893 153.752029 135.575333 23.614872 83.940620 72.208641               1916 
-31.665348 121.553841 77.245354 11.016527 133.531448 73.103508 -28.552483 156.324844 135.354248 24.863039 86.381256 73.676056               1934 
-33.934780 125.008743 77.237900 9.882810 135.382858 73.365387 -28.028494 159.341339 135.704315 22.553202 87.900383 73.630775               1952 
-34.652039 126.777298 76.440590 10.260689 136.355865 73.204063 -28.177040 160.666626 134.682236 22.937292 88.876099 73.617119               1970 
-34.767590 126.013199 72.726578 11.679601 133.215607 71.639648 -27.747084 156.824554 132.292725 22.785370 85.353760 70.590660               1988 
-35.606239 127.190857 71.791634 11.977289 133.828522 71.760414 -27.884735 157.593460 131.559067 23.609964 86.086685 70.990051               2006 
-36.468216 128.185013 70.567795 11.354698 136.799484 71.928734 -30.743185 159.674194 129.942474 25.464001 89.724129 72.110840               2024 
-36.416702 127.517464 70.402016 12.260871 134.522644 71.356926 -27.976242 157.726501 129.468414 25.374014 87.172157 70.274376               2042 
-36.875755 127.989967 70.242767 12.392444 134.634003 71.392090 -27.468555 158.544403 128.445648 25.674013 87.327896 70.428879               2060 
-37.256382 128.315018 70.245193 12.684604 134.683029 71.400291 -26.603853 158.667618 128.235596 26.303301 87.475548 70.313942               2078 
-36.136921 127.040184 68.483032 14.688303 132.569336 70.496063 -24.945995 155.711548 126.921654 28.377539 85.408363 68.587578               2096 
-35.974667 125.962189 66.241554 15.592603 129.845154 69.975441 -24.139233 153.065643 124.880836 28.608553 82.537315 67.191956               2114 
-36.723801 126.693375 65.266823 15.719070 128.711624 69.765930 -22.789625 152.380646 124.261497 28.039076 81.260689 66.327698               2132 
-37.792976 127.788269 64.261406 14.993241 130.177490 70.062508 -24.298637 154.225937 122.994034 28.171083 82.910950 67.339684               2151 
-37.793476 127.588387 64.569359 15.609098 128.860901 69.787056 -22.146374 153.379944 123.122696 28.311028 81.486519 66.700821               2169 
-38.238708 126.498543 63.831104 15.583889 127.018837 69.643913 -22.416000 151.471710 122.633102 28.174324 79.625702 66.393280               2187 
-38.577873 126.668831 63.827408 15.566090 127.165092 69.694458 -22.308399 151.746429 122.512451 28.466457 79.841408 66.653961               2205 
-38.877136 127.142075 63.750286 15.537129 127.183899 69.675804 -22.356014 152.042343 121.990273 28.352627 79.837036 66.637245               2223 
-39.352013 128.074905 64.271774 15.142941 127.255920 69.643272 -21.231773 152.681808 122.643570 27.194841 79.724274 66.373856               2241 
-39.689606 131.095261 63.704842 14.679088 126.747086 69.064713 -18.001993 152.914810 123.965019 23.650940 78.647392 64.469025               2259 
-39.648296 132.379288 63.137157 14.595919 127.287117 68.984261 -18.069519 154.042984 123.553589 22.768515 79.040466 64.438454               2277 
-40.255943 133.917694 62.849781 13.889622 128.190277 69.139076 -18.731562 155.348068 123.463379 21.457720 79.845779 64.586197               2295 
-40.812946 132.258820 62.191635 13.231187 125.606316 68.363251 -18.804659 152.275101 123.035950 19.971439 77.250244 62.754795               2313 
-40.879730 130.899261 61.950172 13.105474 124.298485 68.075638 -18.750338 150.723892 122.698921 19.739960 75.978951 62.042255               2331 
