120.597511 173.653107 40.817528 36.363297 189.564453 66.478142 76.424026 151.794556 39.387241 -14.371107 179.973938 64.697189                  0 
120.819611 173.681076 40.803986 36.592327 189.579910 66.513466 76.193169 151.445236 40.091091 -14.176260 180.216751 64.510750                  9 
120.732750 170.827591 39.488266 36.856735 187.681396 65.792061 75.564293 148.835892 39.544052 -14.044901 179.012421 64.059502                 17 
120.666679 171.756485 39.513157 36.475189 187.543411 65.831413 75.318756 148.910690 39.761246 -14.354003 178.442612 64.188835                 27 
121.177750 171.608231 40.048847 36.484875 187.022934 65.690437 75.283234 147.999161 40.343452 -14.332357 177.835953 64.161545                 36 
121.887703 171.906006 40.469406 36.785419 186.855042 65.714981 75.451859 147.797791 40.371777 -14.048284 177.773865 64.103699                 45 
122.063644 172.812485 40.589775 36.700966 186.946609 65.895020 75.411263 148.164902 40.317757 -14.098875 177.670868 64.324684                 54 
122.714142 171.191315 41.178501 37.188812 185.225891 66.365288 75.610687 146.738876 40.019138 -13.685579 176.465210 64.321724                 63 
123.138290 170.774475 42.120094 37.574471 184.739197 67.303032 75.941956 146.265533 40.938602 -13.304616 176.019485 65.201973                 72 
123.163330 170.333603 41.791168 37.668812 184.503036 67.296898 75.632935 146.107544 40.312962 -13.284877 176.246078 65.135086                 81 
122.773819 171.319824 42.560894 36.646816 183.991959 67.325851 75.318207 145.942749 40.918827 -14.152312 174.854645 65.070374                 90 
122.548393 172.175385 43.220573 35.863899 183.600449 67.348022 75.065773 145.823074 41.390259 -14.806566 173.789139 65.030411                 99 
122.831635 172.553665 43.294537 35.889648 183.551514 67.281593 75.100685 145.809143 41.334923 -14.764616 173.637512 65.048355                108 
122.906441 172.623520 43.447083 35.865032 183.594055 67.330070 75.059525 145.760559 41.534409 -14.787264 173.663193 65.127289                117 
123.243378 172.442566 43.098858 36.295326 183.760422 67.224739 75.294479 145.623703 41.619827 -14.384915 173.916901 65.288902                126 
123.143478 172.926788 42.964420 36.213867 184.206039 67.320732 75.129829 146.118698 41.514698 -14.474576 174.375504 65.539825                135 
122.255363 173.767502 43.089272 35.182709 184.260025 67.638664 74.268196 146.564240 41.513954 -15.444808 174.096283 66.000870                144 
121.503487 175.197433 42.742451 34.402756 184.808868 67.646812 73.832970 147.415924 41.603302 -16.099983 173.994598 66.360588                153 
121.792046 174.301987 42.707520 34.742405 184.584885 67.631287 73.881592 146.875763 41.612751 -15.838987 174.141190 66.373657                162 
122.402206 172.875946 42.463818 35.480450 183.735764 67.648117 74.066185 145.882538 41.195873 -15.216763 173.881485 66.300781                171 
123.227325 171.380112 42.222275 36.457413 182.876740 67.750809 74.275986 144.631744 41.174763 -14.355918 173.641312 66.393700                180 
123.771706 170.574524 41.914082 37.118450 182.500519 67.818985 74.466454 144.045151 41.040257 -13.764303 173.631210 66.631477                189 
124.146973 169.729492 41.782543 37.602097 182.127518 67.918617 74.467499 143.297470 41.323486 -13.337758 173.578278 66.836609                198 
124.402054 169.225662 41.682922 37.892941 181.884293 67.959129 74.547310 142.942657 41.291115 -13.079772 173.523438 66.955109                207 
124.646408 168.810181 41.066307 38.212875 181.321014 67.821091 74.449242 142.412064 40.915791 -12.784431 173.100494 66.911575                217 
125.003029 169.014938 41.002991 38.409607 181.181000 67.801445 74.181541 142.053375 41.384258 -12.592377 172.996185 66.834084                225 
125.667961 170.150742 41.245476 38.687462 181.340576 67.896904 74.501221 142.461792 41.551064 -12.265076 172.861145 66.863731                235 
125.961853 170.237473 41.359520 38.701984 181.249374 67.895378 74.128189 142.157455 41.835152 -12.275278 172.918030 66.877052                243 
126.144043 171.338989 41.436077 38.614712 182.059296 68.241844 75.024574 147.242599 37.494415 -12.367005 173.705597 67.784218                253 
126.467155 171.411469 41.588039 38.616299 182.052795 68.325386 74.789055 147.136765 37.446823 -12.398413 173.892349 68.136650                262 
126.445305 171.094986 41.388264 38.436348 181.800751 68.241768 74.144897 146.486984 37.517601 -12.623976 173.928467 68.245995                271 
126.395882 170.808884 40.914795 38.274776 181.471024 68.036972 73.250969 145.439545 37.900444 -12.826694 173.873123 68.239998                280 
125.558640 170.268463 40.503277 37.512157 182.482208 68.001244 71.422707 145.375916 38.004715 -13.719022 175.864426 68.838203                289 
124.796127 170.481705 40.073921 36.799576 183.803131 67.925781 69.697243 145.102692 39.086716 -14.466790 177.650528 69.667831                298 
124.482399 171.696304 40.335709 36.251129 184.334702 68.450592 68.924850 145.336761 39.859798 -14.959948 177.924683 70.788651                307 
124.961449 172.733688 40.412815 36.293484 183.892685 68.112846 68.176132 144.165253 40.794788 -14.892095 177.125305 69.948135                316 
123.213326 173.403946 40.968010 34.593487 185.385895 68.642593 65.278297 143.762207 43.552567 -16.619928 178.909698 70.734032                325 
123.590538 172.173431 40.715874 34.799770 184.421021 68.001625 64.847092 142.610550 42.607658 -16.499418 178.526535 69.668343                334 
124.318619 172.576340 40.820759 35.224369 184.215134 67.551010 65.018333 142.227280 42.538734 -16.079517 178.248260 68.749756                343 
124.930923 173.346939 40.395298 35.519379 184.207840 66.663803 64.697853 141.725067 42.372158 -15.778315 178.125183 67.486755                352 
125.479156 175.254562 39.633865 35.677353 184.725754 65.718193 63.940964 141.771378 41.785625 -15.594581 178.430496 66.547585                361 
125.854095 176.432556 39.253754 35.771572 185.034668 65.154198 63.280010 141.621307 41.537163 -15.484569 178.612259 65.984856                370 
126.311287 173.995682 38.424522 36.329060 184.445129 64.333588 61.886658 139.915909 40.910286 -15.073195 179.336594 65.250298                379 
126.756454 172.225433 37.873463 36.784672 184.033096 63.656944 61.864811 140.654846 37.859612 -14.710641 180.001266 64.708954                388 
126.437569 172.092255 37.852226 36.303120 184.157913 63.528164 60.615372 140.446259 37.605362 -15.218593 180.576096 64.874695                397 
126.272568 172.077194 38.000061 35.892925 184.264236 63.418465 58.861900 139.651459 38.069542 -15.646765 181.065033 65.016846                406 
126.322296 172.255127 38.386868 35.607822 184.338135 63.342220 57.083035 138.606400 38.923794 -15.941918 181.404419 65.116127                415 
126.737129 172.753616 38.871017 35.598255 184.296707 63.278019 56.077339 138.090332 39.022999 -15.957282 181.548416 65.176140                424 
126.947990 172.943222 39.041946 35.590084 184.261337 63.223190 55.385029 137.795395 38.824589 -15.969457 181.669861 65.230049                434 
127.099960 173.078476 39.132904 35.583477 184.232727 63.178856 54.347725 137.081299 38.595684 -15.978662 181.767014 65.275414                442 
126.838448 174.206818 39.014778 35.084538 184.454468 63.324184 52.454823 137.406631 37.006588 -16.472151 182.287552 65.842491                452 
126.720131 175.509003 39.242165 34.555389 184.661240 63.334015 50.704853 137.757401 35.577225 -16.991220 182.694931 66.199303                461 
126.872620 176.688965 39.904266 34.196579 184.801468 63.340679 49.501621 138.017761 34.608719 -17.340328 182.958115 66.451729                469 
126.385094 177.384979 40.577374 33.243820 184.778137 63.306164 47.750969 138.336121 33.410217 -18.292305 183.207504 66.575745                479 
126.029793 177.864777 40.933651 32.529087 184.612732 63.319122 45.919743 138.566879 32.072254 -18.994659 183.393143 66.917091                488 
126.032852 177.687317 41.305428 32.052563 183.818665 62.756584 44.691204 138.158096 30.446558 -19.477203 182.883835 66.353592                497 
126.012070 177.155029 41.044647 31.763340 183.130661 62.107895 42.911785 137.036942 29.594032 -19.760168 182.518478 65.860588                506 
125.904831 176.962082 41.228897 31.343828 182.663773 61.636227 41.575451 136.309097 28.982925 -20.181843 182.238663 65.385071                515 
125.907867 177.140991 41.292805 31.143244 182.499329 61.374199 40.786285 135.891022 28.794266 -20.374975 182.089890 65.225800                524 
125.900681 177.605164 41.411419 30.885805 182.343094 61.019020 40.327049 135.906250 28.204203 -20.628887 181.865189 64.909714                533 
126.212807 176.423157 40.846851 31.065498 181.540878 60.150417 39.923656 135.318771 26.919622 -20.449333 181.474640 64.067940                542 
126.212830 176.512299 41.035778 30.871143 181.559921 59.861923 39.486435 135.282303 26.680210 -20.643011 181.616089 63.788521                551 
126.307472 176.715622 41.210579 30.701735 181.158142 59.412045 39.293015 135.237839 25.863180 -20.814383 181.151459 63.313190                560 
126.453880 177.308594 41.621078 30.616640 181.128601 59.280647 39.407406 135.286652 25.953722 -20.902279 180.967209 63.141239                569 
126.689758 177.823624 42.111942 30.633812 181.236404 59.268402 39.485920 135.249863 26.388521 -20.881178 181.027405 63.178848                578 
126.856888 177.854202 42.469090 30.563557 181.004089 58.917759 39.339962 134.987671 26.668671 -20.957661 180.850693 62.747902                587 
127.011673 178.340591 43.050152 30.489431 180.958008 58.829235 39.339699 134.909424 27.167158 -21.037056 180.705429 62.582458                596 
127.090012 179.398651 43.400375 30.343506 180.560516 58.641708 39.767017 134.262192 27.889654 -21.169519 179.702469 62.488941                605 
126.985725 179.865646 43.710983 30.120844 180.323868 58.728664 39.838623 133.828491 28.637903 -21.379053 179.190292 62.678955                614 
127.596252 179.426895 43.406815 30.670036 180.249619 58.204292 40.462181 133.401733 29.023077 -20.835831 179.300201 62.125210                624 
127.819138 179.511932 43.588047 30.856739 180.437683 58.234543 40.867195 133.309769 29.899832 -20.655073 179.479019 62.074276                632 
129.184601 188.510513 50.035156 31.520575 187.262024 58.984688 53.103668 142.991241 35.985203 -20.039450 184.245682 60.247601                641 
130.598190 189.822418 44.393200 33.332703 189.017303 57.082100 58.117985 146.872284 32.398460 -18.128092 185.970657 60.492939                650 
129.593628 192.229492 42.923756 32.350563 190.317596 55.739952 59.238392 149.532272 30.099363 -19.059538 186.610336 59.259480                659 
-3.493641 198.054413 15.649063 20.181278 200.298203 49.633564 -13.911042 196.435684 6.449653 2.609879 179.005829 93.302887                669 
-12.832563 171.756088 52.865253 17.517859 203.607193 46.861290 -34.707836 178.238297 50.628632 51.981037 183.740250 79.826775                677 
-6.763530 167.640945 54.219875 16.569685 206.417358 45.046452 -32.818920 175.971024 57.969017 58.231995 188.464783 69.766617                687 
-6.112175 168.326828 55.765171 11.319695 206.873718 39.880814 -37.919300 180.818787 61.515984 54.706188 194.908203 65.249458                695 
-6.469124 170.594971 56.111534 7.831448 208.000275 36.045605 -41.371895 188.365799 63.318668 52.159462 200.229538 61.418270                704 
-8.102366 173.468872 53.085934 6.647435 210.003464 31.039705 -41.118980 191.530518 60.352749 51.010883 203.430908 56.687618                714 
-9.399391 174.354111 49.369198 6.122654 210.965149 27.334204 -41.053936 192.790344 57.273895 50.515160 203.889786 52.797398                722 
-12.600225 180.467209 44.872772 6.280248 213.991577 20.315916 -41.911285 200.803070 50.483437 49.680592 205.691666 47.086258                732 
-13.805624 185.065918 39.796879 7.131295 216.927383 14.512835 -41.269913 204.458389 43.465336 49.592278 207.857391 42.511581                741 
-13.965752 187.018356 33.956619 8.671215 219.408997 10.794806 -39.075996 203.082138 35.897354 50.092495 207.673462 39.354996                750 
-14.170988 188.201096 26.375322 10.125070 221.076950 5.533883 -36.064480 198.859024 24.077717 50.259186 206.966110 34.847130                759 
-17.626606 195.408142 -4.025415 12.276494 227.066071 -18.749155 -36.083508 202.993164 -11.786182 46.391018 207.476608 14.740869                786 
-18.998857 197.225601 -11.009992 12.099525 228.571899 -23.893358 -36.903851 204.856247 -19.221983 45.034805 206.657791 9.335679                795 
-45.185558 222.159744 -54.980042 20.338247 229.823898 -20.098639 -36.700035 209.567505 -18.475742 53.114243 210.833786 15.033100                804 
-48.709816 228.733871 -74.104324 24.707546 230.805130 -20.155777 -38.052940 211.482635 -21.347313 56.219292 213.815567 17.093304                813 
-46.615635 234.784988 -85.520027 27.053593 231.077789 -23.426634 -39.014343 212.612427 -27.009140 56.912056 214.198486 15.208720                822 
-42.183872 240.429153 -93.944405 28.735626 230.590912 -26.650372 -39.645061 213.130188 -33.215214 56.501850 212.146378 12.820700                831 
-37.920708 246.057449 -100.098145 30.193287 229.781189 -30.190973 -39.967773 213.828720 -39.296749 56.051689 208.780624 9.298882                840 
-34.201839 249.290161 -105.999214 31.129526 228.966095 -34.080143 -40.209057 214.299484 -45.657482 55.095123 206.159882 5.601797                849 
-30.927984 252.714417 -112.255730 31.368633 227.648239 -38.745346 -40.871639 214.753876 -52.764740 53.301132 203.031479 1.030400                858 
-28.126785 255.815796 -118.061920 31.367083 225.356964 -43.894463 -42.105854 213.788406 -59.456421 51.592392 198.776321 -4.479547                867 
-25.433409 257.821838 -123.220085 31.806288 223.420639 -48.616707 -42.684437 212.627838 -65.091583 50.812656 195.768372 -9.332620                876 
-23.372992 258.708618 -129.199615 31.526701 221.127121 -53.974106 -43.796242 211.136612 -71.389809 49.260002 192.849487 -14.540182                885 
-21.749989 258.556458 -133.979706 31.379570 218.721878 -58.271683 -44.422638 208.935272 -76.566391 48.220261 190.188202 -18.631424                894 
-21.395792 257.895447 -139.750137 30.494579 216.794708 -63.526855 -45.857918 206.775223 -82.048256 46.814720 188.515030 -23.488848                903 
-21.060005 258.282074 -144.938385 29.301527 214.036972 -69.187294 -47.856892 205.873398 -87.512474 44.786583 185.055344 -29.319916                912 
-20.484474 256.513916 -150.548828 28.202120 211.351868 -73.955429 -49.379227 203.581451 -92.622246 42.918297 182.801102 -33.490414                921 
-21.271704 254.585052 -155.635040 27.000092 209.003082 -78.802963 -51.042015 201.123169 -96.915123 41.694324 180.959610 -37.976837                930 
-22.819641 251.758362 -161.408386 25.786980 206.589111 -84.276024 -52.755398 198.193115 -100.815880 41.037476 179.841995 -42.789352                940 
-22.910263 247.044388 -165.342377 26.269096 205.026459 -86.526772 -52.264961 193.244858 -101.170792 42.819637 181.864044 -43.413998                948 
-20.550724 243.698090 -168.887115 27.039427 202.995117 -88.193275 -51.434910 189.977646 -102.354370 43.607895 182.209213 -43.892460                957 
-21.965525 239.641678 -172.616104 26.685144 200.596909 -91.544022 -51.938396 186.264374 -103.712090 44.285980 181.627930 -46.828053                967 
-26.213840 234.306564 -175.674637 25.100740 198.269333 -94.747337 -53.202606 181.135483 -104.428299 44.450436 181.429794 -49.901508                976 
-30.382343 228.536514 -179.312790 24.636341 196.770538 -98.959557 -53.256409 177.305328 -104.917778 46.194160 182.592133 -54.200619                985 
-32.171776 224.499451 -182.770844 23.831387 194.874771 -102.203941 -53.370174 173.998520 -107.107018 46.154388 182.417633 -57.308140                994 
-34.297459 217.376221 -187.168427 22.882111 192.891357 -105.643509 -53.132835 170.290161 -109.260231 45.989372 183.672745 -60.364368               1003 
-36.619251 214.631302 -188.471069 22.252686 191.422531 -107.732704 -52.297432 167.834183 -110.841835 46.405758 183.217758 -62.805649               1012 
-38.357937 213.048798 -188.954926 21.728691 190.026596 -109.021172 -51.299377 165.867981 -112.017570 46.765926 182.467407 -64.466431               1021 
-39.161789 208.604446 -191.455276 21.038853 188.364288 -110.818878 -51.138435 164.087936 -113.379730 46.317589 182.864883 -66.098961               1030 
-40.551659 212.018661 -192.789917 19.638105 187.975311 -113.173630 -52.093559 164.638962 -117.033226 45.066151 180.696716 -68.793831               1039 
-43.385250 209.048218 -193.630264 18.031050 185.922760 -114.667465 -52.682274 163.447556 -117.804237 44.335548 179.507828 -70.666885               1048 
-47.038898 207.283432 -194.442673 16.321945 184.804718 -116.834778 -53.414158 162.682846 -119.019966 43.802032 178.903122 -73.485664               1057 
-47.297115 206.634109 -194.917419 16.198404 184.510880 -117.302841 -51.986282 164.959351 -121.395966 43.843178 178.998016 -74.007294               1066 
-47.643147 209.533554 -195.304047 15.562957 185.153732 -118.111565 -51.509876 166.823959 -124.525986 43.059444 178.490265 -74.883446               1075 
-46.861420 215.843506 -196.350601 14.913407 186.415573 -119.717720 -51.952442 169.990509 -127.966263 41.918800 177.512985 -76.583252               1084 
-48.418247 223.995682 -194.077362 13.930359 188.083099 -120.698936 -52.550602 172.954254 -129.725891 41.494381 175.958191 -78.718689               1093 
-48.401356 223.318222 -194.600906 14.051118 187.835907 -121.065254 -52.030346 173.223633 -130.045959 41.821106 176.257309 -79.066528               1102 
-49.529644 220.834412 -194.931641 14.470610 188.320816 -121.325333 -51.006237 172.554214 -129.487930 43.030655 178.475143 -79.414528               1111 
-49.896519 220.403702 -194.981339 15.221786 189.473343 -121.645744 -49.739670 172.925552 -129.085144 44.485794 180.843201 -79.953201               1120 
-48.346806 223.580276 -195.625702 16.824438 192.262436 -122.490807 -47.592617 175.480133 -130.195786 46.309849 183.838806 -80.912178               1129 
-43.276253 230.921463 -194.091248 20.067497 195.685913 -121.130280 -44.221893 180.522476 -130.445251 48.879169 185.486801 -79.477005               1138 
-40.470631 236.236679 -192.905273 22.100666 198.336197 -120.610779 -41.847248 183.835831 -131.014435 50.662823 186.880692 -79.112534               1147 
-34.874771 241.358368 -192.055054 26.251942 202.290787 -119.176407 -38.005234 189.641922 -129.350327 54.560959 190.741959 -77.530838               1156 
-29.387770 248.054535 -191.013397 29.287903 205.075897 -118.372154 -35.070580 194.356110 -129.285736 57.014282 192.169205 -76.733299               1165 
-24.560154 253.243347 -191.218231 32.626934 209.501282 -117.910797 -30.117296 197.667526 -130.387512 59.974571 196.773361 -75.967545               1174 
-18.180588 259.773865 -191.394852 36.120861 213.754440 -117.339615 -25.616674 202.483887 -131.777908 62.419014 200.284805 -74.959129               1183 
-10.993359 265.191681 -190.640060 40.851997 217.525726 -115.905304 -20.388577 206.748764 -131.966095 66.127892 203.440399 -73.105042               1193 
-5.285275 271.269562 -189.271744 44.379372 220.844589 -114.919106 -16.832167 211.460739 -131.828232 68.951347 205.530487 -72.130959               1202 
-0.556310 274.109924 -188.458130 49.006069 224.684204 -113.428383 -11.867739 214.096649 -130.712234 73.561897 210.119904 -70.370033               1211 
9.565093 281.875977 -187.692413 54.097305 229.115570 -111.794609 -5.850886 220.272110 -132.838943 75.992172 212.711777 -67.969276               1220 
16.932224 283.691071 -186.376801 59.654694 231.497910 -109.069839 0.388998 222.270157 -132.055710 80.304649 215.359833 -64.547134               1229 
23.774284 287.797058 -185.716904 64.509300 235.071548 -107.726250 5.980400 225.925888 -132.727936 83.855347 218.514267 -62.773872               1238 
28.979704 289.051025 -184.886124 68.840584 236.740295 -106.225937 10.711456 227.422195 -132.161789 87.586876 220.224136 -61.005112               1247 
35.771961 293.319672 -182.306213 73.322929 238.504059 -104.264351 15.887383 230.318039 -132.144348 90.752876 220.409988 -59.120907               1256 
38.702438 294.020111 -179.086716 77.159554 239.171829 -101.545135 19.966181 230.161163 -129.788071 94.802795 220.853439 -56.575344               1265 
43.642384 296.796631 -176.713974 80.966156 240.295242 -99.834084 24.408684 231.643143 -129.455734 97.855591 220.905167 -55.024475               1274 
49.058979 296.670898 -176.049622 84.868057 240.945526 -97.942711 28.964882 232.018066 -128.736526 100.832664 221.843002 -52.672920               1283 
53.839638 293.943787 -177.755524 88.407745 240.750656 -97.409058 33.043697 230.860031 -128.972565 103.598045 222.927750 -51.357693               1292 
58.577042 294.576141 -175.277740 92.984940 241.251343 -94.987480 37.729630 231.449524 -126.783592 108.058945 223.225555 -48.976891               1301 
64.944870 291.817261 -177.146255 97.210251 240.783936 -94.551628 42.700314 230.372391 -127.489952 111.057869 223.913696 -47.724632               1310 
54.517101 235.068802 -151.894379 100.387665 240.215942 -94.765251 46.241096 229.143723 -128.106476 113.840309 224.049286 -47.576321               1319 
61.604675 214.020157 -122.632614 104.217598 239.801300 -94.863808 50.794052 228.577560 -129.228088 116.755020 223.762939 -47.379990               1329 
64.826782 212.186218 -123.572952 107.494591 239.697922 -94.813957 55.094025 229.235474 -130.945206 118.706779 222.430054 -47.430027               1337 
70.695107 214.120529 -127.117973 111.633453 239.591736 -92.555641 61.689228 231.148132 -132.562286 119.969261 219.023621 -45.901638               1346 
76.484550 213.182480 -127.125740 115.390511 238.164810 -88.954285 65.343071 226.027313 -130.945999 122.080803 216.346466 -42.604214               1355 
81.119156 212.191132 -126.468552 119.026550 236.535675 -86.583885 68.892319 222.534027 -130.036957 123.982658 214.337936 -40.196095               1364 
84.968765 210.586411 -126.156227 122.285789 234.721313 -85.605522 71.570938 219.518478 -129.725159 126.202896 212.562134 -39.100075               1373 
87.997314 207.261398 -124.508408 125.263802 232.124100 -84.577690 74.240540 215.070862 -128.471283 128.779984 211.221527 -37.462425               1383 
89.860924 203.192688 -121.931976 127.168556 230.248428 -83.796638 75.898094 209.759552 -126.232651 131.697784 211.358246 -35.924133               1392 
92.343079 201.272949 -122.484909 129.185394 229.188858 -84.631638 77.575340 206.246841 -126.730560 133.654999 211.041290 -36.467152               1401 
94.494072 198.619446 -122.653938 131.162430 227.282028 -85.216003 79.507919 202.018539 -126.835091 135.599472 209.998520 -36.731754               1409 
95.759789 194.134750 -121.341064 132.500366 224.013138 -84.990456 80.754601 196.232208 -125.352219 137.531097 208.022415 -36.122086               1418 
97.146576 191.050186 -120.268143 134.289200 221.018173 -84.407211 82.400162 192.435684 -124.273651 138.944763 205.975677 -35.201744               1427 
98.827911 188.310974 -120.212303 135.895813 218.652374 -84.778625 84.103745 189.264252 -124.375732 140.342041 204.286255 -35.352158               1437 
99.315559 184.819427 -117.748062 137.001495 215.667984 -83.595970 84.868286 185.275955 -121.903610 141.751251 202.608582 -33.836334               1446 
99.764015 181.028076 -115.781639 137.889755 212.670212 -83.106674 85.748024 180.912109 -120.065453 142.608047 201.561310 -32.872631               1455 
99.484261 176.855789 -113.043617 138.285980 209.774078 -82.703026 85.702316 176.142181 -117.178375 143.871750 201.037079 -32.090839               1464 
99.822517 173.807648 -111.718658 138.822433 206.956879 -82.501022 85.924965 172.830139 -116.036568 144.951172 198.779175 -31.858221               1473 
100.349564 170.938919 -110.897453 139.473831 204.440842 -82.644508 86.323303 169.738815 -115.266609 146.009415 196.960144 -31.944855               1482 
99.618416 167.453735 -110.316666 139.928452 200.417694 -83.525307 85.503441 166.402847 -114.787003 146.516861 194.264313 -32.654308               1491 
99.799858 163.165604 -109.383698 140.139099 196.562012 -83.503296 85.643127 161.825104 -113.935951 146.895569 191.332443 -32.551052               1500 
100.150475 160.232590 -108.005135 140.981873 192.980087 -82.582123 85.994873 158.874847 -112.877594 147.574219 187.910141 -31.592260               1509 
99.673347 156.157837 -105.623329 140.601929 189.350540 -81.343277 85.557480 154.401703 -110.530403 147.690979 185.125748 -30.343027               1518 
100.154228 150.376755 -105.366554 139.169434 185.031219 -80.856705 85.718445 147.941055 -110.688675 146.803543 179.773895 -30.031418               1527 
100.261902 146.826477 -105.520004 138.583603 182.041656 -81.148544 85.753990 144.039597 -111.015450 146.572678 176.505356 -30.407501               1536 
99.762299 144.137131 -102.227043 138.622177 178.002335 -76.870018 85.152840 141.722519 -107.762123 146.735611 170.648544 -26.380190               1545 
97.852249 139.988464 -101.187157 137.789215 172.295944 -75.503464 83.156219 138.088089 -106.702896 145.807755 164.033096 -25.139214               1554 
96.795448 134.230896 -100.773239 136.202713 168.134460 -76.375969 81.636795 132.247131 -105.908897 145.480515 160.918610 -26.067093               1564 
96.925949 130.511703 -101.083557 135.407379 164.822723 -75.800247 81.048271 129.078506 -106.214409 144.686401 156.804047 -25.613300               1572 
96.883263 128.006348 -100.963867 134.674118 162.940109 -75.506432 80.140862 127.202385 -105.842705 144.896606 154.210541 -25.622318               1581 
96.988434 125.609077 -101.523399 134.534210 161.306732 -76.769989 79.258461 125.444016 -106.030624 145.475037 153.107422 -26.948313               1590 
96.631592 120.743576 -102.499763 133.081268 157.853363 -78.305672 78.806496 120.297523 -107.135185 144.104614 150.711960 -28.339531               1599 
96.705719 117.461250 -101.798836 133.108582 155.294296 -78.964661 78.862160 116.986969 -106.688614 143.942856 149.832687 -28.745949               1608 
96.135712 114.761955 -101.457832 132.881454 152.858597 -80.656517 78.243042 114.307587 -106.928352 143.816940 148.926880 -30.316809               1617 
95.783623 112.576805 -101.007690 132.754288 150.566086 -81.474586 77.874588 112.173264 -107.192177 143.355392 147.592789 -30.997803               1626 
95.195091 112.019730 -99.680656 132.876312 149.960007 -81.921333 77.344528 111.467674 -105.998741 143.559814 148.673218 -31.390781               1636 
94.290619 111.636276 -98.427834 132.949280 149.175842 -81.984535 76.871468 110.620132 -104.490334 143.911697 149.088409 -31.497442               1644 
93.563866 111.634331 -98.038643 133.054169 148.546021 -82.203903 76.475182 110.085411 -103.783157 144.139618 148.895996 -31.744818               1654 
93.491905 111.686172 -97.925720 133.090454 148.480499 -82.201752 76.376030 109.812973 -103.519676 144.190018 148.870651 -31.746061               1663 
93.207710 111.417709 -97.513382 133.028275 148.107498 -82.171341 76.132729 109.277084 -102.925751 144.219559 148.836685 -31.739674               1671 
92.505211 111.216652 -97.420815 133.146729 147.290680 -82.859467 75.400810 109.390602 -102.809708 144.448944 148.744019 -32.468227               1681 
91.810646 110.898888 -97.161209 132.847900 146.684738 -83.308510 74.776588 109.063667 -102.490189 144.561279 148.445145 -33.021065               1690 
91.214500 111.009308 -97.172447 132.550400 146.417648 -83.901810 74.195030 108.938080 -102.469765 144.512085 148.310257 -33.677662               1699 
91.006416 110.786446 -96.840508 132.398132 146.072968 -83.872368 73.932892 108.531242 -102.106163 144.427734 148.106308 -33.669941               1708 
89.911636 111.735237 -98.313858 132.480896 145.622192 -85.702835 73.572365 109.038872 -103.619385 143.652863 148.745941 -35.358433               1717 
89.443199 111.322372 -98.643135 132.074905 144.975739 -85.897545 73.409927 108.095276 -103.880989 142.877625 148.229492 -35.480846               1726 
89.344017 110.459396 -100.514214 130.785492 144.523865 -85.643639 73.550453 106.801186 -106.340981 140.030487 146.484467 -34.851753               1735 
89.358849 110.005020 -102.017723 129.749542 144.438583 -85.611816 73.736351 106.010612 -108.345001 137.710648 145.595230 -34.578377               1744 
89.509018 110.204422 -102.574249 129.595856 144.633316 -85.568748 73.916229 106.099487 -109.021324 137.163147 145.353287 -34.467403               1753 
90.329590 110.550369 -103.985435 129.691055 144.988022 -85.495216 73.967278 106.707611 -110.447983 136.743454 144.239227 -34.320694               1762 
91.183029 111.374115 -105.473602 129.926575 145.240875 -84.595421 73.325424 108.177025 -111.269981 136.772400 142.076126 -33.485260               1771 
91.786346 112.401901 -107.093094 129.988815 145.742569 -83.787651 72.416100 109.675293 -111.626205 136.871994 140.572784 -32.846264               1780 
91.961136 114.139740 -109.849350 130.248703 146.077606 -82.900818 72.246986 110.905518 -111.770378 136.941498 139.510956 -32.095158               1789 
91.952400 115.856979 -113.394951 130.396194 146.314789 -82.571274 72.546494 111.344482 -112.119827 137.006042 138.953278 -31.863804               1798 
91.812973 117.623100 -117.015892 130.286301 146.453568 -82.187363 72.431389 111.548317 -112.210655 136.803986 138.548950 -31.549763               1807 
91.802353 120.151680 -120.704155 130.329788 146.521622 -81.540382 72.517578 112.054436 -112.397705 136.547485 137.846680 -30.991249               1816 
91.809570 121.868095 -123.087967 130.232162 146.651627 -80.906319 72.259758 112.135429 -111.972000 136.456284 137.655441 -30.414162               1825 
91.823563 123.996025 -125.849579 130.217590 146.710526 -80.652710 71.815376 112.428940 -111.826767 136.381454 137.496765 -30.192400               1835 
91.827103 126.006836 -128.136124 130.180450 146.807846 -80.461082 71.389206 112.667488 -111.639740 136.307312 137.513672 -30.011017               1844 
92.076958 128.134750 -130.155029 130.315872 147.048187 -80.308678 71.364067 112.857979 -111.547905 136.416855 137.677383 -29.869650               1852 
92.891975 131.663025 -133.288727 130.365128 148.228500 -80.490150 72.040176 113.340408 -112.455116 136.144714 138.627563 -30.056551               1862 
94.054832 135.762115 -136.236420 130.531174 149.684784 -80.643044 73.094833 113.900337 -113.436943 135.908600 139.919846 -30.196449               1870 
95.396759 142.917389 -139.428909 131.449356 152.416351 -81.509247 73.772324 117.937172 -115.444489 136.392517 141.481796 -31.258577               1879 
96.423248 148.508072 -141.025894 131.178833 153.817780 -80.929726 74.166924 120.100586 -116.842133 135.303238 141.440247 -30.940577               1889 
101.080452 161.850998 -144.041763 132.655365 158.368988 -81.275360 75.864296 130.665741 -122.426804 133.675827 141.818344 -32.345161               1897 
105.235535 171.110428 -147.437210 134.296585 163.476517 -82.448402 78.972679 136.990067 -126.643158 133.757309 144.979645 -34.212479               1906 
111.480324 199.632797 -127.957840 135.450531 167.674072 -39.333225 62.004932 139.027740 -72.359650 137.288116 153.747070 10.383888               1934 
109.876846 210.800415 -124.874641 137.813950 172.223404 -36.820843 59.699032 146.296143 -65.834236 141.892090 156.615021 12.259461               1943 
102.030708 216.436981 -122.534485 138.038727 177.245895 -36.210678 57.328430 151.858368 -56.716515 146.959290 162.918808 12.618486               1952 
98.548935 224.695862 -119.427826 137.429840 182.413330 -35.159843 56.561958 158.437668 -53.556900 148.416016 167.205795 12.977083               1961 
96.550110 235.213837 -114.609863 136.528641 187.530319 -33.570618 55.725979 166.853928 -51.607231 148.683319 169.789795 13.404554               1970 
93.320091 242.530212 -109.888344 135.004440 192.152985 -31.322371 54.518200 173.436157 -48.205105 148.529160 173.131805 14.768908               1979 
90.378601 246.724716 -103.898277 133.733688 195.413651 -26.820894 53.742001 177.177246 -42.863880 148.396500 175.891495 18.709499               1988 
88.111465 251.165390 -98.747688 131.951385 198.030045 -23.161400 51.700161 182.498886 -37.708389 147.336868 177.827942 21.830729               1997 
84.511658 253.827667 -94.780853 129.881378 200.781570 -20.006535 49.652443 184.997498 -33.497925 146.114456 180.573120 24.683901               2006 
80.896339 259.029785 -89.502693 127.044739 203.228424 -17.185020 47.517670 194.644882 -28.756517 144.161575 181.767883 26.582417               2015 
76.014107 263.047638 -83.233200 123.252754 204.948822 -13.408723 44.975632 199.655029 -24.735710 141.070435 182.149246 29.391266               2024 
70.444336 266.983795 -76.093994 119.311394 206.763901 -9.190889 41.864330 203.031143 -20.032206 137.991196 182.497406 32.418385               2033 
64.288452 270.399567 -68.563049 115.422012 208.480728 -4.953188 38.512604 206.564606 -13.576550 135.562820 183.132355 35.307674               2042 
57.967976 272.201569 -61.421612 111.695168 209.710251 -0.608047 35.447933 209.283173 -6.963253 133.331253 183.624832 38.386314               2051 
51.436764 271.443512 -55.844273 108.175629 210.602722 3.696607 33.386772 211.365143 -1.378757 131.307571 184.716599 41.958225               2060 
44.375187 271.476624 -48.033028 104.135590 210.874420 8.741091 30.772228 212.937943 5.653822 129.075317 184.943069 45.818096               2069 
38.023579 270.758667 -40.381458 100.463669 210.820038 14.039298 28.199343 213.781693 12.550654 126.831917 184.770584 50.029167               2079 
33.551208 270.253021 -33.570343 96.913116 209.887924 19.271278 25.453274 214.806366 19.330618 123.974480 183.555786 54.533581               2087 
26.146097 267.485443 -26.046024 93.101242 209.217728 24.453182 22.338902 214.165070 27.107517 122.001587 183.367538 58.595051               2096 
19.914558 264.647217 -17.648399 90.127312 208.123001 29.853477 19.973064 213.419815 35.122654 120.512299 182.138397 62.574757               2105 
13.328320 256.939087 -9.007571 88.059418 206.225143 35.549393 18.435354 212.367462 42.897022 119.250778 179.402283 66.802589               2115 
6.818938 248.090027 -0.126385 85.797058 204.854935 40.625465 16.944096 212.969254 49.916870 117.202881 176.501617 70.271606               2124 
2.316489 239.627441 6.954448 83.146698 202.743744 46.118221 14.873608 213.362061 55.386524 113.552620 172.762878 75.200111               2132 
-1.900910 230.753113 14.060239 79.883240 199.802536 51.068008 12.278106 213.055710 60.445618 109.134521 168.133240 79.538124               2142 
-5.438566 225.372726 19.397301 76.419426 197.312546 54.833797 9.458479 212.919418 64.559776 104.673447 164.376846 82.870888               2151 
-10.488803 220.019394 23.898964 72.145515 195.584045 57.717037 5.540184 211.916382 68.089447 100.542061 162.791641 85.778107               2160 
-14.484490 215.116226 28.486937 68.803902 193.770081 60.781792 2.402132 210.252396 71.740356 97.563927 161.272568 88.815727               2169 
-17.230543 209.989670 32.649769 66.701836 191.910538 63.907139 0.411330 208.230164 74.949554 96.074158 160.578522 92.624756               2178 
-18.166380 208.490326 37.902969 65.934105 189.723984 68.104042 0.249716 207.647552 79.580116 95.135315 158.522629 97.136681               2187 
-21.553003 205.537766 42.045895 63.173683 186.881104 70.335075 -2.107760 205.273026 83.193916 92.938782 155.872437 98.999184               2196 
-28.837307 199.425583 45.134911 57.296349 182.119263 69.704781 -7.276506 200.969574 85.184097 88.612839 152.345871 98.023552               2205 
-29.133926 198.417603 48.641914 57.023792 179.928238 72.143288 -6.938922 200.159805 88.380989 88.231346 149.927368 100.341957               2214 
-30.977776 195.222961 50.823357 55.639130 178.587753 73.924492 -8.674448 197.308578 90.458061 87.608833 149.126694 101.837097               2223 
-32.864464 193.844910 52.242687 53.783520 177.720093 75.576576 -10.728774 195.626587 91.757576 85.881630 148.277603 103.361130               2232 
-34.612736 192.050446 53.468098 52.142437 177.276932 77.274399 -12.565203 194.573746 92.614426 84.480904 148.709320 105.686462               2241 
-36.789089 188.032562 54.556553 50.199017 175.399216 78.744690 -14.946030 189.836090 92.573517 83.107094 147.549316 107.215218               2250 
-38.683300 187.984940 56.933571 48.745514 175.219940 79.417061 -15.954939 187.588882 92.120911 82.130539 147.520584 107.476212               2259 
-40.533772 185.604568 58.622219 47.066566 173.200012 80.121078 -17.583847 183.760147 91.819038 80.627304 145.362534 107.831741               2268 
-41.869362 185.866013 60.696037 45.829826 171.403366 80.389771 -18.162642 182.791168 92.372116 79.179413 142.763306 107.531647               2277 
-44.135708 184.218063 63.864429 43.982235 169.664749 81.619659 -19.510830 179.292542 93.206726 77.899803 141.014572 108.037376               2286 
-45.999020 182.284256 65.233231 42.480778 170.003067 82.519577 -20.995752 177.473907 93.096352 77.021545 142.450775 109.295235               2295 
-47.139709 179.981842 66.794106 41.527401 169.876663 83.333984 -21.915936 176.423676 93.538399 76.469536 143.370819 110.639977               2304 
-48.700142 174.444992 67.561821 40.183716 169.001343 82.120316 -23.200558 173.395462 92.342934 76.184227 144.361160 109.796181               2314 
-49.527424 173.967361 69.580948 39.539803 168.020157 81.305504 -23.423855 172.310394 92.534271 75.916100 142.645523 107.801208               2323 
-46.659809 202.511795 48.249710 36.736347 168.098038 73.154747 -23.919418 169.296402 88.575935 74.677284 147.082794 101.225632               2331 
-38.250870 189.264114 62.205982 38.198338 161.391525 66.787094 -21.138531 169.331909 87.801979 76.394974 142.736435 96.149208               2340 
-31.229174 185.493607 71.403610 38.719021 155.645050 61.694138 -18.038132 175.383362 84.766403 77.535217 140.726868 92.351608               2349 
-27.077131 186.595215 73.841789 38.854553 152.386887 58.503708 -15.029804 179.296616 82.497978 79.766037 141.510895 88.119453               2359 
-24.362295 186.710510 76.005058 38.722340 149.223236 57.600658 -13.069838 179.701050 82.633118 80.465630 138.279510 86.005974               2368 
