-17.724272 204.673004 97.906960 30.718130 130.679062 79.436172 -31.198448 145.858810 111.164406 51.712246 83.850609 80.612053                  0 
-18.353819 204.597137 95.072289 30.551062 130.250290 79.398834 -32.065495 146.064468 109.280357 51.573402 83.500023 82.140030                  8 
-18.338657 204.481354 93.284500 30.684772 129.821030 79.530754 -32.482944 146.122421 107.684898 51.554054 83.073746 83.299698                 17 
-18.352278 204.737198 92.270462 30.666187 129.892349 79.473007 -32.651119 146.482254 106.890465 51.476440 83.166756 83.796509                 26 
-17.694885 205.158401 91.908585 30.627764 129.772812 79.584648 -32.517136 147.111420 106.845856 51.022305 82.893906 84.218239                 35 
-17.335913 205.515961 91.525558 30.660185 129.857330 79.541473 -32.343719 147.595505 106.779709 50.891335 82.932251 84.417709                 44 
-16.234221 205.286636 93.115250 30.692760 129.247879 79.370941 -31.588034 147.350357 107.992134 50.498154 82.056122 83.336449                 54 
-15.289907 205.244553 93.552925 30.813833 128.791992 79.277138 -31.026373 147.426331 108.504089 50.224903 81.416954 82.999435                 63 
-14.607666 204.834900 93.919373 30.895058 128.119705 79.090683 -30.734001 147.039154 108.575569 49.967926 80.583717 82.495895                 72 
-13.677528 204.222061 94.756561 31.140932 127.289055 78.960793 -30.114159 146.435730 109.202560 49.901909 79.594917 81.847824                 81 
-13.560525 203.922104 95.071342 31.136024 127.012428 78.785568 -29.965464 146.090836 109.541992 49.902454 79.306183 81.426712                 90 
-13.305713 203.725677 95.195343 31.275681 126.796684 78.652458 -29.735996 145.861862 109.796059 50.034065 79.081070 81.179039                 99 
-12.658648 203.209091 93.695679 31.688307 125.899040 78.305664 -29.664356 145.523804 108.533539 50.136551 78.098038 81.430847                108 
-12.472231 203.590942 92.530846 31.627428 125.906876 78.324409 -29.937305 146.114960 107.757492 49.811596 78.051750 82.101051                117 
-10.926524 204.037262 90.446396 32.076897 125.470474 77.781769 -29.606548 146.959030 105.937317 49.456963 77.391975 82.411148                126 
-9.904009 204.136185 89.873886 32.292412 125.023331 77.872955 -29.539568 147.237488 105.055962 49.053574 76.756744 82.816711                135 
-9.441899 204.365982 89.506752 32.332363 124.940170 78.069084 -29.580397 147.574234 104.693993 48.788662 76.601334 83.321404                144 
-9.203971 204.939545 91.775620 32.583801 125.812584 78.437286 -28.972733 147.872925 106.822052 49.219124 77.433990 82.658440                153 
-9.113293 204.701721 92.727486 32.692848 125.765350 78.327499 -28.784494 147.456985 107.472954 49.374542 77.352570 81.927994                162 
-8.555384 204.512543 93.456360 32.912518 125.603386 77.943031 -28.218431 147.212646 108.716957 49.467865 77.105095 80.922401                171 
-7.725078 204.749741 94.168236 33.285889 125.765503 77.805817 -27.330725 147.562424 110.661697 49.532761 77.133583 80.258430                180 
-7.043981 205.034531 95.238625 33.825134 126.224312 77.713089 -26.496294 147.781235 112.039619 49.907089 77.505363 79.408691                189 
-7.165374 205.342682 95.921532 33.888588 126.790329 77.658195 -25.409594 148.234238 115.024742 50.023033 78.073921 78.854637                198 
-10.493584 207.531631 94.948410 33.124893 130.431961 76.376465 -26.888054 150.011597 114.016029 50.422470 82.106369 77.062309                207 
-12.182199 208.990204 96.070770 32.697918 133.298264 74.799553 -27.941252 150.611542 112.790344 50.458141 85.153053 73.513443                217 
-15.541574 208.879669 92.943291 32.275043 134.567841 73.192581 -29.666222 150.481400 109.112892 51.341064 86.913811 72.405067                225 
-19.074286 211.822586 89.604271 31.310200 139.126007 70.557983 -29.979645 154.412552 106.990082 51.454697 91.915916 69.889427                234 
-18.178022 218.531738 73.031143 32.179726 146.080765 57.062737 -30.497141 163.669693 88.939262 49.949001 97.933929 55.978817                261 
-18.505062 222.301025 67.476013 32.963757 150.723465 55.023277 -29.703995 169.490952 85.654938 50.592846 102.513519 55.259094                270 
-18.135147 224.878540 60.123711 34.734524 155.540939 52.740150 -26.492678 177.000549 83.435097 51.696224 107.132912 54.740990                279 
-15.930886 227.207275 53.167957 35.860207 158.959702 49.077038 -24.023844 183.815247 79.174095 50.185440 109.699951 50.895020                289 
-17.422054 230.692047 41.668335 35.975861 166.018768 46.651550 -24.713932 193.274231 72.676979 49.788437 116.893700 52.217571                298 
-16.311104 233.668991 33.872314 35.780926 170.061798 41.723370 -24.540480 199.520493 66.094948 47.281601 120.296349 46.839531                307 
-17.369900 235.820877 23.953003 35.488930 175.174316 36.253864 -25.494438 205.229477 58.169277 46.651871 125.469147 42.564648                316 
-17.564053 237.597107 15.028767 35.130280 179.089966 30.966616 -26.512354 209.720856 50.091705 45.546623 129.292969 37.807621                325 
-17.315983 240.440491 6.173255 34.651367 183.667206 25.224548 -27.686941 214.655136 41.523697 44.183769 133.664154 31.847906                334 
-18.070471 241.496841 -3.537424 33.875599 187.629456 19.443392 -29.589575 218.160919 32.637566 43.483368 137.771317 26.986414                343 
-17.455729 243.915695 -11.925025 33.236832 191.662064 14.256422 -30.970455 222.503494 24.702404 42.036938 141.704086 22.117617                352 
-16.571108 251.309692 -18.401218 35.158577 187.656845 9.490491 -29.953276 211.010315 17.295156 49.593246 139.979797 21.883171                361 
-17.856001 254.221237 -27.209911 37.199272 186.536346 4.114895 -28.767014 204.609283 10.711698 55.568966 141.186737 19.639330                370 
-20.563719 254.053162 -35.943348 37.163452 187.492020 -1.091205 -29.269413 202.827545 4.279987 57.463276 143.983795 17.074488                379 
-22.435144 254.117233 -44.040871 37.039967 189.375549 -5.987563 -30.115604 202.454102 -2.017031 58.611633 147.435425 14.278896                388 
-23.303953 254.769562 -51.968349 36.156548 190.629456 -11.042440 -31.503057 202.674942 -8.591885 58.025135 149.811279 11.108890                397 
-23.791580 255.857971 -59.638969 35.156334 191.815521 -16.416451 -33.062820 203.275970 -15.011600 57.016556 151.888916 7.311967                406 
-24.411514 256.759979 -67.119476 33.822227 192.882004 -21.648396 -34.986294 203.858383 -21.198528 55.564125 153.842468 3.615095                415 
-25.236725 256.863770 -74.215965 33.034431 193.837418 -26.787771 -36.369164 203.925537 -26.705334 55.083473 155.924225 -0.114384                424 
-26.039938 255.924545 -80.860741 32.489666 194.233780 -31.267908 -37.542645 202.769302 -31.835135 55.034584 157.711975 -3.108978                433 
-27.674772 254.685989 -87.984886 31.181023 195.378403 -35.328644 -39.488827 201.445236 -37.405174 54.242126 160.653687 -5.371685                442 
-29.341389 253.214493 -94.761383 29.790005 195.940247 -39.729527 -41.408226 199.988602 -42.546482 53.319382 162.821609 -8.351759                451 
-31.543425 252.662476 -102.968323 27.387697 197.304230 -45.295387 -44.370987 199.094711 -49.135468 51.166130 165.891037 -12.388896                461 
-33.680271 250.508957 -107.899132 26.198837 197.308197 -48.788578 -46.290359 195.374176 -52.799793 50.889034 167.568695 -15.009949                469 
-36.078117 247.093109 -111.899849 25.606638 197.026093 -51.689377 -47.254566 191.396530 -55.071526 51.539307 169.207001 -17.212790                479 
-38.634724 243.723724 -115.660172 24.687439 197.326263 -54.106445 -48.105381 188.405701 -56.999104 51.674992 171.589767 -18.831173                487 
-42.299953 240.124313 -119.937912 22.980461 197.757309 -57.402130 -49.327293 185.261276 -59.289928 51.316689 174.434952 -21.511101                497 
-47.815796 233.271530 -124.909859 20.747616 198.960922 -60.864674 -49.884991 179.522049 -61.381111 51.335922 180.183456 -24.165863                506 
-51.742619 228.673645 -127.944138 18.996088 200.136719 -63.390110 -50.115204 176.903397 -62.368122 51.022469 184.574646 -26.414810                514 
-53.736969 225.999542 -130.747147 17.654903 201.109955 -65.401070 -50.165062 175.665421 -64.329834 50.110470 187.506241 -28.029753                523 
-55.656609 223.862640 -132.913879 16.469070 202.115997 -67.247719 -49.782654 174.786209 -66.068108 49.397449 190.262802 -29.694239                533 
-65.425468 213.240173 -136.395340 11.934138 203.029022 -74.003746 -50.142284 169.939331 -67.624382 47.913120 197.123779 -37.869537                542 
-69.725479 211.266678 -139.112991 9.402326 203.983658 -78.687080 -51.040176 170.839325 -70.272224 46.464848 199.659332 -43.434990                551 
-69.355934 214.998779 -140.753448 9.211812 205.611694 -80.079704 -50.573166 173.944763 -73.126442 45.996078 200.200333 -44.686558                560 
-68.341331 215.833893 -142.906479 9.296514 206.710876 -81.004929 -49.712822 175.394394 -75.376015 45.409782 201.535461 -44.892784                569 
-72.307655 207.229507 -146.593262 7.064601 205.212341 -86.267548 -50.746964 174.243866 -76.341049 44.098927 204.166641 -50.737206                578 
-73.238396 213.562546 -147.373413 6.639567 206.612640 -88.043983 -50.619377 176.876755 -78.992416 43.995174 203.328445 -52.989559                587 
-73.597336 217.103088 -148.758957 5.952180 207.702393 -89.329964 -51.198494 178.214371 -81.661850 43.034794 203.093491 -54.135105                596 
-73.104965 218.337524 -151.809036 5.277457 208.285477 -90.954964 -51.984791 178.953476 -84.794243 41.581585 203.278427 -55.010841                605 
-71.546608 220.282791 -155.691040 5.134886 209.209778 -92.866653 -52.511623 180.505325 -88.257347 40.443409 203.746918 -56.008747                614 
-70.739594 222.807266 -157.748917 4.791354 209.805817 -93.900040 -53.023369 181.226517 -91.049431 39.424305 203.255569 -56.581234                623 
-69.568314 227.210526 -160.458496 4.020366 210.426727 -95.230652 -54.139332 182.415863 -95.290359 37.527210 201.776627 -57.316177                632 
-70.170433 232.161301 -163.797668 1.712010 211.138046 -98.001663 -56.336868 183.223755 -102.147308 33.965057 199.610062 -59.767033                641 
-70.364616 234.533844 -164.578140 1.429171 211.751801 -99.444412 -56.708019 184.324097 -105.117844 33.295300 198.669861 -61.385864                650 
-69.495209 236.530350 -167.273682 1.087480 212.502533 -101.265007 -57.071766 185.376068 -108.546181 32.207245 198.652634 -62.862137                659 
-69.504555 239.530640 -169.276871 0.532274 213.614151 -103.400017 -57.772453 187.051437 -111.650055 31.323902 198.716248 -65.125114                668 
-71.922745 230.371979 -174.280472 -0.501988 214.584732 -106.703987 -56.940136 183.701950 -112.635162 31.095264 204.907898 -67.422791                677 
-70.911537 225.675201 -178.765366 -0.303604 216.642670 -109.125229 -56.019161 184.261002 -113.569756 30.832878 210.677948 -68.752197                686 
-61.141140 221.835037 -182.243118 4.945840 215.128616 -107.856361 -52.449280 185.775742 -111.787010 33.769970 211.749832 -65.514969                695 
-56.689381 223.326019 -186.185913 6.256595 215.181381 -109.159668 -51.831654 187.502380 -115.124123 33.353622 211.394241 -65.726402                705 
-54.401165 225.236893 -188.000626 6.926849 215.294876 -109.815727 -51.450474 188.379013 -117.217102 33.187073 210.716843 -65.946808                713 
-55.167332 231.631866 -187.702957 5.733892 215.821198 -110.147972 -52.012054 188.584473 -120.887871 31.614649 207.672470 -66.572472                723 
-55.648861 236.762421 -187.057861 4.763880 215.865189 -110.304733 -52.339184 188.577209 -124.149979 30.246916 204.624100 -67.185211                731 
-57.694603 239.908234 -187.067215 3.878768 217.525314 -111.663322 -52.225342 188.887772 -126.965057 29.876188 204.997391 -69.210701                740 
-59.384068 237.992828 -186.763245 4.064526 218.310104 -112.105362 -51.046417 187.339981 -126.489212 31.133352 207.091934 -69.957153                749 
-60.044685 240.764450 -188.565414 3.401090 219.423370 -114.317055 -51.583206 188.559372 -129.581436 30.457661 207.294250 -72.413994                759 
-60.200745 241.819519 -189.894409 3.929438 220.657791 -116.089844 -51.130779 189.582809 -130.674866 31.397226 208.843719 -74.364693                768 
-60.491974 242.060638 -190.604095 3.968729 220.884521 -116.974701 -50.910084 189.366501 -131.411896 31.652678 209.284042 -75.332565                777 
-59.086273 244.635727 -192.615295 3.173256 219.125519 -118.369545 -51.610432 188.765656 -135.711380 29.630663 205.359238 -76.589943                786 
-58.703922 245.603378 -195.386459 2.165392 218.763443 -120.401230 -52.206753 188.500305 -139.393753 27.835178 204.316666 -78.360863                795 
-58.206879 246.748718 -195.645935 1.984226 218.046249 -120.738701 -52.407082 188.298477 -140.679901 27.296926 202.726440 -78.790985                804 
-57.470753 248.294373 -196.196457 1.903521 217.548950 -121.383987 -52.441540 188.360580 -142.447479 26.789518 201.254715 -79.548294                813 
-56.313599 253.576904 -197.966965 0.704212 216.565262 -124.160179 -53.771259 190.006989 -148.351547 24.287146 196.929108 -83.010376                822 
-57.531006 254.145950 -195.242905 0.328202 213.637894 -124.008301 -54.178688 188.081802 -149.350204 24.319538 191.840118 -84.204880                831 
-56.076984 253.890152 -195.177216 2.189795 215.518204 -123.103676 -52.836411 189.561890 -146.830734 26.439486 194.999771 -82.780151                840 
-56.268143 251.788208 -196.216217 2.137877 216.264420 -122.817368 -52.352299 188.838470 -146.068420 26.478045 197.221603 -81.829956                849 
-56.514164 250.304764 -197.147324 1.951523 216.308517 -123.092789 -52.199551 188.012390 -146.102325 26.388880 198.052917 -81.806122                858 
-57.791042 243.886383 -200.730972 1.984152 216.665100 -124.941994 -51.415577 185.292480 -145.625717 27.161854 201.962082 -82.693390                867 
-58.714153 241.286652 -202.813950 2.359176 217.484375 -126.911278 -50.706444 184.522003 -146.036423 28.258423 204.528656 -84.527100                876 
-59.584305 242.222855 -204.025299 1.162731 215.959839 -128.671310 -51.037678 182.825256 -150.082520 26.884367 201.435944 -86.689247                885 
-61.001549 242.874191 -205.168747 -0.307148 213.431656 -130.953293 -52.431801 181.096405 -153.937088 25.394142 197.105804 -89.625938                894 
-61.743374 243.694473 -205.726608 -0.979824 212.219604 -132.408829 -53.618973 180.953629 -155.698822 24.739754 194.816101 -91.535103                903 
-62.517185 243.784714 -207.077606 -1.298509 211.799393 -134.354385 -54.335350 180.916977 -157.245956 24.662216 194.154617 -93.737366                912 
-62.964886 244.002167 -207.708328 -1.379449 211.596207 -135.474167 -54.653614 180.941132 -158.109436 24.786850 193.757507 -95.074348                921 
-72.638046 241.861145 -202.703903 -4.978590 207.569305 -137.072067 -55.595192 174.330734 -162.293228 24.615589 187.685608 -100.141556                930 
-75.745705 245.912628 -198.915161 -7.069237 205.849182 -137.757141 -57.027164 175.072876 -166.864517 23.122747 182.455566 -103.461037                939 
-75.735527 247.674683 -198.630920 -7.477423 206.014343 -138.069870 -57.461899 176.533203 -168.242264 22.485353 181.704681 -104.212631                949 
-75.649475 247.738815 -198.714508 -7.665713 205.040115 -138.565430 -57.634811 176.572784 -169.621399 22.155500 180.081833 -105.056931                957 
-75.406364 247.545914 -197.725098 -7.422214 203.229691 -138.753723 -57.184761 175.999786 -171.174942 22.421846 177.247620 -106.053505                966 
-74.940338 247.318817 -197.079239 -7.030149 202.049744 -138.745773 -56.685062 175.646149 -171.999008 22.789991 175.463486 -106.512718                975 
-73.296181 248.269699 -196.822556 -6.362813 201.559616 -138.492249 -56.431271 176.579269 -172.102386 22.902571 174.266388 -106.341705                984 
-70.329933 250.884521 -197.193848 -5.398096 201.667603 -138.658981 -55.908863 178.808197 -173.129608 22.735712 173.160736 -106.551544                993 
-67.719177 253.117035 -197.247696 -4.713413 201.261703 -138.882401 -55.588234 180.591003 -174.071136 22.329515 171.505966 -106.971321               1003 
-64.770409 254.854202 -197.440704 -3.887574 200.493835 -139.098206 -55.007511 182.186447 -175.003082 21.964602 169.556732 -107.323990               1012 
-62.866596 255.925247 -197.531677 -3.363444 200.006500 -139.235168 -54.718925 183.448349 -175.414886 21.719419 168.338364 -107.564697               1021 
-60.553360 256.735535 -197.267960 -2.250957 199.114395 -139.414383 -53.961582 184.635971 -175.720001 22.168447 166.602203 -108.082451               1030 
-58.105129 256.969971 -198.181091 -1.303899 198.335312 -139.851212 -53.354145 185.857941 -175.791977 22.278414 165.427231 -108.292168               1039 
-55.681980 256.799805 -199.856628 -0.503379 197.633972 -140.511398 -52.841908 186.558426 -176.039459 22.173235 164.634720 -108.388809               1048 
-54.248772 256.654114 -200.862076 -0.029433 197.218735 -140.902267 -52.549854 186.972214 -176.175644 22.114967 164.190903 -108.439552               1057 
-52.133198 257.066742 -200.271164 0.704352 196.408539 -140.299530 -51.651146 187.481415 -176.074051 22.094872 162.793365 -107.934326               1066 
-51.164902 250.012100 -205.090302 1.778381 194.256927 -140.619247 -49.984470 182.424026 -176.340179 23.245665 163.154831 -105.879425               1075 
-50.375828 242.815262 -209.788300 2.555007 192.819794 -140.743103 -48.552628 177.732269 -176.127182 24.038424 164.689621 -103.565201               1084 
-50.562237 238.786240 -210.464691 2.416362 190.675217 -140.127106 -49.631580 175.917831 -174.396683 23.945372 163.460205 -102.300056               1093 
-43.838234 237.668518 -210.925613 5.224082 190.513580 -137.180359 -48.142834 178.023529 -171.033752 24.610970 164.040390 -97.704300               1102 
-35.135971 242.217102 -206.100021 6.355430 187.466217 -132.955200 -47.662693 182.636017 -168.415253 21.617434 157.542236 -94.139397               1111 
-30.082552 244.296265 -204.313492 7.040739 185.610245 -131.874146 -47.841282 186.169144 -166.887650 19.944300 154.044632 -93.505531               1120 
-29.506987 247.478134 -205.303818 6.582422 188.218552 -132.807114 -49.329685 190.526688 -167.375824 18.955883 156.203339 -94.636917               1129 
-30.636513 249.742233 -206.425781 6.273547 190.642227 -134.210632 -53.513268 196.234497 -164.547714 19.155661 158.280441 -96.503792               1138 
-31.773848 251.257385 -205.336868 5.546759 191.946182 -133.416595 -56.507214 199.275650 -161.448914 18.643490 159.386978 -95.954414               1147 
-32.849323 255.590469 -201.505737 7.051030 196.394531 -130.687622 -56.853489 204.591873 -155.477127 21.405806 164.259323 -93.320396               1156 
-33.854248 260.501862 -197.792328 6.885025 199.360397 -128.807785 -58.554207 209.324615 -150.875702 21.574757 166.964935 -91.797165               1165 
-34.464531 262.560516 -191.254730 7.397014 200.550827 -123.458252 -58.800724 210.106796 -144.700607 22.585243 168.134659 -86.667633               1174 
-36.226448 264.394318 -185.020370 7.653500 202.346603 -118.373787 -59.212044 211.563889 -137.958191 23.850626 170.159210 -81.813354               1183 
-38.319118 264.271576 -176.791046 9.680847 203.619385 -111.657661 -58.412991 213.107254 -126.763527 28.033850 172.219666 -75.432457               1192 
-40.743320 263.951416 -167.723785 11.330766 204.545944 -104.536362 -57.647957 213.121475 -116.171585 31.862885 173.800919 -68.924339               1201 
-42.850037 262.709747 -158.745087 12.028558 204.268967 -97.062386 -57.292862 212.972626 -106.124825 33.852077 173.768219 -62.012730               1211 
-44.212410 261.648071 -148.609070 13.357258 203.748672 -88.986290 -56.154842 212.118408 -95.970245 36.427422 173.084747 -54.890377               1219 
-46.423901 259.869293 -137.866974 14.986788 203.620972 -80.652405 -54.600941 212.250900 -83.694893 40.013817 173.533005 -47.434910               1229 
-49.204769 256.854950 -127.954391 16.650272 203.157227 -73.355286 -52.210243 210.682770 -73.296265 44.142342 174.259369 -41.042130               1238 
-51.479088 254.513458 -117.131203 17.188139 201.682312 -65.379845 -50.705772 209.591614 -62.762604 46.208820 173.016479 -34.217197               1247 
-53.746967 252.952103 -106.802963 17.738256 200.802933 -58.371548 -48.776588 208.523621 -53.547604 48.424171 172.528214 -28.472471               1256 
-55.903763 251.214615 -96.032738 17.865982 199.403610 -50.811096 -47.302143 208.341965 -42.831558 50.063698 171.630371 -22.053587               1265 
-57.720463 248.675034 -86.069923 18.170139 197.573730 -43.909786 -46.186329 207.107117 -33.167336 51.592533 169.926987 -16.457256               1274 
-59.304089 246.169022 -76.161316 18.583807 195.971771 -36.698582 -44.807415 206.172577 -23.326178 53.250961 168.829514 -10.306792               1283 
-59.684032 243.116974 -66.105736 18.738398 192.568100 -28.225281 -42.789722 205.121475 -13.929897 53.771317 165.201141 -2.558494               1292 
-60.005543 241.208740 -55.848808 18.760273 189.629028 -20.245049 -40.859699 204.254761 -5.081471 54.003639 161.499893 4.284461               1301 
-60.240307 237.547653 -46.359894 19.437023 186.445969 -12.245360 -39.058979 202.069885 3.906751 55.217682 158.383347 11.572169               1310 
-59.695202 234.680054 -36.817413 20.443192 183.260727 -4.513275 -36.922115 199.635559 12.338964 56.447254 154.659286 18.305710               1319 
-59.927895 230.955338 -27.827839 21.036911 180.007401 2.882555 -35.381443 197.074661 20.928516 57.540161 151.368256 24.845078               1328 
-59.832691 227.456573 -19.829977 21.865444 177.233871 9.804131 -33.649345 195.355530 29.121567 58.831669 148.771957 31.215757               1337 
-60.345898 223.776199 -12.468656 22.475529 175.449951 16.584995 -31.980295 194.978439 37.084465 60.032944 147.598175 37.768936               1346 
-59.571533 223.990005 -4.592955 21.950201 172.868362 21.940716 -31.973545 192.782013 43.428463 58.374355 142.339401 41.339268               1355 
-60.306408 222.634079 2.857597 21.711206 171.822342 26.969170 -31.495293 191.964661 49.975140 58.133488 140.452499 44.980015               1364 
-61.316261 219.116409 9.861609 22.437214 171.100952 32.068012 -29.882948 191.668030 56.695335 59.662327 140.279572 49.370441               1373 
-59.959480 219.396515 17.182514 21.649149 167.293808 36.653755 -29.485771 189.271500 62.501530 57.125366 133.572876 52.125565               1382 
-59.727020 213.212204 40.334442 20.644497 157.250565 49.522015 -26.471766 180.623474 81.263542 55.055611 120.549721 59.718250               1409 
-60.145889 211.871445 44.464172 20.109159 155.704056 51.827770 -26.640963 178.667694 84.465263 54.289837 118.501114 60.919651               1418 
-60.948086 208.626785 48.345913 21.648544 156.191757 55.437187 -24.839336 178.944138 88.706894 57.386517 120.587006 64.931366               1427 
-62.154694 204.691605 52.282837 23.138128 156.927261 59.279861 -23.450361 179.189224 93.238060 60.825478 123.570114 69.379616               1437 
-61.405827 202.395996 55.396038 23.395342 154.048538 62.862968 -23.398762 176.386093 97.715942 60.533367 120.011627 72.726830               1446 
-60.663502 199.849365 58.205933 24.630409 152.593018 66.041817 -22.516623 174.597321 101.211823 62.033558 118.882133 76.022812               1454 
-59.476387 199.776138 60.816776 24.634302 150.581116 68.753738 -22.453150 172.974747 103.905998 61.095280 115.780968 78.479340               1463 
-59.382919 199.271454 62.232075 24.455225 149.813751 70.614159 -23.190184 171.720840 105.510948 60.603542 114.676270 80.293884               1473 
-58.757362 198.998077 64.712563 25.318243 149.931717 72.353424 -22.467583 171.358078 107.559792 61.628998 114.896706 81.793602               1482 
-59.118961 197.099487 65.663635 25.658979 149.403122 73.437973 -23.160606 169.283829 108.228271 62.387959 114.807335 82.880112               1491 
-59.490513 194.339920 67.149399 26.477707 148.924301 75.025299 -23.349215 167.020767 109.350975 64.038078 115.278641 84.628838               1500 
-61.065842 191.107101 68.303085 27.023935 150.131317 76.473351 -24.397213 164.765533 109.531914 66.156982 118.455582 86.487991               1509 
-60.951275 190.743668 68.791084 27.057581 149.715378 76.868156 -25.106714 163.032288 108.922752 66.057236 117.853470 86.812286               1518 
-59.661293 190.808350 70.974358 27.481808 147.780029 77.127007 -24.345690 161.103180 109.472366 65.809753 114.824913 86.069542               1527 
-59.576897 190.826645 72.112823 26.617392 145.946945 77.359520 -25.766727 158.273224 108.995415 64.090675 111.780289 85.323975               1536 
-59.119225 192.022079 72.882538 26.116547 145.340088 77.581726 -26.407494 157.775452 108.847931 62.820278 110.244949 85.078911               1545 
-58.358093 193.739380 73.668449 25.693127 144.901138 77.749359 -26.793324 157.823975 108.863914 61.496433 108.783043 84.724045               1554 
-58.447487 193.503250 74.491852 25.464363 144.612167 77.707359 -27.048157 157.415955 108.825996 60.922173 108.063080 84.184105               1563 
-58.626362 193.082870 75.147972 25.304953 144.410797 77.678093 -27.394850 156.871704 108.490181 60.521336 107.568558 83.801468               1572 
-58.901516 192.382462 75.668999 25.191095 144.266968 77.657188 -27.587122 156.581100 108.335724 60.234779 107.219055 83.525078               1581 
-59.302914 191.473419 76.238503 25.063410 144.123871 77.635735 -27.802998 156.290176 108.164986 59.965908 106.910347 83.293396               1590 
-59.594891 190.932770 76.794807 24.961435 144.009598 77.618599 -27.902941 156.159409 108.151520 59.751232 106.665421 83.107048               1600 
-59.826405 190.469574 77.183784 24.884378 143.923233 77.605652 -27.971634 156.069565 108.153664 59.589054 106.481308 82.965469               1609 
-59.947338 190.279037 77.456100 24.821461 143.852722 77.595078 -28.031868 155.993484 108.149963 59.456673 106.331604 82.849403               1617 
-60.149662 189.800949 77.696503 24.767717 143.792496 77.586044 -28.155491 155.829834 108.015770 59.343616 106.204170 82.749916               1626 
-60.155621 189.991699 77.839844 24.695978 143.751816 77.589401 -28.253061 155.770584 107.967346 59.209454 106.097336 82.688477               1635 
-60.104843 190.393677 78.015640 24.632711 143.715942 77.592361 -28.331633 155.728134 107.941734 59.091114 106.003342 82.634117               1644 
-59.908840 191.403656 78.092606 24.473787 143.731796 77.614319 -28.475286 155.902695 107.925690 58.817600 105.918297 82.682106               1653 
-59.009640 193.179123 78.808601 24.382317 143.467392 77.542252 -28.627577 155.649643 107.439964 58.225510 105.156418 82.227028               1662 
-57.202953 196.880173 79.517662 24.067616 143.315018 77.619087 -29.312410 155.578232 106.442688 56.905602 104.094322 81.913666               1672 
-52.560524 203.166672 81.710960 24.163288 142.801025 78.065521 -29.355097 156.169479 105.951874 54.689648 101.653481 81.237488               1681 
-48.367191 208.095093 83.540260 24.232821 142.427460 78.389977 -29.504137 156.534515 105.511864 52.990646 99.969818 80.708717               1689 
-44.701591 211.672272 85.415215 24.066097 141.731384 78.239182 -29.359455 156.754028 105.714752 51.397156 98.300156 79.574005               1698 
-41.769016 214.142136 86.767952 23.808655 141.050903 78.039276 -29.266726 156.960541 105.834274 49.912926 96.855087 78.619240               1708 
-35.866573 217.143158 89.595139 25.054962 140.055542 78.494225 -27.685261 157.036621 106.420395 49.406525 94.872414 77.768417               1717 
-28.746687 220.626053 93.041924 25.906616 139.017593 78.940262 -26.836332 157.081390 106.385567 48.103622 92.790070 76.627464               1726 
-22.784256 223.159790 95.960770 26.890581 138.388260 79.648178 -26.360672 156.722504 106.249046 48.040764 91.729263 76.385155               1735 
-18.602659 224.877747 98.135201 27.445614 138.033279 80.047501 -26.276773 156.398514 106.211288 48.030239 91.165558 76.209427               1744 
-17.369118 225.708542 98.639565 27.399939 137.997726 80.120018 -26.832569 156.060593 106.674683 48.104816 91.179749 76.321907               1753 
-16.615305 226.544281 98.600044 27.500629 138.237061 80.120766 -26.979231 155.847290 107.965569 48.770561 91.644585 76.689888               1762 
-16.369772 227.271698 98.249069 27.326977 138.488037 79.995598 -27.459471 155.650223 108.525658 49.171413 92.132721 76.988121               1771 
-18.194208 229.185226 99.954666 25.982143 140.739563 80.529747 -28.410654 157.010056 111.205917 48.567631 94.769768 77.107109               1780 
-20.204384 229.369797 101.374275 25.050701 141.707657 80.460793 -29.383936 156.609589 112.491920 48.483421 96.217072 76.392166               1789 
-20.732807 229.615738 102.107674 24.659452 142.114319 80.431831 -29.676645 156.466309 113.592354 48.443752 96.831764 76.091583               1798 
-21.445272 229.740051 102.094002 24.552084 142.396225 80.631439 -29.270802 156.497620 115.790642 48.936924 97.410690 76.542274               1807 
-21.252613 229.871338 102.194466 24.545248 142.366302 80.614929 -28.573668 156.701385 117.688614 49.021809 97.425278 76.584785               1816 
-21.723339 229.486069 102.230888 24.515257 142.139389 80.591835 -28.137711 156.352234 119.016060 49.402466 97.415558 76.661674               1825 
-22.581522 228.645065 102.078690 24.661747 141.730270 80.556503 -27.772076 155.546570 119.882034 50.205017 97.361984 76.810020               1834 
-22.671181 228.595337 102.426682 24.595146 141.698303 80.634109 -27.235823 155.685059 121.126259 50.235664 97.389526 76.847733               1843 
-23.104946 228.331879 102.994453 24.556116 141.676010 80.852074 -27.168243 155.484741 121.845657 50.393959 97.487534 77.001785               1852 
-22.793030 227.720367 103.057205 24.392729 140.731934 80.987465 -27.830009 154.813370 121.301666 49.857975 96.316116 77.273048               1861 
-22.701973 226.746521 103.212997 24.508850 139.745148 80.918304 -27.544102 154.371674 121.396019 49.529724 95.076729 77.213127               1870 
-27.683079 222.948624 102.136826 24.424730 139.179382 80.815926 -27.400724 154.070343 121.658951 49.363403 94.458511 77.190094               1879 
-31.426126 220.170319 101.755302 24.407372 139.092957 80.839661 -26.870636 154.263855 122.470207 49.223652 94.312057 77.116341               1888 
-34.545334 217.337662 102.663933 24.324522 138.899033 81.010132 -26.815199 153.526260 122.946503 49.199265 94.208008 76.651230               1897 
-36.809586 214.534653 103.080727 24.304480 138.265060 81.044151 -26.891613 152.779083 122.693687 48.899162 93.472839 76.165787               1906 
-37.569317 213.012924 104.124252 24.340691 137.817871 81.112831 -26.382750 152.527878 123.211250 48.397621 92.807045 75.605530               1915 
-37.622551 212.571777 105.279213 24.214619 137.681870 81.179504 -26.806757 152.539688 121.903419 47.685387 92.434013 75.113647               1924 
-38.628845 211.169678 106.361603 23.872793 137.446976 81.333000 -26.848806 152.475800 122.212296 46.802055 92.009140 74.647758               1933 
-36.953526 210.963806 107.849358 24.229507 136.708893 81.024612 -26.163874 152.029892 122.194870 46.048523 90.891335 73.296631               1942 
-37.017502 209.735687 105.624565 23.989027 134.925812 79.924522 -26.282032 151.301270 120.868767 45.434452 88.815948 72.923447               1952 
-37.970310 208.042603 104.328308 23.986607 133.845245 79.314606 -26.418224 150.350510 120.125397 45.592045 87.754807 72.687630               1961 
-31.689936 204.529221 107.217087 23.746578 126.859573 78.223549 -25.866276 145.698212 118.971535 40.527908 79.314461 68.585617               1970 
-31.964705 202.385773 107.116982 24.211287 125.244720 78.494232 -26.102968 144.017990 118.314125 40.805687 77.692253 68.573105               1979 
-32.457706 201.461777 106.903641 24.338575 124.802399 78.568375 -26.113474 143.623596 118.072815 40.885326 77.249947 68.567894               1988 
-30.797218 204.673843 109.040764 24.465942 127.054436 80.266342 -25.540682 146.788834 119.823509 39.976521 79.214195 69.981728               1997 
-30.697458 206.360977 110.423164 24.285538 128.641373 81.380943 -25.638351 148.539886 120.903084 39.515320 80.756859 70.884903               2006 
-30.502048 207.290985 111.207291 24.201544 129.380219 81.899887 -25.664051 149.375214 121.395973 39.301216 81.476311 71.304825               2015 
-30.923424 209.377960 110.597832 24.216509 131.438660 81.072891 -25.275606 151.029053 121.191727 40.468674 83.734467 71.314941               2024 
-32.034351 210.042709 109.179085 23.952705 132.150726 80.277420 -25.095720 151.623169 120.956009 41.441341 84.656616 71.704330               2033 
-32.451328 210.267441 107.875877 23.899786 132.171707 79.714348 -24.908936 151.858398 120.542526 42.012100 84.764061 72.000816               2042 
-32.623898 210.708405 109.461853 23.646278 132.951248 79.607735 -24.523407 151.942612 121.479553 42.262585 85.811981 71.461449               2051 
-32.912868 211.073074 111.077255 23.416340 133.680405 79.670807 -24.383562 151.847473 122.296860 42.656723 86.860550 71.141510               2060 
-33.203903 211.470428 112.025154 23.224712 134.266144 79.635742 -24.436867 151.838104 122.638565 43.022717 87.705032 70.967293               2069 
-32.936863 212.338287 113.186592 23.433481 135.177307 80.046661 -24.655174 152.227234 122.760323 43.393082 88.744858 71.064339               2078 
-32.705650 213.183151 114.259857 23.325216 135.889465 80.384071 -25.049316 152.659836 122.863770 43.244015 89.497902 71.104836               2087 
-32.358505 213.826477 115.181259 23.232643 136.341446 80.614418 -25.230667 153.001663 123.015457 43.046051 89.951393 71.104843               2096 
-32.045170 214.405579 115.786957 23.176611 136.734573 80.723717 -25.259460 153.395905 123.136795 42.910366 90.332619 71.107147               2105 
-32.025177 214.759109 115.941109 23.227587 137.055573 80.737907 -25.287361 153.675293 123.059052 43.060577 90.683388 71.182129               2115 
-31.986120 215.012756 116.165756 23.262245 137.291290 80.761528 -25.312304 153.861282 123.017342 43.160522 90.944344 71.219025               2124 
-31.836811 215.067703 116.287956 23.314156 137.219986 80.741096 -25.331385 153.813904 122.897507 43.247219 90.873260 71.270432               2133 
